574
0 -3658
0 8862
0 9894
0 -3908
0 -3308
0 1795
0 -7518
0 2376
0 -2466
0 -9543
0 5864
0 -4320
0 9951
0 2678
0 1924
0 5527
0 3292
0 5107
0 2181
0 753
0 5236
0 2198
0 -3015
0 8288
0 8021
0 1960
0 -6355
0 -6101
0 -5571
0 -3420
0 -6478
0 9605
0 8746
0 -4473
0 1839
0 6347
0 4589
0 -9838
0 4068
0 -5727
0 7352
0 6578
0 5542
0 -9184
0 -4708
0 -4441
0 8190
0 -9980
0 -6408
0 4667
0 5560
0 -7295
0 5005
0 5122
0 -5367
0 -6257
0 2448
0 2456
0 -103
0 -5737
0 -3786
0 1390
0 -8597
0 -8390
0 5833
0 9920
0 923
0 4407
0 6400
0 330
0 8213
0 2379
0 -1767
0 8855
0 -9338
0 -8560
0 -7992
0 -1434
0 3451
0 -19
0 -8022
0 -3320
0 -4393
0 -2813
0 3025
0 -4472
0 3023
0 2801
0 1394
0 7388
0 -8348
0 -8281
0 -122
0 6103
0 4838
0 -3206
0 6189
0 -3607
0 -2731
0 4173
0 8699
0 -1541
0 -1615
0 5351
0 3818
0 -6294
0 7908
0 1161
0 -9261
0 7981
0 -6500
0 -90
0 7143
0 1621
0 122
0 3879
0 -9295
0 -2370
0 -7417
0 2359
0 -3254
0 2731
0 -7715
0 3203
0 5479
0 126
0 6700
0 2324
0 4826
0 5245
0 8392
0 9055
0 6538
0 -4819
0 2279
0 -8161
0 6341
0 -842
0 485
0 3338
0 -6016
0 -7043
0 1120
0 1103
0 -3805
0 -7361
0 3516
0 7928
0 -3054
0 7170
0 6940
0 -2998
0 9666
0 -4954
0 -517
0 6674
0 -5448
0 5659
0 4111
0 6084
0 5060
0 -6740
0 3596
0 -2676
0 -7352
0 -5631
0 -8918
0 6399
0 -6845
0 4290
0 7743
0 273
0 5049
0 -9358
0 -8911
0 2446
0 -4100
0 5127
0 -955
0 2309
0 -130
0 -9949
0 2057
0 -4147
0 -1547
0 -8239
0 4837
0 6850
0 6924
0 -4548
0 -9999
0 -1043
0 -2775
0 8673
0 5749
0 -8833
0 8306
0 -373
0 7657
0 977
0 7400
0 4108
0 -6649
0 -7524
0 3360
0 6421
0 -6264
0 2920
0 -1502
0 9766
0 -6259
0 3699
0 4116
0 -8837
0 9365
0 -3691
0 2065
0 -3437
0 -1504
0 7738
0 -6173
0 -424
0 -8176
0 -1254
0 -7770
0 9697
0 8494
0 354
0 -2508
0 8303
0 -7537
0 -3494
0 -9265
0 -5504
0 462
0 2077
0 8847
0 -4485
0 6440
0 -7785
0 8787
0 840
0 -1585
0 1797
0 -9521
0 -9670
0 2593
0 -1934
0 5627
0 -1151
0 -464
0 7085
0 1268
0 5764
0 3643
0 -9686
0 1064
0 494
0 9804
0 5509
0 3146
0 -4927
0 -3991
0 -8800
0 -7240
0 -2972
0 -9712
0 -8168
0 -4426
0 -9803
0 -990
0 9200
0 1802
0 3243
0 1450
0 -3193
0 -1059
0 7459
0 3660
0 -6703
0 -2642
0 -4676
0 -6823
0 102
0 -9530
0 -2385
0 8430
0 -1205
0 881
0 -496
0 797
0 -8697
0 1838
0 -6770
0 -2319
0 1171
0 -9889
0 7475
0 3063
0 3971
0 -2588
0 6149
0 6419
0 2676
0 4663
0 8060
0 -2895
0 -4517
0 6418
0 7772
0 7684
0 -4991
0 9926
0 701
0 -4650
0 -7680
0 -6260
0 9107
0 8976
0 -1004
0 -9085
0 7839
0 9255
0 -1020
0 -1583
0 5808
0 8396
0 -9977
0 6088
0 -7725
0 -6451
0 -7948
0 3418
0 -5438
0 -3866
0 3251
0 -3303
0 3690
0 -7011
0 190
0 -9106
0 2754
0 1312
0 -2752
0 8718
0 386
0 -5028
0 -9181
0 1258
0 9600
0 5954
0 7396
0 -8777
0 -3821
0 -3507
0 1067
0 739
0 3808
0 -4326
0 9168
0 -2963
0 -7474
0 -4023
0 5130
0 2050
0 7969
0 -1186
0 -3510
0 5301
0 7023
0 -9551
0 5958
0 1705
0 -6535
0 -307
0 -8042
0 -3124
0 -501
0 -2456
0 1502
0 8279
0 4091
0 8367
0 1343
0 -4669
0 6093
0 -5840
0 5182
0 -5841
0 1226
0 -2789
0 -5041
0 -8214
0 8366
0 -763
0 -690
0 7704
0 -5987
0 -1552
0 1692
0 -7360
0 3724
0 -2739
0 -2082
0 7096
0 -8090
0 5629
0 -974
0 940
0 -735
0 -8941
0 -2878
0 -2779
0 4882
0 2772
0 -1237
0 -3990
0 5894
0 6036
0 -8150
0 -8810
0 4224
0 -3980
0 -5917
0 -2823
0 6756
0 3933
0 1943
0 -8704
0 7375
0 -8895
0 -2039
0 112
0 7654
0 -6215
0 -1804
0 3653
0 170
0 -3995
0 -5482
0 7173
0 -305
0 -1084
0 -4824
0 -9232
0 5988
0 8373
0 -47
0 9980
0 -1095
0 3496
0 7958
0 5614
0 8757
0 -225
0 5241
0 4470
0 -7012
0 2453
0 6733
0 -5887
0 -3755
0 1183
0 -5613
0 -5207
0 65
0 -98
0 7879
0 8038
0 7348
0 7189
0 -1550
0 4151
0 5877
0 -8182
0 1932
0 204
0 -5408
0 8771
0 2720
0 7360
0 3117
0 -8669
0 6502
0 193
0 9314
0 6555
0 -2401
0 3473
0 -2935
0 -9597
0 845
0 4101
0 -6938
0 -215
0 -6250
0 9946
0 7050
0 -7602
0 -471
0 -5296
0 -1179
0 1298
0 -1559
0 5873
0 6685
0 8139
0 9908
0 -1228
0 2239
0 3846
0 -7527
0 -2293
0 -8794
0 8027
0 -4822
0 -451
0 -2956
0 775
0 -5618
0 -2896
0 -3148
0 -2403
0 9466
0 -2321
0 -9233
0 -1310
0 -3452
0 -2050
0 -3057
0 -6502
0 9057
0 3969
0 9065
0 5132
0 4330
0 -8226
0 5409
0 -7281
0 6819
0 -7419
0 8828
0 6183
0 -4250
0 5347
0 6683
0 7869
0 851
0 6073
0 6654
0 -5764
0 3816
0 -9945
0 9259
0 -8051
0 -7468
0 7220
0 3279
0 1505
0 -4068
0 8492
0 -5464
0 -2970
0 -7764
0 3498
0 8236
0 7679
0 -8486
0 -3957
0 2383
0 504
0 -6410
0 750
0 -1304
