61
39 -416
873 502
-916 37
-24 499
52 -761
-582 -430
-253 -755
389 776
274 577
822 -207
-784 -804
285 92
32 851
815 646
-953 -833
875 505
443 -330
196 289
-688 -602
-116 -266
-20 -250
875 -472
-948 -790
862 -951
-169 706
-369 -796
-671 -453
-629 -643
852 -718
162 529
461 -646
538 555
-911 -596
-408 -111
328 602
-913 497
-579 540
-273 -708
-907 482
931 -427
773 -310
-984 -758
-923 -166
-170 -991
768 -400
-191 63
362 -556
635 -576
-998 901
630 -504
-674 -567
-57 -441
-150 -287
674 -361
208 -979
-744 375
382 844
-567 906
762 -613
-419 -908
-949 873
