775
-4170 0
-1308 0
-1189 0
-4698 0
-5809 0
-4151 0
-4788 0
-7102 0
-1278 0
-4365 0
-245 0
9658 0
-6614 0
-5502 0
4831 0
4684 0
-3079 0
-5519 0
-1110 0
-3675 0
6317 0
4059 0
9422 0
784 0
2221 0
591 0
6639 0
-3785 0
-3714 0
-6129 0
-272 0
9817 0
293 0
-8210 0
5943 0
7017 0
5147 0
2275 0
-9005 0
6901 0
-7821 0
2864 0
7796 0
4735 0
-730 0
-2108 0
-6396 0
-3212 0
4058 0
-2091 0
6624 0
-1857 0
-2227 0
4145 0
-3797 0
4874 0
-9568 0
-539 0
9121 0
-4775 0
7338 0
-5964 0
1286 0
-7873 0
4709 0
-5322 0
777 0
-2880 0
-6105 0
5506 0
4037 0
647 0
8178 0
7985 0
5489 0
7599 0
6930 0
280 0
-3306 0
-1920 0
-959 0
-4620 0
-5705 0
3404 0
2225 0
-9818 0
-7148 0
-4121 0
-2997 0
8384 0
8999 0
6552 0
-7226 0
6093 0
-1606 0
-4488 0
-185 0
-8905 0
3665 0
9811 0
-445 0
5029 0
-7644 0
5942 0
4305 0
58 0
1740 0
-1092 0
2215 0
2122 0
-5618 0
-3108 0
-6246 0
-604 0
-6638 0
-7041 0
6130 0
4032 0
176 0
-6053 0
-9430 0
-6980 0
7654 0
-9382 0
-2478 0
-1988 0
-8103 0
7663 0
-9760 0
-1237 0
94 0
-121 0
-8710 0
-6010 0
2767 0
-9159 0
-1541 0
6869 0
3131 0
-4208 0
-7900 0
-189 0
-3396 0
3394 0
-8657 0
5761 0
-4680 0
9921 0
-7946 0
-5770 0
7979 0
1870 0
2408 0
-2570 0
1143 0
-8131 0
2446 0
-8199 0
7100 0
2447 0
-8004 0
-2836 0
6794 0
-1188 0
-7899 0
6212 0
-2309 0
7038 0
-9242 0
-6414 0
-427 0
-4220 0
-6227 0
-3120 0
-5014 0
6446 0
3469 0
169 0
5492 0
8539 0
5619 0
-5796 0
6577 0
8323 0
-364 0
-6390 0
-4497 0
-1446 0
-2941 0
6929 0
-2547 0
-1487 0
6717 0
6961 0
-4261 0
-9581 0
6299 0
557 0
3067 0
-2863 0
1933 0
461 0
4109 0
9683 0
2193 0
-984 0
6321 0
-319 0
8927 0
430 0
-8956 0
6069 0
-201 0
6067 0
8416 0
7407 0
9675 0
-6903 0
-5273 0
-7885 0
9404 0
-9980 0
1890 0
-1931 0
-2749 0
-4754 0
-3370 0
-6468 0
8174 0
-7741 0
3514 0
-5342 0
5222 0
2457 0
-9864 0
3832 0
7898 0
-3248 0
9193 0
-3812 0
5585 0
8978 0
-4194 0
-9506 0
-881 0
-9853 0
-9677 0
6194 0
5908 0
3901 0
-2927 0
8750 0
-1729 0
1104 0
7651 0
5269 0
-8080 0
-4165 0
1369 0
3113 0
-140 0
-6737 0
676 0
-5267 0
-7833 0
-5329 0
-2093 0
1994 0
327 0
4713 0
-3228 0
-8932 0
9758 0
-475 0
-150 0
1204 0
3262 0
3167 0
-4790 0
-2401 0
-5567 0
-5249 0
6020 0
3979 0
-6042 0
3577 0
8183 0
-4572 0
190 0
-5883 0
5453 0
2472 0
-244 0
3139 0
6629 0
-324 0
-3511 0
2423 0
-3881 0
-5483 0
-4989 0
9208 0
5663 0
5114 0
-4384 0
-2202 0
889 0
-3475 0
-1890 0
6864 0
-3724 0
2895 0
-7006 0
2124 0
-8 0
-1052 0
-7961 0
-9961 0
-2979 0
-5233 0
-4724 0
8458 0
-8083 0
-8008 0
-467 0
-7306 0
-6534 0
-5474 0
-9455 0
-9944 0
-7076 0
-4472 0
2107 0
-9919 0
4063 0
8828 0
6440 0
-1405 0
-4605 0
-8624 0
6907 0
586 0
-4209 0
834 0
-7350 0
-8933 0
-4695 0
4629 0
2141 0
-9051 0
7859 0
4986 0
-1560 0
-6095 0
-2000 0
-2828 0
-9508 0
8674 0
-8618 0
-7073 0
3049 0
6461 0
-6152 0
-5473 0
3245 0
3325 0
2448 0
369 0
-9986 0
-2026 0
-6672 0
6540 0
-2295 0
2651 0
-3017 0
-8559 0
8861 0
671 0
-8607 0
5133 0
5170 0
2867 0
521 0
4334 0
9860 0
-1362 0
626 0
6217 0
-6531 0
2777 0
7736 0
-836 0
-7538 0
1254 0
9593 0
-2038 0
1572 0
-957 0
1264 0
-8035 0
654 0
-5026 0
6945 0
7231 0
7947 0
3079 0
-5641 0
-2519 0
-9713 0
-955 0
638 0
3578 0
-8055 0
-3251 0
-6111 0
-868 0
8005 0
-7634 0
-6955 0
-594 0
-6110 0
1018 0
8790 0
-7590 0
-4222 0
6245 0
-5292 0
9424 0
-2865 0
-5619 0
3554 0
2440 0
3452 0
4881 0
-648 0
9552 0
7935 0
-4206 0
5024 0
2727 0
-5781 0
-1718 0
-2893 0
6993 0
-1287 0
1664 0
3843 0
-4140 0
81 0
9939 0
-8818 0
4661 0
3641 0
-2642 0
469 0
1148 0
-6391 0
9288 0
-1157 0
9108 0
3598 0
9410 0
-4184 0
-5911 0
2089 0
-2102 0
-514 0
-4454 0
-7406 0
7884 0
6582 0
-5578 0
-9608 0
9558 0
-5526 0
8796 0
-2536 0
2781 0
-7277 0
3563 0
5318 0
3525 0
-9221 0
8440 0
6780 0
-5081 0
3066 0
-5217 0
8988 0
-3852 0
4095 0
-2056 0
-5761 0
3045 0
3297 0
3084 0
-5121 0
-8457 0
8381 0
9572 0
2331 0
-8069 0
8962 0
6305 0
6503 0
1297 0
-2334 0
622 0
2631 0
-973 0
7417 0
-6865 0
-4413 0
-4226 0
5315 0
-2886 0
9745 0
-5398 0
4413 0
-4045 0
6154 0
6036 0
1678 0
6354 0
2389 0
-8356 0
7420 0
5903 0
-4099 0
-3480 0
6891 0
6384 0
-6829 0
2728 0
4068 0
3593 0
6085 0
-7161 0
-8326 0
-70 0
3758 0
282 0
-5169 0
8417 0
-3349 0
-8574 0
8021 0
-1661 0
4982 0
3398 0
-8190 0
8858 0
-3664 0
-8170 0
2879 0
162 0
9736 0
5798 0
1516 0
9904 0
-416 0
6715 0
-8682 0
-3424 0
5998 0
-3006 0
9380 0
7236 0
-1662 0
-9322 0
9724 0
6167 0
-6011 0
-3018 0
7128 0
8551 0
6669 0
-2318 0
7959 0
5759 0
5044 0
-5504 0
-6109 0
-2561 0
-4268 0
8405 0
4577 0
-3528 0
-9909 0
-1618 0
-3253 0
-221 0
-5125 0
-789 0
756 0
1164 0
2393 0
-3193 0
-8587 0
-1299 0
-5455 0
5163 0
8838 0
4711 0
-9432 0
9154 0
-2763 0
6692 0
-8526 0
-2229 0
-3904 0
-2364 0
-2053 0
7287 0
-9296 0
4680 0
8447 0
-8163 0
5824 0
7411 0
4768 0
4114 0
9626 0
-5960 0
8153 0
4437 0
1344 0
1745 0
5636 0
2529 0
19 0
2805 0
9563 0
-2131 0
-6228 0
5144 0
-30 0
7814 0
8482 0
8190 0
-2773 0
-4791 0
1332 0
-7309 0
-7685 0
-4253 0
5374 0
680 0
6141 0
-5333 0
-2623 0
-4701 0
1487 0
2467 0
4810 0
3586 0
-7816 0
3433 0
-1291 0
-6077 0
9920 0
-9828 0
-6437 0
-1031 0
3960 0
-6500 0
8038 0
-6 0
9488 0
-7947 0
-8746 0
-1724 0
-6789 0
-2921 0
-5374 0
3474 0
-2363 0
6684 0
260 0
-4978 0
4250 0
4847 0
-2487 0
-4963 0
597 0
-4716 0
-8416 0
1866 0
-6662 0
5351 0
5074 0
2317 0
-147 0
8154 0
-9717 0
-90 0
3111 0
9472 0
-4388 0
3329 0
-3071 0
3929 0
-1104 0
-9068 0
816 0
-4740 0
-5161 0
-9301 0
-8071 0
2546 0
1477 0
-6623 0
-3920 0
3856 0
-7906 0
-5433 0
-3081 0
661 0
5678 0
-3616 0
-4588 0
-1262 0
-904 0
8808 0
-5365 0
-4269 0
-8900 0
340 0
870 0
8911 0
-3677 0
8548 0
4872 0
8648 0
7066 0
-9567 0
717 0
-47 0
-8014 0
7870 0
6791 0
9535 0
2419 0
9059 0
-2787 0
1101 0
701 0
5477 0
-8176 0
-7278 0
-861 0
-5499 0
1845 0
3480 0
-3722 0
-498 0
4770 0
8500 0
2187 0
-3658 0
2499 0
8418 0
-3433 0
800 0
8133 0
337 0
1459 0
-5186 0
-5747 0
-5317 0
6967 0
-3354 0
-4249 0
1717 0
-2492 0
