599
-3017 -4915
-8913 527
-2098 -8983
-1040 8609
3316 -3299
-1305 8496
6794 -9569
6501 -2202
4776 4316
-7298 4088
-6677 -1225
-5552 5242
522 7515
-5403 -8053
5100 -501
-7292 -6015
-3233 8584
-6416 -5748
7375 -8219
-3793 -5006
-6786 1032
7530 4385
-9825 7665
-191 2627
8852 4037
5786 -9933
-4227 -4418
-3342 -5698
-7429 7319
8393 -6048
1104 9672
4408 6143
-7444 5760
9920 5402
-5494 6467
-115 -9071
-7607 1
-2685 -5130
1897 -9798
-5687 8437
-2357 937
4199 -4954
3068 -6530
-4410 6865
-5597 3387
-5859 9107
-3244 -2818
3987 9597
8839 4449
7345 9888
8814 -2856
4392 -845
-5376 -1113
904 -2395
-9285 1365
8253 -1879
2883 1254
-8114 658
9558 -5111
2979 -3078
2919 -2861
5843 5789
-5427 -2146
-5525 -2704
-2283 -7593
6118 953
1441 4644
9594 -4420
-4371 -4984
7110 2412
-4710 1093
7769 -2521
8081 -6195
-135 2577
6334 -3720
-3375 7073
4066 800
-7743 -5941
8673 -9539
-7945 -4408
3131 -3548
-3635 -2728
-8437 7891
-4777 -1029
-4458 5365
-1169 -2762
2716 -3078
-2012 -3857
5282 3542
9567 -4236
-7302 2907
-7443 -3158
7451 -4425
-2180 -2518
-7702 9713
2735 4054
-4151 7988
8996 6931
-5340 -7765
1304 -4063
5442 -6603
10000 6863
2287 3664
5630 855
-5116 6521
3316 -3086
-8166 5264
-8387 -5224
-7232 -1088
-9930 1461
-5358 -7298
172 4153
-5624 4036
-5217 -4522
-7708 -9282
7218 343
-5382 -4379
-9026 6422
-406 -5551
9225 9939
5429 764
-5503 -9286
-5029 -6047
-4240 7086
-694 -9637
-5445 -7193
7680 -4644
-5135 619
4696 -1231
7068 -8320
-2705 466
1595 5001
-2878 4627
5772 -1900
-3700 -4138
-1455 -9116
-2455 2923
-8031 3814
-3842 1289
8808 -4520
-2591 -8412
5865 4386
-7709 1068
6902 8311
-467 8182
8568 9242
1577 -4180
4354 -5429
-3382 9840
6783 -2522
-3185 -786
9669 -4845
6851 -5687
873 9511
-773 -1848
-6569 -2329
3935 2057
720 -540
1087 9282
169 9742
-5850 -7794
9061 2672
8998 2043
442 4498
7975 -1744
-6724 -1391
296 -85
840 7925
5067 867
-2349 8030
8468 6410
8102 -354
-8084 -4850
-923 -2985
-4912 8252
7984 1658
-4013 -5077
4208 -7893
-121 -3772
-4870 -8151
1467 -5078
4618 -4042
1754 7002
-5209 4059
1816 -7631
7435 -267
-8182 -266
8833 7123
9683 3561
9349 -8437
-778 1479
7779 1653
7981 2058
4430 25
9927 -6125
8677 -2220
-9077 8033
-6919 -3896
7371 4897
-3216 5174
5019 6675
-4617 -2985
-450 -3794
2746 -6102
-4563 7464
-5792 5353
9293 -9583
-415 5388
1952 -4248
4389 8954
7756 -4178
1344 -878
-2837 -6156
-8785 6456
-3495 8374
-4680 7843
9413 7118
-7381 868
2680 -1227
9255 426
3897 7325
8072 -1423
-2647 8057
-666 2000
-7299 -1888
4668 9181
-4881 -7808
-6066 4990
6911 -1857
7362 -8104
-2811 -7158
-9287 -6267
9950 -6737
3085 2648
-3985 -8570
9895 -3603
-9546 6284
6667 -7914
-2014 6406
3503 -2201
-564 -6888
-3807 -402
-2122 -3536
-9532 -503
-2450 -9359
-381 -4540
2701 -8921
-178 426
-9448 6576
-8209 5287
-3697 -5853
-704 -6240
4819 9345
-8045 2706
-5375 -9268
7909 -3988
861 -155
-8546 -5138
-140 -5573
-8070 8469
-9785 4801
-3165 -7776
1728 5744
-2203 208
9717 1457
-3540 6861
-47 8296
1689 1293
-3541 -7231
1175 -2713
-6141 -944
-1322 -542
-3115 748
-8299 1106
7264 5536
-286 -9986
-5509 -5516
8195 -4534
3367 -8262
-1473 -4100
4684 -1916
722 2014
9338 7986
290 2683
5459 7377
9683 -2581
-9711 6124
5534 -1417
6130 -8033
6453 713
1313 -4558
4939 1615
8507 -8013
-1805 -9338
3577 3125
-8699 -4130
5732 3494
-1357 1167
-181 -2381
-5927 -239
9256 1248
-3251 1471
9424 -403
-3878 -9563
-602 4720
2506 -7914
374 -2648
-6735 8465
-9400 4918
5904 9539
7726 6830
4734 -2180
8096 -393
-9371 9104
-3446 -9038
-9246 8476
7669 -7318
3406 8378
-2608 3884
7167 4079
5195 -5923
7584 5038
-3338 103
2466 -9524
4807 7446
9766 5295
-1508 -7459
-3338 -5480
-399 -3346
9044 2727
9980 5926
2304 -273
8848 -3885
7450 7946
-7837 9407
-209 7578
-467 -8228
213 493
363 5283
-9744 -3954
-2331 -2318
-2555 -7623
2849 -7003
-2176 4947
-881 9904
-9162 -8315
8359 -9677
4430 -3689
5418 -2611
4683 -5730
9592 -3266
-2185 -4729
7354 -821
-1332 6764
606 1384
-281 1343
4337 7027
6480 1711
3076 3800
-8372 4477
3403 9592
7548 -590
1871 2955
4898 4887
-6341 -517
5592 -1600
-4143 -5205
6766 -1371
3008 9992
1842 -8659
-7009 -7682
-1844 9351
-1447 -1644
-2985 -160
3675 8587
2764 5569
335 -2845
8327 5495
-5374 2701
4868 -8216
-1263 -9963
-3035 9226
-9750 -8247
364 -9319
9812 8499
806 -5096
6333 -4593
-233 5569
-7600 -9366
5397 -6778
-4548 285
-8483 -1424
-8229 683
469 4278
9415 -637
7877 4210
2373 -6787
8052 -1242
4069 7905
-8051 9350
-4274 -2118
5502 -3785
2259 -4590
-658 2270
-7439 -4885
-5796 -8698
-4208 -9173
8346 -7271
1439 4644
5440 4582
1400 -2512
-2429 6932
-1805 4350
194 -9769
3776 -878
-8999 1819
-4105 -6878
-8512 -600
-7152 2666
-2862 -1892
6697 -6914
7120 2532
-3262 -1834
6662 -6655
7045 6667
-9489 7914
2261 -199
2387 6323
-8828 -7896
-9528 -3649
5602 -918
8501 5804
9146 2178
3280 -7456
-7704 9482
8293 1382
2755 800
-8688 -7492
9395 3011
-4383 -5802
-5799 -6808
1344 6788
5935 2907
6691 3304
-2788 6573
5180 -5819
-4650 -674
7009 2052
7068 -6990
-9479 5583
-4081 6267
-3647 -2776
-3431 -8319
-9224 -5090
-1179 -2583
-8919 -2901
-3043 -7835
4815 -6533
-2217 -7525
9141 6314
-3711 5466
-2261 -4946
8516 3793
8529 3483
8478 4048
6387 2752
5450 -758
8829 -4246
7538 6037
-3873 -4781
146 5164
-3396 -678
-1835 -5506
1724 -1586
782 7065
-5378 -5537
-1592 9191
3195 4498
-2822 -8863
-1682 -3565
4386 -5299
5768 428
1038 -2315
-5518 480
2339 4651
3405 -3978
-3788 -208
-4978 -1160
3956 610
-2625 6712
-508 -3375
-4479 6723
-5578 8335
-3991 -5131
-1748 -9673
-9690 1971
3205 1408
-8049 894
-6619 6790
4813 -6048
2474 9035
8794 6666
8428 -8423
-540 2422
-2853 2711
-2783 -8573
3339 -5053
6100 3800
-126 -3735
4676 2192
8865 -3068
5364 -9742
4981 -4443
7354 -9364
316 7177
-9934 2235
5948 4261
-2696 370
-4649 -4770
-8799 5791
-8546 4097
158 8961
5551 7943
9372 4272
-7248 4083
4293 -8270
-1962 -7975
4027 751
4697 7172
-3649 -1619
7613 1290
6869 -7709
-5198 3061
4059 1510
-9145 8167
-1152 -1440
7615 9788
9537 -6532
3027 8128
5252 2562
8058 3955
6598 1266
-3469 -5275
585 395
-3883 1430
6989 -3602
2142 -4635
-2747 -8098
-1014 -3398
9264 5056
6255 -8697
8959 -2209
-5737 8627
2615 8631
-6836 7783
1447 8512
-5548 -7790
5733 2646
7278 -9626
4862 413
383 -5379
5027 1630
-8555 3741
-9017 7316
-2563 -561
-2512 4377
939 -1776
7339 -7543
4915 2329
8734 3397
-2306 3465
1574 -4546
1627 6841
-581 -1856
6068 -89
3660 -4416
-8751 5998
-7113 4569
-1613 -5479
-8055 -4157
4046 -9604
-8652 -1183
5092 2075
9125 8718
-6900 -9837
-7715 -5106
-6800 -599
9780 3143
-9661 2280
4025 -1329
4331 -1864
-4827 -8370
-9807 -5668
8512 8209
-8567 1511
2818 9483
4072 -1513
-2906 -5404
-5019 7332
