343231 475979 857750 623455
1000
185405 710713 187812 732158
605057 825548 617953 870744
367860 363736 386782 458349
157497 747396 159310 797184
82722 329461 97035 378672
648207 563753 652621 623492
415899 285306 426353 375740
417894 786274 437244 852517
114433 539824 126440 618762
189991 578073 198679 635742
630634 508867 639040 568026
900099 396212 906698 431864
990505 142283 997091 154647
467040 716337 474279 801624
632298 143688 645392 238878
782978 628192 792562 696632
373829 429477 387091 430918
967492 842702 975513 873569
851886 909793 863866 962931
475967 682306 482775 713343
922205 303021 925902 362023
251545 795955 261722 823726
17128 755810 17701 795809
719475 337473 732334 353713
405652 247142 423248 295774
277132 889380 292807 956385
665955 823654 676679 827439
463237 823157 467051 840154
967881 390708 985801 419430
624051 184091 629696 198840
4637 644684 11185 736611
351172 330164 353731 357049
991031 648872 997569 659599
526956 106357 529453 162530
419667 307622 439070 335358
327898 381562 340820 410162
751064 253561 765607 325727
258688 689726 277495 774250
402169 760858 403685 781797
955245 609616 970872 707458
442811 228756 456978 260568
464118 368388 467947 449591
156217 237953 164562 318173
440153 925354 440888 968756
507726 154856 525993 250358
600578 632912 608380 639586
352759 574436 353769 673235
979232 559149 992436 560300
54368 104421 72778 169822
326638 671636 343961 756764
892186 728310 893705 775345
117207 634399 117951 641680
577883 562847 578137 646743
778608 469933 783230 558375
455039 415516 473661 426966
846857 559983 852555 622378
719283 277785 724508 372259
416610 642992 435904 740441
835810 68206 839716 75783
828157 774093 836099 847991
927577 329128 929591 384131
637514 645905 652637 653609
330606 4744 340693 15829
571849 890481 576055 892890
573233 171504 574922 267858
145749 852061 154887 890664
323459 806647 331582 901153
758047 885025 766055 908615
501595 632618 520631 714959
789053 123786 793854 163460
703836 315639 707418 386697
577467 711024 589736 768228
960996 670131 973555 704865
40653 95113 52057 130700
653607 115315 665585 131725
901743 208656 917140 216315
551355 865864 551850 869516
41312 663758 42260 740907
622373 240046 629302 330219
681686 20671 693540 21613
892266 214395 911947 293313
803020 247721 803880 264485
273040 552053 278736 620785
361346 861308 375967 899848
13347 668762 29590 759395
777089 572495 781289 635398
129986 349568 148466 375685
831973 206249 838099 287716
763926 402468 767583 439540
342650 463191 351304 518339
841045 23895 858960 117362
783431 542891 791915 551330
793182 814661 800852 892208
385394 893707 402267 969286
26986 259608 34678 333046
151149 853447 157542 870393
429078 156844 433456 162529
514624 86601 529076 133803
35020 754517 42886 759076
391654 779938 395203 788514
466350 727502 473533 738975
159141 927661 172110 976742
777952 199578 780488 274404
457586 631782 474455 649974
106403 738560 109431 767642
323254 159342 326112 225918
816239 195510 835925 264544
604987 920949 621901 926200
355039 377148 369244 402001
119868 870220 122240 894712
361179 569378 369091 640767
202056 423791 203941 513954
239145 522873 240723 549569
496533 595528 512001 663769
440090 526535 449805 551404
496884 404447 499406 422362
659228 821119 677689 828707
200528 158239 207706 191172
254257 653000 266936 735939
475918 899332 478587 944612
742455 173736 755841 173866
13386 476874 27139 513162
310170 713146 318073 729731
299134 594213 318179 605548
47525 350093 55661 398710
610136 38279 627002 59167
882982 211183 886344 264495
205396 612614 225099 662669
136287 208550 148142 232780
518167 472583 528914 557717
670321 344632 684602 432273
882469 71123 899766 159314
199796 553917 203626 576401
736213 860511 744557 931134
695864 470443 700849 527677
808409 165026 820618 220791
236751 848724 236927 921825
612500 488272 622922 570619
990657 614990 993384 701417
571812 328889 580884 412189
630369 387770 643550 402065
409604 167250 413053 228401
195159 888832 198111 968371
969193 634702 987176 690038
333812 566373 337229 614428
520446 411103 523526 505530
90239 747614 99197 804372
704010 763632 721252 821814
539506 538370 558758 608454
608601 541678 624906 563269
128931 608232 142549 609031
722973 219302 736510 293613
19862 801181 22184 876822
441261 847840 452815 889827
786437 625215 801217 670480
67178 157117 81126 164999
576248 468994 578887 547944
750195 621091 755614 695193
840536 941374 859195 991336
173798 186909 177650 281385
396556 849131 411540 907042
108735 764961 115892 828974
141139 350368 142489 435959
645737 660926 652988 675711
498524 617553 511784 623130
758489 293530 771138 322729
667954 717258 676192 814368
569417 385567 574075 463291
43917 284235 50231 317840
939785 220337 952143 299023
871131 153774 890978 216768
500558 107773 503176 160574
613436 636746 615989 736195
94324 73095 95091 111581
576170 905654 586356 985003
56103 770824 61150 856196
613335 733611 623348 759445
794166 484344 810007 543624
579129 322168 597261 410189
134901 54058 147188 134199
243887 595449 259949 694922
299569 332012 304239 397393
580623 358447 599997 400946
40262 409565 42423 468235
298259 588735 299477 644560
853090 247819 866419 288708
634362 546792 649671 555869
264056 645447 283826 665682
263551 143058 282268 166706
583060 790930 588642 888647
511526 379620 516261 417468
327541 854702 343299 882861
247086 108041 264863 135304
909032 752446 913664 756590
447207 869691 455364 880391
539192 564206 549953 584827
738188 429173 751471 465398
675469 827715 694550 877990
250229 82412 251461 96068
623107 834753 641841 919804
486099 217340 505843 256868
167122 841536 186231 933401
365944 10305 384655 28985
914061 755439 916946 779762
121178 405811 127693 423225
747776 121655 761840 138040
459376 939274 466163 998358
195745 759110 205324 850828
136062 532459 147627 589736
814094 826258 820315 843320
969115 270361 987597 361204
747052 402069 747724 483418
949173 403543 951605 425998
693382 372148 707318 376602
944001 692345 955773 749864
56076 530701 60778 547949
510538 146455 528503 236074
662268 104726 674325 174899
549068 3720 563551 41543
500866 802491 510027 865983
274833 550742 286959 617421
413753 884527 429632 924144
862680 667866 866713 736632
830966 613193 848037 686000
700360 159556 703051 225330
231434 925880 247305 966890
87828 460907 106517 552015
439666 768811 448671 835935
38648 205160 56641 254857
633785 353411 650477 376555
316210 392538 323892 428573
625650 40437 631441 124790
887202 847719 906981 880183
418847 548534 419180 640608
29763 142672 48040 234387
607120 476996 615717 545198
783650 87071 802994 155831
771156 844273 774600 904943
906399 689632 913664 747340
512843 869983 531193 925860
277789 797054 296246 803793
233164 427788 247298 511105
659709 693969 673167 714211
980977 24101 984289 76857
466144 157349 468012 218877
516145 172581 532404 252659
882911 657508 897103 735042
694879 524940 708815 542485
226032 15936 239711 92880
894382 906071 909891 949733
708963 13163 716675 37344
850215 679353 856850 697931
749913 840355 754211 858008
570483 815547 576578 832540
602617 656448 622073 732594
950912 668946 965088 680819
584864 653056 588462 718127
963190 570134 967478 648963
53198 179226 57622 186606
403991 383777 423572 455869
845577 12956 850605 56365
876115 559560 880705 651793
307547 640452 315239 711257
596153 867673 610555 914029
790352 148373 803323 243341
741882 168763 750577 233683
703112 28241 709193 80287
932966 688261 935103 782559
926017 613948 934470 672580
960678 340863 970863 358903
486105 308635 493338 318420
444288 388910 445504 434316
485852 953026 502558 968521
628372 293025 637014 365080
875837 378264 894497 405089
931694 68632 948259 167404
374355 696199 381957 772632
353160 543403 367728 555139
337740 888215 339733 905958
552173 145913 558876 236581
664800 626159 675675 635843
221669 414495 225298 501789
277425 486514 294573 560268
113063 743224 123048 826565
132098 728505 142611 733127
389593 261250 396138 264570
807445 907030 824115 996899
535631 141257 547133 205134
460550 434548 476701 506748
299424 382427 310557 466518
507425 338280 511076 341274
11065 63357 16500 94109
473783 253303 491713 325153
111462 655398 122736 658943
298574 293229 309085 335985
931402 522292 932471 620317
79977 321350 89240 372543
479156 230535 494648 243505
123318 318409 141321 399761
551579 33386 564972 103739
463771 482389 468629 490599
949587 771889 952815 782324
867269 436545 873320 486451
632984 555779 648371 650591
763267 66232 765669 72122
626356 483995 637686 547603
633045 323647 648639 349017
216151 703188 219858 713547
701195 439117 716043 451217
575694 179437 585561 230006
353484 774607 356880 823111
308937 734257 319263 786262
199930 695259 218005 794667
48187 248312 49132 304723
311799 934940 312716 942228
546264 184493 557177 240578
415509 200623 424696 209442
792939 655236 794359 664254
328701 193251 333161 291197
57726 554059 63606 573821
335546 186675 352305 271929
730552 93974 733529 114650
852059 89817 863818 161489
454867 889980 470758 959165
784022 384470 795903 410056
841984 909539 855415 938755
198311 671330 211885 747591
935409 723357 950913 747661
63707 594986 70137 686045
773792 519377 780090 583684
681901 708543 695859 767730
960547 57039 964033 154662
463663 797339 479664 831292
367256 838645 380809 876103
95993 223920 114711 248529
725583 882706 728421 908336
661722 695422 668371 780574
18440 477428 23561 536906
259014 664212 270011 749122
518099 674452 519197 689667
786281 73568 790368 108569
719018 410191 735854 497238
871479 864611 878646 957051
804452 164064 818567 220076
314201 17106 319182 29154
259081 33710 270214 62781
482235 469967 485439 502326
111019 322500 130124 348380
255411 328055 273826 411197
419750 536058 435214 539011
953816 322044 963337 419756
943216 775122 957904 781958
845628 650526 858760 650710
431571 571835 433205 615497
509697 9777 528328 98075
908667 966523 909796 971212
207928 828389 209857 878760
951560 757601 968032 795764
615269 198169 634929 292999
706140 720385 715244 773211
53014 148827 72361 195258
164819 796650 171224 842687
799099 149723 805340 194049
751929 427769 757369 468325
455570 762192 460329 763879
971926 476654 991627 480477
916447 329072 930628 362686
936113 526811 948292 543838
432983 794512 446394 805102
378990 436884 395632 443207
255715 356610 258648 435525
307567 833359 309619 928377
746950 42015 747287 117892
527618 772509 542607 807818
745817 906974 763867 918566
485766 962264 490145 962755
644540 772699 648789 863056
387482 839500 404545 916997
19520 310517 36888 406335
261205 707588 272957 796805
332170 298556 347571 350676
191124 433698 191344 515921
724959 260737 739594 269771
742217 519124 745021 540427
758720 674703 767798 744623
463189 789201 475105 873781
272570 283408 273919 363391
477384 451356 488591 464617
896390 699021 911209 732845
786788 218808 802334 239193
572164 109331 588610 180892
747287 165060 755368 190691
527929 463869 534759 535993
555007 120627 570427 181628
982585 136794 995021 218409
99482 94525 112540 99938
642035 412936 656607 493736
324218 65990 326542 121044
625322 140316 637807 194149
403020 898690 417595 997323
481684 684309 485578 712367
11338 386314 23648 427635
311456 982085 324577 986266
163054 499626 171171 575700
458691 689264 461809 779779
633992 69279 645831 139065
793397 626136 796234 657189
572232 262421 582409 346758
72545 795151 76450 824210
933045 705888 942943 722286
719764 739778 735784 818250
335473 132222 342792 226323
510247 686730 513692 712494
234965 783643 248591 846927
165217 610559 180193 685537
525704 465225 530065 525582
525264 584092 541445 659602
102507 845098 118444 894383
321607 798044 334935 822926
441971 672119 461854 684021
230450 443952 241976 444844
607372 581157 623946 640336
503230 629454 512507 637851
126723 391642 133418 448616
702710 699897 721503 794296
987717 13739 995123 84361
746512 672304 748270 694116
37465 592368 48795 605432
918515 839194 934892 928231
595357 380353 610564 464160
67652 908946 72678 953837
188831 556966 196868 558597
305177 478341 318526 503653
143748 408819 159286 444289
170910 280440 177286 302731
532965 438391 551552 465868
843859 788987 860810 860596
582512 261162 588899 296599
398535 277204 399965 312034
561649 902780 575008 959960
737873 523337 747666 560731
115753 41185 131783 104298
765089 163149 767002 257559
975171 672165 981646 741145
597189 867879 600402 953056
49872 281879 52420 330327
750358 714002 768250 806122
156182 134599 175650 161031
877441 890258 897164 894503
691937 167419 704797 205755
588587 488413 590153 583335
783150 827484 784205 893133
557657 895314 565267 961682
580699 649618 589486 737585
814523 814683 826408 816981
152075 885750 156098 980802
233134 363004 238691 386002
386395 85412 391744 150605
943569 577837 952470 649730
111965 381723 130170 422558
389984 45091 394811 67887
360799 154738 371607 193160
478554 336602 492602 353576
535391 513698 552054 580389
704072 757584 714359 822737
436291 475971 450046 559687
799795 291192 809146 364980
40594 482052 42224 575042
929533 325972 931438 364297
502290 77638 510218 128691
298776 661652 315623 716434
883303 595290 894750 609701
420646 895256 429329 971552
557605 444848 570158 524652
886729 486868 898018 487591
457830 686649 471058 695968
739779 873518 743420 889245
617180 956391 629429 992404
142158 120048 145098 146125
371971 565811 375270 603785
945443 214832 947643 264629
132077 308511 142536 344074
951747 773355 963679 849030
447294 345658 457698 416252
156506 558816 163486 567323
322896 391287 330323 468072
836703 816763 854982 877309
44979 51982 49599 97418
696481 237942 700480 336992
979620 798767 988082 838559
832241 757025 849248 762041
928058 306884 940796 363136
839048 794888 848962 809793
68769 426580 75732 468053
200119 706142 213464 789814
308412 253729 323697 311889
751863 664110 761809 733339
515841 140209 519549 179535
235303 177056 237545 184329
757391 424407 775638 496352
611516 33778 622691 109835
50549 506858 65695 545890
454914 861885 472960 961537
460875 422523 466464 471710
129895 80494 142689 128948
524373 311397 542602 386071
377198 606050 393633 625246
517121 72060 525379 138973
485281 908201 503090 958789
350703 663046 356263 750454
848144 773074 864237 788487
690954 191964 700561 223897
581790 967324 588880 972192
9294 138211 17799 160047
388520 528023 390150 568502
392177 512379 409911 600623
693081 956829 701694 976716
321792 273268 341454 346400
175336 263124 178152 324533
337005 31355 349304 106931
415173 428971 426640 453703
356373 306164 367521 377899
586525 976289 600637 993369
828467 81038 834492 155350
713176 345046 725162 404290
843948 715346 849693 784199
233417 473733 249503 562257
237673 277532 249861 292313
612297 677962 621431 698872
732799 839832 740088 876311
176491 217332 186125 223460
617055 671689 622792 740172
380742 186878 397512 267257
123518 838176 136513 893859
619772 431605 636637 472940
485211 639671 502360 711523
419571 783209 434616 862126
395599 498188 405550 594489
729736 256375 743864 341445
743510 213258 746128 224189
401324 626133 417115 718860
745936 295872 764408 373014
32554 350609 41148 449818
793283 609411 809903 660650
856814 85264 874343 126770
875276 207334 894925 245538
257410 856644 267637 940167
558456 624060 564795 681896
327491 758360 344748 786871
800066 434403 820056 472250
902585 872328 915733 948013
466335 677256 478407 736357
316336 328869 335226 390317
475844 202262 493208 298904
109029 395928 116400 418929
139711 927992 156642 936037
769755 797187 770919 802307
124417 552012 139897 613328
25648 369019 30788 403857
970328 413083 976871 472941
512507 148127 524426 160913
446697 519918 451586 618866
30434 190609 33951 198865
548366 648963 551896 748078
784250 205626 789550 226914
614682 338181 614847 411966
242293 413261 251471 435606
716581 810576 729398 887232
238744 122167 249828 179187
734386 993793 740800 995341
567551 313358 574525 385116
226065 372738 238723 456572
447964 620968 458094 633804
965091 58257 977172 126101
887595 528864 899391 558592
163262 824962 168160 915815
223670 324839 240647 419635
679083 597123 694612 671206
804346 798296 808450 865648
253799 930512 270091 967473
812257 216289 819832 230647
201556 614604 203431 633352
597634 706518 607747 787769
955325 89690 967695 176155
878503 280039 879812 369243
330357 838754 336667 844052
946961 805630 960221 828968
902948 500377 922485 531966
767412 946069 779420 961709
156012 723176 157168 772262
180698 559792 200286 616577
933174 272570 941793 323221
866524 554830 868165 612444
407678 897610 411383 992813
653432 73707 655450 172460
459781 554085 469868 567724
512182 94160 522480 113428
682892 218109 700775 248694
302039 603656 315269 607547
305933 424742 319991 464989
640221 613734 645962 688759
745651 59500 759280 123792
477375 413129 486511 447312
950946 846852 963932 904053
920783 80575 934655 82937
781450 604299 795088 686666
864048 618077 872804 640513
118405 478852 123063 534193
56541 748040 66745 780725
262871 124422 265744 151590
299814 19237 306096 77263
39188 432656 56047 462462
124242 418080 138139 421315
850926 775795 858757 867455
683698 896063 686263 993522
796497 320158 796518 363883
365396 52980 378525 125470
395393 203636 396653 251182
785543 438925 793282 502186
323034 78772 329147 125193
779226 97450 782082 127312
479738 194339 495030 236285
259895 826639 263173 899408
112873 169905 128843 205640
234183 904687 248268 975812
49197 879416 60717 944691
310985 533004 315218 561311
713738 638179 731377 694591
428378 207499 431317 258276
350188 484345 365430 531057
923605 481663 926170 559230
143685 87240 160899 119069
293542 303818 296188 373358
89810 857340 94308 888857
365542 190214 371919 276917
379554 504058 380540 564610
206631 486351 218695 536820
576242 357597 583575 433800
428197 73142 442251 130098
483546 232347 486269 301088
749287 312036 760370 355830
624050 570755 643807 590115
490843 518950 496945 568368
657904 610636 672118 614965
237204 230512 239003 326120
201478 236061 202481 293007
249727 823018 263600 850983
354214 609132 361509 649428
411237 156886 414803 175827
982946 364411 984804 432802
814633 25683 827532 104050
516944 420211 535046 499907
803047 337887 806089 391434
840473 247555 859354 328223
287704 290314 300861 336201
35496 657429 52005 679741
420919 760369 438861 773746
723355 93290 734122 138157
757044 76194 764831 167423
464551 864710 475366 890684
522617 210680 530204 233995
719851 370097 720199 462890
926042 865584 934044 876424
442256 210899 453172 227507
567017 246946 574473 317203
187190 426288 192513 460574
450271 356812 451745 357825
648202 564051 661852 646888
369405 224929 379569 303923
183280 55679 201968 124785
203619 185984 217705 209594
973245 331894 985564 427102
732125 162758 738207 178465
763655 725554 773275 770511
804932 539914 812669 586266
680993 238251 700090 283989
24052 837288 30609 860265
669515 280134 671321 339256
261904 428085 271812 449574
313099 54019 318228 60726
342677 602324 352643 639588
407361 731530 414902 826976
520548 555625 522248 608097
242735 163730 259187 187223
775647 486742 780592 515004
758392 390130 759989 453207
501190 576142 509863 642838
710366 953744 714935 987075
975156 293605 993586 309160
186528 371374 199442 446417
401302 532378 415636 565209
584318 357619 585792 384488
14026 213295 23765 230537
559796 746878 561231 795143
709597 334343 711350 423124
175637 872447 181185 911901
30359 291486 37667 315205
177865 79932 181334 156297
533614 907234 537135 912873
47990 390155 51233 405079
517624 105927 530345 133957
147535 510465 155239 542785
509009 804120 510712 887674
717062 221881 727185 300401
589219 453453 607655 507634
630632 51096 644473 134139
196207 753593 215057 822254
406663 865283 425904 907913
558272 715829 571285 744581
72142 859502 83169 959169
25328 485325 43161 515279
176461 616011 185412 629996
89369 674927 98108 732066
179553 695890 198682 728786
525336 124303 529503 193254
72764 595587 73115 596906
381124 516001 381576 528700
250836 563677 262568 616276
475936 56484 476922 95318
428560 907353 439230 919752
183897 803099 201229 874073
284700 688280 293744 697675
851669 651655 865334 731897
345289 826480 360202 911668
44440 571043 57821 587412
403840 422592 412993 508995
562040 726660 569672 791263
588292 664810 599187 698408
546519 115978 554018 206927
238958 15954 257496 43687
496217 162827 511963 242668
677011 201500 694763 287279
206006 413637 210536 449408
147373 256338 151482 350494
190962 175737 196632 192318
780282 74179 793921 86388
656641 241763 666143 264877
920860 268385 927237 358316
530462 98995 532874 122965
46509 80375 57932 93383
522409 936554 530446 984208
176037 340040 189552 343842
60862 637820 69011 647821
257392 548600 271854 625259
873233 545263 887259 612851
841961 271403 847336 353172
134899 796566 144686 865279
585927 170907 595604 235501
549352 721364 561322 739717
605766 47417 615746 94091
862395 120968 876371 206453
320922 604861 326282 685565
94132 896826 101613 909302
269135 838903 272908 920092
886942 276754 897074 366114
966505 222631 973944 233805
554963 566200 565798 586298
939942 462193 942898 515579
60822 366790 72654 406874
61911 281654 74292 332479
19217 258372 24201 319525
818922 150260 825911 223552
163653 62652 176952 125384
401554 554328 406698 624188
34114 770550 48213 799418
708707 520887 709419 568827
237673 618193 242097 636839
472624 618355 482904 700670
989614 419757 996365 494385
663829 77021 666117 111836
633856 584480 636729 657728
804280 52258 809397 128105
918445 706975 918616 715290
309513 321601 324698 386066
423141 925017 425224 959327
603129 481204 616665 511505
547402 448926 557646 468885
813871 481514 829581 565609
383911 801286 392501 848184
730881 292669 749568 312626
498157 277488 504661 362507
808321 66404 820798 105749
195066 441940 197513 494550
381289 219726 395671 224154
139341 570209 152197 622993
67835 374521 76098 422269
583753 813359 597037 858848
178049 67864 188002 167352
67032 690373 85907 730802
795472 619473 796154 691655
362270 192269 377004 241924
404575 652173 422431 693145
737683 709028 738070 734035
670178 887061 686622 915767
825743 10283 841549 67318
194859 35842 206215 122019
138407 649979 150282 707006
645849 608432 659164 620036
407711 710075 422760 764322
276964 888080 278616 934215
276649 694653 292118 710891
292461 771105 304357 864792
242152 128549 245129 217190
343441 527086 351422 571916
162141 120083 169653 124176
628524 761184 629058 848778
178069 343834 183670 412906
62100 50607 70464 97267
29143 155484 40060 203840
668790 119552 681210 176965
639108 429495 652024 481568
362051 719008 380738 792637
25979 118856 35737 146361
862691 330096 878964 410125
351321 338154 359836 342800
24518 33378 26853 101728
338033 275196 353084 275305
309830 76769 318620 79671
603662 758959 606401 858559
544933 341261 546565 404432
802009 409861 821998 419038
169556 228762 185901 300942
182537 558405 183296 610390
512172 21776 532015 109005
377721 313837 397095 342302
348019 551641 350096 638168
20319 128658 22930 164647
535182 129115 538170 148512
67428 755170 87121 762786
396923 755858 414193 842598
10648 620388 17278 709387
519770 459516 530842 547328
350786 816591 361640 836549
859220 171666 866061 254565
735592 901139 752113 953747
703022 400636 715409 469996
430430 631850 443579 632677
368019 98152 384119 120945
130481 675718 131749 722076
137309 842506 139264 912763
297483 45939 302728 91852
245981 880146 265488 966648
782331 233818 785182 301151
828002 421220 831335 422538
731263 301600 736678 396292
823776 373578 835045 459905
322356 277621 342342 318536
189889 70502 208815 166202
796814 178432 803633 236442
661757 236020 668335 288491
363525 706652 365746 748334
911989 685303 930585 729817
307155 731596 309122 818317
78786 862636 87981 886118
475654 528253 485968 536446
288889 917022 302067 999602
972672 46100 988465 83619
453190 145250 468001 172678
298022 763550 303906 851669
894779 630747 914269 635410
312726 45042 316770 66260
652517 334032 669100 358600
258486 372603 273760 388002
551371 59989 552701 135018
401689 14002 403295 28409
650578 898768 657734 903206
753057 775532 772312 784481
725284 411726 741136 458601
582216 384440 598597 433658
249780 686890 266850 698009
833017 819360 844952 839983
109220 707779 121585 731103
918591 657415 936828 708092
40082 146755 44099 205863
386966 635528 399825 723362
184026 325572 193219 391707
527043 445826 534720 448552
519155 286161 525901 330909
895859 342445 914406 383483
817259 698175 828365 732347
388627 557809 395785 644616
584164 653424 598908 740909
368753 707604 377393 786955
533336 880542 546942 902676
247367 450052 251259 531688
830346 940442 831907 994570
217392 350091 235310 418095
879086 27601 888628 109833
965921 667992 971254 680676
727599 79291 737964 166400
780401 439865 780918 478580
810095 688426 814461 751520
475792 694342 492766 720028
148393 546318 149375 624780
660177 638121 666706 684535
392555 405964 407361 479158
901615 477220 906437 566865
303735 407355 318796 470953
715031 717053 728534 806434
611991 690097 628180 731153
581883 215290 587281 221161
155165 605492 159152 644969
406185 639215 414005 684272
430227 291976 447889 364977
247072 261023 262681 300937
89422 830931 108985 877960
684619 721746 691119 799215
598096 655918 609149 738125
370730 172045 383549 228919
568682 28944 574739 53456
241445 489972 248229 566996
706842 929741 712317 976287
849360 66320 851637 150279
525905 538972 526317 599033
193186 867749 211828 927791
360386 438883 368690 538434
189454 653644 199061 677013
696319 623708 715818 720824
621 349928 4035 380944
536052 882708 555496 907446
70088 235041 79788 280228
437823 907859 447425 916319
190623 959685 192879 991687
870818 580679 874587 602430
317273 795547 330885 855342
685654 237009 688636 301064
71722 324404 81434 337133
26558 719788 39599 791861
762966 429461 777206 525899
292269 797652 292318 812786
827543 128535 835016 143237
514183 714724 532801 786101
302551 819327 310347 918897
309362 124638 312007 131503
460732 531585 473031 583765
773997 19551 779961 81108
754344 349660 772136 418593
277327 72831 281071 86351
613022 388407 622533 428733
296359 902338 296774 993749
114738 690953 130686 774119
286271 17681 289489 95661
269580 966063 270791 973261
145482 273650 159168 351697
542068 905596 550656 990569
923042 725246 924980 810820
715573 611659 725961 659460
883733 73094 900086 132541
376499 878043 377619 910753
236629 559234 241257 616971
624717 679619 639149 764185
869731 62934 879421 92922
140566 742129 147734 755651
67472 167987 84157 229284
507309 569351 518826 637035
284570 821724 295380 921195
397023 680835 399292 743264
769974 924935 788115 997293
548490 890175 558180 975207
139192 910451 143908 993650
324197 169682 326239 267659
24082 124586 33349 208648
607275 518148 615982 565347
627406 173610 637406 257373
974498 869924 985906 894081
604471 185429 606313 251058
446448 714054 454121 747898
329101 443797 339934 522751
249446 767620 259208 812584
731117 399128 751046 420668
435733 197767 448679 277842
692203 253167 705837 341898
276060 227004 281733 250393
84563 135951 85546 197770
217261 242400 220994 316215
353770 957839 360806 973897
396924 680793 402475 763613
793965 290917 808193 363701
567707 729321 586454 786537
475521 335687 478758 340551
734095 397602 735292 405974
793174 147601 802417 149485
594958 83706 600266 127947
658721 579427 672411 607737
421788 873446 432807 886260
206813 903236 209462 944998
702762 241090 720075 307230
257708 380643 264054 445289
747454 474735 760095 487395
489779 766160 499836 833691
868706 876501 871604 917306
694038 38302 702785 86553
412175 512652 412733 566007
346644 367074 357202 406659
346805 530488 357633 576233
876381 691633 878251 709278
36832 908093 54708 953047
122501 142185 128739 204419
554590 820976 557321 837292
664611 8791 666992 92762
