229454 11528 882809 878533
1000
30493 398865 32329 460967
990938 54262 997249 117298
100094 777962 187437 849306
153837 210229 196908 273981
833104 43378 899310 113856
100269 558406 153445 594361
165646 417579 226409 470207
323891 537691 402458 624847
349667 845318 382641 848408
63883 205880 159096 260742
543301 275259 609658 307586
380697 622226 433177 653174
337200 843205 358422 925082
273600 521340 304675 591024
870651 235675 912023 272670
585400 805862 590631 822066
291241 338036 346215 388381
161556 718073 193402 768688
414508 263801 416440 304698
259937 289170 290271 372556
819158 619206 826547 687417
342369 147034 404762 156471
439576 157411 461871 199934
212972 354377 303279 422051
780586 430319 831961 438813
436436 428269 482009 495479
847347 441796 946430 528276
231362 407834 234354 424351
667757 792526 709831 841093
214368 379499 258737 476982
740981 502294 762736 504394
646240 358000 737253 427509
76535 438185 112670 480891
593065 494003 650113 577004
797354 137420 876574 159054
451288 531831 490307 620069
336686 47591 358988 93109
232652 403905 322736 472803
603595 90164 647542 111809
289968 497657 358221 511844
922322 393729 945474 476819
553910 125676 569449 128727
145387 625636 234924 675507
819609 140088 853058 226526
876675 204987 948530 291329
363745 234627 405564 294488
645442 846918 648369 925994
371251 362314 384692 454432
226023 878645 255306 880365
332694 76745 340090 99722
565726 199816 635245 270155
63396 735262 148378 781421
343116 327688 412654 387148
280472 476651 296044 489518
282684 360929 319063 421116
301027 992538 306061 997810
539952 241641 604847 247189
739628 508694 796426 560814
442522 73594 534236 96891
493268 80487 531639 136451
162370 880196 223000 951089
865118 802076 952350 884750
676614 810022 685171 882418
309480 212388 333773 305371
261883 454335 345464 553436
529006 684757 610978 697503
863710 163962 944965 214881
672642 138585 764991 237272
753501 678111 802272 722730
469868 207883 477111 226167
288674 661858 311281 759706
676424 847617 693431 914950
818683 398630 914237 430178
395337 31613 436332 103549
532259 74354 566498 135809
703395 282374 793765 283367
717690 84440 718607 170993
196409 209587 262612 222113
772467 801132 862241 874631
571985 602091 618711 685985
370176 235132 416151 265817
921202 898945 987339 943044
207376 638066 247346 671257
51753 925170 112264 960405
196101 22231 283860 114961
154836 631557 221358 730530
397960 243966 471635 263458
40664 369914 133495 409845
149021 31326 165648 56586
622169 872391 676166 961689
578637 366303 664882 406222
724568 39609 810919 77289
93866 52810 161989 56161
778105 325029 851315 377150
885146 578500 975336 633221
678541 631383 689233 665205
426896 632229 464589 717465
393672 856 402709 34248
669818 150345 733158 229361
823470 909834 846795 942829
474126 739016 560436 797570
715523 787588 718277 804354
726792 596592 730376 650479
157238 904524 204134 984220
200047 831992 288932 931338
940809 465672 952194 534077
236563 45861 314723 141472
820984 434039 889334 437649
855829 430113 949660 527731
705964 135074 781558 178250
709786 17739 805021 50592
904693 493376 995099 495894
727659 298586 736325 386513
799280 961689 863568 969277
640151 249672 738769 249765
20729 412926 103385 442145
703979 11997 727524 60082
225934 637817 312084 678685
689939 144170 707880 172500
288474 363967 314723 375290
578162 872412 619952 970138
748587 903555 841209 926420
931868 958474 985973 979338
874984 883013 920225 914374
286096 47571 324906 130935
523417 931 528287 47905
923477 14893 964431 65565
510306 191301 540014 208039
289981 3088 375531 61097
707889 114757 791839 207566
980281 478372 997497 569748
965754 13712 971696 23951
873600 84150 897733 144562
141220 443872 201747 542501
815489 880324 816581 958039
460050 863118 493345 863660
555452 908767 607843 982620
239401 69514 315580 127771
869310 605878 926375 678482
345595 265892 345934 348869
901792 855363 992723 939747
546421 286309 638606 322558
546062 448816 555001 480342
590961 426122 663311 472731
541887 18571 597019 48660
656386 160434 713777 256244
814902 255112 877959 303288
92191 636112 104678 716680
666337 917152 720329 965833
861550 307252 865883 355728
511560 697787 535915 742446
766010 247874 821483 300225
313518 133801 336648 205879
428979 84810 495091 87730
451383 467204 461171 486934
737772 47744 830666 49386
610498 402714 652506 482453
178537 54954 225144 122579
40649 601832 107976 650359
332147 326324 371844 401661
71176 497591 133652 514356
259663 450372 295394 495640
885600 216113 971331 236818
657805 949555 741422 984433
481245 628843 520429 676758
694571 482323 784587 519275
191883 587626 233981 625421
345424 789010 412050 863284
560970 858686 567751 918525
122616 296936 169457 367633
774288 373266 776210 405691
817853 793309 828833 802807
825716 546955 913089 589377
59332 22472 104326 38747
208227 402945 212636 416044
811426 830025 887103 854400
906180 578559 951378 677036
906843 917259 975064 930759
419823 203269 469625 207464
91161 296886 103284 388744
153323 265361 244269 266742
348364 488571 441838 518852
649465 107498 711347 115299
827356 560862 880246 614255
931198 826904 996180 875781
578344 267016 668717 294929
109587 954131 178174 966593
334814 53579 385619 104241
699026 783017 796938 823111
607136 869078 653909 929827
168015 227865 207064 274376
852246 71858 949076 142281
628487 843679 636975 868470
293561 856010 355398 890530
720758 240441 782544 297186
70316 374981 169195 396843
571232 632970 594468 654662
669288 78868 741722 115563
364154 677669 422713 688222
529691 900784 541720 985760
942162 590816 951421 620248
650533 725042 703072 813877
821816 516309 891556 569734
103273 182656 190113 282312
35330 900258 40904 930746
248233 812465 267362 814258
550896 322242 589857 401259
435804 793930 445448 834143
548595 823494 574000 879848
591250 440034 683320 526886
49621 860096 109296 904174
897126 598694 906166 617413
833176 501430 876803 555586
130324 895422 206815 961872
446542 680574 466701 778889
810973 698457 863380 763183
157504 687004 183880 763528
442075 482376 457191 485437
441776 754874 448164 788364
543201 352104 559807 358481
596314 782330 661360 785777
836661 543903 852470 582408
330518 81819 387318 142766
895641 767404 935865 769632
396826 99799 475527 172254
264822 394771 288608 449213
235014 335202 250765 411396
647056 869929 664993 883810
935082 749546 973225 773274
696181 193111 720751 275742
397504 454320 456867 489056
788403 610303 874236 658342
700713 159723 744686 234985
868855 349209 912283 433665
286801 880260 375995 886989
674771 169017 698108 176133
259869 292470 351618 302570
14033 239954 40335 309801
923226 168748 965042 259386
369858 631416 415656 672437
506806 672528 566605 743736
154314 836010 176528 921675
693911 566300 765563 637141
648072 621909 660936 657490
175174 495162 212501 556764
904941 730072 977220 765809
269009 594491 333681 684279
137735 391657 194104 451717
575390 748129 630896 781525
175893 702217 203682 709755
841790 883086 881657 975705
256339 80497 320459 117563
566672 774544 571324 829359
560153 850609 656053 865275
69999 881063 152294 949327
392735 674567 425442 759116
898866 151627 979535 205004
686497 844792 734317 903443
39222 296566 86584 383171
332974 110270 351013 195107
667189 511454 682225 578018
856863 273441 877970 346602
25128 71323 99780 129931
70758 131423 83981 176948
266204 140569 300674 190847
711463 790663 714901 853439
801411 60127 838461 122012
537537 876344 577657 889929
398927 337939 470332 399917
205421 201563 260367 293852
771968 245049 775047 324059
389801 773576 486700 800589
207259 836748 272610 880306
369409 521941 428422 614073
685042 645574 783928 742328
241142 88705 333242 155913
116882 205323 140647 233891
115242 178751 171395 252179
726752 855961 786088 865158
162861 928218 212670 979031
900065 550120 950397 575031
534428 377953 585741 467249
554684 780241 609304 795547
617385 586186 650276 646897
834018 668390 852425 740287
12540 320504 57295 409520
171271 580334 242305 679253
13463 330755 75044 395470
616719 530478 633011 580018
93717 691056 94878 727409
580450 28233 643162 44955
433009 763242 516402 769590
565004 288304 602961 334473
488566 719745 581620 781199
185537 534259 217840 566194
319582 397599 390417 464376
581977 48058 629206 57915
10000 419473 97190 454022
107371 21297 112450 23288
887073 191733 925110 251101
718460 182636 792427 222827
359684 721741 440563 775017
664109 140566 726035 221317
146237 303877 196707 361570
56044 42501 56113 51734
574890 841759 669287 902087
723286 159983 732669 201283
286384 70419 355579 86837
589505 606470 622283 623609
934329 917791 993975 988647
860744 306191 879672 338366
264904 756588 281996 811650
507461 288872 577786 297144
84675 457341 136206 530766
430863 684226 495262 735567
585188 38752 646710 128479
533736 623962 557393 678990
235865 244351 334669 252929
490924 489479 531018 579488
722901 40141 801835 102478
772151 663354 787976 703235
305314 362812 330029 427340
44006 210892 57011 274895
112981 103682 170892 193194
502608 639763 570271 648617
12975 498271 42551 508289
718399 866719 765203 906730
731258 238043 755043 291336
21602 321406 70399 357499
136864 17135 233504 67165
168559 15632 202720 36943
764016 458346 808993 512838
359282 409619 385325 498745
781991 169152 879012 254243
746058 232110 809358 325495
450415 218503 518152 236803
661649 331621 716243 369371
303869 474043 364233 561369
681561 927007 689417 980948
914355 323069 916086 416344
514890 454334 544464 480891
665735 504348 672512 551557
488469 64089 545305 158422
83654 832269 108257 835625
914047 266716 975348 282383
437639 122351 449578 143890
319838 503931 328960 566845
881311 290372 978411 303273
299283 392499 373708 476641
399973 655839 468677 718102
766173 858950 857032 907203
70806 595056 142432 688837
382605 829175 401451 868020
144355 129063 150898 182022
14252 361584 58548 391131
383988 737740 412319 803819
394663 295278 483418 340963
390449 238206 460708 253955
649348 557672 707142 619345
372297 267960 460472 347669
64146 318805 105070 389431
308707 310965 356699 313184
293562 40114 372307 74004
707545 626799 764135 683409
79750 58544 118160 155258
760435 315743 847910 317065
362523 250546 366579 319275
18593 396993 79168 414068
649456 469737 700595 498947
436991 828662 495563 862387
441133 231407 498244 326645
315269 351265 335517 412920
72884 453815 147920 486013
830740 525094 897095 591903
670447 696860 700105 728292
350929 162641 440387 240429
61841 793904 133095 794408
876516 587022 918699 619220
88430 81642 148408 131189
183115 919090 220857 971687
805529 406530 858153 483377
332132 279932 405320 357204
649346 256460 702487 275479
238224 356399 288707 357447
31004 190689 38041 274244
864531 104923 893355 113574
57736 563103 124203 646496
603210 598646 696833 620416
484932 38052 579177 55423
459171 712794 488395 767808
446810 865089 511282 949832
623327 418867 637295 474225
249782 465794 347629 467832
732219 362333 740840 363070
733210 420574 811381 480252
375992 363643 441059 458759
620637 625276 662568 711455
358752 267143 369366 314506
589962 386530 628530 412394
261163 29165 349290 52448
479416 964483 509783 964896
176183 500872 257631 582001
393417 126084 433553 136623
100300 371883 186508 406943
370090 507792 370237 606581
418239 544274 422575 637108
330167 803012 391628 818749
114560 864896 168283 962029
533936 398911 556499 450785
707518 558839 729529 624265
92947 721863 174352 725482
634860 782141 661203 798826
919463 763345 951249 770845
866780 431697 964243 432515
429556 788033 520651 879056
886808 404356 931961 413356
618349 515187 684007 598149
505621 268350 521889 320843
398123 263493 470625 332030
42934 55309 73858 88549
579787 712940 629475 714180
78864 464926 80877 532552
701138 69194 787843 121128
659741 916208 715869 933804
811819 262184 814523 284438
523989 890978 603316 903436
299280 762734 382418 784714
409018 458644 467278 508675
230681 685703 266131 769141
386270 354078 481172 406614
735188 235925 802458 274418
100157 504576 109345 565539
896696 820500 945403 846936
239481 318881 240971 351656
923268 432972 970019 495853
779363 104906 842219 167726
812448 712549 884125 810683
518426 685763 528997 707225
581618 584649 594362 644067
217903 708523 245573 733266
589084 910183 654394 914494
824145 801458 909499 863816
435631 392635 460294 483424
470275 752111 545783 779330
12432 371929 60706 437386
211208 341814 226054 435744
308543 939805 338768 947376
596119 480358 622599 568364
144134 43742 223627 70679
89769 865605 94577 939077
831412 953105 894958 956120
76650 155100 116884 222622
853009 82247 890087 99016
792439 38884 842982 68048
799942 21934 862034 70216
371160 643099 410753 716451
909136 808977 988454 887629
868209 455632 893516 537836
917725 352786 921618 395059
463073 64263 533633 75969
567725 735250 599893 771163
242375 857951 287828 892744
344396 621272 392573 705989
428389 883909 444056 913515
409010 225793 429588 324275
214727 516091 221308 611780
638292 813799 698469 823478
195596 813033 271034 876536
822758 739602 841768 753876
585391 490337 634653 509557
874111 837442 902639 920075
763634 383110 855615 409739
701567 651796 779167 651831
598525 180283 672442 266669
620021 24741 679035 70763
511748 912214 594815 971520
232677 639226 296405 725646
393194 417113 452057 503317
577659 703773 591904 717571
63720 70880 98002 135246
129439 761788 189752 781235
696673 172627 730367 235482
499389 263323 573507 312851
367328 716131 455788 749349
581815 830881 651917 867815
191312 941772 268750 942747
798324 85190 804019 161473
227241 866801 268142 876104
209182 369645 209315 445942
71301 515761 122544 562115
517366 11677 560930 46203
698661 82606 795661 178702
209459 417996 227474 449055
443867 742049 462722 836013
434681 880671 452672 883336
56182 908570 124121 941740
83229 801383 124084 881013
212196 14715 283832 35878
665393 42363 680589 76405
44917 771692 109743 779243
416303 596434 463332 636786
210208 27619 268570 35296
135102 891319 139201 974004
283998 557804 284237 614314
174099 497951 207226 500080
633368 519601 693281 594834
560756 379683 581215 392850
889296 408448 940635 459053
576987 906766 590168 990708
704308 252304 728043 269443
419607 581117 491459 629434
971227 334510 998357 383704
791185 337064 886795 427129
497148 100386 545343 129464
814040 908996 839757 911039
848790 532028 945625 616297
103105 101636 123542 179460
38902 931654 126909 938798
377947 481282 403255 560480
9543 554701 37135 581965
36678 753701 109819 818054
883295 475223 943883 527448
35558 299802 65762 357940
901500 538002 949833 574419
802145 276573 848660 330886
499674 651041 598104 706250
750102 852896 803349 944671
116327 155501 194418 231358
895925 173655 922248 259178
592307 453790 612732 544091
188815 428125 286935 476171
440150 60853 534388 115817
924091 949693 975404 964722
357945 656285 451548 717680
310002 418749 367870 453744
743482 513472 829930 591441
557277 713871 636181 718015
909919 791737 938764 822681
459178 420562 487139 420977
296411 753229 343213 821927
310668 114772 326324 119536
134567 505859 161168 580670
589785 794357 666976 828663
571616 76033 660326 94764
161962 599366 183173 674851
795458 534535 872055 608031
634594 942965 723757 977812
132196 747545 198623 820315
116775 42873 120906 52134
290395 901144 375423 913093
625239 491783 658005 553172
68045 591087 99991 608302
858902 660496 940317 694829
623868 482026 704052 489041
394039 294551 433943 317556
304630 632549 334481 721521
474938 853115 547505 910497
284657 318321 367688 331878
535748 288618 541304 353042
857594 24374 862599 112245
707931 287906 780647 364919
777303 117676 832069 210470
213543 297648 274518 306687
202698 21684 261592 87174
562218 850209 648929 903514
646314 610573 650031 634079
836897 664463 846637 761599
135878 826303 139260 860400
236593 382249 274726 432054
719454 330271 727942 351506
420788 428510 443398 519913
260060 341355 274452 357290
921999 737135 993774 812032
331839 248075 429263 302958
363406 700159 438683 773332
643310 873518 720189 946545
802254 258704 855107 263140
643871 569646 698208 620123
309270 738385 313782 787410
816810 128377 862823 215873
569083 25601 633327 99519
2766 728905 8981 802755
123500 811420 166782 862135
609784 861005 624924 949867
147430 63036 221461 91573
34987 788617 40156 790103
492134 618174 557008 654503
461143 319868 493175 338056
77081 765141 141784 808674
627434 484283 631048 538403
723884 625859 751485 632216
354315 763129 416006 787907
720392 111971 777729 208888
187622 778612 240257 827103
97566 323609 122263 377939
828084 139207 828100 231526
634217 700482 718498 730865
684281 838439 704129 844252
753202 876733 844169 931390
917041 235424 935966 278024
842163 517180 888291 605495
822782 763680 861368 765583
780528 277763 851173 301786
614738 165216 695031 244241
196380 162356 280208 195010
710691 314253 773181 315018
673171 8528 767612 28014
815035 403059 881680 422236
564302 453498 574078 532979
133047 773938 135503 782456
49842 165170 69914 231835
294148 357404 382822 451478
829746 889551 877622 962215
705155 241367 788909 251898
753592 363010 757105 366828
53052 505986 54921 599807
280979 580823 313963 667941
133101 827382 223591 870746
812221 518393 892808 530788
721849 368953 743194 382662
847894 661370 860369 688891
171254 368669 237428 412902
367041 26266 416312 97766
172593 894909 223136 926638
350403 29371 446398 50049
115365 579571 196673 596978
891109 783479 913238 859137
478740 756261 506251 782105
99999 59231 132019 63521
102251 605487 134577 697323
413340 416702 433792 460013
329195 716896 423054 814516
66301 869361 131752 921639
296203 807558 303875 866340
854819 217013 903794 219633
211415 234065 230050 282470
422108 998154 492934 999078
556740 100103 619464 117375
334886 780830 358261 793006
795038 70433 884961 125473
896908 732457 967983 821735
482903 139811 528541 169530
364396 423410 376200 464534
518679 211616 561227 310297
398567 834199 400552 872085
498131 842170 507204 891015
263122 593103 289626 686532
645783 633904 648789 686269
353727 542547 451239 621867
440274 447002 443137 480334
608422 652355 665394 664489
292827 919022 346530 966326
760567 691781 805502 732201
167957 667370 242942 727929
229584 12758 267597 69161
444959 717718 517333 721528
527353 759154 539055 807674
563697 430108 581000 434523
483225 852905 534772 947712
900272 689940 907727 773993
103444 390533 131267 396969
423352 653911 511768 752236
902598 287947 905486 329912
1149 476023 18075 541174
289019 542881 302577 595152
545726 291111 640497 376194
925061 729643 961895 793641
257517 731701 280710 775297
49603 879913 55875 903088
515881 674249 612750 685768
884072 614457 973385 678982
875363 784072 910082 877563
683608 806200 728826 836938
654324 97348 687760 147027
457456 667241 473979 708681
321278 89766 407553 166939
783514 608068 801175 647002
762151 912891 765481 964327
753923 738630 807511 799405
704866 257765 783560 301414
55838 829298 67223 919040
889608 626781 921257 679162
426811 148672 500985 166391
229372 100739 271449 177897
642606 309179 684048 408593
746077 5266 800098 98228
424633 527066 471304 581485
108511 287166 184185 314477
945319 688777 990446 715203
834937 780106 914781 795625
187570 29385 248670 101945
283888 558312 305360 652241
72356 713052 83452 743558
842922 769831 900539 859074
258391 860404 321646 909740
705055 132952 742146 232113
505599 31422 516440 85102
829212 515491 865005 555818
780197 724819 813947 816918
853882 41448 941066 84452
512092 819178 517013 848067
481155 661004 546596 743705
807829 780004 877349 865048
902448 318868 981202 388452
3274 437845 61055 510767
356771 656419 427260 730541
219463 33344 280374 34746
942285 542710 958057 599473
404410 632169 443086 696475
926482 615413 979902 624617
275757 720794 363769 722292
828120 198802 904045 297286
349372 851300 414099 861556
617280 882982 698870 977532
709065 633886 758470 673240
748378 199887 799945 228154
721866 425342 797951 461222
86831 252704 164922 295564
487850 953857 524908 971602
560744 243604 636733 273317
140089 876262 232325 951008
882286 828813 887263 860180
351390 86112 408187 179216
233811 329832 304804 337266
536703 217452 601398 259346
782215 389140 834022 407725
455984 707379 458214 801928
443829 930783 488549 936276
896120 658239 954935 713887
472521 283919 507233 295673
159031 555721 179983 614134
445199 52738 455315 67976
919807 580496 922158 637522
92680 347368 134424 416423
807670 965464 807857 973771
940471 427081 964038 523972
452533 256577 513576 340794
720695 904873 742330 952424
33422 895549 53766 948434
95027 858112 129961 905453
633573 11313 674386 61664
591754 130590 679241 205489
601469 84252 646835 178973
150609 248620 236715 265716
763078 857161 788158 924790
579147 610388 608047 635114
154684 625082 232168 642587
222201 316883 315066 386896
863997 544385 945459 634407
57231 279993 82000 363839
195121 650668 262610 669995
899558 877943 968706 953073
481411 878395 512968 905539
731183 790031 790868 877460
86947 959568 156568 961418
149871 338775 156955 397410
323660 337018 396078 412394
97052 683095 194509 684790
112618 362244 137718 456340
527296 134646 574353 216589
378081 374493 395746 466366
509996 156750 548712 170638
225017 731805 251484 779090
133805 557932 232388 646766
197456 802606 229445 898000
104348 532114 122089 574175
436277 50273 464220 98066
850097 624362 891501 723410
339332 122668 374561 123713
161940 50938 212619 105921
106651 945039 114133 968138
310110 571104 340264 650638
234364 562083 307692 578979
795936 969 871859 98964
662461 5395 673735 49430
463913 656373 499007 729358
224970 106119 241450 141448
401797 367958 424112 449928
614009 269670 685469 309180
653437 783047 670857 794140
635434 70363 689931 167183
584184 127134 680645 181630
535870 121918 629736 185261
384214 335746 387617 336249
321591 550095 324212 555173
194468 404234 209495 423798
371374 938957 431649 949230
231108 687226 255629 732068
40643 30943 140186 124697
410361 525303 467960 581641
863550 884556 924662 960503
863461 428185 926870 439654
605232 155860 625187 208310
551108 462540 578895 524081
454146 654606 552768 732014
723603 829661 756633 888910
201567 661083 247219 704258
87529 7533 107511 72234
763693 596745 779871 636063
164045 649883 205792 681400
490289 103174 508628 108460
447192 143126 484687 210886
57280 740078 137345 807576
45961 644411 137364 650263
189284 611397 267516 618181
770216 206619 867102 224207
603613 110885 658933 199470
707203 193979 743035 227277
867805 442388 918067 451841
324868 121881 375150 184698
418233 221495 486440 241470
505916 6435 597784 16407
597966 416150 604235 423825
435520 589921 477925 682298
478517 114670 529298 159478
750982 531341 755325 581427
781894 128372 863836 179190
652087 447197 664355 543336
54870 516680 116944 553389
268563 738800 352798 808330
446550 169503 487546 239039
645809 579755 695382 659262
342345 155184 391013 186765
164625 142300 238713 233845
36957 106778 44688 160080
343748 785918 394389 824487
176996 656540 267105 711024
722047 281721 772931 292491
836179 85245 837068 88451
335831 221376 400585 286138
241000 951393 300382 970604
362881 759167 446224 793100
331589 84015 367500 179293
170598 319284 246153 392053
843766 351467 911491 413555
891037 446281 904254 495064
79010 607558 119601 645759
45482 642537 93244 653898
856987 338038 946073 430720
290936 82308 320961 105948
50569 803080 126668 870215
677195 313843 721244 328748
195172 528909 287970 571446
339067 788162 385536 811590
584603 428499 658375 444261
58349 840270 94055 934133
20314 335324 46204 393807
740443 164174 837314 261331
399824 162597 466996 227774
762948 301972 769277 314810
391887 909335 438424 941590
851595 158818 935726 201044
751958 151975 808670 224077
152415 407247 231895 410675
678846 247099 690534 291608
184501 343957 193818 347007
141830 731350 162454 779573
150125 269605 187757 283442
476367 746335 478384 766046
735431 703512 790299 803422
295352 843059 316034 848276
23147 39027 111139 91520
324870 8120 333013 10949
112868 856896 200318 881257
37346 702831 39743 728046
708354 437921 801511 508296
324215 926441 413886 962491
545047 399594 598167 427419
670239 420550 705809 492747
912310 62970 954128 88898
289844 235723 314231 311692
406490 717982 445728 757939
908082 881096 911566 925819
40049 241912 41123 334450
901870 969129 902666 980898
38684 514022 99904 564143
30434 708728 31581 736304
841001 824069 884011 875461
173856 543640 209876 632855
555292 522507 585627 609518
964807 549491 985845 638749
623628 286409 702157 332294
813424 785379 883890 880474
426325 386612 463187 414293
609556 72151 647359 94879
66126 824780 108305 841450
208451 614365 284254 699614
132329 771748 175410 863045
458225 184913 507598 209171
268096 49928 363358 119648
338260 490971 360492 575679
283032 657386 303141 672538
495097 919270 594482 989235
249520 164762 348359 210858
513373 539458 587341 602756
813805 99117 895155 115886
281316 838113 371597 910178
439688 447354 492964 460882
190049 822313 205454 830858
331099 870926 422159 953840
441139 391388 535258 479024
104722 144246 134666 221047
347410 286713 381485 326163
608273 274151 698610 274349
759699 396829 848173 401872
843343 323499 856510 419467
135812 93785 209876 162217
963800 277738 986283 323368
602043 130395 608756 219175
6129 438910 98652 509826
449817 930089 481844 994136
279606 283736 304266 362614
627129 277115 720885 337863
425682 886431 445706 938130
660063 481818 736076 497206
619626 365293 673244 395944
12522 789815 51402 872289
892027 184812 907534 271328
376179 455041 454800 528461
509399 521605 556044 562552
724559 711290 810811 765145
364952 791014 464627 845891
748034 164142 806968 226180
305673 368699 404300 419777
631239 889460 649942 891210
616509 332875 625310 343147
874484 496476 928012 546767
75318 359079 118824 379321
693237 684059 789719 709634
146715 183644 162478 234420
900269 737663 932556 763266
783508 577948 859701 578818
631780 682557 691595 690182
48128 369142 62481 457023
93881 457985 142861 553417
457380 371714 480211 396833
970442 854112 979064 855014
158557 92939 175208 148888
742436 370457 806356 411636
303911 480886 380425 555309
937273 225482 957613 297149
159327 577257 203438 651282
845343 714336 899893 788866
141537 771663 146682 788667
187747 882655 241852 927351
602706 136207 655741 186663
630346 946857 656518 989065
497679 725055 509640 786639
18147 102192 91221 177538
207934 622158 209191 625607
516053 372320 516651 459717
483966 366994 527213 389109
64329 12738 156559 83676
878308 446488 952307 532771
869132 924203 882780 988375
345682 139693 414792 233866
680446 229470 744187 301007
696712 759602 746928 776863
830763 516362 843810 540343
137979 324701 164666 411953
420365 846905 506056 911036
222508 551524 256662 595700
484461 68797 514492 155838
557820 772183 594690 814920
838192 813914 924876 893592
285333 717985 316487 782954
496823 308927 500929 366560
693565 850111 714983 897105
662997 861025 705884 886000
759817 770461 812705 828450
914843 238039 947072 331488
431842 913257 465256 989347
376438 934590 459654 998403
510526 438927 553351 477327
480054 30293 573971 119239
295777 23941 315243 90361
229584 65750 300667 145424
899801 831585 967411 916309
258428 496761 261169 547063
908217 518981 932209 613658
365178 867724 397311 955456
682937 748764 703997 767494
389660 535053 403557 544451
206381 105469 283909 110897
911434 135636 972346 172731
476514 428002 485607 504712
109659 234930 167834 295761
404518 830432 452009 844511
556939 651831 635929 668017
739487 132075 808850 177109
112566 203645 208645 294887
385807 305366 465657 323861
740781 302619 764620 311827
263748 780104 315711 806873
714987 704998 774213 714988
918376 46114 946470 83228
325820 51658 375809 114084
413468 109322 426663 173378
149764 85688 170667 107041
768530 223345 809022 247443
