270341 147382 879655 549644
1000
450851 181613 548734 238219
279700 501601 356419 558422
340324 895860 426205 907592
267923 618562 366154 637447
668786 699659 712827 711740
159420 322011 232097 418739
18915 877031 63182 952268
791019 721475 796959 799017
824807 613729 869303 705596
117321 458547 216567 533641
872968 917815 911135 960072
670380 454223 683409 539472
790073 471237 832610 506817
493248 553966 589474 639441
368478 807308 444190 814618
70725 262807 104084 263243
197504 357086 250287 382781
885898 763415 950793 826897
805974 173980 852034 214066
740908 435024 746605 485231
1322 605652 14522 606920
597593 363179 601102 363638
844109 132002 873136 191792
141926 432622 205532 489359
873606 492915 924688 530283
601895 441348 659838 531977
242775 341240 321309 408359
248861 912558 248965 995746
59143 261240 97243 355391
582642 406462 658675 492432
419523 680479 483545 766235
192023 193582 249768 228936
494444 470376 533982 482516
185402 46837 246598 105564
607467 49978 656208 103812
451646 912457 511490 985119
469189 645411 498425 738795
608183 719266 643020 769752
65033 870246 126420 908233
620300 702800 704893 766725
6875 915101 56203 938635
429706 387594 461625 427329
222167 422422 288025 489183
334656 900720 423084 975027
442223 211731 478113 277709
340378 540933 340901 553712
438338 743385 488962 802364
601286 769005 613237 850855
799014 326582 883042 380551
386339 951246 482669 994951
174368 238630 268448 313343
121694 875275 212502 925060
733204 846863 763583 881640
92575 116871 171969 168695
21334 45996 79552 104175
593879 540695 689317 631309
319893 335223 344996 335469
860734 932434 901683 968654
409318 168912 504390 182577
743976 80593 779270 113656
450064 258832 486094 358828
591275 663025 665369 686980
754810 710792 835639 721536
112653 357821 198620 398062
878649 559098 943908 592907
639235 427459 716120 476197
578870 84779 678821 171860
9796 65159 85646 111167
888664 588610 895115 661121
303629 386408 333923 456384
17864 54720 44890 102443
864208 357640 876917 400655
468064 876821 550610 925211
439498 23940 480963 50446
427855 56570 507982 88532
538294 857250 587541 880100
92634 264441 130191 338725
739421 273409 778408 361819
594784 456346 616301 459678
501910 563629 504614 615044
229251 570532 276848 618258
731660 659392 817839 675197
210091 236892 254342 249272
770082 670551 837700 741299
478903 218782 529821 294900
561291 11194 589861 54087
184874 231761 232622 284265
402136 724750 452028 763395
556613 68208 620956 103999
116172 721019 214338 813998
586557 703110 675993 716250
128007 6715 184258 36965
804677 809595 844362 854770
703680 904631 713527 973534
475973 865732 479822 865795
159569 456899 208825 521353
337318 490430 365856 576135
807063 114756 809875 147955
346605 410439 423090 418583
362832 368265 402656 400287
333076 625274 343357 649072
857991 383769 909625 413508
697499 11535 770189 44957
414287 601446 474283 606465
761419 317225 835364 383482
687702 312827 765117 327848
496111 929455 558887 980817
667862 593560 692846 632836
6731 663831 86443 748451
179923 591656 232776 659796
655655 15521 711544 53359
425679 280076 472276 294914
738854 369081 820517 435577
365307 939601 401822 947987
81352 111421 124161 186795
419357 757643 491989 845112
456947 560928 513939 584258
226574 516007 240958 594501
22355 414118 50976 456272
946558 473950 978413 498537
9663 94400 30297 162208
836737 53186 909941 93776
15882 772120 18827 836574
469237 216714 492266 307308
949993 485088 965119 554430
328584 549788 368487 574835
818418 615286 834615 668732
325569 843630 345230 856376
600014 76491 691964 113428
535135 101329 548024 106909
305081 186525 339423 262098
230895 755674 287153 816054
838763 706759 870702 768730
496549 274738 557456 361717
929108 414483 974300 482073
226813 851003 244758 948577
851319 1297 897308 52335
618084 890251 653497 902568
802650 573151 878701 657499
912174 118028 991530 194943
945574 156017 988811 156098
689082 870974 717072 873590
723525 239363 771300 257399
287900 89387 295096 138521
51816 2040 111760 50007
281733 652941 332333 712228
24035 170953 29780 267629
370492 712535 453651 804928
238942 825522 282079 893616
428393 97239 460799 130327
295920 227693 338731 307819
802871 379001 814362 476379
416938 77659 507699 158843
240222 883421 319435 892347
62343 618492 135137 688945
192400 700850 194694 794211
893457 7592 948201 47827
760680 826909 810767 911715
213644 265155 248035 327836
352197 840615 431751 851982
354469 616607 398106 701215
234881 935200 276695 936618
500159 877809 555146 922743
584999 30394 630293 52557
631004 218492 703292 262389
320338 720540 386229 814705
328761 152890 379634 251396
239608 646248 282452 720633
878520 793405 892754 813487
237905 153183 333677 245461
386603 7352 450128 71082
73739 409859 135913 424756
697868 15955 784848 80830
408835 738246 409410 738888
394967 373023 415599 442218
335947 152329 343297 190538
381001 338223 381738 345486
8341 871868 88266 970441
204641 636537 287613 687199
327476 901939 356516 913545
635926 155222 682124 250777
15437 830922 55458 867310
601663 204776 653684 250463
18014 296351 110337 381208
668042 558535 704490 639378
951797 457731 980373 522005
110063 54534 139075 131001
553067 370321 605798 420564
29214 673173 119508 704662
779716 667187 814158 753053
995005 590450 997777 677585
195452 766301 281526 784329
384793 913856 437742 923146
680120 414675 703307 513058
14365 45471 105324 95981
259308 742724 297184 746521
246459 459684 304985 489277
624163 788610 697774 810614
180361 97121 259587 130963
587127 368750 635551 430948
328739 328130 333858 345857
745417 17657 755455 95248
232082 277661 249998 310454
556673 58910 653549 74475
289952 411029 349827 490287
134276 447670 137147 523373
424765 74622 434900 134522
324400 515354 325270 524011
842425 42538 869407 71799
113718 248415 158015 253379
780321 563335 792868 572135
424525 353288 449516 365046
196968 295118 203587 353884
866329 25168 882238 53661
963847 94105 999165 164923
263372 701028 341387 734321
485040 960035 505486 961944
65166 192369 138327 283754
131334 444576 188807 523351
597535 224355 613155 284472
867606 787430 953963 827907
251405 496401 259589 499596
836637 389831 919941 402505
432305 123272 524424 198033
546347 171542 626715 232850
543948 255777 548305 312580
856664 395271 863531 404576
285595 696189 310623 775617
604636 753441 689991 766294
714563 802455 741702 884858
314536 705003 375746 758683
896088 684131 995113 754737
734473 773300 793758 791702
825259 558035 854582 653396
955234 575682 985686 658344
8069 795164 11126 871580
895502 877301 939289 938857
904779 930756 954179 952273
60846 937524 123391 938909
44060 188045 94461 214016
660065 4631 675506 16122
493077 616725 520987 671529
44543 8533 94656 106194
515943 333989 608239 430254
161095 666426 208072 757882
264294 604058 303518 688215
37655 678691 50592 679080
724286 592732 783418 620324
106624 11293 140188 62025
49600 14052 133387 31863
218785 893630 253501 964878
859612 558887 905063 609794
911596 132492 924149 220605
738175 24554 816612 41138
806417 753213 906052 772401
45254 363831 82691 367366
137220 359661 206190 386289
176759 294371 227476 306173
102158 114201 127554 188025
887608 324059 949240 421780
204537 580262 267628 654585
794946 551585 876592 611115
244063 547107 269476 551416
159645 85026 176252 122500
767789 531235 853176 544369
81696 270014 154884 314656
28810 558465 58450 651251
155173 706542 195159 791972
689851 311433 736518 367834
413300 590921 478758 660541
690014 694835 748380 724381
670897 26123 743205 112544
772601 772368 817291 796381
953193 251683 967619 340614
610979 468844 669603 540462
498900 250724 518638 267250
365735 551527 434651 570229
952505 914342 960728 991106
593342 918418 692406 928163
755343 466237 832906 536174
702516 646233 769453 701013
231304 668212 259470 686178
750920 772332 801665 786165
903684 591882 933514 688625
613719 202908 667714 216089
601084 392040 697055 461722
58824 435934 126941 447371
328083 358043 341846 430847
742553 10457 754439 98841
508731 841371 572075 940846
828639 145172 842702 163627
241466 540757 279321 613281
533934 181766 591967 268659
103857 478115 120055 551280
790126 607790 811952 692700
892573 242385 947390 253549
935069 627280 956872 632308
624819 890763 723663 931108
151340 65724 156361 162599
585687 763830 604030 788060
16286 748736 17888 767467
878090 497423 937538 556967
407378 762454 419278 793253
233208 581763 257457 625576
907447 328035 995469 390516
491028 375953 548774 462478
737072 52913 759857 126446
554298 555987 568782 557003
30517 666361 47719 754523
569340 722276 581465 780341
770948 865831 776581 904822
592574 909547 627173 960261
711810 280255 721093 314676
502464 387145 573271 411677
101535 67411 152741 118405
208560 358995 238476 366443
427787 95631 496712 163431
8734 120208 69917 137887
79842 395793 165579 421187
489302 861623 533989 901120
380295 746972 448449 835278
34320 211356 75947 232668
857211 853260 918994 933396
124942 78131 192894 103101
200722 913393 270731 983072
272267 495460 284086 495667
718816 298305 791156 341495
897365 822786 905031 828778
96203 177846 140485 265319
200754 132850 270007 142697
19495 484643 77935 522702
194812 932587 248893 955764
767730 610415 834831 650255
385529 48761 457541 86467
836169 943796 841328 999890
661751 108551 668839 117800
459189 735854 474879 769581
523726 562565 606119 591398
965981 910839 966805 956993
790014 218049 866822 269689
304890 790957 315093 870313
414028 570636 418070 581180
599712 751242 682236 845109
742826 662341 826406 734121
562423 750140 570359 760770
845141 253503 858918 306868
528289 165512 541958 204006
11189 459861 48409 515008
13079 1401 15301 75157
104361 565532 157687 651548
792590 549296 822053 640323
301631 348642 401134 401470
775571 571816 861941 630282
176604 376457 258669 438170
21759 482862 32057 570347
496242 903776 589806 942331
404050 212545 437700 274695
261299 547581 313323 606926
225388 544158 311002 611366
569141 528215 589528 557963
777007 100775 866966 189282
311600 308326 402446 372225
801491 717847 879218 735721
417964 267319 441867 270048
570639 542832 587313 568238
88429 607732 183102 666401
475326 535840 539592 555969
860433 269062 884814 304156
826333 611171 872861 706980
796553 954738 846966 973451
437366 2138 532697 61367
27848 664528 86159 762673
758902 44488 840780 71329
849834 587263 915444 596442
692112 709335 706897 793312
355047 939399 409811 963538
225870 712777 234722 751016
483722 167839 490043 184874
840190 255159 894552 303479
556508 431233 652966 512883
231185 584429 298087 682883
777764 38500 868435 78116
925050 497821 967570 524289
826211 238117 922768 334153
760222 454034 781051 517864
899058 430936 989698 477280
632992 940091 669515 976248
235530 3300 248955 57695
735022 888131 783516 977416
553896 251891 617439 271391
890432 741209 914303 785384
852188 568026 887485 664083
205766 387877 297259 485739
229193 130091 252672 152473
667882 535068 719780 550685
249370 796379 341359 885864
418086 783715 421233 798292
172219 844047 247413 913504
9885 497813 12661 510439
824537 129320 915423 207762
200473 685012 258069 718433
722893 672475 791898 743966
139502 351794 228957 369527
96489 85603 177231 166062
650855 47354 739428 99337
798543 902380 807765 904408
201725 195815 237478 227826
61412 45972 110830 113804
379385 403446 384351 413868
551944 181902 593306 205925
928368 811366 950834 887294
654306 44830 712617 53927
410354 188526 431434 280065
890315 82035 890617 155661
58123 720196 143585 771979
331310 807522 373086 847804
726432 535078 785232 605928
354970 888030 421595 912775
535655 330270 593644 403583
637698 340050 661884 385540
128710 335695 176685 408544
118880 479216 154921 508657
738031 806386 792328 827162
599030 625649 640224 675026
274805 240299 347051 265064
417147 110263 492779 180082
760212 861442 837292 914089
383932 488812 483664 493880
80548 528818 137254 548325
222046 459334 243197 494810
246198 651016 283544 730955
463538 39810 527576 96966
476837 780807 480003 827369
326376 848835 332470 945072
919071 304808 985135 336767
642600 201216 667521 219062
228930 519160 236070 528229
968104 45989 979020 129931
721305 21521 820681 50854
334445 807029 422607 834248
49660 345936 99302 399512
474522 706092 537700 739144
461916 571227 536616 599228
155823 215536 182879 227826
454949 968916 547179 970593
402406 458944 417700 519338
142051 71130 196700 142133
266145 190876 313883 229037
597743 767754 657092 859578
611764 470608 677663 503002
819705 595477 917628 655906
87474 791105 141390 842299
27867 174514 96987 235699
451161 295154 502728 378739
406532 111970 470587 121532
553667 265488 603728 319425
96658 925920 104736 999277
192727 437741 198820 498126
174238 35935 238154 94944
338668 88529 364844 112595
576043 268576 672488 341646
463117 641816 530424 693980
877285 672143 957248 675753
451307 887170 466053 984008
331803 903407 341745 913404
246554 116458 270253 119886
408685 92278 463090 133670
429273 587524 520359 636256
808348 868018 876542 957911
682769 595733 691644 681319
653435 651153 654815 694535
67474 367719 86179 463705
174509 57900 223122 74831
471417 804351 534435 889564
525340 125212 550801 132806
431043 768537 446485 830799
134118 50687 178329 107812
715806 717690 747720 796124
139209 753294 232613 776787
953015 176287 969268 179017
300851 708715 336675 723096
786922 39154 847573 113985
131001 716625 177264 723911
804083 893417 816133 964910
59025 87070 66984 115797
373030 126276 446729 133309
351328 877724 411388 906217
320104 142156 324578 189419
760773 332347 848665 341411
886279 334621 940357 415823
830366 557509 891953 607079
715267 831009 724184 888832
538141 528292 556915 602807
318848 708542 380440 751953
535179 151501 554209 247546
243794 704043 279172 771980
281138 811243 311403 824655
175861 514651 195978 575626
12901 694833 37602 750314
35299 791617 43046 850698
825981 107601 843439 181842
624963 589295 709310 627682
744744 204335 748993 267129
237093 758948 265073 772797
563424 258404 607619 343608
835648 125611 925509 220492
825730 586849 886727 643398
25997 373499 122532 448499
334825 31323 334879 44616
202014 382388 225133 388608
397072 394072 398808 416143
210175 403445 248735 435831
42107 184790 90038 207195
288326 641352 375395 678265
268891 104532 317781 187325
538810 276238 597878 343236
85557 675810 115021 752707
107054 422880 187458 452092
335518 39230 385391 63578
489217 82034 588670 133950
861591 977011 944220 986581
417559 52062 450579 96658
221358 706287 286887 789217
855326 437108 936882 508213
310037 668572 326830 686835
40396 590558 56754 655325
57543 78127 57563 150223
356399 106852 363194 151358
24046 818367 87510 843789
425652 641608 516088 733522
241408 262827 253282 305167
115945 299289 174562 307057
346480 471000 405676 524094
812968 554739 866268 623073
370710 744691 384353 809303
269135 19458 340609 68811
353357 664545 353609 739048
375995 772125 410322 862584
831738 950970 872489 991680
734487 480191 800799 576272
666265 849208 742365 853312
268709 117158 279532 150301
684256 957169 764314 974398
938350 876208 990224 908799
303144 507599 316905 521249
322613 707165 339350 780287
839600 838261 902096 874010
839866 773856 866138 854101
833249 219671 903202 310435
314935 21707 381334 109843
799008 217074 896505 280223
10017 286319 12371 319840
733257 217765 788562 286363
829163 901847 904554 998834
828556 506220 887273 511140
839512 786094 915227 808856
806292 100304 849946 108002
625371 561142 656824 591288
625363 737296 637890 810541
505599 223855 553581 261653
815099 286236 835632 329521
110558 905085 126570 995892
693733 132393 741659 185421
344557 596038 354638 689557
814953 17940 817942 46845
673597 775013 734688 865241
691135 333986 763600 390726
171303 90350 222662 149999
61465 824323 142522 832541
913242 754709 935420 776930
954971 543933 990842 554445
115516 197323 214829 273741
637397 564465 717964 576789
517198 60895 547171 76760
380718 465948 414175 552342
493941 755401 518259 799941
446010 22140 449935 79345
25791 915302 35643 927453
120072 233359 192590 298377
193153 482802 278802 506875
724018 421468 811753 434784
482199 791305 506855 867380
914480 794829 921177 814873
107749 122950 169013 180015
882957 703256 972540 707291
486880 319324 586699 415567
591155 136090 639448 225593
61074 48977 141565 99872
141311 605411 212052 621117
89398 223018 97746 269537
868982 945426 938893 957488
815743 663271 915318 742368
887986 741404 946457 822621
96002 724515 164697 801751
391604 845449 421165 908358
721824 229048 803058 237105
661332 39098 685561 49160
416076 576855 470436 606389
905003 435125 969358 487355
571525 31328 572560 32276
621035 576285 624118 589615
863276 89636 952462 147430
922104 750729 935474 820184
342337 728202 408723 774835
518641 326167 549091 412149
11533 336852 21519 417264
46449 294295 122790 391342
3786 334653 68694 388602
487230 523238 564029 569768
248895 290411 284145 363640
591554 769656 608452 830719
110139 382847 147688 399010
724270 584076 763140 631742
487669 164054 493723 187487
373931 745822 426845 820676
882759 344018 927400 435730
157899 378143 226526 414949
426761 288277 524197 314917
372261 622911 415310 698746
93484 464745 177882 552758
475837 59925 485510 154556
180648 502816 240601 573590
136185 183740 136686 207373
115597 665231 126159 753033
1917 437700 14740 536016
362327 695060 363710 713923
863975 766513 935130 789081
842811 365910 941001 412020
285619 720622 333138 757925
3493 876835 80182 932166
377965 518169 407400 587664
830494 325796 861704 372700
274989 99079 358339 114744
181312 776286 239166 854510
889097 289311 984010 289874
1512 267651 51039 308526
294470 287936 328989 311625
545108 130192 632015 190903
356313 815027 431526 819395
755719 568577 845422 608947
458921 232910 499391 324921
301252 131125 329747 168074
822922 765863 892805 855476
694543 848980 756335 942259
481679 529294 576410 621132
587367 722027 674716 730945
756233 592985 809232 645497
945690 7800 993939 73808
917015 266825 925987 355701
163920 39531 257656 40637
562895 763827 598384 847364
291403 556433 341679 647544
93764 266867 191632 327438
184349 506199 238611 564326
501715 418547 568410 510432
551330 750448 626414 843624
606060 912238 662891 913054
190981 16657 216712 111379
994902 330953 997708 332017
187840 594922 265230 623332
456109 559924 525602 596917
19580 862079 97913 913772
808041 820500 906507 898657
317922 637546 333686 682960
413597 252093 492409 257929
53790 125595 121420 133039
752452 137189 836994 201085
897469 108621 990966 115556
801960 396727 839869 441969
538856 759344 546223 764606
472423 633756 510132 718366
579942 282539 613009 315722
364192 702837 408024 784044
585401 670963 617197 722069
781240 798651 858499 840263
849921 736952 932552 748870
138345 608159 181977 654255
75579 467192 136147 555687
985327 455630 999115 473721
87143 174704 131384 210107
458770 269741 536823 320359
767411 669189 800562 720240
36201 610246 135977 703669
797413 759516 859559 840174
64464 885983 68404 898436
232012 303449 271698 398276
571099 124260 606400 134505
613380 622987 659966 656803
848550 577686 903557 650973
103342 863670 141756 955723
287435 144918 335067 209553
922797 239999 935901 255856
821789 417393 832377 471085
820453 165340 911600 196211
377020 228680 435908 310726
784353 562648 847837 605850
487341 251691 583034 310673
481744 27665 505740 84847
234063 362451 234792 401522
682434 776519 718846 829567
169739 628337 172578 725214
720432 30238 729747 36782
411380 822244 447667 912511
369563 679017 438511 714973
4040 385129 39023 444858
472780 202930 533678 281937
635269 441569 666624 533250
155244 774009 200490 838183
936204 346196 952234 372496
736402 805725 756382 851904
451413 877684 460932 926965
400819 106748 421473 174864
448300 548485 545764 596265
480792 18288 569106 42053
6556 336314 87004 410896
421953 579787 481046 652895
48161 681024 81699 758638
373384 807490 398111 819253
441855 212195 454890 272634
10964 329993 44261 372488
88267 945497 174444 954428
914254 747558 919738 748012
304417 759055 311163 765566
310931 314828 376486 333814
129871 218850 218467 233792
334425 323440 395681 413715
490427 461767 543267 532311
355733 772339 428192 787827
722196 698325 820696 772584
724099 809986 808300 864699
600360 249621 622643 343057
737292 442919 737539 468660
739683 390959 761000 440011
236420 282588 296760 372000
619302 632511 634079 635608
38705 587998 86086 613892
331105 128565 422348 205796
48686 416511 131295 498845
53861 800775 139065 818115
186888 272522 239070 347000
662757 855872 755953 870032
512830 731519 598511 778099
959500 740149 966717 785765
329996 650596 384276 680270
161511 859501 211810 945091
125405 523646 206983 566960
61356 43861 91732 47561
224736 740209 280498 828492
695442 888200 727095 891319
692311 775031 697380 852975
962445 246436 989455 250182
579956 642469 643102 678846
736591 319555 817193 410683
634543 391243 690312 443877
767035 335539 846568 347670
611837 216762 681382 271585
84619 706967 95803 801811
729717 540459 819640 635212
82589 254956 137676 354259
481115 335161 481430 374640
781015 951818 829121 959572
267540 150136 310426 172864
691799 814094 746675 890225
664471 198886 674719 212529
149152 789720 169051 795211
424988 420224 498714 500649
814278 727427 837627 775479
428525 299780 459836 357109
589419 222082 630319 241944
709827 57150 790947 156648
294096 301834 373312 350666
197936 349192 249549 433151
327969 806750 396391 808354
711139 363796 765837 421143
574790 220940 671232 288873
487542 485810 524040 500196
259622 533775 284787 560216
991648 886409 997584 935147
345857 741644 429105 799789
616040 659872 703060 662910
549484 15518 642822 109100
41151 337978 113916 415260
586018 475889 626668 549235
341103 660431 346174 695888
528861 588468 567926 674009
156433 970452 158290 996090
59115 17577 73602 58229
246676 790539 280610 795998
120709 814254 167882 886672
601156 746999 663583 831423
548431 415732 586816 476092
451545 511123 528495 544491
177119 569820 238904 573394
478937 688796 568807 783945
542028 947154 598729 972629
801144 367824 857743 375166
112217 586421 204648 589061
357430 168099 411804 262983
108578 772652 180499 868984
724789 262552 767721 342538
68545 646636 111516 661789
599862 55977 680910 78868
822707 438109 904961 495029
206885 836831 227633 906900
635056 159682 655310 251711
153776 387298 170447 410871
666938 439674 684252 518758
884006 617828 907556 702347
252587 853119 277694 911345
964030 695706 970955 749955
433799 78843 523841 129180
279893 850820 346689 938048
373401 704358 436109 780627
658481 374265 707862 467697
681209 5432 769280 38302
66757 475659 72126 492071
282361 279671 316284 356174
164975 891209 253189 985701
797785 364480 865133 422627
609893 865217 623104 873607
160089 663694 242519 681289
447341 772360 471130 795719
253956 52791 326988 91789
644436 88715 665376 171299
118078 604070 214067 671313
128250 293204 155043 329270
344024 42478 383548 139713
196940 646806 217193 675020
293917 72855 376048 156964
652636 391152 737035 464012
596720 344508 686758 429538
353997 283603 371257 377758
634729 620157 698177 678547
566830 138817 582530 187788
51259 396306 126805 413729
743714 681293 790534 706103
178003 256395 218017 315475
845096 230462 921625 302642
973270 645870 973923 687809
900485 608759 913416 618340
557347 341583 603183 421645
747668 541127 760988 546004
843771 592865 878428 628158
922806 792831 957662 830292
559210 71072 650914 88092
140548 524881 165450 565174
740835 768047 763545 842065
36668 838810 91789 924714
159057 737537 208518 827450
662846 546653 709212 582930
762117 485080 830344 535145
479028 268639 566231 360781
927955 700007 994833 705049
876500 848967 905731 906243
897205 649299 923363 715514
102798 187556 168620 259443
340308 427530 427515 498596
606563 702673 651879 796115
262097 503450 286578 543492
565180 655560 662943 737741
770704 802863 771890 872382
365717 565781 433148 665324
833844 283060 901104 312444
537191 412223 579579 444914
167926 422260 255936 446590
782232 382938 863511 386065
594253 717852 642182 766041
815477 799363 821508 814463
217217 670905 227747 730941
602039 354105 681665 375907
614662 580857 635426 661933
919383 244017 951399 274352
427612 832131 460322 853765
571852 800870 658826 830560
510085 4150 532481 52412
964881 587461 988201 608909
89571 540556 139438 639724
726518 176998 807534 272521
181147 245450 223058 345441
431609 68250 512606 79416
169265 855596 263827 922093
212132 105334 306142 142915
553253 573543 576909 598687
968905 118613 977809 203630
40361 450020 46519 518814
290152 416352 303166 444988
773253 38328 789854 59214
686839 660217 723811 755116
290239 512537 309561 545497
634286 235835 669081 285983
656026 318193 734028 368219
384031 499688 417198 554174
440385 48237 461527 107297
212318 163111 267367 210264
202601 476580 233199 543884
508387 181525 540952 279687
872445 512868 949216 600618
62569 187528 111857 279163
718884 491666 795883 583401
63212 795587 131505 856842
6723 428208 28998 503645
592834 352013 605704 382452
416677 781802 419885 877813
517161 920300 564868 922489
363620 103285 438812 150015
933766 23641 949066 108901
947820 884002 992512 907041
340124 8160 412136 35310
444408 315650 503361 379412
416303 257512 461456 305825
712743 849869 738146 925897
374299 296066 435738 307398
661120 486446 713433 555368
736508 790123 797304 832288
879639 839273 926221 856055
912310 787471 924128 836805
112645 351121 169110 373112
394219 888133 430574 930112
639242 980626 686410 985968
611386 194648 612878 210689
879787 354035 896444 380036
320577 592488 414615 691365
126323 527429 191320 618528
395172 447301 488176 455472
638345 414177 666118 452321
65447 335274 91659 385427
777282 625047 854881 647948
303307 742605 362617 828672
80239 416971 173179 465971
395859 773564 487158 806888
400110 145579 472569 238141
287205 428778 316383 464041
488742 557234 498895 650911
300387 913588 356207 921551
789975 569485 800742 664524
408093 912704 455982 923950
647373 105968 648490 140419
894711 828818 983245 891439
619979 382958 641427 388467
420386 637594 495821 690018
812773 140523 846446 225984
949759 432191 953141 434009
97515 619624 176254 715565
461871 808782 527514 853399
445214 762018 455891 802458
234616 138645 280964 155762
251912 227948 275622 238832
257084 193995 299763 268575
192233 892592 257620 917011
375837 344271 455996 349004
502818 532904 587670 537593
427740 280237 508807 321882
68360 753353 82500 757586
219788 267963 317689 348581
767041 141825 790394 202385
891241 154533 908623 165302
69338 825212 115249 871052
336834 52747 363121 74119
549457 793229 573290 805242
649771 894958 712898 963153
680780 540784 779304 600868
100233 40845 104239 80620
47514 164890 118608 178640
826393 411818 873095 443202
605398 292920 667435 341976
128349 628566 128382 722101
907610 532820 930080 602527
663069 830790 721816 881191
2776 793528 26562 868130
178101 49718 191872 147938
210273 290574 234372 328370
911889 508206 988189 511105
320931 961666 328819 997256
660897 447926 670493 536440
508264 693222 551161 752461
306899 322559 371043 396171
54805 369667 89641 469184
587703 14031 596024 70965
577449 191878 610094 255862
237932 453645 257366 493200
372316 63377 391339 161510
228860 417047 324047 459000
913784 645179 999403 744910
448230 606648 489641 628475
270778 289673 300103 351138
641396 441262 656031 535918
377395 643737 430857 742306
766459 44681 810932 104513
668552 91413 673595 122855
738361 826608 821227 889197
249888 264370 282486 341016
877781 217598 965847 253831
578530 170451 602370 184980
131982 935267 148002 971161
399407 756250 497754 845136
665515 751945 693601 791599
426924 252769 432689 315104
656364 207741 718299 240243
284700 562811 309048 564171
394124 29373 462918 75659
