192838 286834 845980 870583
1000
455224 511012 460353 543016
783420 445200 783877 537766
90478 551374 98727 633330
646363 827905 649416 892647
448110 847498 454268 893751
155250 558368 162933 581662
873761 274184 883491 286589
444716 825199 448121 838013
131910 239178 140642 279449
763171 18812 770827 77935
914836 576518 917841 608942
497523 201888 502216 204624
540458 639579 545811 698803
970094 222690 978189 290915
138739 241228 142204 322249
163840 628117 173028 662780
121779 469878 126094 497370
779072 460014 785656 553862
516476 691613 520890 767782
124588 257286 125138 316880
310444 395619 315821 447285
496731 753666 504469 786984
274056 640174 276576 717097
431659 365412 432904 393252
50775 366325 56544 455174
647745 984463 649066 991515
792057 802726 798765 858831
883048 144314 890924 183683
741115 259591 743428 283580
488474 673702 492498 710038
654434 726051 663775 745292
886071 11878 889596 20011
457433 928160 458072 953591
559964 705050 569650 784014
808135 781401 808569 874235
22416 758767 27006 759046
245433 494588 254919 517273
80627 71850 82320 83471
36949 17369 46556 80736
471714 836952 480533 857923
596446 509861 599701 595441
452351 504899 455816 576960
231407 646281 237071 674434
843740 920687 849698 956507
988648 119111 998076 130038
138323 263954 147199 344656
51956 354033 56031 413552
680165 342161 683993 430028
174905 668310 181820 760078
731007 177323 735247 217437
550830 213305 554032 268456
826800 66059 831608 165506
453027 831967 460540 888935
157123 649008 165105 714118
889692 606537 893985 651569
456285 909313 463755 984372
631442 59787 635534 139888
83372 621713 92428 704975
432062 627329 438756 650326
398110 1558 402523 67812
14380 402065 15340 470811
862578 311036 867362 395699
509197 799611 513629 801243
728291 632059 734930 691662
607029 525047 611246 623372
288384 48941 294544 51479
166801 65347 172728 153447
657772 26326 658416 39900
550207 322781 560197 374629
114871 914840 123448 986606
724696 105138 725816 113267
375858 893143 384208 897476
247576 413620 248743 415735
241412 626713 249912 687733
293571 748261 295838 793375
273236 202205 277718 296565
565870 400189 569869 465173
815057 46993 821485 122442
821025 374993 824897 391387
398184 743507 400761 767670
224592 816211 229709 841670
604561 3115 604751 90366
30039 726530 37185 736145
292457 126734 293479 192444
80092 284084 86331 375436
876720 200777 879405 233030
697099 458105 703112 552680
254122 245255 257430 345106
754446 47052 763099 50910
485543 214295 490686 278684
551904 273396 559834 325148
417114 798099 420351 832715
117349 633421 124009 670002
3072 201850 11336 271597
958759 701575 964609 790392
210444 902812 217775 952752
41456 741759 48321 765146
856680 43840 856698 142324
210121 237166 219026 263452
252405 124807 260771 136624
340551 98066 350044 108459
116036 443551 116556 489848
893848 130986 902857 218257
38205 563883 44217 627327
262740 736778 266993 739294
944715 658844 946534 734400
785359 729170 794049 792610
10996 21967 14896 93573
235294 70248 237261 145933
452331 802837 457279 900229
613097 905925 622944 961540
513619 752524 516017 842279
462786 318269 470781 377142
172155 471867 175061 536510
410165 242346 414916 270951
303092 394271 306240 472854
869832 99528 874274 168889
280127 592697 281453 623002
410720 37541 416229 54247
239639 95348 243815 160155
378196 704455 386579 790627
410277 74799 419237 122103
788499 580764 796839 667962
963727 932172 972479 985114
147432 421057 156398 460407
407902 686419 409139 780687
359305 705862 363821 789459
341215 720282 350367 782669
257015 884746 261371 885478
886937 364478 890826 450185
735785 311736 738713 398522
361630 595693 370348 643536
136796 661900 146644 715791
231610 849988 231904 868086
486888 449830 495913 489715
710944 584699 714789 614749
176584 935270 180125 975380
866895 204421 876316 298326
343085 539990 351664 544786
344576 242712 352053 318230
365430 550354 365879 584710
181576 538132 189653 620905
478822 543984 479336 553411
131210 620741 136063 654514
433102 204563 437221 252848
744151 456767 749681 492904
166412 895651 166909 909872
349325 987361 355870 999071
853394 438523 860634 451643
353704 707514 356552 732944
988436 464486 991836 513684
828685 150941 835810 248674
571570 455345 579210 542995
986464 212296 993401 258624
471507 387269 474781 475146
962596 587153 967438 649524
516086 829003 522424 884443
975946 589836 985719 651377
48134 45495 57956 53405
77305 250653 82279 348184
364367 660743 370360 676247
358954 783662 362266 802833
835959 927909 836264 991561
487612 576354 495691 639859
202066 519901 211374 556751
560325 771395 568971 781884
677678 377426 686382 443232
268029 413301 273966 496963
398115 439324 400108 531690
781484 615275 786153 642840
580152 411851 588568 416900
376939 158078 383352 198888
596514 251032 600676 318155
650207 214596 654026 256646
129839 346391 136096 446027
490297 71244 492568 140734
47469 106038 56159 205393
817217 521065 825519 615846
946775 857345 947925 908967
366043 561178 369485 656741
446133 217550 448381 273840
165988 718355 174225 776771
921537 455118 929587 545382
306735 886455 311657 904115
464569 336173 474061 363421
368993 598689 372337 666265
649824 514715 655878 606852
965117 216108 965852 301729
212954 484476 221068 525386
95446 404343 99832 425023
445798 658972 449456 679072
787150 68769 790405 99700
916899 890291 921628 920307
648683 776599 653319 791805
478260 249753 488252 257921
933584 341566 939085 421606
332726 559345 340740 656870
336902 892290 341827 898345
697178 857687 700328 911509
983241 577692 990430 634471
640725 334784 650359 362447
16583 9882 21523 31736
383848 410939 384564 413943
579432 292523 580463 379020
127348 66739 136016 129736
923997 432185 926087 455025
87398 239612 91588 272059
43546 78453 53299 146777
438872 627041 442218 673922
513627 358765 519786 449665
347027 890038 350442 897364
969729 617236 971828 683894
882347 699451 888088 717743
129058 579764 135285 610291
618076 740938 622197 799741
261283 479130 263670 514162
476949 66809 477895 149592
142079 660552 145747 676144
158215 47584 165433 93393
306826 460395 311085 477563
521427 301295 526831 314600
647752 800701 650966 897230
240311 229313 246077 254512
676270 901707 685331 945102
567070 188220 570111 222400
615642 959042 616977 965756
243864 120123 245410 152483
201931 119980 207450 189396
690624 439587 700050 440338
691539 444063 696928 453369
458947 260107 468751 286120
175326 691435 183001 787957
380815 330641 387817 364023
759912 591404 767776 623237
597401 102349 604735 140758
66254 921209 70720 990871
612702 452047 615820 531093
943079 338178 947773 389198
192713 736008 195544 740000
103444 413066 107844 469815
455021 875039 461785 886390
307312 413443 308360 424696
199933 16590 207342 25201
79588 908389 79999 979285
950766 835650 959175 859172
662568 110904 663230 142749
880866 74768 885504 91178
855808 880607 861853 942815
253448 233167 256835 328998
428438 575952 431486 671661
970778 854863 972260 908512
982236 228694 987179 269709
65131 698928 67503 798659
595288 740870 600272 751976
408383 114707 411000 165961
973948 804757 978389 842797
703143 625673 704926 674707
319573 61407 326960 90921
832200 585001 832626 641722
236671 293355 238241 387582
140546 450611 141688 521103
179760 848001 181984 849889
729939 133905 732834 195973
813657 26952 822657 79723
663084 373615 666402 436705
830105 546810 835388 590611
146336 569397 150628 669377
159038 108995 162177 139142
796891 517852 800024 601702
666299 629134 675781 711826
16888 264882 16984 297941
171995 408760 176562 460209
198235 548284 206296 631934
18021 501234 23371 547984
191908 423783 196674 448549
530982 643288 537115 663373
669396 728566 676478 807707
469618 30374 478237 46679
254123 555301 262572 600805
32793 818950 33537 870089
393303 565649 397213 585748
549322 234600 552781 288633
768931 231192 772370 274153
971257 149191 975241 216295
488580 534747 497201 593714
819076 643025 826050 697609
494444 957173 503010 968841
497010 661495 505282 718839
147870 183439 154149 229777
655017 899679 660834 990894
310978 908025 318142 984500
403810 184255 409152 193974
113814 586468 119227 661755
140979 785330 146932 868374
833963 710465 836505 762698
658537 43984 660619 139244
435662 817502 440863 843973
626747 862414 626912 868232
61811 742229 68513 778947
179041 16258 186621 18521
878743 816905 884085 867374
494020 824983 503489 919628
761878 71290 767860 129910
302199 469632 307993 562534
349794 264537 352411 303549
160997 814533 165299 883914
774528 269069 777473 326851
546423 877249 556221 960059
358877 204349 361010 216304
124321 86280 127913 133383
471737 405425 476391 473282
94962 418241 99586 513925
323687 235988 326142 329630
222152 446109 226435 523273
439671 369671 447607 401617
648699 691537 651943 727456
585819 113974 587334 121685
761794 358276 765609 445945
634971 726951 644479 795588
41172 957505 44332 964550
17741 532603 19048 542250
294835 613322 295306 639848
318740 24850 324703 120193
228303 469378 236960 566911
387732 876406 394268 932171
430946 286671 436705 334202
856051 683139 862874 759020
945747 508501 948668 574643
712466 32998 717239 58489
945206 820663 948664 916600
453045 875465 459789 893255
328885 435162 336054 503845
287505 428445 290204 473111
40743 163420 48481 249112
874593 836810 877058 888834
259493 10674 265203 88201
641683 356876 649500 449787
495280 100366 504398 195691
808768 76662 813274 144013
195885 11437 205027 35926
671232 582512 679992 661163
341256 853671 350667 934386
326134 671786 334325 685017
697165 569636 697699 596658
658974 840428 663493 889523
591796 16496 592757 52389
971436 242718 974991 327967
625156 738192 630406 836423
782240 553123 789999 577024
465482 584587 471250 643821
97628 268516 99266 347917
5277 421542 7636 451253
262192 934638 264293 979502
424938 87352 434457 167203
180607 405944 184584 422876
155782 795889 164533 864194
706781 862066 709351 894102
982075 789216 987790 881139
912344 232784 916266 290655
363578 321914 368093 392595
771893 846944 778425 887470
476322 879101 476615 883964
854784 469354 858817 548945
833942 692145 838197 736527
647372 739852 654507 754375
479053 409107 485861 424118
85309 914895 85388 969825
508252 113571 513791 177079
508862 403327 510318 455692
716462 747322 726325 791075
860143 461726 869022 549127
29809 711464 37969 741748
207357 254188 211510 306779
84496 504810 91219 583603
157503 500930 161070 560661
55541 723679 64466 772515
54030 245446 60251 272403
938110 924508 946961 946082
492690 279364 498700 311260
260435 450760 267113 514492
416769 337916 417602 405630
355691 786343 356701 884374
56854 817936 63830 855480
600057 737781 609999 797491
662533 418154 663738 489643
929152 211749 932755 290511
522762 767904 525619 822446
991640 532640 995537 539355
553271 60350 559348 122472
813497 905270 814134 944659
623451 851571 632725 920948
861774 423591 866628 491269
978242 11581 978938 61285
345464 686433 353218 700417
569439 623202 569595 698161
588053 315207 593997 349047
90742 719374 95289 758638
136308 429697 140657 496087
463840 396538 473745 441504
213823 488744 223124 566387
865340 353149 874123 440594
813530 584341 818926 613106
562227 683216 562842 747756
893917 308900 900358 363334
122070 268339 124162 296889
753378 645464 763216 711829
1907 218242 10510 251996
903741 973108 910692 995205
667352 335357 672341 348331
483351 885716 493003 963267
897923 338295 905504 389892
816589 435063 824952 471521
621847 531311 621875 610618
843925 384151 846200 471296
327958 713301 335955 807219
668361 15842 670279 113016
816890 719625 818134 779348
671897 885594 676324 976858
939019 590300 942553 675219
895137 894693 899944 976725
420081 438964 428847 440364
409022 777866 412094 821732
677919 554386 687716 560002
224678 236557 229447 260321
86132 194725 88826 260470
835704 489942 837515 519663
354897 648968 362802 717565
835498 868590 837662 931296
347505 32456 348717 76192
265680 852059 273147 938136
521781 439321 528894 526012
613172 811757 614550 848068
690206 564437 699760 587739
704685 18281 713186 50566
546123 408017 555287 431354
738264 40916 743500 89719
408779 527909 411555 565462
26492 894713 28661 898620
582201 252848 590297 316951
512600 654032 515680 688601
199461 687618 209008 699816
151988 837728 160536 900328
10646 879533 19290 916362
271499 761600 275118 763454
582119 725118 582902 814517
127908 165887 137352 231746
678565 247013 686982 323199
923369 831482 930458 866393
404197 488767 407827 586169
199939 640729 201120 645487
428697 498486 429696 595151
491145 562217 491157 661605
674674 109014 680398 161410
108875 547963 118438 626895
640151 887085 640878 946504
313644 577499 323292 620230
854649 555846 860609 601685
410956 889305 419323 958577
149731 290284 153374 290286
692108 494758 692561 539945
813458 615052 817948 709416
292068 334558 296394 413570
817003 43334 825569 90729
565519 49162 570424 120054
564083 328877 571239 341593
910250 361945 913436 382277
164031 37548 170269 121470
170967 125547 171162 144810
27391 315582 35139 339981
334045 822131 336032 919612
438889 187369 442365 276939
417997 204500 425848 248960
719985 467221 728382 496861
8671 289524 12346 353686
29808 564666 31161 646809
496411 713742 497171 795236
840368 695995 842440 718681
937230 265550 943198 297200
243283 460094 249777 492010
238097 219138 238545 307765
788998 370389 798584 429848
705412 814569 708757 851412
16932 875070 18891 973133
506333 596639 511096 669413
85923 692687 93378 728847
219684 455622 220440 477570
208295 563099 217079 614211
723823 772087 728225 789255
544461 684997 549014 685108
157285 503397 162599 545660
543505 538920 547836 632573
654629 394184 663654 417226
10273 499148 18186 536030
154981 755896 161828 845777
655398 562425 659930 648146
146213 39205 155185 40131
339713 395923 347464 436491
533318 400385 541123 435230
829880 143673 834719 236063
727670 352736 729768 418605
952288 336081 957760 391808
20798 29048 30329 57355
719551 351627 727100 448912
447927 264457 452754 322235
992200 765903 999704 861523
848701 254622 851033 268589
658427 259581 667530 324661
498059 201592 502205 254385
627355 478308 627552 553054
597519 590467 600142 638582
259580 451696 262239 458885
675103 821224 675612 834085
569923 939652 577850 983999
504381 928939 505409 984626
334489 881961 334958 938642
710409 167722 720066 210950
765113 533418 774461 608354
987225 64667 995679 79115
628516 697225 631644 786594
194457 821284 194494 897890
433532 357656 441751 409711
197876 710174 203548 767076
988071 579953 990965 594204
232040 247674 239614 299068
802891 915994 812013 990422
613440 857780 620973 906882
770292 619104 777022 650047
369879 336164 374580 400858
725341 791564 734133 844244
686738 772363 691151 857965
269757 56164 276799 152515
407623 800215 416095 871952
266954 149081 269687 232754
894033 219006 895409 269318
364702 577705 367650 592668
597485 487207 601466 574293
730801 602454 739066 625281
412529 625371 416608 662226
958478 127309 966439 202443
49611 729732 52596 742703
961213 99193 968148 179406
600781 34203 602681 93187
131132 414726 138117 454712
770711 399454 772348 451157
935731 640101 936400 686115
828141 229671 835824 323896
168589 42851 177017 133308
608863 404765 616297 440698
691458 94575 696544 120787
474795 660189 479898 706528
452171 20977 459847 91722
212683 768958 213829 845698
46246 607557 46690 610065
753796 554863 763010 632004
863003 858435 866888 864405
854961 464077 855247 545873
838210 753366 844667 849538
343687 486836 345251 573241
593214 607656 593777 681614
824091 865732 828277 899223
562719 531341 570608 596813
324137 699788 324891 734375
235961 461105 243376 479040
343653 125470 350410 208622
532854 11496 539131 58539
203259 777235 205503 790904
330216 791061 335263 816489
828756 742451 836360 768286
677469 319830 682174 361434
664875 671000 669835 765117
363863 833862 369921 856756
231658 83577 240449 141193
978722 874688 984089 898499
273443 647205 279402 665414
921454 313177 922646 365817
321434 759839 331160 790718
266815 842309 270312 917844
838358 722619 838905 763062
278940 787201 282581 790940
779798 446895 785983 507098
777172 323541 777618 346826
430219 812268 437957 891438
614442 184241 619050 190596
472261 552411 478721 622694
8649 903894 13250 959565
415089 337635 424401 433249
183575 458044 189647 465994
349198 618096 350624 683589
217652 47961 219927 66683
659191 80227 667303 143604
62174 84262 71197 104505
879381 748347 887115 829607
923341 126634 924228 194957
613769 534541 617994 588996
903744 862504 911021 870801
748501 830950 750580 852704
737866 555853 738996 621928
851904 202642 855101 240478
3092 542576 6322 605286
21954 834159 22896 913628
707034 891607 716654 944397
730691 548704 737634 588725
320611 305075 324589 393432
524463 694327 533142 781995
499053 58360 504238 128249
901048 28265 902821 69770
795333 298847 799401 331764
115500 252696 116606 291299
671414 14207 675964 99711
626729 877178 630035 913736
797197 594125 802735 600763
960453 89990 964139 140276
768163 1572 774623 13254
677731 74341 685201 107759
647040 225945 652793 271890
662056 157042 671144 175044
341522 1207 344696 88889
569327 820275 572892 866007
389165 128979 397979 221203
818634 134671 820853 186491
577325 541965 579809 636129
385266 48187 386339 105773
936326 551062 945499 552504
157155 327989 166034 381649
433549 315974 441554 396192
154956 614238 159561 617375
690702 332003 698636 384805
958868 491122 967941 583088
377721 847633 381006 939307
183024 936434 188305 954608
857749 742739 859142 746635
591267 386750 591488 447327
998543 13435 999606 85150
162038 28524 167645 45960
217189 597551 224743 603962
717264 116369 726061 178387
384831 17366 387828 113566
134079 51602 136401 103993
866587 108124 872156 135332
275626 802021 277477 863851
768569 438151 772040 483006
11596 87430 21123 168029
311883 275434 320678 359033
658023 318769 658519 371163
169697 396366 172204 403876
374602 933498 374986 998556
651265 125790 655915 142840
584527 93284 592466 114667
108 21538 7701 23902
619857 191584 627850 213861
939755 343550 941445 436947
8074 872019 8726 885065
437443 699368 439417 773482
176086 107768 180543 198517
193936 549564 199981 572861
594746 74651 600388 99525
761914 174289 762794 248434
25262 814899 29620 817937
959752 820158 960214 847185
46960 15011 51421 42138
933439 38423 942868 61991
843854 524379 845737 535938
365758 938574 366667 945901
678915 303399 682445 340662
557501 559833 565431 603303
518856 44155 524383 129706
345584 547391 351756 610750
135774 44746 140834 76655
572821 8835 574819 81480
964923 978930 972510 993588
499861 906376 506342 999269
520439 353865 523594 421390
728360 277945 737092 375755
374525 519266 382976 557942
903779 216468 905899 290653
917761 779999 923751 854027
372673 333897 380379 417234
104951 558024 106401 611563
846917 274132 850964 369304
583206 323802 588520 369346
434735 108711 436932 182469
35028 657868 35709 712124
215953 329186 216941 389057
931950 928479 940525 995884
666431 827994 667752 865547
282153 531696 291151 624379
701261 149956 709616 182591
55072 490472 59843 496719
859923 286429 864214 354003
4946 236094 9025 243962
519246 99027 522869 152241
726378 320818 729238 368332
199122 535710 203566 628011
438449 407117 447288 481081
303429 949209 311389 988212
880709 748781 889446 764639
323614 414486 325901 507100
308192 655466 310734 679268
737987 461181 747118 473886
522144 646512 529860 735390
727558 252283 732620 281314
241295 851388 243642 895515
352432 538951 357864 559577
441947 235277 442401 301761
175082 891907 180321 969418
94472 763178 103141 860600
885926 587616 893405 672107
866167 378748 866547 392617
879112 61488 888121 128544
249255 87399 253699 89772
306070 379032 312251 425497
599612 613655 603261 668203
102747 282137 105493 354884
15905 231454 19491 297625
2930 571867 4873 654998
566587 499766 568469 539223
861433 510345 870443 536908
721532 188392 727329 242944
14833 679352 19702 730089
584134 852965 586302 924355
770608 954994 779422 965111
947224 793866 951878 874640
983985 723450 988151 782362
74517 354279 80902 415533
3146 550761 4322 592043
46514 885436 52560 920896
471376 856210 480039 948515
543090 658839 549283 738646
297445 857610 303888 867006
853224 735014 858923 757662
819588 42917 824332 66354
269672 474241 274821 537804
656250 789751 658687 822049
798621 692561 803450 713765
312432 738728 314739 763758
575274 5848 577108 76856
123521 369923 132114 439110
171458 62102 178659 99010
321524 66348 328686 83912
957667 74310 958527 113282
582091 773589 584101 827347
63065 20928 70953 86453
7543 335507 13754 429466
192906 335360 199666 350367
122249 857119 123828 939787
177828 729351 186611 778145
928393 879483 929361 918601
526214 907388 527195 971049
38658 705533 43495 767753
257795 412636 257861 495779
830524 672500 832596 680672
419656 231466 423337 291725
889630 127126 892600 172706
227427 166332 231135 243306
471872 525041 473894 609096
764039 417220 764985 441107
902900 919005 903107 988019
87024 410741 92877 415284
78062 341287 87169 440231
480146 105179 483146 173418
883175 643521 888998 651116
247349 629937 253450 657094
454567 661580 456775 700043
788928 99645 796149 134544
654527 905104 658071 907927
632044 268178 635063 308231
709239 398865 711888 448897
84658 246062 94106 247374
296376 855266 304463 942705
606149 476227 609171 548149
310829 667204 311606 717811
709559 442256 715031 495642
58269 726812 64576 791485
57022 631702 62989 725484
517226 788647 525368 832080
612107 507422 620177 561295
237690 67136 243200 152444
252679 414256 253051 505663
694174 249109 702099 268159
130735 61462 140585 83043
984629 649363 992473 723870
342993 692442 352387 706931
276337 90190 285114 136851
537451 859041 545869 922302
204050 610398 205668 658689
617084 490878 620065 512572
750172 191360 756251 217070
370887 636118 374931 660782
523757 327127 524130 377361
930435 592891 937272 640440
615557 221220 619597 310559
180075 385397 184172 445617
798 68289 8806 165326
281722 226360 287744 275702
747888 227166 749989 252961
3611 228466 13149 314304
600891 256785 606089 317783
679383 420421 684787 492758
528095 285268 528447 346197
946980 498174 949744 517125
433900 928342 439120 965100
23097 435201 29594 439965
880340 289527 885802 370172
742344 164610 745236 242667
35057 644444 37766 687175
147912 63369 155240 117412
790776 670787 798827 724915
537145 29228 541922 75426
460943 475850 469333 513728
384913 147933 391595 178705
348346 650468 352058 695238
506440 185813 516379 235181
771277 861434 778595 909232
639741 489104 648871 558920
477845 471213 483402 509192
31109 656461 32828 696115
655014 906756 664283 964720
797189 508703 805647 566228
750593 306334 756826 337561
841110 779354 848251 867193
893376 167642 901626 219194
872326 450231 875488 530417
231216 505868 240343 553809
315604 245837 317107 333754
823937 321114 829090 338831
124882 23500 129728 31486
585619 638936 586253 708064
46817 397439 52684 467778
741738 774148 750195 822268
212997 973420 221984 992712
400534 406885 400637 438623
272975 895209 280383 918925
248061 618711 252345 704472
618082 14404 618684 100931
651772 532664 651797 619647
134009 248624 141151 291728
357430 202266 365949 273154
562690 369263 567620 435054
801537 804021 803315 850334
963039 60269 966282 67419
614107 675845 619442 704405
674336 217469 683699 242043
638853 487633 643187 527271
359383 351389 367669 358013
105604 590446 106145 686598
646713 345038 655663 410620
86636 756819 90722 763964
494574 791303 501244 848564
543851 124927 544701 149033
591746 619692 598076 683284
970970 243473 980274 311646
238388 666675 239478 741857
724388 408232 726050 481275
289837 266800 296112 318549
289539 399985 295163 411760
223331 326189 223613 383462
630328 762323 638776 792241
563075 913958 568244 966160
752226 34688 753356 83048
549352 702219 552166 725931
817962 240746 820758 337606
748849 358951 751298 370952
638804 732693 645330 811895
230334 444994 233954 508886
761291 550934 761731 556086
704462 575309 712447 592361
690819 632126 699543 636006
372250 951175 378384 996333
934240 670645 943925 693078
728125 153828 737907 175525
860908 908825 863320 958818
253869 658539 262675 680203
154628 848468 162769 929103
746013 848504 753228 887619
295732 938370 299063 957177
409639 376707 411664 437260
624549 464344 626811 551835
510331 629354 512124 659070
814341 129053 814437 182433
386073 157878 391749 196022
786684 731411 788959 779309
60265 932921 61851 953531
569454 538019 576231 563347
333409 184272 341767 185119
27891 324759 27967 376555
770622 527491 775417 588430
370596 579681 378242 628884
878799 340361 880625 422930
427777 58708 431862 111846
260627 247473 268453 282114
148925 738318 155486 774339
883117 359838 885876 360309
276774 667980 278062 708479
937543 833903 942624 842649
630950 912601 639737 975002
951391 693928 952018 749192
537228 914069 542784 981609
799460 405985 804271 490112
43985 20918 52598 100851
431898 348310 441464 363727
743070 223286 750139 254720
204322 136078 209739 153976
894369 740377 899524 758553
846117 470236 848117 563922
940056 819657 941067 888207
750886 57638 750887 107585
562478 372021 564457 393528
971785 85108 977687 136102
400310 630279 408326 677174
222170 507380 230832 523146
496755 80224 504183 131802
360233 308791 361353 378557
537425 788724 545897 866193
111329 783203 119544 829092
528890 886797 536763 908343
727319 295053 735403 304834
77623 660385 84696 735175
184304 933103 188330 943335
264259 588460 273218 684357
631501 840184 636986 891884
28516 668966 36016 710793
904638 142454 907170 229704
319780 482331 323582 504372
78146 36730 86968 78360
36056 787145 37711 802111
348969 919521 354485 981332
902045 584567 909689 586637
344192 234677 348997 240574
758158 949413 760951 981384
858734 447186 859967 483259
628967 295500 637494 376281
475318 646779 477065 712496
365376 668909 367391 691291
604324 154568 611029 248348
562377 721153 572090 757017
439149 739681 448751 805692
298905 828878 306294 866748
547718 853218 556826 886732
896915 966979 897937 991880
434533 167152 442585 174883
729859 483858 730850 570137
333981 170289 338838 190282
624888 920543 626120 987052
449053 569521 456885 618328
404134 579299 412510 644397
725804 458540 733888 472929
644339 793874 651303 828509
9884 414720 19344 450282
195721 729060 202724 811563
142622 614601 149554 683540
944320 211747 953180 287882
225595 260557 231515 272041
568239 576520 571506 669311
617644 235857 622624 299503
416409 83233 426342 154165
748873 254043 749882 292498
148854 115001 158168 141236
838009 90338 847433 109070
472285 243717 472285 320339
934184 526646 934827 532324
502773 241409 511004 284103
445897 422803 450075 431734
143558 462930 144931 486957
661164 743026 661454 799885
98878 898671 100484 926478
229227 512794 231892 525920
701560 3841 705872 49847
753779 299998 756236 320434
710003 461966 712045 481702
367604 352101 369908 381383
780827 619084 789566 637060
214087 5749 220580 88964
254204 741598 255072 779867
736620 866376 742286 880589
485283 470688 494613 523591
596872 507966 605644 574409
148803 20536 149849 95957
555272 265618 560856 328608
974717 794892 984557 856901
874421 267216 876193 322238
773438 412327 778249 464183
204954 122510 213534 134443
650911 96079 652626 162619
497426 584248 505523 683401
110438 679088 115777 698000
549023 314804 551650 320321
695324 323917 703456 361274
451025 356501 453455 439078
550751 314755 551562 373366
385602 10000 392090 29545
513037 388211 520771 441385
80999 504120 87717 565208
170471 715223 176201 802362
177924 603251 178919 684555
91679 282188 96121 331961
941439 640971 943156 731272
110876 382020 111372 445705
496015 365662 504174 454447
228733 150196 229300 169572
340211 790567 342304 877622
