213648 433524 754956 790540
1000
407116 880310 489131 943531
399170 250695 454922 304161
877518 395625 931551 467968
579181 689079 677489 743269
441988 383136 447449 404191
733272 606763 817879 631457
504205 916306 574064 917449
122443 351877 166498 406379
233268 345775 237551 396211
717889 48460 737943 105991
600146 234795 673945 302995
359030 950113 405906 991610
289023 648883 300948 691842
107158 854261 150118 931221
570547 250194 640903 303741
64950 160110 139738 191338
875439 13259 952619 48164
515115 316914 614983 341740
184362 418719 276102 418755
176236 658955 182318 693970
623596 494353 652039 546802
865714 804970 937174 813246
736615 918863 798749 996520
636823 356896 713563 412034
8669 470134 14176 472702
696330 8043 762557 52816
628932 815394 718178 858661
248480 903675 281448 940492
694594 85142 697897 114906
614858 683246 701507 742084
573754 159736 603919 190304
706843 769084 788792 824036
516744 532234 588537 568976
892189 304728 907615 359913
458979 115471 499514 159166
861037 622216 868312 680189
489350 326576 583469 330950
309739 906206 332085 964621
784080 899613 844330 924232
129162 719960 187524 809665
944436 803271 998691 874920
121612 87215 129316 180768
624982 390781 640053 462992
658955 797072 726770 887686
341245 286368 347824 377000
797784 439377 806027 480748
887084 377804 901387 473940
455809 850698 510133 912043
351943 755771 439212 853399
947720 65469 976581 155103
830117 541412 863267 541923
656925 199609 718486 250989
447060 666543 543515 761576
742015 533280 779740 586420
28620 619967 124125 658384
101628 315088 125065 378295
300737 25732 361711 53195
339819 359668 367109 458597
62756 16822 63295 31026
198636 75429 214170 102403
446572 904635 450429 997443
816723 928504 880709 970299
667957 594414 757644 637761
833779 464130 841355 525040
855428 249381 885759 334047
651271 72333 740158 167372
159605 37247 201934 46596
734220 72198 763033 167767
153371 606037 179709 657401
509756 242303 572625 321615
871023 672257 896986 676461
407581 24574 421075 100084
327446 850697 390641 895872
579794 141892 596931 206629
748304 314597 817436 319324
909907 483515 911142 571874
224251 180392 277231 266389
374983 304761 391722 353955
868200 61057 953081 126374
658898 249495 719745 303948
520304 516464 599194 614933
103375 67756 114892 129193
578311 656401 588770 664381
621772 825537 644703 846312
62061 608339 131106 652273
295109 290921 384793 324659
469213 306064 521726 309721
283380 816305 344490 874717
606410 827581 678921 882243
35022 498950 116727 589373
316014 332888 379884 356544
299214 315168 378404 398647
950424 137246 975486 205136
296519 745427 338367 748150
896978 369481 911880 428505
601224 23206 650574 29011
307806 875452 361354 882038
22330 805605 84687 841901
263125 215071 279814 272217
257582 786289 289976 801100
751396 416809 811622 461100
687433 70547 738296 164576
820916 553487 840968 650906
561911 225984 628280 283697
233248 640651 308658 659122
133881 68483 166955 158498
883750 319795 945595 376110
175512 745970 274741 781646
652679 572321 728365 575907
899884 735505 960232 765657
149100 191180 196697 248690
115194 359018 148737 456242
56237 358651 119451 426014
151045 756843 204661 820114
313324 821619 339372 823139
584895 982558 613379 984090
738403 682182 811947 683420
270216 93019 359740 108172
739241 498525 807014 529443
319745 561500 419401 627763
299183 405802 374828 423180
979654 171557 984604 247409
631782 210140 724046 229778
294363 516539 294511 539691
441211 134419 509175 192147
919268 482577 937076 536968
228351 393913 288129 485183
686316 543984 736621 597812
749075 460727 787400 506307
62212 726243 65922 752712
566443 68784 608235 161060
780988 238159 844272 311225
172362 308255 186254 373768
199684 532698 218728 569221
770226 807137 802986 897741
542366 883647 567275 890035
186972 658261 258092 692893
118434 150140 172232 192932
23411 469430 55969 545632
254368 108870 277256 116134
634782 380422 707419 398069
938083 390928 971807 435320
739353 459660 805607 508908
104623 437514 200534 516698
457519 885713 547290 910230
555693 785943 646402 808568
883904 519742 981369 603044
597440 327281 669254 399794
840874 378812 883069 472428
892061 250645 975827 321055
363904 871184 406517 927310
56518 12165 74855 12343
239974 911775 253447 948536
878311 200270 942323 279988
820813 378192 911846 468193
287150 706564 362512 753665
866306 58758 947472 96391
492772 667513 572253 673510
629946 881350 640375 898871
155956 421012 241080 459250
342856 655519 355090 664596
615419 380024 670431 418584
108496 585098 112986 647564
220405 197753 257068 226516
384265 300383 415295 325847
387067 63715 408929 161971
860543 455550 950755 516310
807222 310104 862590 406629
745766 449881 778239 472099
327057 378823 361051 433885
283868 54070 309697 57561
693760 401566 743553 412760
56650 707206 99692 734390
542013 585690 638496 605848
752097 673802 777306 754236
154165 630443 175402 637302
715592 703152 786441 775835
383294 816405 427201 896188
940174 423928 966787 466169
541418 904362 598017 934108
496083 899860 499622 911324
301318 765299 310535 810342
251672 82830 266857 129299
790072 716098 792053 754326
477000 92559 481795 122178
692220 354815 791318 452544
453600 194457 515357 223790
812771 871161 871658 964439
302087 879129 321401 919690
497471 419789 544196 506021
213647 724842 246399 776847
399723 661967 446293 710789
710446 400639 798459 470898
626152 135630 719933 200786
303331 106215 339364 149228
238110 510064 261338 576205
500485 107237 511319 129564
708557 173674 730565 219791
667962 831533 681085 866860
394657 277212 454775 342773
479731 66488 545372 151158
650044 717029 736320 796851
398945 819614 462046 862837
458537 70958 498344 92832
776960 561007 797046 642132
272315 269344 289090 299309
430540 316557 486871 360655
741015 608927 831838 705443
457871 765394 534503 789686
189654 714935 274889 814749
271466 401599 272294 485776
683176 690235 685317 779690
37811 712227 114193 809690
387384 664252 398403 716287
562707 769319 621248 859885
572744 347279 578825 440716
741421 944273 800434 983239
862671 858607 952777 866929
800574 255146 831555 288031
282936 187230 343194 201959
643281 254228 660833 259856
877651 764153 887246 791489
360320 265867 398543 279174
410520 93158 478144 113080
314218 852912 375062 897112
626830 85552 627312 175374
177035 851327 206020 909480
132788 718537 224861 779288
140582 418410 221527 461148
159039 802436 207514 839270
118301 63796 189393 158524
468932 312281 498461 337088
698132 248855 760079 306902
576288 195720 639941 249207
409402 697544 444579 768092
149671 332373 184146 390426
306684 944952 364116 983235
516999 788746 612459 859457
294915 414443 325426 427402
99460 786825 169638 788804
164485 609203 239684 644466
662027 874771 736957 935744
789097 339784 799356 420284
81289 61638 125201 138981
523467 193404 577192 202077
423481 48470 429850 109437
21812 497807 24358 562650
127658 46376 222156 71648
763379 439645 784402 495132
399205 255952 411673 256268
839428 68274 901941 68661
901514 629485 968005 696495
110156 483611 118026 543092
675887 460081 707907 475087
513460 252276 609174 308839
492998 122070 534903 163433
632526 212064 698813 298633
239822 113819 304088 134818
227474 807894 300034 891185
176204 293885 207640 383861
522509 263046 523534 329182
522828 4805 542574 56734
615377 638234 636081 668287
147240 667680 190537 734290
741686 840691 820657 843806
840307 932208 857803 937388
163324 791851 211439 873167
505960 125091 578415 137147
69324 57535 121163 80500
128387 748661 210971 789791
422058 364884 467012 392968
370752 275275 425554 334631
484205 824469 489507 849453
960999 541587 995382 579538
100869 145183 175123 230656
804686 679906 814054 699240
190412 279961 268365 300473
117732 798264 184352 880022
99882 443312 179795 540960
798244 719889 887946 727262
335850 351829 397857 413099
134721 513998 151463 594832
920209 319396 998801 400274
561651 634610 617658 712068
430040 670763 520951 747400
617344 232422 698173 267511
33704 614657 111975 649624
686648 475295 692181 534451
552084 77208 579486 94124
821867 479600 897588 501749
256290 84774 299633 184045
619838 850448 647520 859574
43043 938119 56907 950942
762577 739160 802453 771920
373006 183318 470250 266993
351828 331066 441243 356360
299737 847960 357518 879667
175416 722449 188657 729632
636301 560586 637600 573551
56764 886072 105393 886094
344121 605586 409063 619322
33580 700959 55648 776903
481166 513460 516503 595096
656486 634849 665244 680276
733784 764385 820097 863193
150366 474121 249512 522151
135252 816564 173308 911928
645440 529421 721443 541393
723133 467027 736014 553976
744341 499847 748075 523177
301233 131702 379157 202543
422535 659506 450921 723904
95635 60054 155388 83684
503830 286634 531383 333312
815971 55655 889752 122577
897667 873190 988807 875687
621090 910280 655731 995485
691699 543606 721380 553588
475707 445473 506291 454307
781087 18620 871349 112974
484462 364008 566480 383956
432114 752298 489740 794670
587947 317655 655349 395031
38683 424543 52198 455570
555153 155414 618326 241059
528921 148486 534305 201119
45863 272143 52502 330234
892385 590077 907188 639222
562252 183170 661715 244837
52407 5484 149121 46185
119512 920074 151704 961538
898602 457983 959268 499669
820010 605925 864850 630727
735440 393998 807290 440749
301265 211307 310192 310982
833578 89834 904435 112212
102912 476501 147423 575555
39851 460244 52214 518037
620693 709635 691057 725516
546718 111189 612865 152316
286336 566657 381134 635442
187420 871064 254742 889074
799925 667268 896323 730296
648695 787252 690237 850645
821327 78102 828025 157337
307261 730512 391844 825033
886084 722702 971472 773873
618883 512573 645803 566653
390430 433173 425759 507557
218349 424072 292648 507529
377806 899154 455270 972037
543518 590828 573233 612466
632387 88340 651896 185751
54087 521399 146340 593885
105050 572144 109430 657279
191414 357062 199431 402921
896344 136339 943976 233774
520364 534399 545152 625771
757919 976855 821244 997615
463877 296260 543850 395583
545358 720002 578957 748143
754114 93703 841117 152542
287502 271463 335663 340296
480714 29522 504886 105442
107947 714761 179095 721276
760834 593965 853326 678520
14279 489409 98139 497162
626546 817996 693779 870092
678072 852785 679348 877576
203180 235785 241924 333288
25273 692350 85663 765631
545197 80367 602515 119923
115267 490970 205483 548707
294429 641568 340087 702887
823926 124381 898363 126816
75648 863540 174701 882699
190865 43518 258673 115529
395938 760738 414505 854684
902543 626008 958611 686634
81244 155318 151625 234379
173475 192784 216292 289263
511608 193281 528528 286883
272385 523147 347412 610715
170288 402190 222378 474168
212251 453430 301803 549561
689479 389794 779590 456788
852243 498328 878596 591884
873052 859440 902291 875817
409771 237976 430490 336474
621 350139 39056 360456
584308 220739 615413 225790
151350 394728 187351 485040
316037 910343 387100 973877
867379 635272 957561 638822
670265 332827 705801 379524
714866 190569 726015 256997
851641 258372 852661 354521
3243 298856 63656 350469
537260 699155 561282 772905
649359 225868 670590 267955
215406 228167 218858 228893
938622 174040 958798 179368
392159 758530 414766 841896
527066 106522 533682 108039
898837 649154 920328 721581
872411 224840 890974 257949
16002 170746 99609 250913
527481 458024 605922 489749
933856 339010 960784 424809
568412 906965 647828 925511
28538 182263 79969 195494
384557 196764 456583 256392
884019 79520 974605 126695
236099 707284 254633 752545
689028 409692 732117 481072
69249 174352 148304 211409
319573 175528 373216 224950
693602 797687 752367 860465
692919 554854 729126 608167
495716 463256 500344 501085
235300 928336 327160 955256
61839 260374 126552 265996
643714 864200 685638 896343
103171 267307 119207 284655
781445 718732 797989 779063
218203 454763 260538 492096
28278 492058 57649 500954
762810 319960 808084 360514
82339 96391 124674 190868
269912 3685 346861 43704
574648 958187 581496 966013
763158 482457 789917 572118
401264 241229 458680 334088
344658 182237 398982 264353
475905 583051 491329 649115
78862 641317 99730 697709
270313 464164 353946 476178
389309 635799 419061 695996
807570 552582 874993 554990
139610 607047 185076 683796
734189 703256 812902 732017
370572 632784 372515 695538
846965 848127 892069 859224
109625 874717 189180 925668
678997 196185 723838 255362
286222 501590 315464 531483
888330 714933 909481 780946
669630 737024 673802 804094
74141 113852 168932 134427
720510 901087 739259 995807
126527 62739 127659 161722
381546 39643 427368 99515
847964 755390 920831 792100
572124 294417 665414 390399
224353 150102 293476 213766
375565 186141 464117 187007
813467 145196 875688 166830
316049 190427 341574 222946
272504 153962 303136 247818
359954 538451 444330 573006
219457 316489 263541 359073
227712 914308 325320 962973
79520 730174 134945 769866
177705 816850 239371 901759
916620 713925 995298 733157
214770 489410 302423 521635
159575 112187 179190 134034
169652 268537 192452 349584
876751 228069 921772 302321
835280 109211 883177 132928
270135 652061 345646 689700
885944 810861 896105 887076
763920 693879 862843 713951
923611 572525 945936 580116
116628 710027 137070 747068
301141 799199 374198 869644
281823 409924 302335 458401
397655 120217 485078 168792
11060 855473 108057 942250
299613 875267 335934 974743
483799 759648 509035 849413
683525 688771 735202 707742
799554 346538 893246 415747
89157 589956 150607 688188
91427 342970 144210 377936
325797 150624 359755 189857
765791 168051 794645 266271
405664 501645 500781 568913
516797 102929 555075 197334
612350 676169 632463 734877
447591 418551 537786 449929
223884 1626 278153 92098
892215 416943 899252 473154
335517 142017 347432 150216
868313 501310 871225 539803
171477 325363 196711 345261
660539 661116 719283 731230
451746 310624 507789 366042
603978 741752 608378 761975
448274 745668 459743 748984
833867 363521 876477 452785
819866 502874 885720 543328
163614 3893 235989 12229
872178 268467 955112 355198
61556 729221 134125 812488
897366 483079 985112 519921
590238 614074 634929 712277
118566 932933 182940 975313
658795 492360 702955 492606
739470 762444 800320 860348
351099 226486 429278 276791
249548 793321 292268 863826
370250 358614 401237 371349
614696 724937 663574 798514
769677 14682 849979 44554
504215 913332 567001 915812
282019 132746 354703 140278
319124 141006 411612 147114
198420 372006 243279 403075
528948 849825 617227 931111
738761 771969 770113 809438
472640 688447 518326 697740
356773 154681 449456 224928
871294 142325 922437 217526
755254 292854 782791 316557
623975 683772 683603 752586
677488 369430 689028 388708
852459 452146 858105 540410
18831 856737 74790 870535
133619 761243 221230 765742
370977 632733 456564 699623
96495 718005 144599 765931
57568 19548 98149 87532
54786 180574 152750 221582
328722 278150 386687 336034
39401 55217 128020 92321
703427 510598 705449 526972
148869 353860 199453 383611
61854 804492 134405 899266
517242 753256 566083 793252
381776 320294 429091 374122
500162 422628 588215 424208
549590 182892 642031 254534
227701 528844 301533 540236
366138 706394 383523 765360
256759 128216 340801 212419
243135 192444 303188 202246
714077 836126 722103 876730
204957 507730 273554 565320
810229 449566 900016 510136
503169 185235 563406 206763
325948 634387 335579 649049
442338 906703 539244 973080
72489 965663 104905 973378
187703 364505 197978 442037
612077 641205 711604 653298
730717 43482 817084 130040
202238 518033 247355 526471
657053 698957 706273 718971
157229 914265 244164 983403
332225 480975 398870 538516
39501 166444 98019 197862
165183 809727 185166 895175
427552 735086 488601 773896
257762 830327 346244 849022
798661 789473 892895 860497
675585 521466 774454 555621
224822 419375 229607 439182
403899 122148 494399 138638
476009 438794 526552 516684
871442 589744 881897 688521
80260 673846 126462 773813
548645 565608 583693 622119
523598 184092 530562 268524
380550 724444 438983 756883
401965 83624 448503 133532
321910 714592 359645 803370
197886 619949 207573 675956
799428 52056 850717 138907
275758 57187 279908 81294
563051 80980 563988 161880
332532 200030 420657 274389
696193 54650 727284 121476
793357 148210 886744 223375
674156 313000 679113 397954
233356 616166 285507 622930
318531 403196 347457 474225
723347 664873 820467 684588
680944 7496 721454 15503
911808 432560 921028 494618
900425 768059 931590 804914
690890 938232 770896 968739
194968 589430 256081 657428
818676 647871 894354 727097
732887 416714 753079 439429
516208 652996 569173 681940
29547 467767 84568 474219
56275 227147 72227 321755
134540 742334 210043 834117
955520 265949 959126 336195
888026 26034 951824 117734
115262 560556 174081 573180
388824 672280 428179 743107
876014 269599 939906 295648
498051 66182 550208 162552
214341 941500 238191 943239
161733 433221 191201 527973
30857 487482 93780 495862
532980 868544 549724 942869
563899 6069 616413 60882
926507 51635 984345 121791
243087 532335 296063 589700
656528 2366 713307 57398
11713 114817 66537 191342
453333 593945 485436 597216
955683 674514 960973 735524
863205 240262 953159 335077
151716 916531 210387 950485
417070 635613 435199 696192
447475 788926 460675 835085
69059 486043 137965 583685
757926 2358 775551 64409
387983 319068 429225 320839
476477 245563 527356 277648
143700 510118 225943 584160
664372 412241 696982 450411
469403 130652 504469 190372
51053 162861 74480 244062
735689 783438 769286 841222
166571 245439 188924 340097
164384 503067 190979 536891
521327 203832 613127 248452
589386 779176 667650 873542
45751 213608 133481 259829
514647 657648 609840 677383
79903 903635 144209 929051
293254 298316 371970 345785
789916 866698 874596 920372
364845 63833 391056 138866
358164 339528 379448 358461
130221 739782 159610 820973
229458 852077 300393 938723
65231 730180 121697 777745
771284 47318 844514 140178
611211 473207 656280 485112
665085 395695 673918 449987
200675 736846 255497 811271
776017 716610 856360 722738
419285 464268 451756 509156
447747 247730 503596 273025
666786 20366 686245 71621
791391 390185 822485 453397
575158 69744 668523 117543
652727 787626 751944 856677
94686 723565 121125 818335
370419 242235 438521 250773
514100 775727 570711 854799
312408 55804 408999 94727
886409 833702 956769 835166
143845 490002 162868 576570
327752 371958 371561 400128
878898 459280 884390 532430
92828 509031 182921 513258
651803 647942 669998 654168
879167 234203 921654 254873
7392 482041 99459 488524
747133 28875 752250 95330
608653 309761 660331 369614
566388 801776 654623 850108
600643 38525 697470 116569
373020 317316 445964 366923
10740 746394 102312 791961
348650 320108 424659 355950
849908 716035 866420 771167
299389 488052 398690 584797
882506 288180 918081 372132
713462 797804 760966 826767
824786 967425 904460 987166
108829 413118 140992 507347
177555 606557 217366 609440
918089 741014 933692 755146
240281 759660 267186 834431
359063 15395 399121 52872
893374 568589 963746 662000
330771 838685 418402 850082
829608 607288 881190 628508
692251 740852 698659 767161
751880 535188 820324 617525
628599 392990 674459 445234
430503 568109 498904 651540
59218 874517 148224 971430
241728 89889 270711 170869
920223 364664 988134 388518
93753 409023 142245 482783
737535 208732 780305 214841
397347 775654 468367 802781
365732 157414 426487 231659
842882 902026 927299 928667
266324 40848 359006 73244
638664 323354 724279 325608
224792 686758 321586 768606
838336 642628 854144 651503
498042 583300 529171 638100
521981 627985 546911 693240
605414 286627 704915 344740
306326 396587 351444 448434
832030 261017 872450 304524
236471 940489 328605 986202
896721 555536 908236 641208
187753 495632 245233 546144
664234 457749 713579 465277
208972 200676 224803 263337
266576 140906 299614 193309
385757 750050 416815 773485
490333 253436 533841 342169
231706 776102 274271 805093
813797 673977 839845 723418
444716 344638 452787 358434
743812 414799 756405 472131
188992 576806 205812 674188
368592 899467 380068 981117
477657 42206 557450 96241
89741 230470 150946 271068
850619 569179 943578 668913
421136 69403 495651 111125
681219 912932 732506 929352
390963 669291 477311 689640
539946 375580 568192 461365
643959 374692 710253 423367
769167 386167 800949 422406
247126 317965 276974 408902
931292 550816 956906 563298
564282 940502 653323 980665
854792 504606 951982 577500
517068 685646 599348 691738
701006 100762 732857 103726
187187 273874 243434 337460
661277 182331 696244 190875
427005 277475 457172 282034
36767 456856 55676 550456
114969 83804 136542 173921
690474 686442 737244 729051
422756 297427 459554 338443
763913 23936 843552 41374
162850 662331 200958 700555
248143 521014 300334 527523
87681 506873 158429 519801
48771 800485 143864 899926
14354 183411 108759 238406
5063 750111 80326 842217
514475 455433 571245 524307
311099 590113 388622 668259
308575 770869 339293 826142
694105 326617 786796 372861
713637 467444 787610 533945
360670 93220 390511 174128
783165 619554 844982 655646
281702 690878 289937 769127
844100 508646 878198 536731
924082 28894 994967 45382
58848 604046 99690 646238
302431 354684 372513 432062
199028 318044 286745 323843
932172 487954 992542 494741
914244 552150 935462 586815
844555 555326 876846 639567
962840 503185 997480 513365
821126 101886 850798 150052
249031 71664 294443 79738
651515 795627 665390 845850
824219 329547 832288 363658
703416 577104 759257 658669
235959 592750 331021 616742
256994 702460 297645 711382
226619 394150 255683 458740
674665 575606 708055 650902
917278 70591 987449 156144
452993 890461 476752 901676
741965 430493 823903 524386
893651 555731 971597 565775
256766 628961 330945 707858
822002 435102 894930 528162
782735 509626 786742 572533
534073 83073 542070 145946
592009 926281 629010 990013
444226 629958 510305 668579
25635 903888 97811 941755
752713 50338 849776 88304
275548 723889 312774 783365
507434 758148 527707 827552
283131 253783 323398 344365
347136 312917 439450 328644
565773 856993 635560 886816
746880 627630 803865 703582
758612 837716 850315 845669
853199 595571 863868 678076
630613 273821 665621 329214
458136 657596 479845 714907
22853 211496 35450 297747
408181 417795 446567 493368
608304 630619 661643 658967
208467 942972 241798 945836
392169 54460 490582 117439
895068 696954 916196 730381
497334 864576 537064 878703
810985 265552 835354 269226
723575 109016 728755 176119
574255 460161 665785 462357
831430 278094 853886 322255
161795 577370 205917 621519
484847 606633 537369 669369
409726 780082 502833 850050
681992 353523 707389 371997
501616 665313 583412 690406
439301 632978 507200 715236
124086 674039 203325 734990
708652 394662 767413 461832
180495 520645 270949 604529
542976 233074 621997 328585
635307 774524 653996 807696
793258 139846 840017 214166
903714 409402 921913 448729
823208 51893 893416 139482
106912 781665 178404 784345
333824 308082 363341 341615
753320 842365 823588 889023
136960 913536 207043 966515
350311 234254 407689 240185
787994 506841 821059 582265
501801 43210 515905 132184
30648 376664 96231 399683
767050 381206 844676 443973
635604 96314 660628 138166
294794 896070 299076 993657
42613 413911 94800 454403
874111 94071 889372 165422
358149 577578 449331 587610
771444 422862 846772 428897
304564 566906 396787 613613
281442 336425 333883 399779
868693 10923 966021 87148
211579 813010 219859 862236
436909 266615 486830 345565
7764 655561 89254 729548
642114 914043 742089 939070
332239 694579 338100 757722
879478 323461 906812 361869
18937 878834 67559 975373
117885 372377 166268 460146
567645 319158 570564 397510
42784 178386 99865 219415
796946 828836 863227 885378
775402 318540 828909 408445
815789 131598 910592 227289
338395 566707 393036 621135
593854 553797 619424 640683
645700 279748 686579 368394
105095 337075 144801 394269
251063 947111 286186 977248
495430 1829 550152 74579
439576 58511 498151 111536
864767 879487 950739 931867
956425 739472 988226 795132
867828 323147 919352 368753
580551 837113 588146 881558
493711 888263 576887 943838
743471 929283 801647 969078
768921 772674 856720 844660
73825 171087 87727 263511
19591 708807 111230 747572
872843 127161 908911 216290
960322 763685 989332 849209
432425 381694 530026 464931
769369 294249 797994 324223
767796 512161 839689 516302
37458 169775 134176 237365
65266 562127 110303 621847
103971 587747 138361 597412
149052 909574 176297 944992
256628 81139 316442 95827
674472 612913 687816 672270
2656 773134 9658 845677
106177 623914 168324 642559
210343 324834 225294 423629
207174 877473 242232 956855
871059 222463 884769 313074
593848 164596 639971 227977
91799 817344 106922 871000
508833 382402 538490 413755
757261 346914 795710 372057
831070 21353 899455 87341
587635 54173 660277 74246
946969 618693 976326 688623
604486 431707 693974 473807
256773 313574 351904 330015
849791 586055 858013 604358
568904 775179 588565 872459
3094 72156 82783 77852
820471 749681 849461 790725
368554 817071 461987 858643
305851 895810 361251 933892
932565 537198 984514 580243
414904 44030 486757 63337
265875 200554 326448 205145
384171 228461 440304 234890
809783 832006 809795 920352
647728 585448 682935 618438
644548 506988 733994 598882
587733 398093 667097 485217
220849 351460 259649 446129
53151 565960 150258 646198
694273 635747 769632 685568
902382 418220 968761 439699
808498 129879 838949 226074
237921 502770 248496 579854
154232 288901 216431 354808
219013 920468 260717 948361
855587 452858 949957 497106
947744 604143 981971 676247
264789 610356 364580 706651
811384 236963 882299 296127
224990 307371 252777 380893
486253 684823 515747 755124
505848 219899 539901 308930
810719 379459 833624 385715
743989 332649 790184 347343
248940 525485 264009 587962
115027 271296 127530 322412
601685 56305 618157 89791
827412 685898 844994 720294
257176 666901 348486 693424
711628 298799 726627 380286
623528 678087 689906 764669
138446 101698 140830 111212
550446 917228 620020 965122
355659 191569 369604 258949
100136 587909 107890 633437
613772 918664 681533 926693
829308 163000 887405 199653
651073 284925 723389 355018
44410 763864 112713 827594
375418 769455 417508 782317
670102 920395 742611 949508
541824 50895 622023 113018
729237 530847 748594 611238
439662 337671 468047 425707
128513 535278 206509 606719
10893 355472 70784 435989
127832 493298 184199 558521
930580 810386 941661 908983
565021 438203 633451 530336
925563 684310 974768 687370
37866 464852 77730 542440
6719 826158 87090 867915
924127 40180 974827 96142
766786 437454 789329 474796
710196 469825 715195 552669
164140 170434 235170 233893
737928 53747 832502 59629
977811 773543 992510 830886
639780 416463 686850 510665
242470 252536 287831 303681
423542 770763 443542 799706
532875 227207 588444 259327
614318 282659 679844 343717
624628 315292 678028 401301
933432 169888 964276 268228
100513 130247 143724 147452
595704 513197 684400 532692
29892 396642 128147 453725
367317 630896 439526 694431
353298 535219 408826 606424
239093 389338 303035 437616
851359 561063 879152 612696
716958 116621 805020 163489
363530 860203 442233 890927
762453 398699 798552 417312
243468 622674 275707 685144
744449 233322 769689 280953
699465 170916 782607 213444
158544 909130 236199 939149
345426 5999 423672 59707
69946 911111 119319 938990
858173 50741 922340 136896
857784 325172 944720 388229
602996 84888 660959 135577
426819 252877 487150 349918
68400 412608 154555 489423
116980 905218 186134 951338
930394 300881 974635 391926
258347 29003 354781 44203
316059 679569 408655 746557
514242 429888 590675 514046
39568 201523 93955 291331
293501 848436 375909 853905
649939 308040 664679 360934
129189 172271 167619 181058
887726 698321 957093 797152
467000 859572 482812 887732
184516 525971 269311 579320
