3082
1 242
1 38
2 230
3 243
4 40
5 307
6 488
7 79
8 244
9 259
10 421
11 342
12 98
13 157
14 97
15 28
16 174
17 156
18 106
19 192
20 275
21 408
22 220
23 451
24 370
25 452
26 361
27 9
28 67
29 163
30 8
31 49
32 370
33 217
34 49
35 465
36 473
37 133
38 75
39 293
40 317
41 173
42 333
43 241
44 332
45 168
46 435
47 482
48 260
49 214
50 362
51 120
52 482
53 432
54 351
55 343
56 478
57 95
58 421
59 43
60 66
61 361
62 342
63 83
64 338
65 126
66 65
67 297
68 228
69 148
70 276
71 313
72 152
73 358
74 427
75 319
76 441
77 161
78 29
79 220
80 193
81 487
82 470
83 166
84 16
85 106
86 201
87 499
88 290
89 205
90 223
91 400
92 270
93 224
94 155
95 165
96 376
97 156
98 67
99 25
100 78
101 421
102 86
103 297
104 73
105 270
106 456
107 459
108 108
109 336
110 73
111 12
112 182
113 296
114 66
115 360
116 14
117 404
118 382
119 227
120 32
121 148
122 48
123 88
124 411
125 130
126 231
127 347
128 428
129 487
130 207
131 175
132 280
133 431
134 125
135 495
136 310
137 480
138 261
139 142
140 172
141 427
142 487
143 312
144 430
145 242
146 39
147 159
148 140
149 179
150 127
151 158
152 302
153 63
154 285
155 96
156 43
157 218
158 134
159 245
160 197
161 72
162 73
163 208
164 490
165 245
166 156
167 481
168 212
169 405
170 158
171 451
172 319
173 332
174 153
175 197
176 148
177 469
178 18
179 309
180 209
181 90
182 469
183 469
184 207
185 381
186 410
187 8
188 79
189 228
190 61
191 189
192 111
193 63
194 86
195 55
196 365
197 388
198 239
199 10
200 380
201 428
202 206
203 368
204 372
205 312
206 256
207 109
208 64
209 311
210 432
211 354
212 445
213 439
214 60
215 29
216 429
217 13
218 273
219 468
220 339
221 167
222 368
223 149
224 204
225 415
226 160
227 20
228 271
229 112
230 351
231 485
232 191
233 126
234 362
235 255
236 4
237 260
238 99
239 457
240 137
241 222
242 136
243 408
244 406
245 37
246 285
247 398
248 353
249 271
250 393
251 301
252 469
253 192
254 276
255 363
256 82
257 226
258 191
259 278
260 87
261 360
262 360
263 493
264 80
265 181
266 44
267 297
268 34
269 420
270 145
271 89
272 361
273 439
274 51
275 161
276 342
277 352
278 298
279 499
280 227
281 322
282 301
283 48
284 327
285 321
286 48
287 107
288 377
289 165
290 436
291 246
292 325
293 419
294 194
295 411
296 416
297 186
298 388
299 425
300 164
301 459
302 323
303 459
304 105
305 336
306 56
307 143
308 233
309 389
310 497
311 243
312 500
313 294
314 369
315 304
316 245
317 120
318 366
319 395
320 241
321 408
322 250
323 391
324 181
325 56
326 302
327 460
328 48
329 248
330 279
331 269
332 62
333 408
334 409
335 316
336 38
337 128
338 144
339 386
340 308
341 222
342 93
343 423
344 158
345 20
346 446
347 343
348 349
349 61
350 261
351 275
352 469
353 138
354 61
355 371
356 345
357 212
358 69
359 93
360 17
361 241
362 334
363 320
364 194
365 380
366 200
367 423
368 226
369 437
370 487
371 239
372 261
373 55
374 261
375 53
376 486
377 464
378 316
379 300
380 24
381 456
382 268
383 203
384 30
385 423
386 23
387 278
388 439
389 218
390 113
391 130
392 386
393 108
394 237
395 411
396 57
397 392
398 312
399 413
400 127
401 238
402 216
403 56
404 39
405 142
406 280
407 126
408 184
409 294
410 2
411 424
412 172
413 322
414 169
415 142
416 482
417 264
418 263
419 330
420 134
421 122
422 355
423 187
424 227
425 174
426 50
427 174
428 378
429 464
430 416
431 423
432 341
433 208
434 54
435 236
436 492
437 31
438 32
439 171
440 455
441 306
442 176
443 81
444 450
445 139
446 439
447 109
448 76
449 278
450 107
451 143
452 361
453 310
454 319
455 412
456 491
457 430
458 392
459 140
460 184
461 400
462 373
463 246
464 59
465 423
466 402
467 174
468 462
469 424
470 393
471 448
472 432
473 414
474 298
475 311
476 12
477 312
478 119
479 319
480 335
481 357
482 229
483 66
484 343
485 177
486 9
487 442
488 186
489 316
490 211
491 453
492 156
493 458
494 400
495 270
496 134
497 237
498 410
499 161
500 271
501 370
502 281
503 184
504 131
505 86
506 343
507 100
508 89
509 216
510 61
511 301
512 144
513 224
514 137
515 198
516 239
517 468
518 467
519 388
520 77
521 255
522 220
523 311
524 472
525 397
526 384
527 141
528 394
529 4
530 157
531 98
532 297
533 282
534 133
535 226
536 7
537 157
538 125
539 130
540 61
541 161
542 455
543 18
544 224
545 230
546 171
547 248
548 39
549 321
550 467
551 121
552 461
553 383
554 139
555 333
556 89
557 495
558 453
559 2
560 116
561 388
562 385
563 77
564 441
565 305
566 200
567 400
568 246
569 133
570 112
571 307
572 494
573 88
574 287
575 224
576 92
577 57
578 466
579 132
580 465
581 223
582 145
583 263
584 396
585 151
586 77
587 427
588 97
589 19
590 121
591 438
592 110
593 426
594 246
595 475
596 141
597 336
598 132
599 31
600 358
601 46
602 127
603 358
604 200
605 408
606 57
607 302
608 99
609 393
610 70
611 330
612 381
613 270
614 200
615 92
616 283
617 412
618 48
619 237
620 41
621 455
622 318
623 96
624 265
625 17
626 97
627 250
628 434
629 462
630 334
631 281
632 23
633 420
634 173
635 397
636 26
637 456
638 204
639 421
640 347
641 397
642 471
643 301
644 107
645 495
646 480
647 356
648 441
649 64
650 70
651 294
652 310
653 16
654 3
655 74
656 257
657 333
658 25
659 173
660 199
661 483
662 227
663 59
664 324
665 92
666 26
667 486
668 133
669 87
670 147
671 343
672 2
673 181
674 23
675 251
676 277
677 424
678 67
679 260
680 310
681 489
682 102
683 403
684 142
685 52
686 231
687 330
688 54
689 406
690 450
691 461
692 469
693 56
694 362
695 388
696 487
697 262
698 82
699 408
700 84
701 488
702 259
703 54
704 354
705 371
706 80
707 39
708 144
709 176
710 371
711 352
712 257
713 483
714 453
715 56
716 108
717 481
718 412
719 441
720 231
721 364
722 267
723 168
724 55
725 358
726 103
727 10
728 194
729 247
730 10
731 80
732 150
733 385
734 462
735 197
736 414
737 10
738 107
739 292
740 196
741 7
742 4
743 171
744 364
745 340
746 337
747 208
748 80
749 35
750 288
751 293
752 158
753 343
754 100
755 123
756 170
757 249
758 35
759 37
760 25
761 404
762 164
763 490
764 290
765 413
766 344
767 435
768 427
769 112
770 82
771 27
772 444
773 17
774 466
775 379
776 99
777 153
778 122
779 467
780 38
781 199
782 337
783 445
784 6
785 352
786 223
787 166
788 29
789 299
790 37
791 15
792 394
793 368
794 444
795 465
796 435
797 298
798 135
799 59
800 64
801 294
802 81
803 99
804 314
805 12
806 488
807 390
808 324
809 256
810 183
811 336
812 172
813 141
814 367
815 381
816 76
817 377
818 462
819 227
820 9
821 25
822 195
823 174
824 217
825 448
826 24
827 258
828 381
829 195
830 279
831 369
832 56
833 83
834 303
835 400
836 260
837 39
838 302
839 74
840 350
841 45
842 447
843 207
844 347
845 185
846 145
847 478
848 379
849 45
850 69
851 270
852 124
853 128
854 42
855 495
856 101
857 22
858 168
859 100
860 195
861 330
862 117
863 445
864 34
865 46
866 340
867 322
868 393
869 98
870 262
871 265
872 161
873 320
874 138
875 96
876 403
877 208
878 411
879 26
880 33
881 366
882 15
883 338
884 107
885 284
886 260
887 148
888 178
889 41
890 329
891 182
892 486
893 138
894 198
895 485
896 69
897 339
898 452
899 118
900 235
901 29
902 258
903 279
904 369
905 128
906 84
907 440
908 465
909 446
910 457
911 135
912 75
913 402
914 239
915 215
916 153
917 499
918 306
919 185
920 47
921 119
922 61
923 356
924 154
925 39
926 277
927 455
928 393
929 113
930 236
931 310
932 380
933 162
934 478
935 412
936 114
937 430
938 227
939 118
940 235
941 405
942 361
943 344
944 393
945 137
946 84
947 422
948 278
949 91
950 81
951 329
952 450
953 361
954 342
955 111
956 85
957 23
958 145
959 20
960 255
961 492
962 467
963 170
964 481
965 315
966 100
967 411
968 224
969 356
970 48
971 346
972 323
973 179
974 193
975 47
976 144
977 323
978 395
979 322
980 299
981 171
982 494
983 257
984 125
985 385
986 396
987 377
988 388
989 415
990 190
991 251
992 145
993 62
994 173
995 310
996 296
997 152
998 280
999 196
1000 346
1001 78
1002 403
1003 46
1004 403
1005 322
1006 108
1007 275
1008 155
1009 299
1010 271
1011 346
1012 237
1013 381
1014 323
1015 85
1016 491
1017 455
1018 338
1019 372
1020 350
1021 336
1022 422
1023 15
1024 170
1025 178
1026 34
1027 245
1028 362
1029 482
1030 158
1031 175
1032 8
1033 198
1034 83
1035 413
1036 428
1037 363
1038 314
1039 494
1040 460
1041 383
1042 226
1043 191
1044 420
1045 139
1046 403
1047 255
1048 229
1049 97
1050 199
1051 242
1052 449
1053 238
1054 78
1055 269
1056 466
1057 244
1058 16
1059 85
1060 437
1061 54
1062 264
1063 4
1064 463
1065 479
1066 137
1067 259
1068 185
1069 442
1070 293
1071 380
1072 1
1073 211
1074 21
1075 199
1076 271
1077 14
1078 3
1079 290
1080 333
1081 325
1082 204
1083 407
1084 124
1085 222
1086 496
1087 32
1088 328
1089 371
1090 460
1091 357
1092 351
1093 226
1094 48
1095 340
1096 487
1097 265
1098 4
1099 221
1100 425
1101 230
1102 482
1103 200
1104 9
1105 131
1106 43
1107 214
1108 22
1109 39
1110 435
1111 365
1112 73
1113 231
1114 281
1115 444
1116 377
1117 253
1118 408
1119 168
1120 207
1121 380
1122 374
1123 268
1124 32
1125 446
1126 468
1127 333
1128 343
1129 90
1130 383
1131 434
1132 45
1133 479
1134 85
1135 154
1136 416
1137 162
1138 4
1139 416
1140 464
1141 221
1142 372
1143 228
1144 127
1145 482
1146 276
1147 343
1148 243
1149 45
1150 380
1151 409
1152 14
1153 389
1154 155
1155 214
1156 218
1157 65
1158 469
1159 41
1160 56
1161 223
1162 392
1163 474
1164 358
1165 143
1166 340
1167 79
1168 263
1169 410
1170 221
1171 31
1172 203
1173 13
1174 319
1175 284
1176 110
1177 449
1178 433
1179 165
1180 355
1181 22
1182 284
1183 355
1184 134
1185 61
1186 45
1187 108
1188 463
1189 231
1190 26
1191 61
1192 421
1193 213
1194 338
1195 164
1196 117
1197 422
1198 355
1199 494
1200 415
1201 326
1202 474
1203 218
1204 88
1205 500
1206 315
1207 127
1208 305
1209 110
1210 485
1211 405
1212 207
1213 160
1214 120
1215 355
1216 71
1217 146
1218 223
1219 352
1220 167
1221 346
1222 34
1223 133
1224 343
1225 361
1226 63
1227 317
1228 327
1229 348
1230 283
1231 487
1232 426
1233 456
1234 68
1235 230
1236 387
1237 219
1238 223
1239 157
1240 284
1241 433
1242 174
1243 22
1244 218
1245 329
1246 292
1247 432
1248 394
1249 235
1250 241
1251 291
1252 464
1253 455
1254 168
1255 452
1256 440
1257 458
1258 179
1259 119
1260 296
1261 168
1262 157
1263 407
1264 169
1265 360
1266 259
1267 250
1268 457
1269 474
1270 169
1271 128
1272 51
1273 423
1274 81
1275 299
1276 313
1277 267
1278 138
1279 358
1280 295
1281 318
1282 402
1283 444
1284 70
1285 382
1286 365
1287 484
1288 75
1289 347
1290 414
1291 125
1292 171
1293 14
1294 466
1295 29
1296 288
1297 266
1298 396
1299 238
1300 94
1301 357
1302 418
1303 302
1304 329
1305 468
1306 342
1307 27
1308 185
1309 497
1310 41
1311 267
1312 334
1313 394
1314 126
1315 445
1316 272
1317 26
1318 498
1319 292
1320 71
1321 7
1322 224
1323 165
1324 297
1325 316
1326 131
1327 10
1328 435
1329 80
1330 222
1331 73
1332 322
1333 266
1334 362
1335 116
1336 373
1337 195
1338 39
1339 153
1340 389
1341 349
1342 476
1343 312
1344 361
1345 108
1346 128
1347 169
1348 213
1349 62
1350 29
1351 237
1352 269
1353 374
1354 393
1355 309
1356 195
1357 240
1358 154
1359 477
1360 181
1361 233
1362 72
1363 421
1364 229
1365 258
1366 326
1367 172
1368 4
1369 99
1370 330
1371 207
1372 43
1373 85
1374 85
1375 390
1376 17
1377 150
1378 115
1379 3
1380 306
1381 189
1382 407
1383 79
1384 478
1385 150
1386 370
1387 39
1388 325
1389 17
1390 283
1391 82
1392 189
1393 207
1394 387
1395 486
1396 410
1397 61
1398 53
1399 358
1400 184
1401 108
1402 351
1403 89
1404 38
1405 286
1406 350
1407 140
1408 402
1409 236
1410 238
1411 385
1412 158
1413 321
1414 146
1415 494
1416 435
1417 167
1418 169
1419 281
1420 457
1421 151
1422 469
1423 439
1424 22
1425 35
1426 130
1427 117
1428 143
1429 157
1430 14
1431 384
1432 473
1433 372
1434 139
1435 232
1436 426
1437 205
1438 68
1439 280
1440 473
1441 450
1442 85
1443 201
1444 171
1445 335
1446 238
1447 325
1448 168
1449 436
1450 3
1451 321
1452 484
1453 441
1454 443
1455 356
1456 217
1457 367
1458 78
1459 38
1460 347
1461 194
1462 333
1463 257
1464 179
1465 263
1466 195
1467 338
1468 493
1469 500
1470 203
1471 438
1472 85
1473 402
1474 36
1475 16
1476 494
1477 127
1478 136
1479 165
1480 158
1481 97
1482 273
1483 439
1484 414
1485 492
1486 406
1487 268
1488 415
1489 318
1490 318
1491 24
1492 102
1493 474
1494 46
1495 453
1496 74
1497 458
1498 480
1499 401
1500 393
1501 103
1502 203
1503 106
1504 316
1505 141
1506 498
1507 11
1508 251
1509 170
1510 75
1511 4
1512 353
1513 478
1514 171
1515 416
1516 234
1517 447
1518 287
1519 272
1520 237
1521 328
1522 37
1523 46
1524 67
1525 457
1526 484
1527 287
1528 2
1529 473
1530 179
1531 229
1532 303
1533 203
1534 80
1535 353
1536 286
1537 309
1538 99
1539 168
1540 12
1541 431
1542 324
1543 48
1544 404
1545 198
1546 458
1547 358
1548 325
1549 28
1550 2
1551 9
1552 459
1553 404
1554 298
1555 42
1556 82
1557 83
1558 442
1559 189
1560 263
1561 5
1562 130
1563 418
1564 108
1565 316
1566 477
1567 198
1568 282
1569 86
1570 428
1571 170
1572 144
1573 276
1574 139
1575 417
1576 263
1577 194
1578 450
1579 67
1580 208
1581 361
1582 204
1583 134
1584 157
1585 142
1586 478
1587 43
1588 347
1589 440
1590 285
1591 396
1592 129
1593 115
1594 244
1595 51
1596 85
1597 397
1598 23
1599 8
1600 464
1601 431
1602 387
1603 467
1604 120
1605 54
1606 182
1607 181
1608 137
1609 432
1610 435
1611 241
1612 29
1613 401
1614 101
1615 240
1616 458
1617 312
1618 273
1619 378
1620 1
1621 388
1622 102
1623 380
1624 192
1625 293
1626 6
1627 347
1628 174
1629 29
1630 173
1631 249
1632 208
1633 446
1634 454
1635 496
1636 372
1637 112
1638 325
1639 495
1640 385
1641 258
1642 462
1643 255
1644 140
1645 486
1646 144
1647 3
1648 114
1649 249
1650 435
1651 458
1652 296
1653 435
1654 419
1655 217
1656 78
1657 458
1658 396
1659 496
1660 403
1661 345
1662 489
1663 7
1664 235
1665 268
1666 211
1667 315
1668 193
1669 103
1670 245
1671 473
1672 248
1673 443
1674 406
1675 4
1676 70
1677 175
1678 118
1679 26
1680 224
1681 135
1682 281
1683 51
1684 288
1685 82
1686 459
1687 475
1688 214
1689 256
1690 133
1691 495
1692 176
1693 328
1694 429
1695 41
1696 485
1697 201
1698 437
1699 500
1700 296
1701 120
1702 311
1703 30
1704 271
1705 28
1706 179
1707 18
1708 130
1709 353
1710 2
1711 6
1712 159
1713 164
1714 348
1715 483
1716 166
1717 182
1718 197
1719 441
1720 489
1721 435
1722 62
1723 46
1724 399
1725 140
1726 497
1727 135
1728 197
1729 5
1730 453
1731 66
1732 488
1733 152
1734 105
1735 418
1736 378
1737 56
1738 489
1739 250
1740 323
1741 239
1742 324
1743 14
1744 415
1745 105
1746 225
1747 420
1748 265
1749 389
1750 468
1751 471
1752 4
1753 191
1754 216
1755 247
1756 32
1757 32
1758 461
1759 337
1760 301
1761 411
1762 474
1763 461
1764 82
1765 303
1766 441
1767 323
1768 26
1769 334
1770 471
1771 82
1772 362
1773 418
1774 196
1775 401
1776 4
1777 496
1778 468
1779 29
1780 439
1781 241
1782 87
1783 157
1784 492
1785 425
1786 292
1787 411
1788 62
1789 78
1790 422
1791 449
1792 191
1793 370
1794 228
1795 327
1796 451
1797 418
1798 126
1799 339
1800 337
1801 483
1802 472
1803 392
1804 243
1805 140
1806 382
1807 232
1808 59
1809 381
1810 83
1811 415
1812 462
1813 392
1814 345
1815 92
1816 269
1817 347
1818 367
1819 103
1820 328
1821 2
1822 229
1823 238
1824 264
1825 430
1826 442
1827 7
1828 477
1829 321
1830 362
1831 303
1832 255
1833 217
1834 496
1835 211
1836 269
1837 123
1838 500
1839 70
1840 245
1841 155
1842 495
1843 422
1844 278
1845 96
1846 275
1847 456
1848 42
1849 436
1850 218
1851 155
1852 106
1853 54
1854 311
1855 161
1856 85
1857 25
1858 110
1859 254
1860 271
1861 432
1862 7
1863 294
1864 168
1865 100
1866 441
1867 498
1868 282
1869 344
1870 455
1871 279
1872 354
1873 423
1874 153
1875 206
1876 387
1877 451
1878 480
1879 227
1880 358
1881 401
1882 436
1883 381
1884 237
1885 225
1886 146
1887 211
1888 280
1889 490
1890 48
1891 12
1892 105
1893 262
1894 407
1895 360
1896 177
1897 274
1898 310
1899 338
1900 202
1901 276
1902 306
1903 236
1904 348
1905 332
1906 56
1907 463
1908 137
1909 277
1910 217
1911 233
1912 25
1913 281
1914 161
1915 389
1916 120
1917 460
1918 280
1919 392
1920 219
1921 180
1922 191
1923 176
1924 73
1925 439
1926 486
1927 46
1928 202
1929 281
1930 360
1931 285
1932 125
1933 427
1934 275
1935 401
1936 301
1937 179
1938 470
1939 353
1940 223
1941 418
1942 52
1943 246
1944 218
1945 43
1946 292
1947 236
1948 66
1949 320
1950 429
1951 238
1952 284
1953 409
1954 328
1955 258
1956 52
1957 266
1958 154
1959 46
1960 232
1961 233
1962 191
1963 347
1964 288
1965 339
1966 141
1967 182
1968 37
1969 269
1970 222
1971 394
1972 292
1973 445
1974 352
1975 30
1976 183
1977 49
1978 466
1979 326
1980 208
1981 214
1982 180
1983 500
1984 62
1985 294
1986 332
1987 375
1988 253
1989 152
1990 425
1991 208
1992 174
1993 160
1994 366
1995 474
1996 177
1997 129
1998 317
1999 224
2000 221
2001 253
2002 233
2003 483
2004 289
2005 298
2006 118
2007 450
2008 40
2009 481
2010 41
2011 147
2012 14
2013 422
2014 339
2015 440
2016 194
2017 90
2018 281
2019 135
2020 404
2021 108
2022 385
2023 272
2024 322
2025 405
2026 291
2027 299
2028 151
2029 380
2030 143
2031 247
2032 394
2033 109
2034 140
2035 480
2036 299
2037 28
2038 30
2039 296
2040 126
2041 397
2042 355
2043 181
2044 9
2045 210
2046 250
2047 61
2048 367
2049 80
2050 470
2051 114
2052 471
2053 239
2054 204
2055 37
2056 165
2057 350
2058 164
2059 276
2060 369
2061 265
2062 176
2063 329
2064 411
2065 310
2066 251
2067 384
2068 234
2069 349
2070 384
2071 400
2072 414
2073 441
2074 251
2075 369
2076 187
2077 171
2078 129
2079 309
2080 131
2081 417
2082 346
2083 194
2084 412
2085 366
2086 338
2087 364
2088 22
2089 379
2090 246
2091 462
2092 28
2093 124
2094 15
2095 499
2096 407
2097 315
2098 273
2099 104
2100 398
2101 418
2102 196
2103 309
2104 294
2105 334
2106 31
2107 335
2108 249
2109 409
2110 56
2111 159
2112 22
2113 121
2114 184
2115 343
2116 18
2117 17
2118 387
2119 288
2120 395
2121 66
2122 474
2123 238
2124 217
2125 285
2126 455
2127 12
2128 424
2129 99
2130 455
2131 201
2132 176
2133 152
2134 204
2135 372
2136 195
2137 212
2138 366
2139 61
2140 320
2141 439
2142 452
2143 431
2144 145
2145 141
2146 442
2147 498
2148 55
2149 227
2150 50
2151 219
2152 390
2153 306
2154 55
2155 362
2156 123
2157 329
2158 124
2159 461
2160 200
2161 196
2162 31
2163 41
2164 373
2165 248
2166 90
2167 309
2168 163
2169 162
2170 301
2171 258
2172 465
2173 47
2174 257
2175 59
2176 179
2177 207
2178 293
2179 316
2180 64
2181 431
2182 142
2183 404
2184 232
2185 150
2186 303
2187 26
2188 89
2189 70
2190 296
2191 24
2192 21
2193 101
2194 39
2195 167
2196 68
2197 193
2198 492
2199 440
2200 280
2201 14
2202 329
2203 259
2204 324
2205 31
2206 305
2207 346
2208 101
2209 71
2210 159
2211 362
2212 463
2213 190
2214 123
2215 338
2216 481
2217 475
2218 417
2219 243
2220 420
2221 217
2222 84
2223 439
2224 85
2225 231
2226 255
2227 159
2228 232
2229 156
2230 125
2231 477
2232 158
2233 139
2234 383
2235 177
2236 391
2237 66
2238 459
2239 301
2240 386
2241 457
2242 160
2243 401
2244 79
2245 341
2246 89
2247 213
2248 264
2249 418
2250 186
2251 28
2252 215
2253 180
2254 112
2255 105
2256 155
2257 197
2258 171
2259 27
2260 332
2261 211
2262 372
2263 353
2264 309
2265 11
2266 26
2267 499
2268 440
2269 420
2270 6
2271 488
2272 160
2273 445
2274 451
2275 357
2276 15
2277 294
2278 493
2279 194
2280 453
2281 449
2282 432
2283 99
2284 300
2285 318
2286 372
2287 202
2288 10
2289 422
2290 306
2291 492
2292 229
2293 494
2294 300
2295 164
2296 339
2297 175
2298 92
2299 259
2300 468
2301 33
2302 246
2303 480
2304 347
2305 102
2306 317
2307 80
2308 305
2309 36
2310 465
2311 299
2312 64
2313 307
2314 95
2315 62
2316 475
2317 85
2318 118
2319 5
2320 451
2321 335
2322 59
2323 184
2324 408
2325 156
2326 339
2327 148
2328 161
2329 231
2330 52
2331 419
2332 227
2333 215
2334 444
2335 213
2336 192
2337 240
2338 326
2339 59
2340 280
2341 355
2342 86
2343 406
2344 128
2345 496
2346 104
2347 343
2348 333
2349 135
2350 157
2351 29
2352 352
2353 495
2354 499
2355 334
2356 487
2357 391
2358 364
2359 134
2360 182
2361 51
2362 200
2363 468
2364 390
2365 48
2366 358
2367 63
2368 329
2369 485
2370 380
2371 248
2372 202
2373 293
2374 243
2375 423
2376 322
2377 449
2378 434
2379 412
2380 217
2381 490
2382 224
2383 334
2384 222
2385 144
2386 496
2387 339
2388 475
2389 49
2390 150
2391 7
2392 235
2393 483
2394 434
2395 334
2396 34
2397 253
2398 213
2399 154
2400 174
2401 123
2402 102
2403 224
2404 97
2405 233
2406 190
2407 302
2408 1
2409 85
2410 405
2411 324
2412 147
2413 16
2414 240
2415 105
2416 51
2417 497
2418 295
2419 332
2420 236
2421 319
2422 476
2423 7
2424 149
2425 230
2426 491
2427 353
2428 47
2429 21
2430 435
2431 299
2432 471
2433 398
2434 147
2435 473
2436 490
2437 1
2438 295
2439 171
2440 125
2441 65
2442 474
2443 212
2444 204
2445 288
2446 356
2447 424
2448 232
2449 313
2450 427
2451 33
2452 185
2453 375
2454 355
2455 184
2456 313
2457 18
2458 439
2459 266
2460 398
2461 19
2462 305
2463 470
2464 423
2465 407
2466 12
2467 373
2468 313
2469 491
2470 55
2471 53
2472 99
2473 333
2474 297
2475 471
2476 331
2477 202
2478 263
2479 146
2480 320
2481 64
2482 408
2483 161
2484 57
2485 397
2486 352
2487 295
2488 368
2489 223
2490 222
2491 342
2492 234
2493 426
2494 234
2495 129
2496 445
2497 106
2498 105
2499 61
2500 497
2501 230
2502 303
2503 493
2504 16
2505 17
2506 12
2507 466
2508 214
2509 299
2510 428
2511 303
2512 141
2513 114
2514 448
2515 398
2516 464
2517 51
2518 103
2519 312
2520 16
2521 355
2522 379
2523 161
2524 118
2525 467
2526 115
2527 266
2528 212
2529 416
2530 359
2531 199
2532 338
2533 365
2534 159
2535 427
2536 340
2537 222
2538 293
2539 479
2540 455
2541 101
2542 160
2543 422
2544 264
2545 479
2546 77
2547 298
2548 321
2549 64
2550 493
2551 297
2552 65
2553 360
2554 102
2555 197
2556 246
2557 313
2558 13
2559 109
2560 277
2561 44
2562 258
2563 245
2564 176
2565 389
2566 220
2567 249
2568 435
2569 180
2570 423
2571 274
2572 229
2573 299
2574 130
2575 81
2576 292
2577 393
2578 295
2579 105
2580 274
2581 241
2582 283
2583 219
2584 390
2585 349
2586 302
2587 465
2588 219
2589 382
2590 203
2591 120
2592 127
2593 488
2594 293
2595 433
2596 321
2597 35
2598 145
2599 40
2600 432
2601 454
2602 42
2603 298
2604 302
2605 391
2606 267
2607 264
2608 68
2609 483
2610 82
2611 67
2612 317
2613 343
2614 139
2615 492
2616 386
2617 130
2618 396
2619 2
2620 94
2621 195
2622 404
2623 290
2624 455
2625 180
2626 12
2627 36
2628 362
2629 297
2630 277
2631 398
2632 317
2633 388
2634 357
2635 298
2636 154
2637 201
2638 144
2639 76
2640 167
2641 267
2642 86
2643 369
2644 458
2645 182
2646 185
2647 431
2648 425
2649 21
2650 10
2651 338
2652 334
2653 346
2654 310
2655 90
2656 355
2657 200
2658 437
2659 157
2660 145
2661 159
2662 337
2663 98
2664 460
2665 361
2666 284
2667 46
2668 305
2669 63
2670 199
2671 225
2672 26
2673 300
2674 255
2675 1
2676 425
2677 145
2678 255
2679 8
2680 269
2681 321
2682 150
2683 66
2684 213
2685 258
2686 173
2687 11
2688 12
2689 441
2690 393
2691 299
2692 460
2693 107
2694 326
2695 356
2696 88
2697 410
2698 65
2699 42
2700 105
2701 478
2702 110
2703 1
2704 276
2705 191
2706 348
2707 125
2708 434
2709 198
2710 442
2711 402
2712 409
2713 497
2714 445
2715 465
2716 201
2717 75
2718 387
2719 107
2720 115
2721 232
2722 214
2723 379
2724 121
2725 56
2726 267
2727 327
2728 186
2729 463
2730 173
2731 327
2732 336
2733 181
2734 484
2735 143
2736 59
2737 233
2738 124
2739 138
2740 235
2741 267
2742 84
2743 197
2744 440
2745 441
2746 290
2747 359
2748 123
2749 87
2750 161
2751 168
2752 40
2753 489
2754 307
2755 74
2756 191
2757 252
2758 209
2759 38
2760 133
2761 377
2762 311
2763 134
2764 428
2765 186
2766 90
2767 138
2768 83
2769 160
2770 415
2771 97
2772 492
2773 33
2774 161
2775 429
2776 166
2777 452
2778 111
2779 335
2780 67
2781 430
2782 175
2783 29
2784 107
2785 33
2786 95
2787 101
2788 59
2789 419
2790 88
2791 316
2792 277
2793 420
2794 431
2795 184
2796 123
2797 177
2798 239
2799 303
2800 195
2801 403
2802 247
2803 326
2804 9
2805 479
2806 465
2807 381
2808 9
2809 110
2810 340
2811 443
2812 318
2813 375
2814 361
2815 469
2816 16
2817 461
2818 190
2819 30
2820 218
2821 133
2822 87
2823 415
2824 268
2825 65
2826 158
2827 60
2828 376
2829 280
2830 271
2831 381
2832 233
2833 203
2834 27
2835 377
2836 437
2837 497
2838 481
2839 165
2840 109
2841 40
2842 8
2843 321
2844 89
2845 218
2846 154
2847 300
2848 15
2849 242
2850 95
2851 80
2852 20
2853 14
2854 58
2855 26
2856 335
2857 420
2858 352
2859 156
2860 235
2861 103
2862 386
2863 312
2864 431
2865 267
2866 258
2867 434
2868 355
2869 390
2870 287
2871 452
2872 97
2873 207
2874 377
2875 440
2876 314
2877 476
2878 22
2879 154
2880 112
2881 303
2882 429
2883 338
2884 97
2885 342
2886 438
2887 461
2888 203
2889 143
2890 69
2891 107
2892 67
2893 55
2894 349
2895 392
2896 152
2897 17
2898 248
2899 491
2900 75
2901 220
2902 85
2903 20
2904 290
2905 465
2906 144
2907 450
2908 433
2909 470
2910 497
2911 200
2912 269
2913 143
2914 389
2915 441
2916 147
2917 343
2918 37
2919 463
2920 179
2921 315
2922 489
2923 64
2924 63
2925 88
2926 122
2927 372
2928 305
2929 52
2930 437
2931 111
2932 476
2933 77
2934 256
2935 310
2936 295
2937 418
2938 212
2939 189
2940 364
2941 450
2942 350
2943 282
2944 182
2945 353
2946 59
2947 406
2948 185
2949 432
2950 100
2951 244
2952 268
2953 491
2954 441
2955 320
2956 44
2957 406
2958 46
2959 312
2960 208
2961 335
2962 266
2963 410
2964 45
2965 493
2966 142
2967 35
2968 379
2969 64
2970 427
2971 180
2972 7
2973 277
2974 42
2975 249
2976 161
2977 247
2978 483
2979 253
2980 159
2981 20
2982 170
2983 316
2984 31
2985 456
2986 397
2987 408
2988 345
2989 347
2990 473
2991 437
2992 310
2993 80
2994 437
2995 304
2996 28
2997 428
2998 368
2999 388
3000 65
3001 82
3002 24
3003 109
3004 285
3005 182
3006 186
3007 487
3008 339
3009 82
3010 240
3011 220
3012 298
3013 151
3014 476
3015 451
3016 400
3017 322
3018 172
3019 295
3020 55
3021 56
3022 125
3023 464
3024 271
3025 301
3026 407
3027 246
3028 410
3029 152
3030 414
3031 281
3032 282
3033 39
3034 268
3035 36
3036 265
3037 10
3038 217
3039 454
3040 91
3041 115
3042 218
3043 406
3044 405
3045 296
3046 451
3047 227
3048 199
3049 422
3050 47
3051 168
3052 150
3053 444
3054 118
3055 408
3056 347
3057 159
3058 404
3059 189
3060 297
3061 41
3062 456
3063 149
3064 35
3065 255
3066 391
3067 475
3068 222
3069 389
3070 142
3071 192
3072 436
3073 319
3074 454
3075 132
3076 500
3077 333
3078 195
3079 227
3080 174
3081 29
1453
1908 231
224 186
2492 439
297 80
1680 476
507 191
1479 479
1510 242
1171 133
49 338
2341 360
736 326
2011 295
1410 293
351 259
3000 437
185 427
161 129
1646 492
1673 88
523 63
1555 444
2946 140
1550 131
477 184
2754 216
2748 429
1434 65
367 367
325 149
3060 430
1727 46
158 183
2808 26
2472 374
372 425
1271 263
2103 371
330 353
1621 146
2510 475
2832 434
2426 341
1636 276
217 391
1901 500
484 283
1289 493
222 68
2283 397
1631 427
554 122
1111 99
278 453
211 76
342 35
2261 473
1652 358
178 182
2336 166
707 51
557 335
2814 18
118 103
1588 145
679 357
1148 311
1365 64
1350 269
836 162
1730 114
2725 465
1649 133
1917 486
869 249
1274 157
2233 482
541 222
1143 401
495 363
2138 75
737 194
2347 197
1117 351
2542 30
2845 48
901 144
1096 185
2742 191
434 309
2445 469
2170 60
2396 270
145 74
2678 88
2619 297
2863 16
1097 128
1877 242
1931 192
2422 123
2923 16
2809 399
671 295
1751 198
672 220
2629 291
2015 120
2989 318
2079 494
909 40
119 330
658 258
3009 444
2105 253
2993 45
1361 223
2500 209
2055 269
2783 368
2129 312
257 146
2908 208
932 446
1644 294
589 430
2628 218
3048 181
1794 41
310 344
1164 392
1574 186
288 357
3026 253
2751 81
1369 96
2514 435
1477 413
2268 358
309 100
210 231
1704 264
1395 308
834 299
949 264
1394 358
1255 228
549 205
1121 117
2880 212
2342 340
1718 55
473 474
2245 272
40 202
1338 242
715 290
1176 357
724 317
921 216
1912 89
438 270
2250 54
2710 438
2915 82
1706 214
2738 252
1880 101
2479 475
2498 144
2258 251
2719 467
48 434
800 105
583 436
2991 112
1852 362
1833 370
2294 472
1119 310
236 422
232 78
2933 67
355 192
483 93
2913 61
1336 370
2109 274
714 371
1211 490
254 54
1471 413
1181 123
482 208
2512 404
474 497
1836 356
1275 380
2084 476
66 279
2851 149
2597 348
1742 118
2959 446
1743 144
3042 287
2303 89
2061 496
25 82
2777 237
633 62
1089 443
2707 51
13 215
284 18
1436 486
2194 125
710 252
1995 193
989 343
7 144
196 318
1391 184
1064 143
608 188
972 342
505 276
2582 54
2894 353
888 341
2012 499
234 219
69 412
451 247
2286 45
1049 370
1456 34
1454 474
648 427
1670 146
31 23
1940 477
1174 221
1208 426
376 438
2438 392
2733 359
89 68
1837 129
2729 240
1039 54
2608 226
2529 177
95 424
2905 239
810 450
1625 345
1135 384
2951 357
1444 116
1090 99
578 255
1874 331
2159 493
824 201
2345 143
1340 464
1043 153
1864 486
1161 139
209 17
3062 144
193 183
744 116
241 42
258 227
1581 338
1578 136
2198 441
1678 340
548 441
621 23
2431 223
137 361
688 370
460 167
78 147
1028 345
2003 187
465 416
632 211
1677 426
2925 19
2383 417
1387 384
1511 308
1981 247
843 370
1178 12
2830 207
2404 440
2439 314
2818 382
464 136
3044 314
2408 237
598 490
1848 113
2538 241
623 95
2295 236
1085 62
2049 395
2448 250
104 64
1740 254
2225 252
1453 193
2950 380
1776 499
742 126
1321 386
8 176
1567 116
513 277
559 177
2665 65
729 173
1400 367
1577 400
1220 264
486 116
1998 20
1464 496
766 180
1348 226
276 467
1791 53
1570 342
1482 64
568 213
2701 70
1938 110
1328 27
1481 433
2813 156
2106 218
1905 446
2373 174
2563 492
2855 40
969 359
2773 119
2478 17
1520 55
2201 494
1393 363
643 145
2229 331
238 322
2705 65
1783 357
318 441
2150 340
397 255
3057 433
2799 482
1277 455
758 305
1707 299
518 443
2614 31
1421 105
1813 157
531 31
1865 94
1363 86
2371 493
893 261
169 106
1599 411
2966 24
854 174
2833 69
2807 36
2697 332
1932 407
2762 131
606 488
295 156
2530 255
1872 84
298 148
3049 209
2320 264
163 335
711 372
435 80
1943 333
1351 231
2843 69
826 466
359 308
202 161
2316 317
635 423
2890 491
2090 82
2047 159
2178 434
1851 277
1396 473
2239 396
1476 85
1671 444
2782 301
885 218
1032 378
2577 157
1377 428
2056 255
2653 125
722 178
590 224
74 213
929 35
542 74
1256 180
2437 359
1698 269
2844 269
802 374
1557 421
170 452
270 445
1091 310
2675 47
1041 442
2 45
1031 53
2724 340
1107 19
259 168
2840 16
1478 108
110 306
2669 85
2009 148
2317 337
516 491
218 268
773 432
1992 378
1345 496
2972 204
2699 490
1907 15
2909 299
1536 343
1756 420
197 425
1538 341
2205 132
1970 441
894 218
1219 19
1199 238
1230 326
1029 156
2828 210
449 248
2204 109
1493 487
2116 192
1240 96
2587 147
2939 57
2145 311
2096 99
1685 173
530 471
1890 44
3080 119
968 43
2797 342
2351 187
1941 211
659 217
1957 146
3054 179
553 400
1404 485
502 354
304 47
2346 236
1789 218
2023 417
1728 2
1771 398
2071 268
2858 285
2473 207
1374 424
1930 96
1473 498
2638 208
958 255
2376 366
1133 261
2994 416
1069 449
1416 89
681 159
2718 388
58 349
852 322
1741 70
567 429
1238 209
2920 111
611 25
3014 171
1725 7
1153 145
1157 372
1475 438
1212 285
2395 408
2931 103
2720 449
752 132
1125 243
2435 110
770 20
1102 225
1614 361
2391 91
957 236
1558 313
3027 333
975 230
229 340
2739 466
860 331
2922 292
1964 445
1509 195
2075 3
2423 48
2497 246
831 101
1613 467
2732 231
1702 433
2355 59
2284 55
1407 78
1949 38
374 2
57 439
719 386
1942 84
804 225
1937 433
1604 446
1966 81
1012 262
1760 219
412 407
1158 243
311 498
2787 96
2474 140
2230 4
287 88
787 298
917 298
2694 249
911 435
1447 87
1313 404
1826 332
333 436
1296 455
2842 367
586 17
2943 351
2744 310
1622 107
1323 456
379 35
391 99
301 403
2521 197
2552 452
1769 101
1829 244
1022 145
2954 365
1192 189
1071 259
896 405
1797 262
1206 371
1283 372
594 259
1222 222
2658 96
1162 163
471 410
582 382
1714 189
999 176
1460 331
2503 486
2247 450
1518 430
1975 281
1214 51
634 335
2119 138
3059 38
1626 82
292 83
891 201
302 407
354 415
51 227
1050 384
1598 92
100 335
2600 349
500 368
2627 44
1591 212
1875 184
2486 298
2058 109
3012 496
1247 11
806 114
990 76
815 140
1101 290
369 215
1705 159
1897 209
1587 209
2973 306
2368 351
1667 61
996 233
2123 321
2910 212
2671 91
1388 154
2612 224
511 55
1166 264
1576 393
2756 420
1168 135
2050 20
1360 316
2940 374
2021 60
897 5
1207 238
2926 54
1483 17
657 264
656 128
1582 372
182 242
1526 487
2217 27
1589 260
1915 348
3075 256
1838 236
1403 58
1870 438
2211 83
1424 7
432 189
2645 308
440 269
889 445
2877 122
2980 278
1524 193
1466 427
2532 186
3030 388
2551 137
2622 108
1290 44
2425 280
1866 283
1152 15
1953 221
534 185
2853 437
43 302
1586 464
978 451
226 296
2318 452
2883 390
2190 193
1317 138
181 364
938 484
1814 471
2337 81
2919 397
2495 302
574 222
1465 111
149 425
2202 186
2948 101
828 139
1770 371
1300 313
2142 39
335 8
2941 47
2195 428
2983 137
2126 471
264 165
2997 304
3015 379
83 149
334 239
2215 370
588 96
3065 422
2623 345
2878 161
1653 394
2274 238
1492 148
1132 407
2382 8
246 166
2527 173
747 166
1245 141
479 252
191 287
595 306
2635 393
3008 212
2280 228
607 424
993 393
1927 125
363 311
2024 279
2995 318
602 63
357 395
1767 271
2493 221
1658 371
1683 135
1758 27
980 457
2683 200
727 166
2192 444
2167 278
1487 142
3028 129
2741 13
328 466
793 361
320 427
2528 302
1545 464
625 288
1924 260
1177 276
572 348
2367 131
1810 166
2296 327
168 301
2746 127
1672 234
2001 1
1459 467
2302 196
2051 341
1030 133
501 407
1984 365
2857 147
10 326
3061 8
803 4
1528 391
1295 243
2847 282
3079 452
842 154
2219 307
935 37
825 362
2354 43
918 307
2377 484
861 129
1294 355
2086 499
269 482
528 414
733 280
2124 221
2333 183
416 21
1978 376
1004 393
2590 261
661 36
1201 392
1893 431
797 42
186 93
2095 149
2557 51
2679 221
2372 485
1282 167
1033 388
2921 169
1142 41
1656 395
1257 76
926 448
1024 187
2850 178
489 231
1857 283
462 497
2155 260
2836 320
415 160
2450 346
2918 275
1504 186
1186 99
576 113
1227 330
571 6
2866 339
2816 351
2406 201
1364 439
3020 142
1156 162
832 123
1384 352
2264 20
2115 232
2270 21
417 141
2599 393
2736 323
42 423
1853 71
2275 12
1120 346
1871 368
3056 104
1991 41
2988 213
2505 361
2214 33
538 300
2839 398
1329 201
1472 179
2331 469
33 375
1661 470
323 169
200 227
439 132
1684 217
1470 326
1009 286
830 65
1253 415
1618 387
2615 417
1286 168
1681 82
2466 484
2199 101
1019 63
1918 463
1491 463
675 328
2550 112
1076 375
148 442
1603 43
154 161
1959 481
2838 160
1766 416
377 95
1276 285
2251 62
433 319
1118 366
1630 200
274 13
249 272
2020 103
2254 308
2163 5
164 41
81 59
1811 356
2796 212
1554 38
2273 474
2956 133
493 289
46 342
2125 267
2778 206
2812 171
2827 242
1936 211
630 218
1047 350
1845 165
2344 188
1051 267
2421 20
2272 37
2752 303
1886 427
2882 393
2007 303
135 164
1624 312
1441 358
1248 474
2871 224
15 137
1196 147
948 93
494 456
1709 395
508 464
1701 395
1777 3
3043 175
2291 463
2892 466
2747 279
1062 59
2471 355
2734 449
784 17
1159 306
422 225
2875 452
853 6
348 433
321 33
1448 34
35 482
1018 31
2236 225
1080 323
1439 408
1963 34
1325 1
2911 76
1141 44
2977 57
485 152
1534 373
132 108
771 243
2340 383
2886 245
1601 131
591 142
1761 214
1896 275
121 168
2647 186
1056 169
509 308
442 361
1763 274
2185 462
216 322
2896 156
1700 209
2212 75
207 307
2864 403
11 282
44 422
1721 37
1154 99
1419 361
2041 139
1390 302
1073 290
2189 469
1774 450
1273 204
166 392
728 92
717 372
94 226
2038 225
303 371
1861 51
2279 78
1732 124
2132 32
2374 146
1366 137
1087 52
1305 361
290 189
1923 93
2607 182
2172 113
1128 1
262 42
1488 213
1973 114
629 201
2393 205
2008 230
2475 495
2222 484
850 173
3053 262
3055 24
942 434
829 317
1654 262
1217 96
109 166
2604 461
72 482
1405 486
1450 434
569 34
406 311
1308 495
638 90
155 279
2876 149
1226 411
1449 437
2093 276
2039 172
1542 318
2127 105
1972 477
1331 349
114 470
2962 314
239 235
1566 428
2104 408
1386 324
235 294
838 79
922 356
251 71
1344 243
2571 478
2405 438
260 452
62 305
628 462
2460 277
2016 246
2906 148
308 193
1519 114
1525 206
1648 491
2715 139
1065 354
1124 358
1063 190
499 59
1496 131
841 56
2793 25
2984 188
1458 266
3011 185
2209 449
1717 293
1312 279
1501 71
743 32
1911 275
2248 154
314 148
1881 60
3022 202
1495 103
1580 311
1429 469
2462 479
99 203
976 162
176 7
2308 52
564 175
1025 90
1191 36
1268 264
624 4
350 41
1318 88
2686 97
1885 142
2013 293
1002 154
573 139
23 115
2430 412
2912 297
2841 165
1539 87
1515 281
1438 425
706 4
915 257
410 75
253 29
2419 371
2443 345
882 327
2339 130
1372 200
1411 446
682 16
2220 3
138 364
563 259
2644 211
352 260
1382 259
3007 470
2088 68
378 306
393 227
1579 294
1399 51
1314 157
2052 88
1270 199
1596 232
2398 426
454 428
2441 216
1413 284
558 339
2525 183
910 280
697 461
849 404
14 473
2436 317
2602 401
2173 477
1832 383
1140 328
2963 477
1 29
1665 119
242 179
1110 385
2630 87
2157 471
792 489
2485 447
1266 329
1958 394
2942 407
1749 428
293 243
424 417
2110 482
1628 277
341 472
1910 88
1357 494
2014 484
2586 18
3 404
1324 63
1130 262
2779 466
1126 99
2501 269
12 464
2765 481
2112 295
2097 50
2031 43
2416 350
2257 437
2763 28
2831 495
2757 369
2540 309
1425 166
1462 222
3034 175
1307 77
1607 79
1077 294
2633 403
2703 165
289 119
2766 275
876 211
2786 27
827 500
2200 106
1822 35
1259 211
2907 249
2637 366
1485 230
52 300
1573 481
1036 398
71 431
845 470
1173 237
2455 389
754 399
1074 243
1999 58
1830 444
70 42
1498 12
1113 476
1103 287
2636 326
2022 276
2461 387
407 246
1415 13
2381 426
2553 58
1306 355
1737 54
2523 462
907 311
913 470
1347 374
597 244
3066 160
837 127
651 427
2363 499
1185 150
1976 319
2580 99
1835 60
848 229
1593 248
487 140
1037 268
2680 243
2806 432
2621 404
2238 383
2516 436
476 409
388 322
577 282
468 366
2676 250
2566 433
1288 52
275 294
174 22
3016 245
886 470
1806 363
1969 100
1606 400
774 87
47 263
1696 14
1489 333
152 264
2749 19
2589 373
2144 147
2873 250
2327 372
2141 66
1467 149
183 361
2673 37
1787 359
1474 384
820 441
1397 218
331 63
1422 319
143 467
503 258
2860 455
30 465
38 388
1716 421
1647 398
2575 416
1713 120
2848 66
285 164
86 362
306 475
1900 196
998 461
1841 499
2986 433
2784 64
1808 135
2785 98
268 373
1249 173
1108 199
2361 381
84 21
966 68
2801 112
702 434
2996 374
2117 348
2655 496
2156 187
2711 493
1008 245
2794 65
1533 226
925 193
991 476
2916 58
994 119
201 244
2306 126
844 171
1600 425
457 357
2487 302
963 315
654 329
2073 281
2082 150
2618 357
985 400
1086 172
2380 188
1552 146
1919 101
2987 150
2143 428
2364 298
1093 243
2624 153
1055 466
927 251
385 490
1385 273
1676 348
2708 199
1010 395
1494 479
2046 94
1724 108
1840 416
1561 401
265 280
2712 218
2825 392
599 406
431 409
3033 490
97 354
2315 454
1627 99
2790 424
1738 460
2040 360
346 321
914 409
418 360
2802 429
1402 126
2788 484
1882 473
463 450
1752 379
2914 229
398 297
2544 13
2579 321
2592 106
255 27
324 458
337 78
795 194
61 265
2107 76
2561 179
730 267
2518 266
821 27
2304 164
1070 275
674 465
387 370
381 436
147 44
141 234
206 436
2517 132
1359 222
1241 428
678 177
1516 185
2543 226
693 380
961 487
1106 390
680 431
