10000
2 1
2 3
1 4
2 5
2 6
1 7
5 8
3 9
3 10
1 11
11 12
6 13
11 14
9 15
7 16
16 17
12 18
16 19
19 20
6 21
21 22
15 23
18 24
2 25
19 26
2 27
6 28
11 29
4 30
1 31
17 32
22 33
8 34
34 35
35 36
12 37
2 38
1 39
31 40
31 41
25 42
42 43
8 44
32 45
5 46
36 47
35 48
48 49
49 50
21 51
12 52
43 53
20 54
14 55
31 56
13 57
57 58
54 59
59 60
47 61
16 62
22 63
63 64
62 65
52 66
66 67
1 68
67 69
12 70
35 71
38 72
72 73
70 74
51 75
33 76
5 77
66 78
78 79
45 80
26 81
65 82
82 83
62 84
10 85
85 86
86 87
86 88
28 89
9 90
32 91
91 92
92 93
35 94
94 95
48 96
46 97
77 98
73 99
70 100
46 101
63 102
44 103
40 104
24 105
105 106
78 107
59 108
46 109
104 110
110 111
59 112
75 113
95 114
76 115
46 116
116 117
53 118
99 119
31 120
10 121
104 122
48 123
108 124
10 125
26 126
33 127
66 128
16 129
77 130
55 131
8 132
39 133
106 134
77 135
16 136
67 137
86 138
138 139
102 140
91 141
40 142
77 143
46 144
109 145
105 146
90 147
147 148
29 149
149 150
109 151
70 152
68 153
137 154
74 155
34 156
123 157
137 158
109 159
129 160
142 161
106 162
16 163
83 164
100 165
98 166
138 167
85 168
168 169
169 170
65 171
85 172
13 173
62 174
133 175
175 176
11 177
177 178
134 179
111 180
152 181
149 182
107 183
172 184
182 185
170 186
44 187
100 188
188 189
170 190
159 191
42 192
31 193
124 194
185 195
64 196
196 197
2 198
126 199
149 200
41 201
43 202
25 203
203 204
42 205
205 206
167 207
176 208
152 209
196 210
112 211
211 212
137 213
41 214
137 215
215 216
216 217
18 218
5 219
55 220
36 221
162 222
222 223
143 224
77 225
225 226
47 227
130 228
62 229
45 230
140 231
38 232
232 233
46 234
134 235
125 236
124 237
117 238
218 239
12 240
154 241
173 242
242 243
82 244
125 245
245 246
190 247
165 248
18 249
249 250
48 251
238 252
194 253
46 254
188 255
255 256
211 257
248 258
134 259
184 260
148 261
261 262
151 263
43 264
232 265
265 266
4 267
267 268
140 269
43 270
182 271
259 272
272 273
210 274
274 275
275 276
136 277
148 278
270 279
59 280
280 281
281 282
42 283
140 284
152 285
9 286
273 287
82 288
87 289
289 290
78 291
273 292
243 293
241 294
54 295
182 296
257 297
239 298
74 299
93 300
110 301
177 302
178 303
271 304
69 305
253 306
136 307
209 308
280 309
95 310
249 311
311 312
312 313
295 314
311 315
306 316
316 317
16 318
216 319
246 320
71 321
321 322
76 323
8 324
154 325
215 326
154 327
327 328
328 329
75 330
63 331
202 332
290 333
262 334
6 335
46 336
335 337
337 338
319 339
35 340
340 341
341 342
147 343
235 344
344 345
345 346
140 347
285 348
244 349
312 350
323 351
330 352
313 353
111 354
354 355
79 356
338 357
20 358
335 359
359 360
360 361
37 362
362 363
20 364
237 365
305 366
296 367
240 368
33 369
108 370
231 371
221 372
73 373
46 374
305 375
63 376
280 377
2 378
378 379
322 380
214 381
128 382
212 383
183 384
314 385
83 386
187 387
201 388
18 389
169 390
390 391
263 392
392 393
177 394
366 395
214 396
191 397
373 398
398 399
8 400
400 401
396 402
402 403
169 404
168 405
81 406
191 407
407 408
408 409
371 410
95 411
353 412
226 413
413 414
351 415
370 416
128 417
160 418
418 419
150 420
51 421
71 422
323 423
304 424
24 425
185 426
426 427
220 428
135 429
238 430
4 431
431 432
427 433
433 434
340 435
307 436
401 437
180 438
438 439
284 440
177 441
7 442
419 443
195 444
54 445
99 446
78 447
109 448
271 449
449 450
32 451
201 452
127 453
453 454
395 455
411 456
430 457
451 458
190 459
148 460
301 461
57 462
66 463
463 464
91 465
297 466
408 467
32 468
274 469
172 470
84 471
89 472
166 473
124 474
206 475
53 476
428 477
477 478
426 479
479 480
480 481
352 482
423 483
483 484
249 485
485 486
120 487
487 488
488 489
370 490
280 491
161 492
365 493
267 494
494 495
495 496
390 497
401 498
72 499
40 500
146 501
501 502
292 503
183 504
218 505
198 506
506 507
428 508
216 509
175 510
27 511
123 512
512 513
340 514
122 515
373 516
516 517
7 518
327 519
497 520
520 521
521 522
83 523
523 524
241 525
138 526
30 527
8 528
232 529
300 530
131 531
531 532
16 533
533 534
9 535
535 536
303 537
13 538
407 539
539 540
153 541
541 542
318 543
28 544
539 545
545 546
136 547
420 548
377 549
188 550
550 551
53 552
550 553
445 554
515 555
331 556
139 557
273 558
558 559
372 560
191 561
439 562
316 563
505 564
292 565
224 566
553 567
481 568
242 569
569 570
474 571
139 572
423 573
557 574
574 575
170 576
124 577
358 578
578 579
489 580
352 581
405 582
582 583
152 584
499 585
226 586
227 587
8 588
307 589
186 590
576 591
24 592
362 593
593 594
288 595
300 596
8 597
474 598
224 599
570 600
280 601
38 602
550 603
603 604
8 605
167 606
606 607
607 608
53 609
305 610
610 611
611 612
538 613
229 614
614 615
605 616
249 617
297 618
422 619
332 620
83 621
483 622
555 623
303 624
624 625
65 626
317 627
352 628
415 629
61 630
630 631
42 632
371 633
633 634
358 635
168 636
636 637
585 638
556 639
51 640
432 641
406 642
642 643
388 644
51 645
645 646
572 647
46 648
196 649
584 650
493 651
162 652
116 653
493 654
62 655
52 656
497 657
657 658
316 659
465 660
293 661
424 662
375 663
133 664
559 665
411 666
566 667
80 668
233 669
667 670
182 671
671 672
360 673
7 674
674 675
634 676
313 677
248 678
610 679
488 680
500 681
16 682
372 683
683 684
1 685
143 686
287 687
210 688
546 689
138 690
260 691
146 692
396 693
382 694
235 695
513 696
418 697
141 698
119 699
635 700
161 701
298 702
260 703
94 704
704 705
387 706
578 707
357 708
377 709
226 710
266 711
614 712
500 713
287 714
714 715
507 716
324 717
124 718
109 719
719 720
188 721
352 722
233 723
220 724
724 725
597 726
726 727
135 728
258 729
34 730
518 731
598 732
686 733
711 734
146 735
285 736
736 737
710 738
172 739
244 740
740 741
668 742
742 743
85 744
48 745
745 746
32 747
105 748
261 749
215 750
663 751
217 752
237 753
102 754
754 755
276 756
750 757
293 758
308 759
1 760
518 761
739 762
730 763
763 764
463 765
152 766
251 767
695 768
313 769
721 770
38 771
665 772
772 773
265 774
34 775
514 776
524 777
540 778
778 779
459 780
780 781
464 782
737 783
166 784
243 785
785 786
300 787
480 788
36 789
672 790
432 791
32 792
605 793
352 794
428 795
644 796
443 797
555 798
219 799
706 800
548 801
801 802
71 803
465 804
804 805
202 806
303 807
707 808
567 809
366 810
709 811
475 812
482 813
813 814
814 815
146 816
386 817
580 818
602 819
240 820
658 821
821 822
9 823
404 824
802 825
445 826
826 827
352 828
160 829
134 830
484 831
65 832
335 833
205 834
169 835
513 836
101 837
30 838
452 839
112 840
647 841
759 842
382 843
504 844
624 845
362 846
583 847
41 848
848 849
336 850
304 851
630 852
252 853
477 854
514 855
855 856
856 857
451 858
818 859
204 860
331 861
93 862
823 863
97 864
864 865
799 866
430 867
867 868
705 869
869 870
113 871
324 872
872 873
825 874
273 875
431 876
876 877
644 878
872 879
13 880
121 881
500 882
1 883
22 884
884 885
119 886
713 887
882 888
64 889
535 890
292 891
36 892
892 893
737 894
390 895
712 896
252 897
749 898
421 899
605 900
79 901
73 902
302 903
903 904
904 905
427 906
906 907
595 908
908 909
909 910
616 911
813 912
563 913
913 914
540 915
385 916
829 917
556 918
6 919
91 920
920 921
921 922
261 923
923 924
857 925
730 926
472 927
927 928
111 929
206 930
579 931
931 932
433 933
117 934
363 935
935 936
85 937
805 938
405 939
780 940
898 941
102 942
667 943
505 944
944 945
160 946
324 947
137 948
869 949
754 950
103 951
784 952
805 953
953 954
409 955
386 956
455 957
167 958
835 959
605 960
184 961
435 962
332 963
930 964
516 965
965 966
235 967
95 968
968 969
355 970
413 971
210 972
752 973
837 974
198 975
959 976
858 977
957 978
978 979
653 980
751 981
507 982
114 983
748 984
984 985
482 986
122 987
98 988
988 989
824 990
922 991
195 992
845 993
562 994
147 995
868 996
921 997
960 998
122 999
999 1000
1000 1001
148 1002
403 1003
161 1004
456 1005
1005 1006
514 1007
1007 1008
966 1009
878 1010
266 1011
468 1012
1012 1013
627 1014
18 1015
1015 1016
375 1017
79 1018
1018 1019
1019 1020
529 1021
118 1022
218 1023
183 1024
779 1025
45 1026
262 1027
1006 1028
586 1029
161 1030
264 1031
172 1032
7 1033
469 1034
187 1035
554 1036
397 1037
852 1038
1038 1039
538 1040
1040 1041
133 1042
328 1043
206 1044
1044 1045
866 1046
346 1047
1047 1048
971 1049
761 1050
526 1051
950 1052
263 1053
424 1054
1054 1055
683 1056
523 1057
406 1058
1058 1059
623 1060
152 1061
200 1062
278 1063
333 1064
111 1065
542 1066
825 1067
16 1068
877 1069
116 1070
31 1071
244 1072
604 1073
1073 1074
301 1075
167 1076
105 1077
770 1078
650 1079
1079 1080
399 1081
562 1082
133 1083
823 1084
1084 1085
1085 1086
1024 1087
632 1088
1088 1089
845 1090
462 1091
663 1092
873 1093
856 1094
651 1095
384 1096
917 1097
485 1098
846 1099
795 1100
536 1101
355 1102
187 1103
197 1104
839 1105
1105 1106
139 1107
92 1108
270 1109
521 1110
176 1111
52 1112
1112 1113
1099 1114
876 1115
1115 1116
540 1117
411 1118
1118 1119
956 1120
1120 1121
96 1122
1077 1123
1123 1124
504 1125
1125 1126
241 1127
744 1128
981 1129
830 1130
40 1131
721 1132
467 1133
272 1134
461 1135
1057 1136
685 1137
1105 1138
108 1139
743 1140
1140 1141
879 1142
210 1143
453 1144
808 1145
656 1146
813 1147
374 1148
591 1149
755 1150
1150 1151
791 1152
233 1153
377 1154
569 1155
413 1156
1156 1157
742 1158
235 1159
675 1160
29 1161
398 1162
1162 1163
156 1164
138 1165
1165 1166
565 1167
517 1168
90 1169
280 1170
3 1171
156 1172
1172 1173
216 1174
1174 1175
1016 1176
826 1177
1148 1178
65 1179
11 1180
1180 1181
287 1182
889 1183
473 1184
764 1185
415 1186
886 1187
1187 1188
275 1189
1189 1190
1053 1191
1191 1192
370 1193
262 1194
1194 1195
4 1196
61 1197
117 1198
611 1199
1156 1200
1200 1201
899 1202
410 1203
326 1204
642 1205
1205 1206
821 1207
566 1208
536 1209
1209 1210
74 1211
983 1212
1212 1213
1037 1214
1214 1215
1215 1216
1216 1217
1146 1218
1023 1219
384 1220
1054 1221
56 1222
517 1223
886 1224
1224 1225
1174 1226
1205 1227
124 1228
461 1229
108 1230
1063 1231
862 1232
896 1233
552 1234
1234 1235
18 1236
1236 1237
1139 1238
619 1239
565 1240
1240 1241
1241 1242
790 1243
1243 1244
882 1245
160 1246
1246 1247
988 1248
513 1249
759 1250
796 1251
1251 1252
959 1253
430 1254
372 1255
144 1256
583 1257
1224 1258
1258 1259
949 1260
1260 1261
155 1262
110 1263
1227 1264
1143 1265
271 1266
531 1267
1041 1268
1268 1269
146 1270
1017 1271
800 1272
1043 1273
929 1274
1274 1275
1275 1276
1276 1277
531 1278
1063 1279
931 1280
1188 1281
903 1282
1282 1283
711 1284
26 1285
1285 1286
1286 1287
1287 1288
955 1289
340 1290
283 1291
266 1292
78 1293
1293 1294
343 1295
856 1296
1296 1297
323 1298
718 1299
939 1300
361 1301
525 1302
796 1303
1303 1304
993 1305
582 1306
810 1307
1158 1308
1308 1309
261 1310
1075 1311
185 1312
71 1313
582 1314
1314 1315
1315 1316
1316 1317
1314 1318
139 1319
67 1320
1245 1321
112 1322
647 1323
1323 1324
1237 1325
1325 1326
66 1327
451 1328
78 1329
38 1330
125 1331
88 1332
1332 1333
1017 1334
1334 1335
915 1336
1247 1337
759 1338
257 1339
1112 1340
876 1341
1159 1342
997 1343
1343 1344
1344 1345
344 1346
1168 1347
1206 1348
1294 1349
150 1350
65 1351
1351 1352
1090 1353
142 1354
467 1355
1355 1356
1356 1357
47 1358
496 1359
27 1360
1360 1361
946 1362
1029 1363
1348 1364
611 1365
1365 1366
1366 1367
484 1368
680 1369
26 1370
1370 1371
908 1372
897 1373
1248 1374
1374 1375
176 1376
1152 1377
1067 1378
1378 1379
1261 1380
880 1381
946 1382
644 1383
844 1384
1384 1385
263 1386
215 1387
279 1388
89 1389
1389 1390
91 1391
1121 1392
923 1393
1233 1394
1394 1395
1125 1396
718 1397
177 1398
1325 1399
752 1400
1014 1401
1389 1402
1402 1403
692 1404
444 1405
832 1406
1336 1407
547 1408
1408 1409
1369 1410
1410 1411
226 1412
1412 1413
1413 1414
543 1415
890 1416
774 1417
1417 1418
622 1419
356 1420
18 1421
629 1422
1216 1423
1122 1424
1424 1425
151 1426
127 1427
701 1428
592 1429
599 1430
639 1431
781 1432
1307 1433
936 1434
996 1435
1137 1436
749 1437
217 1438
146 1439
898 1440
410 1441
1363 1442
1442 1443
42 1444
266 1445
1445 1446
1286 1447
713 1448
1448 1449
1449 1450
1450 1451
129 1452
32 1453
1259 1454
863 1455
1085 1456
1101 1457
1251 1458
1458 1459
1023 1460
908 1461
978 1462
1462 1463
1179 1464
309 1465
1126 1466
1381 1467
1151 1468
1071 1469
1130 1470
1470 1471
811 1472
1278 1473
89 1474
1474 1475
176 1476
852 1477
697 1478
1411 1479
1144 1480
1480 1481
794 1482
1127 1483
333 1484
704 1485
1178 1486
1486 1487
1291 1488
588 1489
1407 1490
1279 1491
564 1492
879 1493
1123 1494
1142 1495
256 1496
228 1497
434 1498
1456 1499
1499 1500
1500 1501
1501 1502
1502 1503
1503 1504
1504 1505
1505 1506
1506 1507
640 1508
1076 1509
461 1510
1510 1511
399 1512
1512 1513
438 1514
439 1515
1371 1516
983 1517
207 1518
481 1519
1519 1520
1173 1521
1521 1522
952 1523
1523 1524
1524 1525
1223 1526
1418 1527
1197 1528
1523 1529
1529 1530
193 1531
608 1532
455 1533
876 1534
204 1535
879 1536
37 1537
958 1538
999 1539
257 1540
1092 1541
1050 1542
1542 1543
1279 1544
370 1545
1545 1546
1474 1547
1547 1548
133 1549
1549 1550
315 1551
780 1552
1552 1553
1553 1554
840 1555
695 1556
643 1557
1349 1558
1558 1559
490 1560
968 1561
1283 1562
1414 1563
1358 1564
967 1565
210 1566
158 1567
1552 1568
1524 1569
1569 1570
1450 1571
345 1572
333 1573
1424 1574
599 1575
276 1576
214 1577
331 1578
74 1579
1552 1580
278 1581
1581 1582
1582 1583
569 1584
1584 1585
216 1586
1586 1587
1587 1588
1069 1589
1479 1590
1521 1591
346 1592
1592 1593
1554 1594
838 1595
1178 1596
1596 1597
1286 1598
1541 1599
1599 1600
862 1601
1601 1602
1580 1603
891 1604
477 1605
986 1606
322 1607
1402 1608
779 1609
1609 1610
237 1611
977 1612
1612 1613
1613 1614
179 1615
1615 1616
1616 1617
1617 1618
464 1619
1089 1620
935 1621
945 1622
301 1623
1042 1624
858 1625
1283 1626
276 1627
545 1628
1138 1629
1578 1630
515 1631
1357 1632
569 1633
1633 1634
1634 1635
327 1636
542 1637
742 1638
1036 1639
1485 1640
945 1641
1544 1642
1168 1643
126 1644
359 1645
1553 1646
681 1647
1647 1648
1648 1649
1649 1650
1499 1651
965 1652
872 1653
1653 1654
1654 1655
564 1656
703 1657
543 1658
1325 1659
1659 1660
1660 1661
327 1662
383 1663
1663 1664
1031 1665
1617 1666
811 1667
1210 1668
636 1669
1669 1670
1670 1671
531 1672
664 1673
1673 1674
285 1675
1675 1676
1676 1677
1420 1678
1678 1679
661 1680
900 1681
1055 1682
1682 1683
496 1684
847 1685
967 1686
775 1687
566 1688
374 1689
210 1690
121 1691
1565 1692
1692 1693
452 1694
1694 1695
112 1696
1042 1697
552 1698
1149 1699
1308 1700
1333 1701
63 1702
237 1703
253 1704
1327 1705
1078 1706
1706 1707
1707 1708
1708 1709
1236 1710
1683 1711
1711 1712
1614 1713
1486 1714
1714 1715
131 1716
1574 1717
1717 1718
1102 1719
1113 1720
1549 1721
1147 1722
975 1723
896 1724
1457 1725
1415 1726
506 1727
1098 1728
1728 1729
1021 1730
306 1731
1533 1732
242 1733
369 1734
668 1735
340 1736
1736 1737
1537 1738
559 1739
683 1740
1486 1741
1668 1742
708 1743
1258 1744
133 1745
839 1746
1453 1747
849 1748
1748 1749
1529 1750
1750 1751
952 1752
1064 1753
1753 1754
1247 1755
1599 1756
1090 1757
1342 1758
1151 1759
1225 1760
683 1761
103 1762
52 1763
444 1764
954 1765
657 1766
626 1767
770 1768
844 1769
200 1770
916 1771
537 1772
522 1773
1773 1774
937 1775
1531 1776
1776 1777
1777 1778
1033 1779
1779 1780
1537 1781
141 1782
763 1783
114 1784
1784 1785
235 1786
1049 1787
1305 1788
1221 1789
1507 1790
225 1791
586 1792
1391 1793
685 1794
311 1795
1299 1796
413 1797
941 1798
348 1799
329 1800
393 1801
1500 1802
1802 1803
130 1804
1804 1805
403 1806
414 1807
443 1808
1804 1809
106 1810
960 1811
1811 1812
945 1813
1512 1814
490 1815
1639 1816
1113 1817
208 1818
1090 1819
387 1820
1813 1821
995 1822
28 1823
933 1824
641 1825
555 1826
973 1827
1827 1828
1249 1829
1647 1830
1640 1831
1438 1832
1832 1833
1249 1834
1778 1835
265 1836
817 1837
1077 1838
545 1839
1134 1840
460 1841
1668 1842
1842 1843
943 1844
247 1845
974 1846
483 1847
1847 1848
1594 1849
1849 1850
1850 1851
964 1852
1852 1853
64 1854
503 1855
390 1856
1045 1857
646 1858
1126 1859
233 1860
1688 1861
434 1862
346 1863
1591 1864
74 1865
1865 1866
355 1867
1740 1868
1868 1869
601 1870
1784 1871
1567 1872
264 1873
1873 1874
604 1875
274 1876
210 1877
1877 1878
758 1879
1550 1880
125 1881
291 1882
1444 1883
150 1884
728 1885
1539 1886
1886 1887
684 1888
238 1889
61 1890
1890 1891
1891 1892
1892 1893
1269 1894
1303 1895
485 1896
34 1897
696 1898
1898 1899
783 1900
1900 1901
784 1902
977 1903
1283 1904
1904 1905
225 1906
580 1907
473 1908
1908 1909
284 1910
969 1911
638 1912
1228 1913
1913 1914
108 1915
266 1916
1810 1917
993 1918
1918 1919
1488 1920
1718 1921
1921 1922
1001 1923
1923 1924
8 1925
180 1926
1804 1927
522 1928
1448 1929
283 1930
1930 1931
961 1932
1293 1933
830 1934
518 1935
1179 1936
405 1937
1937 1938
1734 1939
237 1940
1940 1941
1941 1942
1403 1943
1930 1944
1562 1945
1524 1946
168 1947
1129 1948
934 1949
1949 1950
1950 1951
795 1952
1952 1953
1939 1954
332 1955
1564 1956
1105 1957
1639 1958
632 1959
801 1960
1306 1961
903 1962
1582 1963
122 1964
1034 1965
1109 1966
708 1967
1576 1968
1968 1969
1133 1970
692 1971
231 1972
1972 1973
611 1974
1314 1975
722 1976
167 1977
1 1978
1978 1979
756 1980
1825 1981
1981 1982
849 1983
1983 1984
136 1985
1082 1986
1974 1987
1987 1988
1227 1989
1797 1990
147 1991
1991 1992
1992 1993
1087 1994
797 1995
999 1996
1996 1997
707 1998
861 1999
1999 2000
882 2001
1922 2002
34 2003
1129 2004
845 2005
2005 2006
2006 2007
303 2008
238 2009
660 2010
1490 2011
1758 2012
625 2013
496 2014
1660 2015
1610 2016
598 2017
2017 2018
1283 2019
1183 2020
855 2021
2021 2022
1381 2023
567 2024
1312 2025
2025 2026
226 2027
443 2028
1617 2029
1709 2030
1404 2031
388 2032
1286 2033
1528 2034
2034 2035
779 2036
47 2037
1095 2038
2038 2039
2039 2040
1916 2041
2041 2042
1215 2043
1494 2044
2044 2045
1150 2046
1529 2047
307 2048
1572 2049
2049 2050
31 2051
1032 2052
51 2053
1349 2054
1434 2055
1880 2056
32 2057
512 2058
93 2059
42 2060
57 2061
2061 2062
2062 2063
1087 2064
1656 2065
1759 2066
234 2067
2067 2068
2068 2069
219 2070
1968 2071
461 2072
827 2073
416 2074
52 2075
143 2076
278 2077
240 2078
2078 2079
2079 2080
1278 2081
249 2082
662 2083
760 2084
740 2085
882 2086
782 2087
1525 2088
641 2089
669 2090
198 2091
567 2092
2003 2093
2093 2094
1713 2095
1440 2096
92 2097
2097 2098
2098 2099
2099 2100
1442 2101
2101 2102
640 2103
1961 2104
1198 2105
69 2106
1451 2107
1524 2108
393 2109
2064 2110
1467 2111
2111 2112
641 2113
1721 2114
271 2115
1492 2116
2116 2117
316 2118
70 2119
2119 2120
699 2121
1072 2122
1518 2123
2123 2124
2124 2125
111 2126
2126 2127
667 2128
251 2129
2129 2130
1273 2131
1925 2132
33 2133
485 2134
2090 2135
756 2136
49 2137
1589 2138
1688 2139
878 2140
1465 2141
34 2142
57 2143
823 2144
1708 2145
1262 2146
2110 2147
2147 2148
1695 2149
233 2150
2150 2151
2003 2152
2152 2153
2086 2154
420 2155
2155 2156
589 2157
360 2158
1005 2159
858 2160
673 2161
537 2162
1758 2163
871 2164
1729 2165
1114 2166
1260 2167
1164 2168
2168 2169
2143 2170
544 2171
2007 2172
1626 2173
1852 2174
1745 2175
1059 2176
2176 2177
392 2178
481 2179
2179 2180
719 2181
1775 2182
1673 2183
2004 2184
213 2185
1040 2186
2186 2187
1046 2188
2188 2189
90 2190
1895 2191
2191 2192
1139 2193
652 2194
2107 2195
2195 2196
1897 2197
2146 2198
1644 2199
1451 2200
887 2201
1713 2202
2029 2203
1295 2204
1646 2205
1215 2206
910 2207
1683 2208
4 2209
359 2210
108 2211
2211 2212
1665 2213
97 2214
2214 2215
1203 2216
587 2217
45 2218
1564 2219
860 2220
1132 2221
763 2222
2222 2223
1872 2224
253 2225
2225 2226
2226 2227
121 2228
94 2229
634 2230
1238 2231
899 2232
2232 2233
1670 2234
2234 2235
1788 2236
1861 2237
821 2238
1105 2239
2232 2240
2238 2241
885 2242
1530 2243
2243 2244
2119 2245
1018 2246
304 2247
770 2248
2116 2249
2249 2250
2188 2251
1092 2252
2117 2253
1996 2254
2254 2255
2159 2256
1470 2257
1344 2258
800 2259
2158 2260
1917 2261
1457 2262
1850 2263
671 2264
2264 2265
355 2266
969 2267
1395 2268
2268 2269
1543 2270
196 2271
195 2272
824 2273
1081 2274
2274 2275
2275 2276
346 2277
1885 2278
2048 2279
422 2280
2280 2281
539 2282
19 2283
1195 2284
802 2285
1117 2286
79 2287
210 2288
31 2289
1550 2290
1032 2291
2206 2292
2292 2293
1202 2294
445 2295
96 2296
181 2297
1836 2298
500 2299
680 2300
2133 2301
62 2302
462 2303
19 2304
1483 2305
893 2306
1267 2307
1737 2308
725 2309
765 2310
1555 2311
1142 2312
2312 2313
649 2314
2109 2315
1232 2316
1071 2317
1443 2318
1912 2319
1336 2320
639 2321
1206 2322
1279 2323
540 2324
1625 2325
1860 2326
1773 2327
512 2328
1133 2329
1461 2330
2330 2331
1324 2332
2332 2333
2333 2334
1330 2335
1525 2336
1363 2337
1060 2338
1241 2339
1092 2340
569 2341
741 2342
211 2343
1802 2344
829 2345
508 2346
2346 2347
1834 2348
2348 2349
2108 2350
2137 2351
1634 2352
2352 2353
1561 2354
1088 2355
2202 2356
881 2357
1166 2358
605 2359
218 2360
2048 2361
1591 2362
2307 2363
1055 2364
1323 2365
346 2366
2193 2367
2367 2368
2368 2369
941 2370
2370 2371
720 2372
2372 2373
77 2374
624 2375
20 2376
418 2377
316 2378
2282 2379
403 2380
1410 2381
1663 2382
1892 2383
856 2384
207 2385
918 2386
282 2387
1685 2388
147 2389
1765 2390
1529 2391
1659 2392
228 2393
2369 2394
1434 2395
1270 2396
2396 2397
638 2398
2216 2399
232 2400
2350 2401
2401 2402
356 2403
306 2404
332 2405
2405 2406
2406 2407
60 2408
2220 2409
142 2410
2410 2411
923 2412
1984 2413
1749 2414
853 2415
900 2416
1027 2417
724 2418
1621 2419
2264 2420
1374 2421
1047 2422
96 2423
1935 2424
2265 2425
2318 2426
993 2427
2427 2428
1773 2429
2429 2430
1613 2431
1367 2432
918 2433
929 2434
2434 2435
1809 2436
1142 2437
1435 2438
575 2439
2197 2440
244 2441
402 2442
2442 2443
1522 2444
1833 2445
2097 2446
2446 2447
2372 2448
1337 2449
159 2450
1548 2451
2451 2452
2452 2453
1486 2454
1476 2455
626 2456
2333 2457
2457 2458
2458 2459
847 2460
1946 2461
2461 2462
792 2463
1810 2464
563 2465
606 2466
1374 2467
657 2468
999 2469
2469 2470
881 2471
1138 2472
221 2473
2473 2474
1813 2475
2475 2476
843 2477
214 2478
1917 2479
1375 2480
2189 2481
1500 2482
1496 2483
1363 2484
358 2485
2294 2486
2054 2487
1037 2488
5 2489
131 2490
1360 2491
2352 2492
991 2493
2247 2494
690 2495
1915 2496
2496 2497
2471 2498
1793 2499
1627 2500
2181 2501
67 2502
1496 2503
1894 2504
1642 2505
2505 2506
594 2507
2507 2508
1114 2509
389 2510
657 2511
2261 2512
453 2513
748 2514
498 2515
2515 2516
2198 2517
1028 2518
2196 2519
1666 2520
2499 2521
1599 2522
392 2523
2523 2524
2176 2525
1207 2526
2526 2527
812 2528
695 2529
781 2530
2530 2531
2531 2532
1752 2533
1531 2534
2015 2535
1213 2536
2536 2537
2178 2538
2166 2539
2015 2540
2510 2541
1021 2542
1987 2543
229 2544
1351 2545
2545 2546
2546 2547
549 2548
343 2549
2549 2550
2550 2551
1808 2552
2233 2553
1695 2554
1583 2555
563 2556
2556 2557
2557 2558
348 2559
914 2560
1269 2561
1900 2562
541 2563
2563 2564
2554 2565
2260 2566
1581 2567
1109 2568
1712 2569
1964 2570
2372 2571
2354 2572
1537 2573
1441 2574
1027 2575
2575 2576
756 2577
1469 2578
286 2579
93 2580
373 2581
721 2582
1564 2583
212 2584
1009 2585
519 2586
2586 2587
450 2588
2467 2589
2037 2590
912 2591
1027 2592
602 2593
1499 2594
2307 2595
334 2596
1736 2597
1096 2598
1485 2599
201 2600
2181 2601
2601 2602
2602 2603
2603 2604
2604 2605
2519 2606
2606 2607
2019 2608
2100 2609
567 2610
368 2611
328 2612
2612 2613
2125 2614
451 2615
1839 2616
243 2617
1368 2618
2613 2619
2619 2620
131 2621
1124 2622
907 2623
1425 2624
1467 2625
2530 2626
860 2627
8 2628
2419 2629
2221 2630
2630 2631
1235 2632
1809 2633
1867 2634
2634 2635
355 2636
1465 2637
1134 2638
671 2639
2202 2640
2582 2641
2408 2642
1272 2643
1104 2644
478 2645
2400 2646
2646 2647
837 2648
2648 2649
1582 2650
1320 2651
854 2652
828 2653
2653 2654
385 2655
576 2656
2117 2657
2657 2658
2658 2659
1585 2660
2660 2661
1911 2662
1030 2663
1462 2664
2664 2665
2567 2666
2666 2667
2667 2668
1935 2669
890 2670
1475 2671
2286 2672
1302 2673
2673 2674
1235 2675
476 2676
455 2677
2196 2678
2074 2679
260 2680
1216 2681
1244 2682
2057 2683
1845 2684
554 2685
119 2686
2686 2687
1589 2688
2688 2689
607 2690
2690 2691
2371 2692
99 2693
2693 2694
689 2695
569 2696
2215 2697
765 2698
2039 2699
929 2700
816 2701
1557 2702
2237 2703
1113 2704
318 2705
2705 2706
2706 2707
2707 2708
1263 2709
935 2710
2359 2711
1294 2712
2336 2713
2555 2714
942 2715
2403 2716
2334 2717
894 2718
1213 2719
2376 2720
1889 2721
2665 2722
2722 2723
425 2724
2071 2725
1301 2726
2718 2727
1805 2728
1680 2729
1751 2730
1699 2731
1008 2732
1521 2733
1548 2734
1818 2735
1220 2736
2736 2737
1929 2738
2738 2739
2739 2740
257 2741
1178 2742
2742 2743
2655 2744
2744 2745
2378 2746
1644 2747
766 2748
669 2749
2749 2750
2750 2751
189 2752
1935 2753
1347 2754
2754 2755
609 2756
1326 2757
2478 2758
148 2759
2759 2760
808 2761
385 2762
1657 2763
463 2764
611 2765
1998 2766
2766 2767
1742 2768
960 2769
2669 2770
2537 2771
2532 2772
1710 2773
835 2774
1275 2775
2608 2776
1034 2777
2771 2778
1239 2779
315 2780
1948 2781
313 2782
1565 2783
2783 2784
2784 2785
1675 2786
2173 2787
2275 2788
2391 2789
822 2790
1333 2791
1684 2792
733 2793
2793 2794
2177 2795
1957 2796
2216 2797
2797 2798
1601 2799
1792 2800
2676 2801
173 2802
2527 2803
1972 2804
2456 2805
106 2806
1551 2807
2807 2808
1453 2809
662 2810
2456 2811
920 2812
274 2813
260 2814
2814 2815
819 2816
2816 2817
2817 2818
2818 2819
2203 2820
2450 2821
1160 2822
1629 2823
2823 2824
637 2825
1879 2826
2826 2827
2827 2828
2238 2829
1278 2830
2830 2831
2831 2832
441 2833
2662 2834
1283 2835
2835 2836
1982 2837
2751 2838
1564 2839
1187 2840
2343 2841
687 2842
302 2843
1301 2844
2186 2845
2418 2846
2846 2847
2847 2848
60 2849
2626 2850
2290 2851
1147 2852
2202 2853
340 2854
2145 2855
1292 2856
2856 2857
2286 2858
2401 2859
2090 2860
2078 2861
2861 2862
1462 2863
2525 2864
2864 2865
2865 2866
880 2867
2227 2868
2868 2869
2424 2870
2742 2871
2504 2872
345 2873
1275 2874
480 2875
2875 2876
928 2877
412 2878
1959 2879
606 2880
2880 2881
1882 2882
2882 2883
2883 2884
661 2885
2885 2886
2886 2887
2579 2888
1536 2889
2482 2890
1880 2891
2891 2892
1739 2893
2771 2894
1852 2895
940 2896
2896 2897
2883 2898
2067 2899
1289 2900
1847 2901
477 2902
1620 2903
1127 2904
2745 2905
1089 2906
626 2907
1473 2908
1857 2909
853 2910
2910 2911
2098 2912
184 2913
531 2914
2576 2915
161 2916
585 2917
823 2918
2153 2919
2919 2920
2803 2921
2921 2922
1211 2923
2923 2924
2924 2925
2573 2926
1844 2927
2573 2928
2904 2929
2929 2930
2930 2931
2144 2932
2750 2933
2933 2934
2431 2935
2345 2936
568 2937
2500 2938
940 2939
2939 2940
2379 2941
211 2942
2148 2943
2180 2944
645 2945
1664 2946
83 2947
1054 2948
2621 2949
2949 2950
766 2951
2450 2952
1613 2953
2358 2954
2698 2955
1027 2956
2132 2957
236 2958
913 2959
2959 2960
2960 2961
1378 2962
740 2963
1885 2964
1721 2965
2965 2966
2966 2967
588 2968
1233 2969
1379 2970
914 2971
2108 2972
1060 2973
250 2974
1000 2975
765 2976
502 2977
2977 2978
987 2979
1482 2980
869 2981
912 2982
387 2983
2983 2984
72 2985
684 2986
982 2987
93 2988
2988 2989
2316 2990
732 2991
544 2992
2938 2993
2449 2994
2994 2995
2995 2996
1252 2997
2814 2998
2998 2999
2999 3000
1646 3001
2341 3002
1165 3003
221 3004
1287 3005
2921 3006
1049 3007
2822 3008
1882 3009
792 3010
2419 3011
2453 3012
32 3013
2872 3014
138 3015
3015 3016
3016 3017
3017 3018
451 3019
212 3020
3020 3021
230 3022
3022 3023
3023 3024
335 3025
1149 3026
2224 3027
100 3028
1787 3029
2383 3030
952 3031
604 3032
2020 3033
3033 3034
1374 3035
1615 3036
959 3037
3037 3038
2474 3039
882 3040
1392 3041
1959 3042
2660 3043
3043 3044
2025 3045
48 3046
402 3047
87 3048
571 3049
2299 3050
2477 3051
1039 3052
2634 3053
1121 3054
2464 3055
2989 3056
1273 3057
1245 3058
2575 3059
1574 3060
3060 3061
3061 3062
1313 3063
1789 3064
2329 3065
1862 3066
1578 3067
3067 3068
3068 3069
2558 3070
2480 3071
1334 3072
978 3073
900 3074
1880 3075
401 3076
205 3077
1113 3078
741 3079
1080 3080
504 3081
882 3082
909 3083
2569 3084
897 3085
1516 3086
997 3087
1058 3088
359 3089
3089 3090
3090 3091
3091 3092
1679 3093
3093 3094
3094 3095
3095 3096
367 3097
492 3098
1643 3099
1135 3100
3100 3101
2035 3102
724 3103
865 3104
3104 3105
1103 3106
1062 3107
1797 3108
219 3109
3109 3110
962 3111
2053 3112
200 3113
1654 3114
2384 3115
1422 3116
2205 3117
2793 3118
98 3119
50 3120
2606 3121
978 3122
3122 3123
1584 3124
430 3125
2502 3126
3126 3127
3061 3128
1653 3129
3129 3130
1614 3131
276 3132
1232 3133
239 3134
3134 3135
2080 3136
2007 3137
2634 3138
3138 3139
2482 3140
3 3141
3141 3142
3142 3143
3143 3144
1768 3145
2807 3146
3146 3147
3147 3148
3148 3149
3149 3150
971 3151
2297 3152
583 3153
1627 3154
1995 3155
203 3156
1786 3157
540 3158
250 3159
2984 3160
2533 3161
614 3162
3162 3163
2852 3164
3163 3165
2817 3166
422 3167
3167 3168
2151 3169
1416 3170
1575 3171
79 3172
3172 3173
1103 3174
2115 3175
994 3176
47 3177
509 3178
3080 3179
2736 3180
1678 3181
1803 3182
2945 3183
2867 3184
2056 3185
1424 3186
3186 3187
2501 3188
1335 3189
1533 3190
225 3191
1390 3192
401 3193
1846 3194
3194 3195
3057 3196
697 3197
2298 3198
161 3199
3199 3200
2431 3201
3042 3202
517 3203
2591 3204
139 3205
3205 3206
1094 3207
547 3208
3208 3209
2109 3210
1086 3211
2199 3212
900 3213
3213 3214
2470 3215
387 3216
2274 3217
737 3218
100 3219
2023 3220
958 3221
103 3222
3222 3223
3223 3224
3224 3225
2344 3226
831 3227
58 3228
1674 3229
1601 3230
1316 3231
3231 3232
3232 3233
3233 3234
3098 3235
1072 3236
2363 3237
474 3238
2399 3239
2755 3240
3240 3241
770 3242
1520 3243
173 3244
2643 3245
490 3246
3246 3247
1457 3248
1965 3249
3001 3250
3157 3251
159 3252
729 3253
1741 3254
1447 3255
434 3256
2206 3257
3139 3258
3133 3259
614 3260
2072 3261
2956 3262
2425 3263
1096 3264
3264 3265
1920 3266
3247 3267
1202 3268
2315 3269
773 3270
2191 3271
1186 3272
2005 3273
3273 3274
3274 3275
1250 3276
85 3277
2975 3278
2793 3279
18 3280
1 3281
305 3282
1156 3283
1302 3284
289 3285
3024 3286
1717 3287
790 3288
3288 3289
1803 3290
372 3291
724 3292
106 3293
586 3294
1165 3295
2745 3296
3296 3297
3297 3298
511 3299
3299 3300
3249 3301
2938 3302
2807 3303
806 3304
3304 3305
2934 3306
1132 3307
3307 3308
2413 3309
1280 3310
188 3311
383 3312
574 3313
1885 3314
1734 3315
1 3316
1866 3317
3317 3318
1823 3319
2860 3320
554 3321
1949 3322
2187 3323
594 3324
5 3325
3325 3326
66 3327
1825 3328
2920 3329
3329 3330
3330 3331
3331 3332
173 3333
2072 3334
3334 3335
3027 3336
3336 3337
1026 3338
3338 3339
1250 3340
370 3341
1819 3342
3342 3343
682 3344
953 3345
1396 3346
2881 3347
3347 3348
1314 3349
3349 3350
2784 3351
2840 3352
1198 3353
3135 3354
3197 3355
3355 3356
235 3357
1707 3358
543 3359
3359 3360
1222 3361
2262 3362
1157 3363
1193 3364
1626 3365
2673 3366
2544 3367
941 3368
3368 3369
591 3370
3370 3371
209 3372
771 3373
3373 3374
1001 3375
2231 3376
1552 3377
3377 3378
2703 3379
416 3380
2369 3381
649 3382
2866 3383
2722 3384
790 3385
3138 3386
2749 3387
1415 3388
2756 3389
1458 3390
1710 3391
3391 3392
579 3393
728 3394
641 3395
2275 3396
149 3397
1993 3398
2578 3399
1087 3400
311 3401
794 3402
1641 3403
2015 3404
3404 3405
1725 3406
3337 3407
2041 3408
2529 3409
2906 3410
2337 3411
2845 3412
165 3413
1411 3414
1021 3415
2480 3416
3416 3417
3417 3418
513 3419
2048 3420
250 3421
3421 3422
2603 3423
3423 3424
1335 3425
1783 3426
1781 3427
1147 3428
1278 3429
1082 3430
2554 3431
1169 3432
3432 3433
1432 3434
1741 3435
69 3436
2184 3437
79 3438
1052 3439
1606 3440
719 3441
1966 3442
3390 3443
3443 3444
1210 3445
2215 3446
865 3447
3447 3448
1644 3449
1018 3450
3450 3451
3430 3452
2763 3453
2707 3454
832 3455
2982 3456
2881 3457
1003 3458
2155 3459
3459 3460
3351 3461
2247 3462
3144 3463
342 3464
1723 3465
768 3466
3466 3467
2707 3468
624 3469
1395 3470
1554 3471
3390 3472
413 3473
3473 3474
490 3475
1332 3476
1251 3477
2601 3478
487 3479
3107 3480
3372 3481
3204 3482
2662 3483
468 3484
2318 3485
2157 3486
611 3487
3487 3488
3488 3489
3489 3490
357 3491
94 3492
403 3493
3493 3494
1172 3495
562 3496
1871 3497
706 3498
1429 3499
1563 3500
1052 3501
2224 3502
2850 3503
289 3504
3265 3505
3505 3506
851 3507
3507 3508
2770 3509
1358 3510
1469 3511
93 3512
325 3513
3110 3514
3514 3515
1960 3516
344 3517
1697 3518
327 3519
1497 3520
2965 3521
3521 3522
3433 3523
1210 3524
1880 3525
1104 3526
302 3527
3527 3528
3528 3529
1443 3530
1469 3531
2291 3532
3532 3533
3049 3534
2226 3535
469 3536
3135 3537
2741 3538
401 3539
1563 3540
1015 3541
3507 3542
771 3543
1159 3544
852 3545
2344 3546
1859 3547
3547 3548
2844 3549
3466 3550
3550 3551
619 3552
2371 3553
1763 3554
3554 3555
2062 3556
3556 3557
1741 3558
3511 3559
225 3560
3560 3561
3085 3562
679 3563
1982 3564
57 3565
92 3566
3269 3567
12 3568
691 3569
3070 3570
3165 3571
539 3572
2578 3573
2098 3574
3574 3575
2418 3576
31 3577
3456 3578
3578 3579
1214 3580
2139 3581
2270 3582
210 3583
2466 3584
3173 3585
3585 3586
1799 3587
672 3588
2985 3589
494 3590
3590 3591
1725 3592
583 3593
2183 3594
3594 3595
1177 3596
1171 3597
316 3598
1053 3599
2295 3600
3600 3601
131 3602
2478 3603
3603 3604
3412 3605
2718 3606
397 3607
3249 3608
3608 3609
2494 3610
3610 3611
3611 3612
1724 3613
3613 3614
3320 3615
36 3616
3387 3617
1382 3618
919 3619
3619 3620
2502 3621
3218 3622
3622 3623
654 3624
853 3625
969 3626
3131 3627
1365 3628
2091 3629
3629 3630
3630 3631
3631 3632
3632 3633
1097 3634
970 3635
3491 3636
3636 3637
3637 3638
2543 3639
1579 3640
3465 3641
1016 3642
367 3643
233 3644
3644 3645
506 3646
3274 3647
2770 3648
3617 3649
2426 3650
3291 3651
1263 3652
2526 3653
1122 3654
2765 3655
3655 3656
883 3657
1133 3658
2038 3659
1621 3660
3192 3661
3626 3662
3662 3663
2804 3664
2967 3665
778 3666
1375 3667
1484 3668
532 3669
199 3670
3670 3671
3251 3672
1511 3673
662 3674
2494 3675
3675 3676
3676 3677
932 3678
1361 3679
2481 3680
2433 3681
487 3682
3546 3683
3243 3684
2479 3685
1838 3686
3602 3687
82 3688
2535 3689
2142 3690
3690 3691
3691 3692
3169 3693
1965 3694
938 3695
2820 3696
3555 3697
2264 3698
2167 3699
1923 3700
2997 3701
1814 3702
3702 3703
3703 3704
431 3705
2922 3706
3140 3707
740 3708
3708 3709
1045 3710
2322 3711
859 3712
2003 3713
3263 3714
320 3715
3715 3716
903 3717
3717 3718
2634 3719
1227 3720
3579 3721
235 3722
209 3723
178 3724
1244 3725
3725 3726
204 3727
3727 3728
671 3729
3628 3730
3433 3731
582 3732
1789 3733
911 3734
3051 3735
588 3736
627 3737
513 3738
2895 3739
1481 3740
3740 3741
2682 3742
471 3743
2120 3744
1438 3745
1999 3746
1598 3747
3747 3748
1830 3749
2301 3750
318 3751
1203 3752
2281 3753
3753 3754
3206 3755
1505 3756
119 3757
3757 3758
3758 3759
3759 3760
34 3761
3761 3762
2790 3763
1490 3764
506 3765
1077 3766
3208 3767
53 3768
2087 3769
3769 3770
3398 3771
1212 3772
3772 3773
3773 3774
3774 3775
479 3776
3776 3777
33 3778
2161 3779
893 3780
870 3781
2701 3782
2947 3783
1980 3784
2184 3785
1046 3786
881 3787
923 3788
930 3789
13 3790
493 3791
3791 3792
2138 3793
1587 3794
87 3795
1357 3796
1875 3797
3797 3798
396 3799
3799 3800
2884 3801
511 3802
3255 3803
1798 3804
3804 3805
3805 3806
132 3807
2084 3808
3808 3809
3809 3810
3810 3811
1061 3812
1877 3813
2577 3814
745 3815
3815 3816
415 3817
3444 3818
3653 3819
3344 3820
3637 3821
181 3822
681 3823
3823 3824
2303 3825
2146 3826
239 3827
3827 3828
3444 3829
3829 3830
3830 3831
3831 3832
3832 3833
2088 3834
2989 3835
503 3836
2505 3837
3837 3838
1658 3839
2859 3840
3462 3841
3841 3842
3842 3843
3843 3844
1564 3845
2680 3846
2814 3847
253 3848
3848 3849
1375 3850
670 3851
859 3852
2929 3853
2497 3854
464 3855
2276 3856
2843 3857
240 3858
3858 3859
2048 3860
2040 3861
1079 3862
3156 3863
1964 3864
2894 3865
1283 3866
1318 3867
1458 3868
3651 3869
2238 3870
2538 3871
2191 3872
2155 3873
1435 3874
3874 3875
76 3876
3223 3877
2941 3878
3147 3879
2910 3880
3200 3881
3881 3882
3882 3883
2796 3884
3884 3885
3885 3886
2878 3887
3771 3888
1035 3889
3889 3890
537 3891
2030 3892
3892 3893
1362 3894
1364 3895
809 3896
1802 3897
58 3898
2860 3899
3348 3900
888 3901
1719 3902
632 3903
3903 3904
873 3905
2643 3906
3307 3907
1555 3908
3908 3909
1007 3910
1829 3911
3911 3912
2551 3913
3913 3914
1120 3915
2256 3916
3168 3917
3917 3918
3696 3919
3919 3920
2609 3921
1524 3922
2460 3923
2013 3924
3924 3925
3883 3926
1908 3927
577 3928
1607 3929
2493 3930
2180 3931
1948 3932
3932 3933
2216 3934
2741 3935
430 3936
3936 3937
3937 3938
2159 3939
189 3940
3940 3941
2917 3942
3942 3943
1733 3944
1232 3945
2356 3946
676 3947
814 3948
2476 3949
1956 3950
3950 3951
908 3952
375 3953
109 3954
3954 3955
3483 3956
394 3957
1157 3958
3958 3959
58 3960
1449 3961
3961 3962
2162 3963
3667 3964
2931 3965
2076 3966
3773 3967
2150 3968
2396 3969
1743 3970
3213 3971
3971 3972
3777 3973
803 3974
2774 3975
1935 3976
2704 3977
2083 3978
745 3979
2318 3980
371 3981
2502 3982
1944 3983
2376 3984
896 3985
2573 3986
2234 3987
3576 3988
3988 3989
2983 3990
241 3991
1061 3992
1310 3993
1727 3994
1374 3995
3030 3996
1890 3997
2297 3998
3318 3999
1636 4000
3267 4001
4001 4002
1250 4003
212 4004
4004 4005
3569 4006
1972 4007
3020 4008
166 4009
4009 4010
3784 4011
1776 4012
4012 4013
4013 4014
2796 4015
3708 4016
1326 4017
3936 4018
1695 4019
18 4020
1760 4021
4021 4022
375 4023
679 4024
1693 4025
1359 4026
3683 4027
4027 4028
1950 4029
2047 4030
593 4031
2970 4032
3648 4033
4033 4034
2122 4035
2816 4036
3098 4037
3820 4038
4038 4039
1580 4040
3484 4041
1815 4042
752 4043
742 4044
4044 4045
3123 4046
232 4047
2432 4048
1278 4049
2361 4050
2435 4051
4051 4052
1267 4053
4053 4054
303 4055
3679 4056
2569 4057
158 4058
1261 4059
2429 4060
3305 4061
577 4062
2560 4063
2931 4064
4064 4065
990 4066
3537 4067
2879 4068
2629 4069
2936 4070
678 4071
4071 4072
4072 4073
3662 4074
404 4075
543 4076
784 4077
1526 4078
4078 4079
2181 4080
1240 4081
4081 4082
3807 4083
4052 4084
2405 4085
3901 4086
4086 4087
118 4088
2347 4089
4089 4090
58 4091
3341 4092
3051 4093
2893 4094
2239 4095
3835 4096
515 4097
2058 4098
2875 4099
4099 4100
4100 4101
4101 4102
1061 4103
1692 4104
2120 4105
615 4106
3459 4107
1733 4108
4009 4109
4109 4110
933 4111
4111 4112
47 4113
4113 4114
1651 4115
3327 4116
3036 4117
3021 4118
2519 4119
2307 4120
4120 4121
820 4122
1432 4123
3785 4124
3681 4125
2360 4126
79 4127
4127 4128
2202 4129
2516 4130
3188 4131
4131 4132
3460 4133
3630 4134
832 4135
2741 4136
106 4137
1014 4138
915 4139
3882 4140
1895 4141
4141 4142
4142 4143
4143 4144
1266 4145
1261 4146
3960 4147
1436 4148
3468 4149
758 4150
3425 4151
773 4152
1459 4153
3635 4154
523 4155
1134 4156
3805 4157
4157 4158
3149 4159
1028 4160
2036 4161
3588 4162
3739 4163
1214 4164
234 4165
151 4166
1824 4167
4167 4168
2188 4169
920 4170
2941 4171
1230 4172
1774 4173
969 4174
4174 4175
1131 4176
1598 4177
2715 4178
4178 4179
4179 4180
1943 4181
2907 4182
1816 4183
3776 4184
4184 4185
2267 4186
4186 4187
1754 4188
1422 4189
1592 4190
1426 4191
1089 4192
1435 4193
1028 4194
3782 4195
3689 4196
4196 4197
3218 4198
1491 4199
154 4200
526 4201
3809 4202
3737 4203
1699 4204
2570 4205
2151 4206
1586 4207
2629 4208
2664 4209
4136 4210
3751 4211
2490 4212
4212 4213
376 4214
2663 4215
48 4216
1598 4217
2239 4218
4200 4219
2144 4220
1207 4221
4221 4222
519 4223
3195 4224
1397 4225
2809 4226
872 4227
639 4228
4085 4229
302 4230
3490 4231
4129 4232
4232 4233
2867 4234
3748 4235
2960 4236
4236 4237
3794 4238
4238 4239
3552 4240
4016 4241
2004 4242
3546 4243
1446 4244
3515 4245
4245 4246
2555 4247
355 4248
4162 4249
1406 4250
1951 4251
3736 4252
3335 4253
1152 4254
4254 4255
1424 4256
4256 4257
4084 4258
3904 4259
4259 4260
2158 4261
684 4262
4262 4263
443 4264
3180 4265
4265 4266
2334 4267
676 4268
406 4269
4091 4270
3340 4271
2231 4272
4015 4273
4273 4274
225 4275
4234 4276
2705 4277
4027 4278
1845 4279
2066 4280
3484 4281
326 4282
1217 4283
4283 4284
2668 4285
3677 4286
2990 4287
3493 4288
302 4289
826 4290
791 4291
91 4292
1357 4293
374 4294
4294 4295
3067 4296
4296 4297
58 4298
1238 4299
198 4300
2522 4301
3763 4302
2418 4303
4303 4304
213 4305
4305 4306
477 4307
4307 4308
2078 4309
882 4310
4045 4311
4133 4312
4312 4313
1636 4314
1893 4315
1577 4316
1175 4317
4168 4318
1466 4319
2532 4320
4171 4321
899 4322
657 4323
836 4324
4324 4325
4130 4326
4326 4327
4327 4328
4328 4329
588 4330
165 4331
3741 4332
4133 4333
2895 4334
3492 4335
1054 4336
3243 4337
1165 4338
403 4339
478 4340
1459 4341
3916 4342
2638 4343
4343 4344
4344 4345
2025 4346
4346 4347
422 4348
3956 4349
431 4350
2736 4351
3044 4352
3276 4353
1765 4354
4354 4355
3813 4356
1647 4357
3728 4358
3413 4359
1672 4360
4360 4361
4361 4362
4362 4363
3685 4364
1881 4365
2606 4366
3215 4367
2330 4368
1890 4369
3722 4370
1129 4371
3161 4372
15 4373
1054 4374
4343 4375
3605 4376
872 4377
3521 4378
3825 4379
2819 4380
3815 4381
1148 4382
3341 4383
4383 4384
107 4385
801 4386
4386 4387
493 4388
2893 4389
2179 4390
2 4391
2853 4392
2277 4393
4393 4394
4378 4395
2764 4396
777 4397
4397 4398
2016 4399
1913 4400
4400 4401
982 4402
3335 4403
1863 4404
2421 4405
2336 4406
4406 4407
662 4408
4408 4409
3886 4410
1485 4411
2281 4412
56 4413
2451 4414
2895 4415
3471 4416
3812 4417
4417 4418
652 4419
4419 4420
4420 4421
2087 4422
4422 4423
1320 4424
2611 4425
1093 4426
4222 4427
3851 4428
698 4429
3370 4430
1756 4431
2567 4432
1184 4433
4404 4434
1941 4435
3263 4436
3914 4437
598 4438
4438 4439
4065 4440
2069 4441
2378 4442
2303 4443
1941 4444
4444 4445
1938 4446
4128 4447
2723 4448
3731 4449
1025 4450
652 4451
2478 4452
400 4453
2741 4454
2799 4455
2835 4456
4456 4457
4457 4458
336 4459
2250 4460
4026 4461
708 4462
956 4463
3789 4464
2383 4465
3141 4466
510 4467
4467 4468
937 4469
873 4470
4470 4471
505 4472
2265 4473
4473 4474
3335 4475
3213 4476
4476 4477
4477 4478
1449 4479
492 4480
1165 4481
2036 4482
2176 4483
1737 4484
876 4485
1114 4486
3425 4487
4487 4488
1759 4489
124 4490
2058 4491
834 4492
117 4493
3216 4494
4494 4495
4495 4496
425 4497
3932 4498
2375 4499
3510 4500
3237 4501
3029 4502
4357 4503
2489 4504
4351 4505
1440 4506
2601 4507
3647 4508
3292 4509
248 4510
4356 4511
3319 4512
4512 4513
4513 4514
168 4515
2285 4516
557 4517
4517 4518
2751 4519
3037 4520
1452 4521
2837 4522
4522 4523
1422 4524
4504 4525
725 4526
658 4527
3032 4528
3571 4529
3681 4530
2600 4531
4531 4532
824 4533
4360 4534
4534 4535
950 4536
2114 4537
1167 4538
766 4539
4539 4540
1784 4541
3258 4542
1397 4543
1168 4544
4116 4545
498 4546
739 4547
2630 4548
942 4549
4549 4550
2178 4551
2244 4552
1790 4553
2146 4554
3336 4555
300 4556
4556 4557
924 4558
3131 4559
286 4560
3063 4561
4561 4562
893 4563
536 4564
4409 4565
586 4566
4566 4567
192 4568
1807 4569
4569 4570
190 4571
4571 4572
2615 4573
1826 4574
1195 4575
3633 4576
2624 4577
4577 4578
3043 4579
2113 4580
485 4581
2175 4582
3566 4583
4583 4584
4584 4585
1915 4586
4140 4587
4184 4588
244 4589
3172 4590
4590 4591
4411 4592
4592 4593
3786 4594
182 4595
4595 4596
4596 4597
2861 4598
1387 4599
2848 4600
4600 4601
3021 4602
1390 4603
787 4604
3692 4605
3110 4606
4606 4607
2177 4608
4076 4609
4195 4610
454 4611
2953 4612
4612 4613
813 4614
1241 4615
3657 4616
1623 4617
1315 4618
593 4619
1730 4620
3354 4621
3564 4622
3747 4623
4388 4624
2147 4625
4263 4626
1660 4627
4627 4628
3803 4629
2037 4630
467 4631
3036 4632
1710 4633
2375 4634
2285 4635
2626 4636
4081 4637
3046 4638
4638 4639
425 4640
666 4641
2661 4642
4642 4643
4643 4644
589 4645
2342 4646
4166 4647
3864 4648
745 4649
4649 4650
3660 4651
2575 4652
2661 4653
1826 4654
4654 4655
1423 4656
4656 4657
4657 4658
1633 4659
1140 4660
1503 4661
364 4662
1442 4663
4272 4664
3539 4665
4665 4666
3260 4667
4667 4668
4668 4669
4669 4670
2603 4671
4671 4672
2050 4673
2005 4674
1338 4675
3010 4676
981 4677
4677 4678
4678 4679
4679 4680
1001 4681
1843 4682
1741 4683
1374 4684
1190 4685
4685 4686
4205 4687
2579 4688
4563 4689
2599 4690
4690 4691
4691 4692
1213 4693
1812 4694
4694 4695
3636 4696
1223 4697
4379 4698
3900 4699
919 4700
1969 4701
751 4702
4043 4703
4479 4704
4704 4705
2002 4706
1024 4707
247 4708
4295 4709
90 4710
3382 4711
3059 4712
4185 4713
849 4714
51 4715
4424 4716
43 4717
4356 4718
4718 4719
1013 4720
4720 4721
4721 4722
1349 4723
1112 4724
4406 4725
4725 4726
4726 4727
576 4728
545 4729
3053 4730
1223 4731
4173 4732
3055 4733
666 4734
4734 4735
3813 4736
3568 4737
4717 4738
1769 4739
323 4740
341 4741
4741 4742
3676 4743
4726 4744
3925 4745
1582 4746
4746 4747
610 4748
3831 4749
1679 4750
4630 4751
1073 4752
4752 4753
1795 4754
3714 4755
4755 4756
2740 4757
362 4758
1526 4759
2282 4760
377 4761
1699 4762
2689 4763
3666 4764
4764 4765
2009 4766
4028 4767
1317 4768
4599 4769
4769 4770
4541 4771
2023 4772
561 4773
4628 4774
909 4775
636 4776
522 4777
4777 4778
822 4779
2327 4780
4003 4781
3536 4782
4782 4783
4192 4784
2469 4785
4591 4786
4786 4787
1909 4788
4310 4789
1219 4790
4212 4791
3030 4792
3858 4793
653 4794
4794 4795
4795 4796
105 4797
570 4798
650 4799
4040 4800
1337 4801
4582 4802
2488 4803
4803 4804
4804 4805
1411 4806
4214 4807
4432 4808
4750 4809
4809 4810
4334 4811
3220 4812
3494 4813
2846 4814
63 4815
951 4816
4816 4817
4817 4818
2230 4819
3276 4820
4820 4821
4821 4822
3216 4823
1079 4824
3371 4825
1145 4826
4826 4827
633 4828
4828 4829
4829 4830
4830 4831
4645 4832
1026 4833
4833 4834
1088 4835
2 4836
4404 4837
992 4838
67 4839
2460 4840
1828 4841
3705 4842
4842 4843
4773 4844
1482 4845
1658 4846
2334 4847
1405 4848
4848 4849
4849 4850
11 4851
3149 4852
1849 4853
1197 4854
691 4855
4855 4856
2972 4857
4193 4858
3717 4859
3789 4860
4750 4861
4861 4862
3732 4863
4838 4864
794 4865
4112 4866
3196 4867
4867 4868
4868 4869
2355 4870
2209 4871
4766 4872
3622 4873
4597 4874
905 4875
4875 4876
4876 4877
1540 4878
4655 4879
4879 4880
4461 4881
3759 4882
2974 4883
4291 4884
927 4885
2655 4886
4886 4887
3447 4888
2011 4889
1491 4890
4890 4891
1487 4892
1506 4893
4890 4894
1893 4895
3558 4896
1710 4897
1571 4898
1416 4899
4752 4900
2312 4901
2450 4902
1042 4903
4541 4904
1590 4905
2380 4906
1137 4907
236 4908
4108 4909
2323 4910
4520 4911
520 4912
4912 4913
3664 4914
4914 4915
4915 4916
4916 4917
3268 4918
858 4919
3996 4920
4547 4921
569 4922
4922 4923
1109 4924
2867 4925
3630 4926
3059 4927
1654 4928
1849 4929
4929 4930
2193 4931
1342 4932
1058 4933
4529 4934
4934 4935
4935 4936
3210 4937
3358 4938
638 4939
4939 4940
2473 4941
473 4942
4742 4943
324 4944
2770 4945
2676 4946
4769 4947
712 4948
1474 4949
1580 4950
1366 4951
2788 4952
3365 4953
371 4954
2399 4955
2180 4956
2150 4957
2556 4958
4013 4959
4959 4960
3395 4961
4961 4962
803 4963
950 4964
4051 4965
2344 4966
777 4967
3525 4968
4968 4969
502 4970
103 4971
1729 4972
2928 4973
193 4974
2682 4975
825 4976
2079 4977
2840 4978
705 4979
3545 4980
572 4981
4981 4982
3047 4983
3917 4984
1439 4985
4985 4986
3180 4987
4987 4988
344 4989
1853 4990
4990 4991
1636 4992
1929 4993
520 4994
3637 4995
384 4996
1050 4997
2608 4998
1351 4999
3846 5000
296 5001
493 5002
4374 5003
611 5004
3058 5005
5005 5006
3215 5007
4861 5008
5008 5009
289 5010
2837 5011
5011 5012
2668 5013
2054 5014
3660 5015
5015 5016
3774 5017
5017 5018
69 5019
1325 5020
5020 5021
3473 5022
2058 5023
542 5024
5024 5025
283 5026
3918 5027
186 5028
5028 5029
2877 5030
3258 5031
425 5032
5032 5033
5033 5034
3913 5035
1198 5036
1564 5037
3222 5038
6 5039
4271 5040
4959 5041
838 5042
5042 5043
4902 5044
5044 5045
5045 5046
2289 5047
1856 5048
3233 5049
5049 5050
1626 5051
5051 5052
5052 5053
4317 5054
5054 5055
1706 5056
4613 5057
5057 5058
5012 5059
5059 5060
1613 5061
2944 5062
2854 5063
5063 5064
4424 5065
729 5066
2399 5067
120 5068
4980 5069
273 5070
405 5071
984 5072
651 5073
460 5074
523 5075
4032 5076
1562 5077
1238 5078
5078 5079
5079 5080
2684 5081
1604 5082
5082 5083
2096 5084
3394 5085
668 5086
2958 5087
2252 5088
4407 5089
1849 5090
3474 5091
1171 5092
4091 5093
230 5094
3123 5095
1580 5096
5096 5097
2111 5098
688 5099
3022 5100
3726 5101
5101 5102
4160 5103
2656 5104
4638 5105
3766 5106
4559 5107
5107 5108
1325 5109
2248 5110
3082 5111
975 5112
2121 5113
4646 5114
5114 5115
5115 5116
2547 5117
2250 5118
918 5119
4090 5120
507 5121
2667 5122
1301 5123
3204 5124
5124 5125
2895 5126
4057 5127
3657 5128
4614 5129
4129 5130
1390 5131
5131 5132
2341 5133
40 5134
2538 5135
3955 5136
3249 5137
2115 5138
2208 5139
3755 5140
3462 5141
2614 5142
60 5143
5085 5144
804 5145
4459 5146
2508 5147
5147 5148
1629 5149
2133 5150
1813 5151
1027 5152
1812 5153
4297 5154
1491 5155
4239 5156
2244 5157
3676 5158
5158 5159
3305 5160
4781 5161
2984 5162
5162 5163
88 5164
5149 5165
1168 5166
1006 5167
3449 5168
2870 5169
1301 5170
5033 5171
4503 5172
769 5173
1793 5174
5174 5175
5175 5176
4087 5177
2838 5178
217 5179
1235 5180
2647 5181
5181 5182
5182 5183
4431 5184
433 5185
908 5186
240 5187
3884 5188
4296 5189
1382 5190
5190 5191
343 5192
4857 5193
1455 5194
4203 5195
3229 5196
2466 5197
5197 5198
5198 5199
349 5200
3490 5201
873 5202
1998 5203
720 5204
3652 5205
5205 5206
3332 5207
5207 5208
5208 5209
4432 5210
5210 5211
2721 5212
1372 5213
5213 5214
1288 5215
5104 5216
455 5217
999 5218
3532 5219
436 5220
1659 5221
5221 5222
2881 5223
5223 5224
3611 5225
2298 5226
3138 5227
2422 5228
2899 5229
2535 5230
3083 5231
2087 5232
2152 5233
1150 5234
4903 5235
730 5236
2833 5237
5237 5238
4423 5239
4485 5240
3521 5241
537 5242
3877 5243
2970 5244
569 5245
1514 5246
5050 5247
5247 5248
4631 5249
4443 5250
2983 5251
1867 5252
1596 5253
3698 5254
4110 5255
5255 5256
4145 5257
1971 5258
338 5259
2549 5260
2918 5261
591 5262
236 5263
2290 5264
3248 5265
4 5266
5164 5267
4879 5268
5268 5269
4443 5270
2760 5271
1282 5272
2390 5273
2629 5274
3745 5275
4072 5276
3664 5277
5277 5278
3517 5279
1594 5280
757 5281
4415 5282
4210 5283
5283 5284
2101 5285
2365 5286
5286 5287
4966 5288
724 5289
1288 5290
1121 5291
314 5292
317 5293
3902 5294
3088 5295
5201 5296
969 5297
953 5298
5075 5299
171 5300
3009 5301
3108 5302
406 5303
4425 5304
4621 5305
2747 5306
4273 5307
3394 5308
2984 5309
1279 5310
2709 5311
3779 5312
1843 5313
5313 5314
5314 5315
140 5316
5316 5317
469 5318
5318 5319
197 5320
879 5321
1857 5322
1459 5323
1223 5324
1997 5325
5325 5326
2732 5327
2626 5328
5328 5329
4236 5330
2881 5331
1443 5332
2936 5333
4810 5334
2819 5335
896 5336
2163 5337
2444 5338
3191 5339
5339 5340
4222 5341
2783 5342
4989 5343
232 5344
4890 5345
4987 5346
1029 5347
810 5348
31 5349
5349 5350
1410 5351
3364 5352
4460 5353
3474 5354
2726 5355
5355 5356
4864 5357
130 5358
1517 5359
1132 5360
3865 5361
5361 5362
651 5363
3022 5364
5364 5365
834 5366
106 5367
3458 5368
5368 5369
406 5370
4583 5371
1878 5372
5372 5373
5373 5374
5374 5375
5375 5376
1012 5377
3797 5378
1343 5379
4392 5380
4065 5381
1541 5382
1287 5383
1301 5384
4747 5385
3651 5386
3420 5387
351 5388
941 5389
3310 5390
5390 5391
964 5392
2422 5393
2751 5394
1178 5395
2571 5396
1127 5397
5397 5398
2777 5399
3907 5400
5400 5401
4689 5402
5402 5403
5403 5404
5404 5405
4151 5406
2905 5407
3805 5408
4194 5409
5409 5410
5394 5411
1567 5412
5114 5413
5281 5414
5414 5415
5273 5416
4917 5417
5070 5418
5418 5419
1823 5420
2592 5421
2669 5422
5070 5423
4746 5424
1110 5425
830 5426
2285 5427
5427 5428
1066 5429
586 5430
865 5431
2839 5432
2931 5433
211 5434
5434 5435
3776 5436
196 5437
1927 5438
598 5439
4242 5440
4787 5441
2680 5442
278 5443
1038 5444
4597 5445
5445 5446
4620 5447
3086 5448
3225 5449
598 5450
548 5451
449 5452
704 5453
1306 5454
1278 5455
2543 5456
2352 5457
2784 5458
5458 5459
3173 5460
3859 5461
1227 5462
1999 5463
5463 5464
5464 5465
4677 5466
1135 5467
57 5468
2805 5469
3351 5470
1331 5471
1367 5472
524 5473
4995 5474
1714 5475
5475 5476
2524 5477
4496 5478
322 5479
5271 5480
4116 5481
5481 5482
4245 5483
2787 5484
424 5485
3921 5486
3142 5487
2456 5488
5488 5489
3667 5490
5490 5491
3243 5492
4661 5493
2667 5494
50 5495
182 5496
5026 5497
4664 5498
5498 5499
1877 5500
1924 5501
4811 5502
3259 5503
5503 5504
2650 5505
3427 5506
5506 5507
1264 5508
4205 5509
809 5510
1065 5511
5511 5512
844 5513
958 5514
4793 5515
2529 5516
5099 5517
5517 5518
3579 5519
3807 5520
599 5521
435 5522
5522 5523
1852 5524
5422 5525
5525 5526
4289 5527
4515 5528
2506 5529
2134 5530
1577 5531
1788 5532
5532 5533
3513 5534
4755 5535
5535 5536
1819 5537
1282 5538
1851 5539
199 5540
5540 5541
189 5542
3918 5543
1903 5544
5252 5545
4331 5546
5546 5547
306 5548
178 5549
3238 5550
2108 5551
3406 5552
3684 5553
3202 5554
5234 5555
5555 5556
1007 5557
3736 5558
5310 5559
914 5560
3487 5561
564 5562
597 5563
2644 5564
3568 5565
5004 5566
2916 5567
5567 5568
1855 5569
5569 5570
2829 5571
4988 5572
4504 5573
2548 5574
3303 5575
5498 5576
1376 5577
5357 5578
5157 5579
3990 5580
5580 5581
1060 5582
3646 5583
2440 5584
1786 5585
3647 5586
3000 5587
5587 5588
515 5589
5148 5590
5590 5591
2413 5592
5592 5593
1182 5594
2433 5595
921 5596
1403 5597
5597 5598
3647 5599
2185 5600
5600 5601
1891 5602
1022 5603
4943 5604
1624 5605
1169 5606
4532 5607
2414 5608
4843 5609
5609 5610
1830 5611
3990 5612
3464 5613
218 5614
5111 5615
5157 5616
2433 5617
4390 5618
5618 5619
5619 5620
810 5621
3080 5622
2232 5623
1246 5624
5528 5625
1116 5626
1771 5627
2912 5628
5628 5629
5629 5630
5630 5631
1702 5632
5632 5633
2118 5634
5634 5635
148 5636
2502 5637
2938 5638
3420 5639
4106 5640
3644 5641
1248 5642
4757 5643
5313 5644
4484 5645
756 5646
1071 5647
4815 5648
2083 5649
5327 5650
2591 5651
2105 5652
5652 5653
4803 5654
5654 5655
391 5656
2182 5657
743 5658
2052 5659
5659 5660
1374 5661
4577 5662
1901 5663
2391 5664
5664 5665
2557 5666
1810 5667
1595 5668
511 5669
1882 5670
1496 5671
5671 5672
2013 5673
5673 5674
4326 5675
3372 5676
1599 5677
5677 5678
1965 5679
806 5680
3657 5681
2890 5682
3198 5683
1694 5684
5684 5685
1348 5686
1661 5687
4185 5688
5688 5689
3053 5690
5009 5691
521 5692
5692 5693
671 5694
533 5695
2518 5696
2955 5697
5697 5698
1927 5699
5699 5700
2288 5701
2492 5702
3542 5703
5703 5704
2542 5705
1540 5706
1978 5707
2513 5708
5708 5709
1971 5710
4168 5711
4830 5712
2039 5713
2626 5714
2833 5715
5439 5716
2374 5717
856 5718
1502 5719
2279 5720
4004 5721
3994 5722
5722 5723
1256 5724
1774 5725
5725 5726
4053 5727
197 5728
5728 5729
2811 5730
4117 5731
2961 5732
2930 5733
723 5734
4705 5735
1631 5736
5656 5737
5737 5738
5738 5739
935 5740
3641 5741
5040 5742
5742 5743
1065 5744
5744 5745
4485 5746
3917 5747
4409 5748
5013 5749
1874 5750
5750 5751
789 5752
5752 5753
2835 5754
359 5755
5755 5756
2832 5757
5757 5758
2364 5759
1208 5760
183 5761
3466 5762
909 5763
5763 5764
5659 5765
35 5766
1664 5767
4693 5768
1013 5769
2520 5770
2742 5771
2359 5772
5772 5773
508 5774
3503 5775
2495 5776
5258 5777
2903 5778
5617 5779
1612 5780
3993 5781
2692 5782
3749 5783
1360 5784
226 5785
176 5786
5206 5787
5398 5788
5788 5789
2196 5790
5175 5791
1713 5792
2180 5793
1289 5794
4805 5795
4591 5796
1516 5797
3083 5798
698 5799
4490 5800
2233 5801
4050 5802
5802 5803
4458 5804
4836 5805
5805 5806
3603 5807
1651 5808
4430 5809
2171 5810
4993 5811
4589 5812
3960 5813
5813 5814
4608 5815
3470 5816
55 5817
5504 5818
1609 5819
3116 5820
5820 5821
2433 5822
5799 5823
2478 5824
1803 5825
1433 5826
2158 5827
2050 5828
5828 5829
908 5830
5083 5831
1962 5832
2798 5833
5833 5834
5834 5835
2897 5836
2042 5837
2334 5838
2192 5839
3945 5840
4386 5841
5562 5842
3010 5843
3559 5844
5844 5845
581 5846
4394 5847
3729 5848
5848 5849
1053 5850
5678 5851
3314 5852
941 5853
1697 5854
676 5855
5210 5856
5856 5857
5857 5858
150 5859
1474 5860
5693 5861
5861 5862
5733 5863
5863 5864
2299 5865
96 5866
1609 5867
4112 5868
5868 5869
5869 5870
1758 5871
5419 5872
5872 5873
4436 5874
2749 5875
5875 5876
2814 5877
2322 5878
4211 5879
5879 5880
685 5881
5881 5882
5882 5883
4037 5884
5884 5885
561 5886
3572 5887
5887 5888
4765 5889
5889 5890
4767 5891
5891 5892
1407 5893
2306 5894
3636 5895
1525 5896
5070 5897
669 5898
4688 5899
2546 5900
2096 5901
5901 5902
156 5903
3397 5904
1770 5905
5418 5906
1032 5907
183 5908
5908 5909
2610 5910
1109 5911
3202 5912
5912 5913
5875 5914
2083 5915
1378 5916
830 5917
5786 5918
2133 5919
2229 5920
1339 5921
4218 5922
4951 5923
4080 5924
5924 5925
2802 5926
3283 5927
2687 5928
2371 5929
5929 5930
3030 5931
5931 5932
30 5933
119 5934
1926 5935
5138 5936
3993 5937
1857 5938
3896 5939
5726 5940
4433 5941
2156 5942
5942 5943
3184 5944
4539 5945
5945 5946
4877 5947
2660 5948
5948 5949
2023 5950
1492 5951
5951 5952
4667 5953
4873 5954
933 5955
1237 5956
5587 5957
4758 5958
114 5959
1647 5960
636 5961
5160 5962
5962 5963
2694 5964
5964 5965
5965 5966
3178 5967
1691 5968
4491 5969
1459 5970
3498 5971
1119 5972
5030 5973
161 5974
5172 5975
2509 5976
4614 5977
5286 5978
5978 5979
5979 5980
2913 5981
4030 5982
2465 5983
1789 5984
5984 5985
5985 5986
2792 5987
3074 5988
1425 5989
3121 5990
2250 5991
2200 5992
5992 5993
1533 5994
2691 5995
2796 5996
4337 5997
1696 5998
5998 5999
5029 6000
6000 6001
219 6002
4067 6003
3230 6004
6004 6005
2667 6006
4116 6007
2623 6008
3782 6009
4742 6010
4158 6011
1269 6012
2476 6013
3347 6014
6014 6015
458 6016
6016 6017
260 6018
6018 6019
4339 6020
1444 6021
6021 6022
3632 6023
2915 6024
3325 6025
3785 6026
1016 6027
2452 6028
1302 6029
5911 6030
5774 6031
6031 6032
6032 6033
5179 6034
1772 6035
4824 6036
5774 6037
4703 6038
6038 6039
4737 6040
2695 6041
1565 6042
2166 6043
3918 6044
4023 6045
5635 6046
4411 6047
6047 6048
6048 6049
1901 6050
5086 6051
306 6052
1888 6053
4676 6054
6054 6055
4624 6056
2087 6057
3846 6058
5041 6059
2514 6060
3796 6061
3224 6062
2360 6063
444 6064
6064 6065
6065 6066
1487 6067
3372 6068
4822 6069
2618 6070
3777 6071
2023 6072
1682 6073
6073 6074
5926 6075
1257 6076
860 6077
6077 6078
4940 6079
6079 6080
4128 6081
3546 6082
5953 6083
4428 6084
5366 6085
6085 6086
1909 6087
3060 6088
5350 6089
4171 6090
3066 6091
799 6092
5196 6093
5933 6094
3097 6095
4260 6096
2097 6097
6097 6098
1185 6099
3816 6100
1127 6101
5213 6102
6038 6103
4473 6104
6104 6105
943 6106
6106 6107
298 6108
6108 6109
5243 6110
2438 6111
6111 6112
2354 6113
974 6114
4948 6115
5522 6116
5529 6117
1271 6118
6118 6119
6119 6120
5710 6121
6121 6122
6122 6123
904 6124
2012 6125
5781 6126
3820 6127
1220 6128
3236 6129
3515 6130
390 6131
1584 6132
3737 6133
6133 6134
6134 6135
2445 6136
188 6137
6136 6138
6138 6139
235 6140
650 6141
116 6142
727 6143
5150 6144
3762 6145
6145 6146
664 6147
5302 6148
4141 6149
6149 6150
1011 6151
1467 6152
1789 6153
3602 6154
577 6155
6155 6156
664 6157
6157 6158
998 6159
3029 6160
617 6161
2612 6162
4025 6163
4715 6164
6164 6165
5115 6166
465 6167
6167 6168
2802 6169
2757 6170
92 6171
2705 6172
6172 6173
1839 6174
4059 6175
1252 6176
4212 6177
4144 6178
5209 6179
4950 6180
1706 6181
4827 6182
4192 6183
4430 6184
2634 6185
5976 6186
6186 6187
1706 6188
5955 6189
6004 6190
2601 6191
5626 6192
6192 6193
2697 6194
1490 6195
2596 6196
1439 6197
1810 6198
6198 6199
2259 6200
5652 6201
1960 6202
4611 6203
2578 6204
5926 6205
6205 6206
3999 6207
2472 6208
486 6209
4637 6210
4819 6211
6211 6212
6212 6213
187 6214
3204 6215
2154 6216
6180 6217
6217 6218
6218 6219
6219 6220
6009 6221
6221 6222
2253 6223
6223 6224
4346 6225
959 6226
6226 6227
2347 6228
2363 6229
6229 6230
2728 6231
5296 6232
4265 6233
5384 6234
5262 6235
2928 6236
1559 6237
6237 6238
2635 6239
6239 6240
6240 6241
3036 6242
2335 6243
1064 6244
1587 6245
4491 6246
1515 6247
6247 6248
5378 6249
3500 6250
6250 6251
643 6252
1860 6253
6253 6254
6254 6255
4736 6256
747 6257
1575 6258
1121 6259
2482 6260
6260 6261
3088 6262
2533 6263
704 6264
4334 6265
2820 6266
6266 6267
5194 6268
1683 6269
1566 6270
6104 6271
1861 6272
857 6273
215 6274
3205 6275
1290 6276
5293 6277
637 6278
2823 6279
6279 6280
732 6281
200 6282
1944 6283
6283 6284
4685 6285
5440 6286
2922 6287
6287 6288
6288 6289
4131 6290
6290 6291
6291 6292
6292 6293
4435 6294
2199 6295
5393 6296
269 6297
3812 6298
4179 6299
6299 6300
1782 6301
3602 6302
5282 6303
6303 6304
6304 6305
6223 6306
832 6307
3214 6308
4871 6309
4822 6310
4482 6311
6311 6312
288 6313
2338 6314
2409 6315
5169 6316
6316 6317
959 6318
6318 6319
2169 6320
6320 6321
1463 6322
2719 6323
4588 6324
5326 6325
6175 6326
3002 6327
4908 6328
6180 6329
1185 6330
5172 6331
6331 6332
6300 6333
2186 6334
2800 6335
3463 6336
2081 6337
6337 6338
3158 6339
4307 6340
105 6341
5077 6342
2925 6343
927 6344
2220 6345
6345 6346
6346 6347
6347 6348
4624 6349
4462 6350
5071 6351
3909 6352
1625 6353
3138 6354
6354 6355
2394 6356
1255 6357
947 6358
676 6359
940 6360
2445 6361
5775 6362
2919 6363
3355 6364
5067 6365
6365 6366
4234 6367
6367 6368
2710 6369
4585 6370
3880 6371
789 6372
4899 6373
5620 6374
6374 6375
2738 6376
1372 6377
6377 6378
3726 6379
3207 6380
6129 6381
2148 6382
6382 6383
2872 6384
2361 6385
6385 6386
6386 6387
6387 6388
6388 6389
6043 6390
5528 6391
4538 6392
6392 6393
6393 6394
2359 6395
213 6396
5947 6397
2552 6398
3828 6399
673 6400
742 6401
6313 6402
6402 6403
4115 6404
5105 6405
6405 6406
3554 6407
2503 6408
6408 6409
2485 6410
2787 6411
1896 6412
547 6413
4014 6414
3604 6415
6415 6416
6416 6417
4302 6418
2791 6419
4913 6420
945 6421
2519 6422
3003 6423
413 6424
2483 6425
1590 6426
4364 6427
1852 6428
2156 6429
730 6430
4744 6431
212 6432
202 6433
4505 6434
714 6435
6435 6436
1694 6437
6437 6438
4049 6439
338 6440
5268 6441
1668 6442
3384 6443
5759 6444
1860 6445
3818 6446
5031 6447
949 6448
997 6449
6449 6450
810 6451
3239 6452
6452 6453
3421 6454
1644 6455
6455 6456
5134 6457
3293 6458
4044 6459
4172 6460
6460 6461
1261 6462
377 6463
6463 6464
6464 6465
4809 6466
6377 6467
6467 6468
4410 6469
6469 6470
3270 6471
643 6472
2954 6473
1656 6474
2460 6475
5069 6476
3532 6477
4715 6478
6478 6479
5721 6480
6480 6481
3596 6482
6394 6483
2646 6484
5438 6485
2603 6486
6486 6487
2048 6488
4650 6489
4488 6490
449 6491
1973 6492
2661 6493
1321 6494
5481 6495
4795 6496
5375 6497
6497 6498
5071 6499
6050 6500
4903 6501
2906 6502
5964 6503
3725 6504
3739 6505
5156 6506
6506 6507
1866 6508
6508 6509
6509 6510
6510 6511
71 6512
3424 6513
6513 6514
571 6515
402 6516
6516 6517
3158 6518
6518 6519
5619 6520
56 6521
6521 6522
4841 6523
1970 6524
2519 6525
2558 6526
1479 6527
5545 6528
857 6529
1404 6530
817 6531
6531 6532
1844 6533
4750 6534
6534 6535
4079 6536
2415 6537
6319 6538
3570 6539
4270 6540
2112 6541
2276 6542
5503 6543
4397 6544
6544 6545
1413 6546
3142 6547
4598 6548
1651 6549
4425 6550
5746 6551
2133 6552
6552 6553
6553 6554
6554 6555
3607 6556
5637 6557
6557 6558
3205 6559
6170 6560
6560 6561
3604 6562
6362 6563
6148 6564
3232 6565
380 6566
6527 6567
5696 6568
644 6569
5 6570
1129 6571
1191 6572
3936 6573
2141 6574
5120 6575
3237 6576
3173 6577
881 6578
2240 6579
4487 6580
696 6581
3734 6582
4907 6583
4655 6584
1245 6585
2407 6586
1564 6587
6472 6588
444 6589
3633 6590
4179 6591
5677 6592
5417 6593
6593 6594
965 6595
6595 6596
6596 6597
2020 6598
6015 6599
5968 6600
6236 6601
5337 6602
6602 6603
2064 6604
4294 6605
4044 6606
2937 6607
6607 6608
3669 6609
6008 6610
3982 6611
2227 6612
4128 6613
5995 6614
3141 6615
6615 6616
1526 6617
3894 6618
6618 6619
3642 6620
6260 6621
1627 6622
6622 6623
5436 6624
342 6625
1130 6626
6531 6627
2835 6628
6339 6629
1885 6630
611 6631
3098 6632
6547 6633
3505 6634
1961 6635
2831 6636
1875 6637
794 6638
5978 6639
6461 6640
6640 6641
1361 6642
6642 6643
1303 6644
4480 6645
3082 6646
5713 6647
579 6648
2366 6649
724 6650
3427 6651
2140 6652
2307 6653
6132 6654
5403 6655
2219 6656
4855 6657
3310 6658
3297 6659
2033 6660
6660 6661
2340 6662
5907 6663
6663 6664
6150 6665
6665 6666
6115 6667
219 6668
6642 6669
4251 6670
5374 6671
4906 6672
3309 6673
2678 6674
3317 6675
4865 6676
6676 6677
3004 6678
5816 6679
6679 6680
784 6681
6681 6682
6682 6683
5401 6684
5173 6685
4938 6686
6443 6687
2652 6688
6688 6689
3975 6690
2768 6691
6691 6692
6692 6693
626 6694
89 6695
269 6696
6477 6697
5868 6698
3303 6699
4 6700
1600 6701
3923 6702
4026 6703
2222 6704
6386 6705
4863 6706
6706 6707
2995 6708
394 6709
4702 6710
6710 6711
6331 6712
1578 6713
1086 6714
5049 6715
6649 6716
2077 6717
6717 6718
2130 6719
6719 6720
412 6721
6358 6722
1485 6723
2102 6724
4267 6725
4894 6726
3707 6727
4057 6728
840 6729
1209 6730
332 6731
2189 6732
4268 6733
1008 6734
6734 6735
4892 6736
4934 6737
2784 6738
2704 6739
6739 6740
6740 6741
1907 6742
911 6743
2587 6744
4703 6745
1672 6746
3082 6747
1649 6748
6748 6749
3766 6750
1940 6751
5586 6752
3398 6753
3852 6754
3433 6755
6755 6756
3351 6757
4186 6758
4144 6759
3947 6760
6760 6761
4866 6762
6762 6763
1391 6764
663 6765
6525 6766
4364 6767
5088 6768
6768 6769
2260 6770
4940 6771
4804 6772
1230 6773
1961 6774
6774 6775
6775 6776
1539 6777
818 6778
6419 6779
6779 6780
2596 6781
6781 6782
16 6783
4756 6784
3364 6785
3450 6786
3231 6787
1931 6788
1794 6789
6789 6790
3869 6791
6791 6792
5404 6793
6793 6794
5930 6795
2238 6796
3583 6797
6797 6798
4448 6799
6799 6800
4637 6801
5614 6802
2 6803
6025 6804
3520 6805
542 6806
4413 6807
2118 6808
6808 6809
5560 6810
3551 6811
6811 6812
4999 6813
4407 6814
2914 6815
6486 6816
3369 6817
1598 6818
1985 6819
2261 6820
1913 6821
6821 6822
464 6823
6754 6824
368 6825
4678 6826
2008 6827
2650 6828
5000 6829
2930 6830
2678 6831
6646 6832
3279 6833
2057 6834
905 6835
331 6836
6153 6837
3224 6838
6838 6839
6839 6840
2336 6841
6516 6842
6039 6843
4906 6844
4762 6845
5672 6846
4014 6847
1015 6848
3631 6849
6849 6850
3699 6851
202 6852
2411 6853
6069 6854
2261 6855
1666 6856
6500 6857
2510 6858
3743 6859
381 6860
1036 6861
6861 6862
4644 6863
400 6864
5256 6865
6865 6866
5018 6867
3429 6868
6868 6869
1827 6870
2312 6871
6485 6872
193 6873
3623 6874
58 6875
6875 6876
138 6877
3805 6878
4559 6879
2940 6880
3141 6881
517 6882
6773 6883
4769 6884
3156 6885
5889 6886
6886 6887
1232 6888
6125 6889
719 6890
1215 6891
2952 6892
5039 6893
4269 6894
502 6895
3968 6896
3044 6897
6897 6898
5656 6899
6899 6900
4347 6901
4265 6902
2621 6903
6614 6904
6377 6905
3062 6906
1513 6907
690 6908
4672 6909
3550 6910
6910 6911
6470 6912
3398 6913
6145 6914
6904 6915
948 6916
9 6917
4580 6918
4874 6919
5875 6920
192 6921
3729 6922
3876 6923
5184 6924
3835 6925
5948 6926
1996 6927
2544 6928
3977 6929
6929 6930
3778 6931
1907 6932
747 6933
6444 6934
592 6935
33 6936
2365 6937
6927 6938
6938 6939
1523 6940
5711 6941
2112 6942
2781 6943
4441 6944
5059 6945
4055 6946
2944 6947
5518 6948
2158 6949
4156 6950
6921 6951
2435 6952
5722 6953
234 6954
311 6955
6955 6956
5018 6957
2706 6958
813 6959
2669 6960
2661 6961
1654 6962
3842 6963
5245 6964
3615 6965
4652 6966
3701 6967
4122 6968
6968 6969
3179 6970
2934 6971
3213 6972
5804 6973
6973 6974
450 6975
6975 6976
5944 6977
6898 6978
1524 6979
3631 6980
5755 6981
5297 6982
964 6983
3938 6984
6984 6985
40 6986
2139 6987
549 6988
72 6989
5245 6990
2533 6991
6991 6992
4189 6993
6993 6994
5105 6995
6138 6996
3915 6997
4752 6998
27 6999
6776 7000
1432 7001
6394 7002
6732 7003
2555 7004
2166 7005
1162 7006
1532 7007
2750 7008
2696 7009
7009 7010
4460 7011
7011 7012
7012 7013
6060 7014
5880 7015
6459 7016
3771 7017
5798 7018
7018 7019
6909 7020
4114 7021
7021 7022
4283 7023
2933 7024
7024 7025
1446 7026
7026 7027
4263 7028
7028 7029
843 7030
4046 7031
7031 7032
7032 7033
6910 7034
7034 7035
6823 7036
2972 7037
5164 7038
2490 7039
1091 7040
7040 7041
7041 7042
7042 7043
5162 7044
4873 7045
5108 7046
7046 7047
7047 7048
4796 7049
7049 7050
5876 7051
5956 7052
6096 7053
462 7054
4662 7055
1266 7056
4100 7057
6446 7058
2226 7059
1359 7060
5810 7061
2958 7062
2437 7063
5772 7064
356 7065
6441 7066
409 7067
4199 7068
4749 7069
1175 7070
5615 7071
882 7072
4592 7073
132 7074
1256 7075
7075 7076
7076 7077
6771 7078
3208 7079
6152 7080
7080 7081
7081 7082
7082 7083
5279 7084
6439 7085
7085 7086
1066 7087
5554 7088
6559 7089
7089 7090
3682 7091
6655 7092
7092 7093
5074 7094
1728 7095
660 7096
4216 7097
2430 7098
6190 7099
4683 7100
1771 7101
7101 7102
7102 7103
904 7104
7104 7105
4073 7106
2700 7107
6460 7108
3537 7109
7109 7110
1080 7111
4258 7112
7112 7113
155 7114
6911 7115
4829 7116
7116 7117
5500 7118
7118 7119
3261 7120
5933 7121
1178 7122
5905 7123
4580 7124
386 7125
46 7126
2261 7127
6288 7128
1920 7129
5399 7130
3858 7131
1989 7132
5292 7133
2340 7134
1503 7135
3603 7136
3687 7137
1320 7138
7138 7139
325 7140
5759 7141
6123 7142
5033 7143
5637 7144
1723 7145
2817 7146
7146 7147
1593 7148
1741 7149
2132 7150
7150 7151
6455 7152
3204 7153
6955 7154
2559 7155
5516 7156
1921 7157
2889 7158
2699 7159
5470 7160
3262 7161
2186 7162
7162 7163
3545 7164
585 7165
2795 7166
2335 7167
7167 7168
6306 7169
1805 7170
7170 7171
7171 7172
5132 7173
337 7174
4349 7175
6587 7176
1394 7177
429 7178
4077 7179
5604 7180
4745 7181
4202 7182
3964 7183
7183 7184
2857 7185
4742 7186
71 7187
2578 7188
7063 7189
2166 7190
591 7191
7191 7192
2965 7193
2512 7194
254 7195
7195 7196
3744 7197
5901 7198
6256 7199
2843 7200
7200 7201
1387 7202
7202 7203
1391 7204
2368 7205
6317 7206
2824 7207
1599 7208
7208 7209
7209 7210
5995 7211
1013 7212
3372 7213
6345 7214
6984 7215
1030 7216
6187 7217
3598 7218
7218 7219
3332 7220
6062 7221
6284 7222
3120 7223
2134 7224
4767 7225
722 7226
7226 7227
5610 7228
486 7229
540 7230
4827 7231
1780 7232
4222 7233
2354 7234
7234 7235
7235 7236
4579 7237
7237 7238
6057 7239
2601 7240
4502 7241
7038 7242
5397 7243
4953 7244
1995 7245
3694 7246
6758 7247
7247 7248
4071 7249
853 7250
6457 7251
1367 7252
2446 7253
7245 7254
3307 7255
5055 7256
5960 7257
2111 7258
6971 7259
2998 7260
3023 7261
4266 7262
5614 7263
4385 7264
3935 7265
6977 7266
1291 7267
124 7268
773 7269
6962 7270
7270 7271
1837 7272
6913 7273
6028 7274
6711 7275
6608 7276
6671 7277
1435 7278
4176 7279
7279 7280
7280 7281
7281 7282
7282 7283
5643 7284
5061 7285
7285 7286
5595 7287
7263 7288
946 7289
7289 7290
2778 7291
2831 7292
7292 7293
2452 7294
99 7295
5385 7296
1650 7297
4863 7298
7298 7299
1616 7300
1746 7301
302 7302
4304 7303
7303 7304
4134 7305
7224 7306
6727 7307
1475 7308
2141 7309
575 7310
4836 7311
1560 7312
4529 7313
2670 7314
4347 7315
6875 7316
7316 7317
7317 7318
857 7319
3171 7320
5846 7321
7321 7322
7322 7323
6287 7324
3986 7325
2872 7326
7326 7327
2490 7328
5040 7329
735 7330
479 7331
453 7332
7332 7333
89 7334
4807 7335
2677 7336
6995 7337
7337 7338
4296 7339
3971 7340
3839 7341
944 7342
7342 7343
3700 7344
1618 7345
4519 7346
4259 7347
3080 7348
1371 7349
3845 7350
4107 7351
3834 7352
4372 7353
4105 7354
7354 7355
6441 7356
304 7357
3076 7358
6564 7359
5512 7360
2078 7361
3598 7362
3903 7363
7363 7364
6065 7365
7365 7366
4637 7367
5975 7368
4925 7369
7369 7370
6156 7371
6621 7372
172 7373
2751 7374
2834 7375
3938 7376
5397 7377
144 7378
131 7379
2697 7380
1756 7381
3624 7382
3046 7383
7383 7384
7384 7385
6922 7386
3226 7387
317 7388
4788 7389
6352 7390
5587 7391
3810 7392
2740 7393
4457 7394
2281 7395
26 7396
7396 7397
4830 7398
3042 7399
1650 7400
3643 7401
4493 7402
5205 7403
7403 7404
4474 7405
776 7406
2838 7407
7118 7408
7143 7409
7409 7410
740 7411
672 7412
5411 7413
7413 7414
3996 7415
7274 7416
7416 7417
6434 7418
3275 7419
2846 7420
5966 7421
731 7422
4973 7423
5534 7424
1092 7425
6528 7426
6419 7427
1708 7428
1290 7429
7429 7430
1752 7431
3769 7432
5933 7433
6597 7434
5706 7435
7435 7436
6992 7437
5923 7438
1446 7439
525 7440
3687 7441
7441 7442
1080 7443
6549 7444
3338 7445
2360 7446
5950 7447
912 7448
7448 7449
7449 7450
6397 7451
7451 7452
7452 7453
2859 7454
7454 7455
3458 7456
6024 7457
5913 7458
3402 7459
7459 7460
3804 7461
1571 7462
652 7463
6551 7464
847 7465
5138 7466
1899 7467
4481 7468
7468 7469
7469 7470
6553 7471
6364 7472
3153 7473
3992 7474
7474 7475
6658 7476
3229 7477
6370 7478
1814 7479
6419 7480
6285 7481
2104 7482
113 7483
561 7484
1622 7485
3750 7486
7486 7487
4491 7488
1599 7489
1782 7490
94 7491
3693 7492
3211 7493
7493 7494
770 7495
2797 7496
4352 7497
3432 7498
7205 7499
4134 7500
1026 7501
2683 7502
2218 7503
7503 7504
7041 7505
2117 7506
6338 7507
465 7508
5042 7509
2734 7510
7510 7511
2249 7512
699 7513
1125 7514
6655 7515
1043 7516
7516 7517
1830 7518
7000 7519
2786 7520
4708 7521
6808 7522
7522 7523
7163 7524
7524 7525
5091 7526
6582 7527
11 7528
5294 7529
6776 7530
312 7531
6719 7532
2731 7533
7169 7534
2612 7535
1290 7536
7536 7537
7537 7538
2657 7539
4075 7540
616 7541
7541 7542
1812 7543
7014 7544
2000 7545
3654 7546
4697 7547
7482 7548
3798 7549
7549 7550
6172 7551
4811 7552
2277 7553
5965 7554
6196 7555
7555 7556
4809 7557
4008 7558
5261 7559
860 7560
3455 7561
7561 7562
6168 7563
4477 7564
233 7565
5805 7566
314 7567
6007 7568
286 7569
1240 7570
7286 7571
6672 7572
5629 7573
7573 7574
565 7575
1939 7576
7219 7577
3461 7578
2939 7579
1700 7580
6387 7581
7581 7582
6714 7583
1920 7584
1737 7585
6845 7586
7323 7587
2876 7588
5202 7589
7589 7590
5 7591
2611 7592
5716 7593
6529 7594
7436 7595
2251 7596
3776 7597
3739 7598
6963 7599
2644 7600
5798 7601
5411 7602
7412 7603
4951 7604
2444 7605
7605 7606
1869 7607
3638 7608
2141 7609
5731 7610
2417 7611
3916 7612
7612 7613
5101 7614
2918 7615
7615 7616
6778 7617
7494 7618
5656 7619
7619 7620
7620 7621
5997 7622
4597 7623
185 7624
7367 7625
4538 7626
4818 7627
7048 7628
6879 7629
3464 7630
1228 7631
7631 7632
3588 7633
2025 7634
258 7635
5969 7636
630 7637
6700 7638
3939 7639
6800 7640
6820 7641
6776 7642
2609 7643
7643 7644
4746 7645
5329 7646
7646 7647
2723 7648
3985 7649
4878 7650
7650 7651
7123 7652
1494 7653
7633 7654
2430 7655
7639 7656
7656 7657
521 7658
7658 7659
4825 7660
2978 7661
4389 7662
3485 7663
2160 7664
1759 7665
4989 7666
2036 7667
5265 7668
7668 7669
4742 7670
7670 7671
3912 7672
186 7673
1939 7674
2931 7675
7675 7676
7676 7677
5416 7678
2215 7679
30 7680
4372 7681
14 7682
2690 7683
4135 7684
199 7685
4750 7686
6556 7687
7687 7688
7688 7689
189 7690
6139 7691
531 7692
3409 7693
1583 7694
6534 7695
4892 7696
1920 7697
6657 7698
6299 7699
3500 7700
7700 7701
7224 7702
764 7703
7703 7704
4922 7705
195 7706
2857 7707
4160 7708
6416 7709
701 7710
7213 7711
7711 7712
3267 7713
660 7714
5146 7715
3999 7716
184 7717
4412 7718
4735 7719
3989 7720
7720 7721
7721 7722
6765 7723
7723 7724
6883 7725
3998 7726
2654 7727
3142 7728
2941 7729
6157 7730
5358 7731
2552 7732
7225 7733
580 7734
6089 7735
7567 7736
3050 7737
1249 7738
7738 7739
7739 7740
7142 7741
2836 7742
7742 7743
7743 7744
803 7745
7621 7746
2973 7747
7302 7748
5811 7749
4734 7750
48 7751
5107 7752
2648 7753
528 7754
7754 7755
6591 7756
7756 7757
7757 7758
6305 7759
7759 7760
3628 7761
5640 7762
4028 7763
2862 7764
2665 7765
4361 7766
6814 7767
3705 7768
4321 7769
224 7770
3723 7771
1833 7772
4582 7773
1819 7774
113 7775
3948 7776
2652 7777
6272 7778
7778 7779
7779 7780
7017 7781
137 7782
6180 7783
5075 7784
2558 7785
4254 7786
7786 7787
7787 7788
1364 7789
2830 7790
2752 7791
276 7792
1795 7793
880 7794
7794 7795
3853 7796
6284 7797
5331 7798
4963 7799
5568 7800
3134 7801
1571 7802
6139 7803
7212 7804
2108 7805
1450 7806
894 7807
832 7808
5738 7809
2097 7810
2400 7811
3520 7812
7706 7813
6554 7814
2867 7815
1676 7816
6058 7817
5565 7818
4195 7819
7604 7820
3777 7821
4429 7822
7483 7823
6778 7824
6627 7825
132 7826
4134 7827
4264 7828
3817 7829
7347 7830
7329 7831
87 7832
7058 7833
5312 7834
7834 7835
259 7836
5068 7837
7837 7838
6401 7839
3975 7840
7840 7841
4940 7842
5056 7843
2733 7844
5766 7845
4273 7846
1312 7847
5833 7848
4253 7849
1303 7850
7388 7851
4040 7852
5387 7853
7853 7854
7854 7855
3606 7856
1842 7857
4881 7858
4740 7859
7598 7860
7546 7861
7861 7862
200 7863
3416 7864
6449 7865
7441 7866
7866 7867
7867 7868
6471 7869
7869 7870
3517 7871
2795 7872
5915 7873
3511 7874
2687 7875
5634 7876
3244 7877
7877 7878
7878 7879
1490 7880
7880 7881
7797 7882
1521 7883
7854 7884
1366 7885
5882 7886
5486 7887
1055 7888
5778 7889
3739 7890
1702 7891
745 7892
4479 7893
6629 7894
1807 7895
1597 7896
5291 7897
6558 7898
263 7899
3392 7900
2473 7901
7901 7902
7820 7903
1790 7904
3555 7905
1633 7906
85 7907
5114 7908
6259 7909
6000 7910
6774 7911
235 7912
2173 7913
7529 7914
1529 7915
7468 7916
4974 7917
1528 7918
1837 7919
5909 7920
4059 7921
5153 7922
7922 7923
7292 7924
3945 7925
7925 7926
5809 7927
1300 7928
4631 7929
474 7930
992 7931
6695 7932
3482 7933
7933 7934
2065 7935
4944 7936
7936 7937
6327 7938
6197 7939
2415 7940
3763 7941
1146 7942
4582 7943
279 7944
2340 7945
7945 7946
7946 7947
7947 7948
6646 7949
7305 7950
5765 7951
5315 7952
6509 7953
5489 7954
7954 7955
7955 7956
4815 7957
5265 7958
1405 7959
7959 7960
4855 7961
7478 7962
7962 7963
7963 7964
5565 7965
3664 7966
7966 7967
1671 7968
1212 7969
7969 7970
52 7971
1070 7972
1915 7973
7847 7974
7974 7975
3563 7976
1450 7977
7440 7978
7272 7979
2873 7980
3741 7981
7836 7982
7982 7983
5858 7984
4195 7985
271 7986
4274 7987
5818 7988
5717 7989
5549 7990
3260 7991
6597 7992
7992 7993
7993 7994
7994 7995
6699 7996
3150 7997
7997 7998
7590 7999
1906 8000
8000 8001
6885 8002
2254 8003
2881 8004
574 8005
3326 8006
625 8007
6439 8008
7737 8009
7568 8010
4580 8011
1636 8012
2348 8013
5174 8014
7511 8015
4958 8016
5378 8017
2545 8018
5089 8019
3072 8020
1363 8021
6313 8022
8018 8023
8023 8024
7817 8025
8025 8026
8026 8027
1636 8028
6444 8029
8029 8030
8030 8031
8031 8032
3131 8033
1155 8034
1861 8035
7552 8036
218 8037
17 8038
6988 8039
3692 8040
1760 8041
642 8042
1373 8043
3055 8044
4823 8045
8045 8046
7685 8047
2636 8048
8048 8049
6574 8050
633 8051
8051 8052
5519 8053
4068 8054
6150 8055
958 8056
8056 8057
8057 8058
1505 8059
1812 8060
502 8061
8061 8062
3300 8063
8063 8064
2194 8065
4098 8066
649 8067
8067 8068
1557 8069
86 8070
8070 8071
8071 8072
1405 8073
7755 8074
3815 8075
6927 8076
825 8077
4849 8078
7573 8079
1486 8080
6528 8081
4258 8082
2849 8083
1923 8084
1345 8085
696 8086
5385 8087
6320 8088
2304 8089
5870 8090
8090 8091
6196 8092
2725 8093
7476 8094
5354 8095
2046 8096
3959 8097
2381 8098
7607 8099
6392 8100
6001 8101
7397 8102
8102 8103
8103 8104
7600 8105
8105 8106
2453 8107
7766 8108
7016 8109
8109 8110
4720 8111
7919 8112
2375 8113
2720 8114
5345 8115
7727 8116
4636 8117
5898 8118
3103 8119
3764 8120
696 8121
3442 8122
4592 8123
3556 8124
6213 8125
3418 8126
5587 8127
617 8128
2723 8129
4279 8130
1582 8131
2307 8132
5205 8133
8133 8134
7511 8135
1647 8136
8136 8137
8137 8138
4606 8139
4222 8140
8140 8141
2522 8142
8142 8143
2012 8144
8144 8145
2224 8146
5154 8147
8147 8148
6692 8149
2563 8150
1412 8151
4986 8152
6856 8153
8153 8154
6509 8155
313 8156
1698 8157
118 8158
6156 8159
8159 8160
2477 8161
6617 8162
8162 8163
8050 8164
8164 8165
8165 8166
2761 8167
4299 8168
1448 8169
711 8170
356 8171
3750 8172
5221 8173
8173 8174
7153 8175
6719 8176
7055 8177
5031 8178
8178 8179
5444 8180
3937 8181
672 8182
6950 8183
8183 8184
8184 8185
8185 8186
4642 8187
8077 8188
1743 8189
8189 8190
26 8191
4791 8192
7898 8193
7543 8194
8194 8195
2850 8196
7766 8197
6676 8198
849 8199
5867 8200
5901 8201
8201 8202
3440 8203
6493 8204
7159 8205
6433 8206
3179 8207
353 8208
3208 8209
2693 8210
2716 8211
426 8212
1848 8213
1875 8214
5192 8215
6052 8216
7842 8217
2083 8218
4869 8219
7829 8220
8220 8221
8096 8222
3946 8223
6169 8224
1856 8225
3689 8226
4741 8227
6269 8228
2973 8229
336 8230
1849 8231
3222 8232
1409 8233
7729 8234
3584 8235
1619 8236
8236 8237
2355 8238
1060 8239
331 8240
5266 8241
7173 8242
8242 8243
7888 8244
8244 8245
8245 8246
4229 8247
5964 8248
1496 8249
3866 8250
6492 8251
1760 8252
1608 8253
7761 8254
7784 8255
1497 8256
1608 8257
6391 8258
4065 8259
2232 8260
6295 8261
5626 8262
1755 8263
2364 8264
702 8265
6063 8266
4489 8267
3668 8268
6958 8269
454 8270
1208 8271
7844 8272
5073 8273
7641 8274
8249 8275
4709 8276
2689 8277
874 8278
8278 8279
6245 8280
8280 8281
1370 8282
6017 8283
5228 8284
7442 8285
6498 8286
321 8287
8287 8288
6474 8289
8272 8290
4970 8291
3448 8292
5557 8293
8115 8294
975 8295
2033 8296
5140 8297
4025 8298
3738 8299
487 8300
1141 8301
1474 8302
449 8303
2759 8304
8304 8305
2335 8306
8306 8307
5028 8308
6454 8309
3866 8310
6791 8311
5479 8312
3651 8313
6331 8314
8314 8315
5174 8316
5702 8317
2603 8318
8271 8319
8319 8320
3288 8321
4984 8322
2602 8323
1927 8324
1859 8325
5884 8326
8326 8327
977 8328
1845 8329
3617 8330
1298 8331
8331 8332
7878 8333
8333 8334
537 8335
2101 8336
2889 8337
3945 8338
7506 8339
700 8340
8340 8341
6642 8342
3897 8343
1230 8344
8344 8345
3736 8346
8346 8347
1108 8348
7728 8349
2537 8350
8350 8351
8351 8352
8269 8353
181 8354
249 8355
7027 8356
6108 8357
1673 8358
8358 8359
3840 8360
5612 8361
8361 8362
4666 8363
1892 8364
1547 8365
8365 8366
4498 8367
7081 8368
3905 8369
7291 8370
5069 8371
3934 8372
1744 8373
8373 8374
8282 8375
137 8376
3830 8377
7994 8378
3220 8379
4488 8380
2350 8381
4721 8382
8382 8383
1591 8384
8384 8385
713 8386
2348 8387
8198 8388
3131 8389
296 8390
6657 8391
2921 8392
1005 8393
7088 8394
3173 8395
8284 8396
8396 8397
4502 8398
4273 8399
8399 8400
6069 8401
3349 8402
7711 8403
2170 8404
977 8405
8181 8406
3392 8407
6459 8408
7261 8409
6570 8410
5838 8411
8411 8412
4231 8413
402 8414
4358 8415
8415 8416
8416 8417
1156 8418
8418 8419
8419 8420
7630 8421
2610 8422
633 8423
7629 8424
3901 8425
8425 8426
7820 8427
2175 8428
5728 8429
2221 8430
3695 8431
2772 8432
928 8433
3788 8434
5572 8435
8435 8436
3708 8437
8437 8438
1486 8439
1454 8440
7248 8441
111 8442
8030 8443
8443 8444
7779 8445
5952 8446
4003 8447
8447 8448
2799 8449
3908 8450
6886 8451
1005 8452
6340 8453
6992 8454
8454 8455
3328 8456
2929 8457
2632 8458
5855 8459
2719 8460
6281 8461
3483 8462
3251 8463
7600 8464
8464 8465
4152 8466
7247 8467
2976 8468
2530 8469
8282 8470
8470 8471
1209 8472
4874 8473
4231 8474
3506 8475
8194 8476
3903 8477
8477 8478
3344 8479
3387 8480
8480 8481
8173 8482
8482 8483
4237 8484
3033 8485
3494 8486
2277 8487
6469 8488
7114 8489
8489 8490
2041 8491
8491 8492
4901 8493
7519 8494
8494 8495
3870 8496
7611 8497
6802 8498
4751 8499
4933 8500
8500 8501
1421 8502
5415 8503
7410 8504
8504 8505
4461 8506
2836 8507
1669 8508
701 8509
4479 8510
6084 8511
8511 8512
813 8513
8513 8514
3897 8515
2506 8516
8516 8517
6044 8518
4567 8519
8519 8520
2014 8521
8521 8522
4913 8523
8523 8524
1368 8525
8525 8526
2557 8527
795 8528
8528 8529
6034 8530
7121 8531
5715 8532
7223 8533
8533 8534
2403 8535
8535 8536
7551 8537
5344 8538
8538 8539
4655 8540
3405 8541
3551 8542
276 8543
7848 8544
1106 8545
8545 8546
1234 8547
4700 8548
315 8549
4266 8550
6218 8551
8551 8552
8552 8553
639 8554
5013 8555
8555 8556
8556 8557
3267 8558
8404 8559
3398 8560
6831 8561
3492 8562
566 8563
4849 8564
8564 8565
1717 8566
2065 8567
7226 8568
3951 8569
7626 8570
8570 8571
4868 8572
8572 8573
4885 8574
7766 8575
8575 8576
8576 8577
1631 8578
832 8579
1572 8580
7303 8581
997 8582
2793 8583
8583 8584
3158 8585
6191 8586
3966 8587
274 8588
8588 8589
4689 8590
4306 8591
4112 8592
2879 8593
6909 8594
2857 8595
6004 8596
1475 8597
3281 8598
302 8599
7439 8600
7597 8601
8218 8602
7823 8603
1966 8604
4675 8605
6291 8606
7561 8607
4053 8608
2186 8609
2360 8610
1662 8611
8611 8612
8612 8613
8613 8614
7878 8615
4957 8616
8616 8617
4035 8618
2664 8619
921 8620
8620 8621
8621 8622
7258 8623
4282 8624
6382 8625
3103 8626
1632 8627
8446 8628
7606 8629
869 8630
3203 8631
108 8632
25 8633
3914 8634
6426 8635
5960 8636
3084 8637
8637 8638
2920 8639
6072 8640
7126 8641
8641 8642
8642 8643
2380 8644
7547 8645
2387 8646
5098 8647
5029 8648
7233 8649
7836 8650
5943 8651
4592 8652
8652 8653
1734 8654
3045 8655
2361 8656
2575 8657
8578 8658
8658 8659
2551 8660
8268 8661
2042 8662
2240 8663
6413 8664
2252 8665
5591 8666
7528 8667
6825 8668
2625 8669
8669 8670
8155 8671
8581 8672
5925 8673
3925 8674
6036 8675
4750 8676
4531 8677
7246 8678
3573 8679
2010 8680
3422 8681
8681 8682
8682 8683
8683 8684
4162 8685
6454 8686
4473 8687
1029 8688
7199 8689
660 8690
7310 8691
3112 8692
1743 8693
4625 8694
8694 8695
236 8696
4203 8697
8697 8698
2445 8699
8699 8700
858 8701
2314 8702
1463 8703
6082 8704
3786 8705
3968 8706
4323 8707
949 8708
8708 8709
6603 8710
8710 8711
8711 8712
1802 8713
7419 8714
7370 8715
93 8716
3072 8717
5501 8718
1505 8719
1167 8720
3462 8721
8721 8722
2764 8723
8723 8724
385 8725
1315 8726
8726 8727
630 8728
8088 8729
8624 8730
1023 8731
5879 8732
2258 8733
8733 8734
5382 8735
8735 8736
4973 8737
1935 8738
7703 8739
6921 8740
545 8741
2158 8742
8742 8743
7503 8744
7341 8745
4133 8746
8746 8747
8475 8748
5578 8749
4026 8750
5263 8751
8751 8752
5028 8753
4413 8754
8754 8755
2091 8756
5926 8757
3986 8758
4674 8759
8567 8760
5861 8761
6808 8762
434 8763
7388 8764
831 8765
5734 8766
493 8767
4300 8768
930 8769
8648 8770
8266 8771
1232 8772
5461 8773
2610 8774
7648 8775
1102 8776
7788 8777
179 8778
4493 8779
8779 8780
8780 8781
5162 8782
7020 8783
3276 8784
8784 8785
8785 8786
1362 8787
2695 8788
8494 8789
700 8790
8703 8791
6210 8792
8792 8793
3591 8794
8430 8795
8073 8796
5404 8797
3731 8798
746 8799
8799 8800
3206 8801
2217 8802
8802 8803
1388 8804
1359 8805
88 8806
3900 8807
7810 8808
7579 8809
3599 8810
3985 8811
910 8812
7980 8813
8303 8814
91 8815
8815 8816
6987 8817
8817 8818
4958 8819
3969 8820
7748 8821
8804 8822
793 8823
4392 8824
7396 8825
3913 8826
5413 8827
8579 8828
8828 8829
5961 8830
8830 8831
8831 8832
8832 8833
3256 8834
7081 8835
8835 8836
3875 8837
6301 8838
8145 8839
498 8840
6290 8841
8131 8842
5504 8843
8007 8844
4765 8845
952 8846
5087 8847
8847 8848
8848 8849
732 8850
6953 8851
3330 8852
6866 8853
433 8854
5499 8855
8606 8856
8002 8857
2243 8858
449 8859
1311 8860
8860 8861
6714 8862
6642 8863
8863 8864
5750 8865
4966 8866
4760 8867
1861 8868
8276 8869
6366 8870
6137 8871
8871 8872
8872 8873
8873 8874
5614 8875
8875 8876
5653 8877
8877 8878
6152 8879
6126 8880
5060 8881
8881 8882
8882 8883
8485 8884
3596 8885
2485 8886
2226 8887
2494 8888
5250 8889
2745 8890
94 8891
8753 8892
2045 8893
8054 8894
4555 8895
4324 8896
982 8897
4983 8898
3691 8899
4210 8900
6889 8901
8450 8902
8902 8903
4743 8904
5756 8905
7913 8906
3789 8907
8907 8908
1695 8909
6125 8910
6502 8911
5254 8912
1020 8913
6894 8914
2749 8915
6557 8916
7435 8917
8631 8918
8918 8919
3534 8920
5249 8921
5866 8922
2270 8923
8923 8924
4182 8925
6623 8926
4269 8927
3761 8928
1378 8929
5872 8930
3918 8931
1091 8932
7422 8933
8933 8934
2839 8935
2019 8936
6724 8937
8538 8938
6614 8939
2406 8940
2831 8941
6807 8942
3306 8943
8943 8944
7996 8945
5306 8946
221 8947
4412 8948
7222 8949
3643 8950
8950 8951
8229 8952
8952 8953
5840 8954
2237 8955
5096 8956
4269 8957
199 8958
3596 8959
4742 8960
809 8961
4856 8962
6127 8963
1951 8964
3500 8965
8256 8966
156 8967
4310 8968
7423 8969
4994 8970
7219 8971
3551 8972
4975 8973
5555 8974
5577 8975
8187 8976
2260 8977
4493 8978
2065 8979
5907 8980
1209 8981
2941 8982
4660 8983
8618 8984
8984 8985
742 8986
8215 8987
223 8988
8988 8989
5176 8990
8530 8991
1178 8992
8201 8993
2294 8994
8300 8995
2390 8996
2846 8997
8997 8998
5743 8999
3892 9000
7353 9001
211 9002
9002 9003
6517 9004
9004 9005
9005 9006
9006 9007
428 9008
84 9009
576 9010
2076 9011
6285 9012
9012 9013
2324 9014
9014 9015
5124 9016
9016 9017
9017 9018
9018 9019
7179 9020
6164 9021
9021 9022
54 9023
7204 9024
4070 9025
751 9026
3998 9027
6837 9028
6827 9029
4490 9030
4885 9031
3220 9032
3139 9033
6261 9034
3634 9035
7251 9036
9036 9037
5773 9038
5978 9039
418 9040
2750 9041
6419 9042
8131 9043
6056 9044
1993 9045
9045 9046
7716 9047
4422 9048
2447 9049
269 9050
5685 9051
2630 9052
9052 9053
3229 9054
4379 9055
3933 9056
4832 9057
1347 9058
4863 9059
7072 9060
9060 9061
152 9062
5426 9063
8606 9064
5591 9065
7915 9066
1407 9067
3847 9068
9068 9069
9069 9070
9070 9071
8770 9072
8938 9073
8930 9074
4808 9075
8714 9076
5035 9077
8882 9078
9078 9079
5542 9080
4063 9081
2648 9082
5031 9083
410 9084
5973 9085
7153 9086
1383 9087
324 9088
1697 9089
9089 9090
2572 9091
6990 9092
4670 9093
1551 9094
8760 9095
5878 9096
5104 9097
8550 9098
9098 9099
1266 9100
9100 9101
3956 9102
9102 9103
2590 9104
9104 9105
3550 9106
6871 9107
9075 9108
9108 9109
6885 9110
1477 9111
4883 9112
3742 9113
9011 9114
7375 9115
8890 9116
4087 9117
2107 9118
9118 9119
9072 9120
4873 9121
6790 9122
965 9123
8098 9124
5252 9125
7077 9126
289 9127
4926 9128
8251 9129
1223 9130
6277 9131
6984 9132
3954 9133
9047 9134
9134 9135
7383 9136
5296 9137
6869 9138
9138 9139
6527 9140
651 9141
8207 9142
7545 9143
4964 9144
3637 9145
180 9146
7267 9147
7626 9148
4373 9149
9149 9150
9150 9151
2138 9152
6652 9153
8225 9154
9154 9155
1553 9156
2412 9157
5305 9158
9158 9159
5514 9160
8900 9161
1301 9162
4664 9163
8463 9164
8739 9165
127 9166
9166 9167
7549 9168
4832 9169
7718 9170
9170 9171
1525 9172
1901 9173
2964 9174
3448 9175
6209 9176
4150 9177
5109 9178
7180 9179
6960 9180
8530 9181
8255 9182
9182 9183
3924 9184
9184 9185
274 9186
3916 9187
1286 9188
482 9189
9189 9190
9190 9191
9191 9192
4707 9193
191 9194
9194 9195
4186 9196
6514 9197
5559 9198
7585 9199
9199 9200
9200 9201
1278 9202
5045 9203
213 9204
9100 9205
9205 9206
812 9207
5392 9208
7140 9209
646 9210
9210 9211
7796 9212
9212 9213
4215 9214
9214 9215
9215 9216
737 9217
5114 9218
1941 9219
3630 9220
9220 9221
4963 9222
1556 9223
4923 9224
8189 9225
2576 9226
5429 9227
5853 9228
6320 9229
5533 9230
9230 9231
4663 9232
958 9233
6652 9234
589 9235
7648 9236
1945 9237
4802 9238
5740 9239
4196 9240
8079 9241
4566 9242
9242 9243
2663 9244
9244 9245
9245 9246
8861 9247
4826 9248
9248 9249
9249 9250
3739 9251
4578 9252
667 9253
3609 9254
5950 9255
3904 9256
9256 9257
2123 9258
1070 9259
1818 9260
575 9261
7869 9262
1001 9263
7450 9264
8576 9265
4389 9266
4967 9267
6322 9268
7281 9269
1828 9270
5997 9271
5750 9272
3874 9273
1954 9274
1601 9275
4813 9276
2005 9277
5136 9278
5035 9279
9279 9280
3204 9281
8907 9282
1300 9283
5735 9284
1354 9285
622 9286
9286 9287
6331 9288
9288 9289
827 9290
4790 9291
8069 9292
6830 9293
9050 9294
2863 9295
6658 9296
3323 9297
7421 9298
5392 9299
511 9300
406 9301
9301 9302
9302 9303
8807 9304
408 9305
4724 9306
5624 9307
5404 9308
3529 9309
1477 9310
3213 9311
2043 9312
517 9313
1629 9314
5456 9315
3159 9316
9316 9317
4521 9318
5472 9319
2093 9320
9132 9321
9321 9322
7801 9323
9323 9324
3425 9325
4874 9326
5703 9327
3364 9328
9328 9329
1306 9330
1477 9331
1633 9332
9292 9333
9333 9334
354 9335
1533 9336
1312 9337
7555 9338
46 9339
9339 9340
5974 9341
6978 9342
7197 9343
2235 9344
2077 9345
8530 9346
8372 9347
9079 9348
485 9349
9349 9350
4455 9351
2506 9352
2510 9353
15 9354
959 9355
9355 9356
7794 9357
6454 9358
1453 9359
266 9360
9360 9361
2350 9362
2402 9363
6202 9364
7349 9365
4805 9366
1264 9367
2488 9368
4970 9369
8554 9370
4351 9371
6408 9372
9372 9373
8308 9374
1365 9375
8601 9376
9376 9377
9377 9378
1733 9379
9379 9380
8783 9381
3067 9382
79 9383
1301 9384
7212 9385
232 9386
7509 9387
5909 9388
5211 9389
3934 9390
9390 9391
7183 9392
3344 9393
9393 9394
6933 9395
9395 9396
9396 9397
8009 9398
579 9399
8178 9400
618 9401
7047 9402
9402 9403
8949 9404
3026 9405
2194 9406
9406 9407
4098 9408
9408 9409
6890 9410
2281 9411
4111 9412
4741 9413
9159 9414
1725 9415
960 9416
6688 9417
5501 9418
539 9419
8939 9420
8085 9421
6171 9422
9422 9423
8214 9424
1989 9425
9425 9426
3271 9427
4748 9428
2323 9429
6323 9430
1712 9431
6704 9432
2234 9433
2355 9434
4744 9435
6384 9436
1285 9437
4909 9438
9312 9439
9439 9440
4028 9441
9441 9442
7749 9443
1519 9444
6043 9445
8654 9446
3711 9447
234 9448
6647 9449
5949 9450
2891 9451
1760 9452
7328 9453
1419 9454
1996 9455
8512 9456
9425 9457
3871 9458
2972 9459
9459 9460
5872 9461
9048 9462
6472 9463
5383 9464
9464 9465
6815 9466
6050 9467
7252 9468
2193 9469
673 9470
5629 9471
2306 9472
4874 9473
3093 9474
3540 9475
9029 9476
9476 9477
8193 9478
8568 9479
5185 9480
6394 9481
1018 9482
1990 9483
8863 9484
9484 9485
6417 9486
9118 9487
9487 9488
7585 9489
6134 9490
7870 9491
25 9492
9059 9493
6303 9494
3659 9495
4470 9496
5972 9497
9497 9498
1 9499
9499 9500
9195 9501
5724 9502
4483 9503
7642 9504
8412 9505
9505 9506
5198 9507
8086 9508
2393 9509
9509 9510
3573 9511
9511 9512
6731 9513
9513 9514
2757 9515
9515 9516
3795 9517
104 9518
9518 9519
7083 9520
6214 9521
606 9522
8199 9523
7401 9524
3650 9525
9525 9526
9526 9527
9527 9528
9528 9529
3476 9530
1000 9531
1979 9532
3129 9533
8525 9534
6781 9535
7205 9536
875 9537
5474 9538
6952 9539
9539 9540
5496 9541
9541 9542
6434 9543
8659 9544
5284 9545
5049 9546
7994 9547
8294 9548
4990 9549
9549 9550
283 9551
2464 9552
761 9553
366 9554
9554 9555
6174 9556
3647 9557
9557 9558
1708 9559
930 9560
2091 9561
9561 9562
7432 9563
5718 9564
9439 9565
247 9566
8564 9567
1383 9568
9568 9569
2496 9570
4063 9571
9069 9572
5196 9573
656 9574
7633 9575
8492 9576
4660 9577
4241 9578
5775 9579
7390 9580
3531 9581
9581 9582
6949 9583
6032 9584
5842 9585
4859 9586
4451 9587
4061 9588
9588 9589
263 9590
8288 9591
5529 9592
3324 9593
9593 9594
2390 9595
8159 9596
9407 9597
9597 9598
9598 9599
7349 9600
5971 9601
3752 9602
3208 9603
9603 9604
799 9605
5779 9606
1068 9607
9607 9608
9608 9609
6539 9610
3844 9611
4843 9612
8763 9613
476 9614
9614 9615
1912 9616
2613 9617
2132 9618
9618 9619
4020 9620
3885 9621
945 9622
9020 9623
3177 9624
2359 9625
8413 9626
196 9627
9627 9628
4732 9629
2743 9630
8334 9631
4371 9632
2709 9633
3796 9634
5742 9635
4300 9636
6575 9637
6305 9638
4005 9639
9639 9640
239 9641
9641 9642
5434 9643
6498 9644
3319 9645
9635 9646
7406 9647
1297 9648
8898 9649
884 9650
5842 9651
3943 9652
6164 9653
9653 9654
9654 9655
4942 9656
8377 9657
70 9658
2955 9659
754 9660
9660 9661
9661 9662
4012 9663
1551 9664
5511 9665
8612 9666
8828 9667
9667 9668
5621 9669
9669 9670
8994 9671
9671 9672
7269 9673
3727 9674
9674 9675
8320 9676
1784 9677
9677 9678
5279 9679
8709 9680
9680 9681
5889 9682
7868 9683
1712 9684
8646 9685
4672 9686
3784 9687
6143 9688
383 9689
378 9690
6717 9691
9691 9692
1357 9693
6960 9694
4940 9695
9695 9696
6669 9697
9697 9698
2784 9699
3550 9700
9700 9701
4574 9702
2746 9703
6757 9704
9704 9705
2750 9706
8347 9707
2190 9708
6338 9709
730 9710
6225 9711
1854 9712
397 9713
7611 9714
7808 9715
6312 9716
6954 9717
9528 9718
4277 9719
4331 9720
2534 9721
9637 9722
4494 9723
9723 9724
16 9725
6833 9726
9726 9727
6890 9728
9728 9729
4326 9730
3468 9731
6961 9732
2796 9733
6915 9734
2391 9735
4484 9736
9736 9737
2036 9738
9738 9739
7064 9740
9740 9741
9741 9742
804 9743
4219 9744
9744 9745
7454 9746
1681 9747
7922 9748
3124 9749
1687 9750
4539 9751
7567 9752
100 9753
3385 9754
9754 9755
3021 9756
9756 9757
9757 9758
9758 9759
8972 9760
1206 9761
3026 9762
215 9763
4041 9764
8581 9765
6866 9766
1686 9767
643 9768
5012 9769
942 9770
8872 9771
9641 9772
4243 9773
7805 9774
9774 9775
272 9776
9699 9777
1082 9778
5157 9779
6078 9780
9780 9781
9781 9782
5800 9783
3657 9784
9612 9785
248 9786
296 9787
9244 9788
461 9789
508 9790
8082 9791
3965 9792
1947 9793
1324 9794
9379 9795
6472 9796
8179 9797
6405 9798
9789 9799
3277 9800
5771 9801
9801 9802
4796 9803
7159 9804
3706 9805
9805 9806
8624 9807
9807 9808
4002 9809
6267 9810
651 9811
9811 9812
8977 9813
5918 9814
1577 9815
631 9816
4485 9817
7480 9818
3951 9819
6801 9820
8353 9821
5251 9822
1262 9823
9500 9824
2982 9825
9825 9826
4742 9827
5233 9828
4323 9829
7854 9830
9800 9831
2429 9832
9814 9833
2668 9834
3865 9835
8573 9836
5065 9837
1148 9838
687 9839
5593 9840
2425 9841
4698 9842
2097 9843
4330 9844
6395 9845
620 9846
7757 9847
2353 9848
6741 9849
4242 9850
4322 9851
6247 9852
9852 9853
8877 9854
5900 9855
545 9856
9856 9857
4389 9858
3435 9859
6916 9860
9860 9861
9861 9862
7634 9863
6071 9864
3541 9865
2707 9866
9023 9867
6569 9868
1787 9869
1561 9870
4936 9871
4896 9872
8238 9873
768 9874
6402 9875
9875 9876
3989 9877
9877 9878
8380 9879
8357 9880
3197 9881
5924 9882
7686 9883
5173 9884
5925 9885
4343 9886
9886 9887
9887 9888
9888 9889
9889 9890
3795 9891
8163 9892
4968 9893
4461 9894
5426 9895
3541 9896
1359 9897
3007 9898
5502 9899
9100 9900
8123 9901
1994 9902
2381 9903
532 9904
5615 9905
7031 9906
7280 9907
4696 9908
7292 9909
635 9910
6588 9911
27 9912
6632 9913
4997 9914
477 9915
5752 9916
1342 9917
7218 9918
8567 9919
2211 9920
9920 9921
7904 9922
102 9923
2210 9924
5841 9925
2523 9926
6191 9927
2142 9928
9928 9929
8809 9930
9930 9931
4560 9932
8749 9933
4208 9934
8911 9935
4524 9936
7233 9937
4511 9938
8479 9939
8688 9940
5432 9941
9941 9942
9175 9943
441 9944
1703 9945
6531 9946
236 9947
3782 9948
9155 9949
3530 9950
2393 9951
8150 9952
867 9953
7745 9954
288 9955
2311 9956
2565 9957
6733 9958
9941 9959
7514 9960
8884 9961
7201 9962
1713 9963
7180 9964
2551 9965
244 9966
3735 9967
9967 9968
6918 9969
3452 9970
1351 9971
3936 9972
5323 9973
3050 9974
2867 9975
9975 9976
4861 9977
9977 9978
3452 9979
4311 9980
4434 9981
2147 9982
2067 9983
9983 9984
102 9985
8891 9986
9986 9987
5869 9988
2273 9989
7933 9990
9990 9991
4374 9992
4140 9993
2432 9994
6499 9995
571 9996
9996 9997
6511 9998
6261 9999
2302 10000
