110
10000000
9999891
9999892
9999893
9999894
9999895
9999896
9999897
9999898
9999899
9999900
9999901
9999902
9999903
9999904
9999905
9999906
9999907
9999908
9999909
9999910
9999911
9999912
9999913
9999914
9999915
9999916
9999917
9999918
9999919
9999920
9999921
9999922
9999923
9999924
9999925
9999926
9999927
9999928
9999929
9999930
9999931
9999932
9999933
9999934
9999935
9999936
9999937
9999938
9999939
9999940
9999941
9999942
9999943
9999944
9999945
9999946
9999947
9999948
9999949
9999950
9999951
9999952
9999953
9999954
9999955
9999956
9999957
9999958
9999959
9999960
9999961
9999962
9999963
9999964
9999965
9999966
9999967
9999968
9999969
9999970
9999971
9999972
9999973
9999974
9999975
9999976
9999977
9999978
9999979
9999980
9999981
9999982
9999983
9999984
9999985
9999986
9999987
9999988
9999989
9999990
9999991
9999992
9999993
9999994
9999995
9999996
9999997
9999998
9999999
10000000
