110
10000
3950
2588
1260
9886
3470
1177
2553
9445
2004
9365
2785
4244
1604
638
3104
4115
9860
7043
5614
8658
7411
6272
3900
6815
3356
1469
3550
4299
320
8578
7078
9732
4589
5609
3815
512
3333
2253
767
9340
9962
7843
887
3140
2172
3716
6320
3459
1850
3052
7619
8720
9947
8774
6076
4007
2896
2169
9255
4267
8807
4749
2652
9501
7311
4709
1174
8886
8914
4673
8020
886
9515
3962
822
3093
8848
8856
6857
4499
9116
2751
7728
5416
6422
804
5373
3522
963
6145
5668
2035
2389
1246
6599
9098
9188
8725
2716
6847
9263
7305
8284
3782
414
568
9773
5150
7264
1825
