1000
175 177
41 42
135 136
4 5
92 93
22 24
124 125
125 126
26 27
41 43
175 176
74 75
92 94
15 16
1 2
56 57
174 176
77 79
35 36
147 148
190 191
70 72
129 130
197 198
110 112
50 52
114 116
190 191
77 79
45 46
49 50
165 166
64 65
100 101
148 149
106 107
37 38
170 171
82 83
47 48
123 124
83 84
74 76
17 19
106 108
22 24
94 95
34 35
22 23
83 84
51 52
126 127
185 186
56 58
74 76
29 30
168 170
49 50
77 79
120 121
60 62
70 72
69 70
10 12
74 75
60 61
154 156
47 49
45 46
140 142
182 183
50 52
98 99
90 91
65 67
138 140
177 179
10 12
22 23
162 164
3 4
26 27
175 176
26 27
110 111
83 85
85 86
133 135
129 130
76 77
166 168
187 188
68 69
177 178
1 3
39 40
91 92
109 110
152 154
5 7
189 190
188 189
78 79
184 186
124 125
196 197
164 166
177 179
12 13
53 55
9 10
100 101
152 153
118 120
151 152
98 99
41 43
124 125
114 115
73 75
30 32
103 105
17 19
186 188
2 3
119 120
130 132
45 47
122 124
90 92
53 54
134 135
121 122
3 4
121 123
2 3
56 58
160 162
159 160
24 25
181 183
30 32
149 151
54 55
172 174
116 118
185 186
37 39
163 164
12 13
103 105
134 135
160 161
62 63
77 78
78 79
33 34
181 182
135 137
62 64
52 54
191 193
6 7
79 80
14 16
74 76
40 41
128 130
85 86
142 144
63 65
31 32
159 160
144 146
147 148
150 151
1 2
38 39
66 68
123 124
133 134
81 83
167 169
165 167
42 43
198 200
47 48
88 90
59 61
168 169
167 169
136 137
145 146
137 138
84 86
154 156
158 160
4 5
33 34
175 176
27 28
126 127
99 101
61 62
41 42
191 193
148 150
121 122
173 174
115 117
61 63
51 52
130 132
60 61
131 132
183 184
192 193
86 87
172 173
20 22
163 164
132 133
193 195
89 90
193 194
24 26
151 153
116 117
113 114
96 97
126 127
139 140
68 70
20 21
60 62
57 58
4 5
129 131
85 87
171 173
122 123
147 149
147 149
180 181
115 117
51 52
71 73
154 155
174 175
83 85
52 54
99 101
133 135
101 102
89 91
60 61
146 148
81 82
168 169
189 191
176 177
31 32
25 26
49 50
64 65
31 33
42 43
147 149
48 49
128 129
152 153
146 148
7 9
52 53
106 107
102 104
140 141
146 148
66 68
78 79
75 76
176 177
30 31
73 75
100 101
164 165
193 194
189 190
113 114
69 71
147 149
62 64
17 18
24 25
65 66
14 16
175 177
43 45
181 183
136 138
198 200
93 95
72 74
156 158
52 53
198 200
35 37
16 18
166 168
84 85
185 186
82 83
94 95
90 91
175 176
56 57
23 25
129 130
10 12
170 171
140 142
148 149
54 55
91 92
160 162
114 116
125 126
104 106
144 145
31 33
168 170
58 60
142 143
19 21
152 153
36 38
179 180
25 27
127 128
192 194
57 58
1 2
134 136
58 60
67 68
105 107
115 116
158 159
86 87
79 81
152 154
47 48
109 111
170 172
66 67
54 55
165 166
143 144
19 20
121 123
112 114
51 52
2 3
72 73
150 151
46 48
75 77
93 94
178 180
18 20
18 20
156 158
135 137
158 159
106 107
88 89
111 112
180 182
10 12
111 113
17 19
112 113
5 6
157 158
27 28
105 107
91 93
155 157
94 95
147 149
107 108
112 114
43 45
78 80
196 198
43 45
106 108
143 144
30 31
99 101
114 116
75 76
30 32
91 93
128 129
61 62
42 44
70 71
117 119
127 129
30 32
43 44
182 184
177 179
8 9
113 114
55 57
146 147
128 130
52 53
182 184
154 156
150 151
175 176
188 189
8 9
55 57
42 44
126 127
159 161
73 75
124 125
110 112
145 146
145 147
63 64
186 187
189 191
104 106
89 91
135 137
48 50
19 20
167 168
48 49
104 106
11 13
140 142
81 82
42 43
56 58
14 16
112 113
117 119
179 180
99 100
190 192
79 80
198 200
189 191
113 114
140 141
125 126
11 13
103 104
21 23
120 121
39 40
19 21
139 141
171 172
93 95
130 132
119 120
105 106
143 145
39 41
166 168
48 49
55 56
124 125
85 87
81 82
151 152
39 40
68 70
7 8
69 70
122 124
3 4
52 54
145 147
46 48
20 22
71 72
49 50
169 170
31 32
92 93
183 185
80 82
36 37
97 98
161 162
157 159
196 198
62 64
91 93
60 61
157 159
87 89
95 96
142 144
78 79
196 197
76 77
56 58
15 17
133 135
55 56
133 134
33 35
39 41
111 113
69 70
13 15
109 110
143 144
161 162
179 181
106 108
108 110
82 83
160 161
148 150
27 28
176 177
7 9
98 100
15 16
120 121
189 190
1 2
12 13
184 185
146 147
107 108
23 25
3 4
191 193
32 33
39 40
75 77
17 19
17 19
64 66
56 58
158 159
115 116
28 29
28 30
149 150
11 13
56 58
86 87
167 168
157 159
61 63
43 44
60 62
174 176
33 34
26 27
57 59
51 52
138 139
136 137
118 119
144 146
156 158
2 3
184 186
86 87
25 27
134 136
86 88
126 127
29 30
193 194
7 9
188 189
70 71
35 36
104 105
105 107
83 84
170 171
163 164
30 31
78 80
87 88
65 66
136 138
74 75
65 67
45 46
53 55
27 28
197 198
193 194
159 161
69 70
34 36
40 42
7 9
65 66
26 27
96 97
134 136
171 172
101 103
142 144
105 107
155 156
194 196
148 149
50 51
76 78
84 85
142 144
62 64
63 64
13 14
160 162
89 90
30 31
163 165
85 87
185 187
131 133
136 138
54 55
113 115
178 180
127 129
155 157
171 172
194 196
152 153
26 28
32 34
147 148
116 117
11 12
100 102
121 122
72 73
75 76
3 4
135 137
153 154
42 43
183 184
46 48
52 54
91 93
90 91
59 61
46 48
105 107
179 181
33 35
164 166
84 86
125 127
173 174
14 15
59 60
4 6
114 115
133 135
70 72
186 188
28 30
101 102
144 145
3 4
76 78
174 175
152 153
137 138
9 11
191 192
127 128
18 20
69 70
87 89
168 169
27 28
186 188
119 121
182 183
76 78
192 194
133 134
164 165
57 58
25 27
164 166
20 21
189 191
153 154
12 13
189 190
78 79
146 148
121 123
160 161
169 171
9 10
109 110
21 22
194 195
166 167
102 103
64 65
114 115
193 195
90 92
51 52
2 4
73 74
101 102
130 132
191 192
130 132
96 98
12 13
194 195
24 26
36 37
63 64
175 176
116 117
141 143
7 9
24 26
5 7
134 135
37 39
34 35
191 192
143 144
63 64
86 87
106 107
61 63
110 112
185 186
183 184
171 172
181 182
28 30
102 104
178 179
191 192
1 2
156 158
188 190
149 151
59 61
180 182
65 66
82 84
22 24
172 174
31 32
107 108
193 195
92 94
25 26
92 94
196 198
38 40
76 78
98 99
122 124
42 43
60 62
69 70
26 28
95 96
104 105
155 156
53 55
123 124
173 175
53 54
160 162
28 30
119 120
174 176
181 182
21 23
137 138
141 142
102 103
150 151
55 56
6 7
41 42
113 114
57 58
77 79
177 179
80 82
131 133
112 114
147 149
149 150
41 42
195 197
71 73
119 120
133 135
181 182
153 155
94 95
148 150
29 30
44 45
111 112
146 147
62 63
170 172
176 177
5 6
158 159
150 151
155 156
130 132
172 174
67 68
112 114
7 8
35 36
62 63
82 83
29 30
143 144
54 55
161 162
55 57
104 105
27 28
187 188
106 108
40 42
119 121
108 110
31 32
24 25
34 36
179 181
55 56
88 89
195 196
119 120
33 35
79 80
107 109
171 173
21 23
19 20
130 131
102 103
90 92
128 129
77 79
15 16
117 118
15 17
58 59
19 21
176 177
50 51
179 180
84 86
35 37
132 134
11 13
38 39
4 6
33 35
54 56
89 90
2 4
45 47
98 99
116 117
145 147
31 32
29 30
16 18
121 122
168 169
163 164
134 135
54 56
157 159
122 123
194 195
109 110
123 124
103 104
117 119
4 5
86 88
47 48
177 178
2 4
96 97
130 132
54 55
124 126
156 157
144 145
166 167
138 140
137 139
36 38
172 173
64 66
145 146
95 96
97 98
29 31
49 51
41 43
47 49
105 106
148 150
151 152
69 70
111 112
93 94
168 169
115 116
13 15
8 9
23 25
180 181
23 24
136 137
197 198
195 196
91 93
47 49
154 155
184 185
71 72
177 179
81 83
167 168
35 37
197 199
124 125
157 159
103 105
132 134
6 7
37 38
82 83
184 186
13 15
187 188
177 179
109 111
130 131
1 2
65 67
100 101
75 77
138 139
123 124
28 30
102 103
71 73
24 25
138 139
137 138
15 16
11 12
87 89
140 141
76 78
146 147
92 93
196 198
183 185
