593
96 97
31 32
33 35
139 140
178 180
3 5
57 58
42 43
293 295
283 284
52 54
233 234
51 52
205 206
201 202
89 91
55 57
185 186
234 235
251 252
103 104
223 224
67 68
74 76
84 86
296 298
263 265
18 19
12 14
226 228
120 122
84 85
56 57
257 258
289 290
102 103
214 215
139 141
269 270
223 225
276 278
46 48
105 107
98 99
19 20
268 269
134 135
97 98
35 37
236 238
297 299
151 153
13 14
23 24
94 96
244 245
89 91
223 225
12 14
219 221
106 108
132 133
157 158
225 226
261 262
137 138
137 139
274 275
9 11
226 227
195 197
223 225
64 65
250 252
179 181
268 269
72 74
155 156
125 126
288 289
250 251
244 245
22 23
48 49
222 224
208 209
286 288
75 77
260 261
63 64
188 190
15 16
171 172
240 242
110 112
168 169
118 120
69 70
192 193
62 64
34 35
103 104
271 272
230 231
75 77
211 213
115 116
257 258
171 173
4 5
206 207
183 184
188 190
156 157
204 206
277 279
38 40
248 250
105 107
86 88
37 38
53 55
55 57
127 128
175 176
153 155
153 154
206 208
199 200
280 282
247 249
281 282
187 188
237 238
278 279
97 99
159 160
182 184
264 265
150 151
215 217
294 295
207 208
83 84
203 204
208 210
91 93
220 222
78 80
222 224
27 28
186 188
239 240
53 55
47 49
15 17
90 91
142 143
9 10
242 243
131 133
193 195
255 256
262 263
269 270
287 288
60 62
60 62
154 155
34 35
247 248
121 122
10 11
185 187
185 186
220 221
2 4
220 221
146 147
262 264
12 13
124 126
151 152
104 105
270 271
70 71
224 226
23 25
166 167
181 182
54 56
274 275
59 61
85 87
257 258
141 142
170 172
204 205
119 121
132 134
255 257
30 31
211 213
259 260
98 99
262 263
23 24
293 294
146 148
101 102
157 159
191 192
9 10
197 199
10 11
247 249
253 254
78 80
148 149
216 217
286 287
34 35
285 286
233 234
217 219
168 170
196 197
291 293
149 150
250 251
165 167
82 83
55 56
251 252
261 263
157 159
25 26
79 80
74 76
148 150
218 220
87 88
21 22
282 283
97 98
240 241
148 149
246 247
157 159
202 203
50 52
28 30
204 205
21 23
53 54
159 160
39 40
87 89
54 55
229 231
283 285
260 261
43 45
173 174
232 233
225 226
20 22
258 259
24 26
214 215
50 52
263 264
248 249
211 212
265 266
213 214
75 77
107 109
198 199
217 218
45 46
22 23
47 48
120 121
275 277
15 16
228 229
236 238
93 94
233 235
139 141
190 192
56 58
243 245
227 229
158 160
2 3
106 107
275 277
56 57
281 282
248 250
32 33
134 135
231 233
115 117
204 206
94 96
92 93
5 6
187 188
271 273
116 118
70 71
72 74
130 131
218 219
167 168
122 124
63 64
113 114
279 281
54 55
120 122
227 229
53 54
1 2
1 3
268 270
114 116
145 147
178 179
191 193
203 204
168 169
294 296
109 111
64 66
297 299
90 92
173 174
57 58
291 293
136 138
208 210
173 174
174 175
64 66
81 82
159 160
108 109
163 164
117 118
238 240
213 214
252 253
61 62
184 185
285 286
267 268
153 154
266 267
212 214
129 130
31 32
28 29
7 9
59 60
20 21
201 202
200 201
158 160
6 7
102 104
59 61
85 86
6 7
236 238
200 202
237 239
76 78
152 153
85 87
158 159
280 281
195 196
196 198
104 106
218 219
126 127
87 88
145 146
101 103
176 178
267 269
273 275
249 250
194 195
105 107
134 135
174 175
170 171
177 178
67 69
136 138
223 224
47 48
118 119
221 223
184 185
25 26
38 40
167 168
50 52
53 54
204 205
258 260
231 233
42 43
134 135
237 238
2 3
123 124
160 162
41 42
217 218
287 288
260 261
189 191
198 199
177 179
109 110
91 92
206 207
186 187
7 8
134 135
278 279
152 153
144 145
168 169
214 215
188 190
117 119
26 27
82 83
242 243
137 138
36 38
149 150
156 158
158 160
132 133
179 180
192 193
179 180
248 249
146 147
174 176
229 230
289 291
155 156
277 278
110 111
135 136
143 145
219 220
202 204
119 120
249 250
16 17
197 198
227 229
46 48
151 153
89 90
257 259
175 177
245 246
160 161
199 201
232 234
16 18
143 144
190 191
131 132
80 82
218 220
59 61
95 97
14 16
129 130
101 103
77 78
263 264
160 161
124 125
80 81
222 223
194 195
70 72
279 281
29 30
131 132
280 281
243 244
172 174
185 187
32 33
19 20
114 115
35 36
12 13
180 181
211 213
79 80
148 149
73 75
65 66
101 103
119 120
38 40
37 38
210 211
127 128
125 127
112 113
96 97
120 121
283 284
225 226
138 140
166 168
229 230
146 148
154 155
288 289
74 75
141 142
147 148
57 59
163 165
205 206
84 85
217 218
110 112
113 115
285 286
247 249
13 14
30 32
234 235
86 87
296 298
11 12
20 21
131 133
231 232
169 170
228 230
99 100
227 228
246 247
99 100
297 298
87 89
168 169
275 277
172 173
102 103
124 125
99 100
58 60
158 159
243 245
270 271
33 34
36 38
45 47
140 141
85 86
200 201
150 151
254 255
30 31
228 230
11 13
161 162
193 195
180 181
74 76
292 293
245 247
