252 233 983 784
90
566 899 864 944
649 158 804 228
625 54 961 76
517 61 819 70
684 753 889 825
327 667 391 743
623 696 957 781
656 516 823 616
30 590 233 595
240 885 371 979
513 150 717 195
830 100 889 130
597 902 731 932
271 810 666 848
549 389 562 419
309 160 439 168
423 588 486 618
264 413 608 488
637 286 989 354
126 654 219 743
547 93 555 186
545 730 805 757
361 445 626 496
444 805 546 888
307 292 490 388
224 228 472 242
32 25 153 114
79 357 262 378
356 522 677 588
551 852 635 871
518 777 525 827
667 212 775 229
59 848 105 868
243 537 474 634
194 723 549 784
84 696 203 785
429 171 676 253
270 542 316 609
475 699 495 729
482 402 505 490
393 243 789 333
153 248 552 297
460 423 767 490
443 440 708 482
660 601 878 606
929 426 990 468
23 295 400 312
189 586 465 658
53 230 331 244
12 628 131 722
67 267 444 326
484 877 564 939
404 268 747 348
378 530 448 553
106 427 472 453
226 758 275 784
748 374 976 467
245 579 614 598
568 242 951 333
491 572 593 620
539 546 659 583
369 594 503 636
441 551 643 588
307 429 543 436
542 113 698 118
359 271 655 298
417 28 757 122
523 112 909 212
78 436 431 507
246 477 436 558
527 73 730 98
457 904 841 981
118 123 210 219
272 589 570 682
474 147 613 219
455 456 793 549
171 362 565 378
30 790 411 816
93 794 255 803
40 188 201 223
420 608 462 622
474 45 750 120
316 670 332 673
15 869 342 874
463 246 616 311
675 146 955 165
388 642 743 682
218 375 529 435
52 701 77 732
335 967 370 981
