206 251 890 836
90
603 581 740 597
200 6 209 28
477 941 550 962
515 9 668 109
803 869 960 902
468 81 538 185
411 61 426 180
279 203 479 235
294 64 377 117
888 649 908 734
903 235 917 237
114 235 237 235
252 331 388 415
916 557 960 600
12 406 70 409
731 677 919 768
138 933 270 973
340 187 378 291
415 74 588 76
508 261 707 328
683 79 745 143
350 772 359 892
312 578 474 665
790 563 925 667
166 44 256 118
194 658 266 739
230 829 231 840
565 634 618 730
406 751 505 788
323 673 426 679
133 309 231 410
615 758 766 854
706 921 821 946
46 507 134 548
341 873 433 969
262 70 372 116
642 439 672 496
586 343 777 367
768 805 932 911
480 254 615 273
734 307 802 308
184 573 294 606
849 856 1000 942
32 939 83 992
910 465 990 553
925 713 989 747
248 348 399 420
827 846 898 869
598 505 697 621
670 557 807 641
299 562 469 576
690 391 845 454
792 202 839 282
228 966 306 991
67 680 199 737
581 770 629 826
717 291 892 372
767 214 962 327
375 68 403 80
682 642 788 760
190 297 298 358
193 118 195 162
718 773 738 825
573 558 760 573
704 234 851 340
668 417 813 534
680 829 686 932
853 96 959 130
684 735 710 744
7 567 97 596
536 573 675 612
188 383 307 429
315 782 385 881
102 83 160 175
17 396 200 424
282 206 406 317
463 27 595 69
717 498 884 520
812 14 880 56
641 163 706 261
562 850 584 888
381 936 460 980
301 911 492 986
693 717 880 784
864 16 924 83
102 489 273 572
29 111 187 135
170 802 364 892
812 198 993 202
339 897 479 917
