100
96 62 1
43 67 0
54 57 1
73 92 0
37 9 1
93 42 1
31 6 0
32 64 0
62 23 1
91 83 0
52 21 0
59 66 0
33 8 0
40 39 1
22 32 0
83 84 1
4 63 0
89 78 1
57 70 0
34 22 0
58 28 0
47 25 0
69 7 1
73 85 0
1 75 0
50 98 1
23 60 1
60 18 1
99 40 0
55 82 0
36 4 1
14 95 0
78 30 0
26 86 0
45 79 0
8 61 1
19 80 0
72 5 0
11 2 1
5 34 0
70 47 0
77 3 1
24 87 0
41 58 0
90 96 1
84 69 0
6 49 0
48 74 0
71 45 0
75 44 0
61 13 1
81 10 0
56 72 1
64 46 1
46 90 0
68 24 1
3 33 0
30 52 1
98 41 1
67 77 1
94 76 1
7 100 0
86 93 0
97 12 0
76 65 1
79 35 1
10 20 0
82 36 1
65 31 1
44 56 0
16 37 1
66 38 1
85 55 1
27 88 0
92 91 1
100 48 1
87 11 0
17 51 0
12 54 0
20 68 0
74 14 1
13 97 1
51 19 0
18 26 1
80 89 1
15 81 0
42 17 1
53 99 0
2 94 0
21 71 1
25 27 0
95 43 1
49 59 1
28 53 1
63 15 0
39 1 1
88 50 1
38 29 0
29 16 1
