1000
917 568 1
486 850 1
776 259 1
157 240 0
469 722 1
374 494 1
349 768 0
749 199 1
968 644 0
847 846 1
191 884 1
97 131 0
483 93 0
173 537 0
476 998 1
856 275 0
818 862 1
935 461 0
36 118 0
189 483 0
494 518 0
807 924 0
388 191 0
174 970 1
785 400 0
727 712 1
713 660 0
454 844 0
622 870 0
973 840 0
227 643 1
754 593 0
960 774 0
397 938 1
425 672 0
779 449 0
441 53 0
767 62 1
95 669 0
274 770 0
852 462 1
79 647 0
248 452 0
375 261 0
974 160 1
403 601 1
489 606 1
811 639 0
480 327 1
471 948 1
870 230 1
902 283 0
373 570 1
931 168 0
708 295 0
345 734 0
219 220 0
562 507 0
116 679 0
825 5 1
426 463 0
355 465 0
521 380 1
343 983 1
101 310 1
15 170 1
18 740 0
240 864 0
679 71 1
303 725 1
985 724 1
350 653 1
721 464 0
361 629 0
843 294 0
452 157 0
979 8 1
399 934 0
745 777 1
695 989 1
610 787 0
859 798 0
633 696 1
728 107 1
226 211 0
404 21 1
880 488 0
428 420 0
655 381 1
586 367 1
276 249 0
29 695 0
259 152 0
152 236 0
587 413 1
756 232 1
477 6 1
559 618 1
299 849 0
970 270 0
924 782 1
529 205 1
765 561 0
332 292 1
597 775 0
69 755 0
358 600 0
887 391 1
844 818 1
62 26 0
331 35 0
83 183 1
997 553 1
287 70 1
372 353 1
945 813 0
381 100 1
86 613 0
573 709 0
164 388 1
172 841 1
468 953 1
896 360 0
72 302 1
193 442 1
160 559 0
156 223 1
329 185 0
899 920 1
56 756 0
465 836 1
691 558 1
683 808 1
328 171 0
185 971 0
656 215 0
409 166 1
840 972 1
145 55 1
367 791 1
165 106 0
557 83 0
822 357 0
596 918 0
634 241 1
868 39 1
432 701 1
640 238 0
113 289 1
941 575 1
845 966 0
59 235 0
158 962 1
565 242 0
605 218 1
962 540 0
268 253 1
295 661 1
378 931 1
928 445 1
273 504 0
790 303 0
910 72 1
673 930 0
699 394 1
662 59 1
697 771 0
647 268 1
839 806 1
943 92 1
188 163 0
353 293 0
643 595 0
787 951 1
657 992 0
717 736 1
122 764 0
498 256 0
229 257 0
308 454 1
190 154 0
363 556 1
687 207 1
773 869 0
420 112 1
54 60 0
290 708 0
796 731 1
908 707 1
170 905 1
641 649 1
986 403 1
653 226 1
94 874 1
74 737 1
450 411 0
830 896 0
205 397 1
535 766 0
659 742 1
518 586 1
73 538 0
402 612 0
201 739 1
360 547 0
515 525 0
911 174 1
919 776 1
167 110 0
820 979 0
505 673 0
935 551 0
461 952 1
470 728 1
107 993 0
965 857 1
125 426 0
198 534 0
8 190 0
68 316 0
700 598 1
154 224 1
235 425 1
89 45 1
950 589 1
819 376 0
611 484 0
49 690 1
70 936 1
716 897 0
971 522 1
393 127 1
305 800 0
778 172 0
365 447 1
883 940 0
46 973 0
527 128 0
424 352 1
138 482 0
337 116 1
176 509 0
885 926 1
253 933 1
882 427 0
257 325 1
364 329 1
921 450 0
352 73 0
317 285 0
301 19 0
183 747 0
631 786 0
280 94 0
600 343 0
92 667 0
743 969 1
255 769 1
996 161 1
462 811 1
242 659 0
81 783 1
398 825 0
774 40 0
891 251 1
524 412 1
289 566 1
256 396 1
817 916 0
702 717 0
706 351 1
886 631 0
449 91 0
427 686 0
244 654 0
85 691 1
857 583 1
538 97 0
133 826 1
436 369 1
478 642 1
368 733 0
377 443 1
141 340 0
669 919 0
624 180 0
642 900 0
766 859 1
251 383 1
576 605 1
336 620 1
874 785 1
718 560 1
704 816 0
595 349 1
455 758 1
419 225 1
210 726 0
832 410 0
250 751 0
769 401 1
269 200 1
531 176 1
293 991 1
64 119 0
204 590 0
568 526 0
406 324 0
464 4 0
991 693 1
5 516 0
688 375 1
607 752 1
814 365 0
869 20 0
715 894 1
168 748 1
265 41 0
632 167 1
382 135 1
747 372 0
786 873 0
179 861 0
40 746 1
354 694 1
666 486 1
854 794 1
228 634 1
394 902 0
748 999 0
202 265 0
218 487 0
359 552 1
904 423 1
570 378 0
629 298 1
197 307 1
389 95 0
147 492 1
989 964 1
534 38 1
233 370 1
976 247 1
410 585 0
793 541 0
984 898 0
108 187 0
411 158 1
650 405 0
823 939 0
1000 299 0
112 326 1
230 980 1
740 802 0
900 311 1
224 713 1
851 514 0
302 89 1
898 409 1
246 646 1
78 797 1
405 497 1
537 474 1
694 681 1
545 571 1
619 947 0
82 615 0
737 475 1
696 744 1
939 854 1
805 577 1
507 2 0
315 645 0
916 195 0
129 98 0
296 842 1
663 745 0
993 14 0
27 46 0
853 698 0
969 956 0
408 550 1
123 835 1
212 527 1
457 133 1
725 398 1
239 867 1
701 510 1
733 729 1
325 914 0
639 763 1
66 848 1
961 36 1
877 567 1
738 339 1
873 596 1
944 90 0
665 145 0
87 743 1
930 581 0
835 877 1
19 995 1
351 132 1
637 501 1
905 389 1
151 996 0
591 535 0
780 217 0
894 597 1
314 638 0
999 271 1
782 801 0
616 23 1
758 959 1
523 422 1
6 599 1
195 524 1
77 32 0
440 435 0
254 304 1
459 77 1
533 592 0
734 473 1
148 336 0
872 328 1
915 562 0
200 156 1
279 680 1
58 344 1
416 7 1
799 609 1
14 828 1
871 429 1
130 852 0
726 721 0
510 356 0
277 548 1
466 703 1
555 830 0
810 637 0
13 536 0
516 219 0
12 51 1
522 164 0
184 159 0
955 318 1
163 286 0
347 929 1
357 274 0
187 408 1
903 33 0
341 635 1
3 623 0
435 206 1
271 767 0
907 368 1
10 428 0
571 563 0
192 332 1
60 290 0
834 197 0
76 117 1
987 123 0
948 579 1
983 699 0
553 362 0
306 458 1
91 820 0
203 266 0
775 228 1
561 297 0
567 457 0
433 309 0
881 976 1
730 907 0
988 517 0
508 539 0
623 749 0
577 499 0
909 125 1
120 99 0
270 682 0
117 572 1
340 700 1
784 76 1
951 175 1
711 43 0
574 555 1
161 899 0
135 284 1
680 12 1
804 466 1
236 27 1
772 3 0
437 664 0
972 881 1
582 685 0
645 282 0
105 169 0
865 872 0
546 521 0
590 762 1
661 876 1
530 789 1
668 610 1
564 144 1
21 677 1
927 173 1
736 421 0
52 760 0
319 655 0
445 278 1
658 16 1
636 322 0
626 96 1
234 385 1
245 757 0
794 65 0
788 480 1
495 893 0
324 778 1
482 658 0
217 569 0
278 348 0
686 997 1
412 946 0
292 319 0
249 901 0
180 810 0
499 37 1
809 945 1
134 451 1
808 716 1
751 354 1
609 565 1
831 847 0
484 594 0
517 419 0
812 863 1
283 269 0
816 358 0
918 814 0
316 508 1
30 878 1
552 17 1
942 879 1
906 546 0
182 416 1
833 113 0
617 607 0
496 519 0
348 63 1
4 576 0
792 47 0
384 503 1
803 124 1
719 479 0
850 603 1
487 279 1
635 277 0
75 545 1
370 917 1
846 500 1
689 56 0
618 273 0
392 24 1
110 657 0
771 617 1
956 104 0
294 467 1
675 784 1
770 431 0
599 665 0
837 54 1
720 692 1
119 520 0
802 333 0
460 42 0
338 650 0
519 13 0
43 216 0
275 231 1
937 88 1
194 582 1
560 414 1
821 87 1
860 9 0
681 114 1
995 15 0
28 130 1
247 85 1
588 831 1
753 81 1
729 417 0
598 765 0
463 1 1
981 719 1
684 82 0
143 418 0
710 662 0
746 312 1
682 430 1
621 213 0
422 151 0
829 990 0
346 288 1
221 885 0
326 906 1
431 209 1
321 491 0
48 301 1
99 476 1
890 260 0
417 543 1
514 280 0
630 337 0
284 115 0
401 393 0
186 101 0
958 641 0
936 807 1
532 469 0
356 203 1
304 470 0
25 105 0
291 121 1
414 981 1
741 670 0
467 330 0
572 689 1
400 832 1
712 821 1
862 544 0
366 817 0
1 714 1
481 978 1
800 222 1
136 741 1
300 812 1
625 30 0
783 624 1
644 974 0
386 22 0
628 478 0
103 254 1
502 616 1
387 404 1
864 676 0
159 244 0
137 684 1
752 668 0
153 444 0
876 233 1
311 531 0
261 604 0
7 675 0
709 196 1
262 843 1
330 181 1
38 399 1
566 58 1
395 441 0
491 533 1
592 186 1
795 656 1
223 987 0
649 359 1
842 648 1
415 455 1
272 338 1
93 155 0
998 697 1
798 109 0
51 683 0
497 212 1
199 126 1
309 272 1
543 839 0
63 460 1
739 350 0
446 640 0
676 922 0
211 632 1
925 858 0
24 102 1
53 838 0
139 761 1
485 481 0
267 887 1
447 911 1
501 871 0
31 554 1
144 602 1
57 982 1
838 845 0
923 578 0
281 138 0
208 772 0
282 134 0
61 910 1
827 237 0
525 459 0
456 64 0
648 753 1
65 927 1
761 264 0
603 387 1
541 189 1
430 129 1
100 963 1
815 611 1
42 883 0
142 468 0
2 977 0
434 139 1
714 732 1
867 25 0
963 975 1
231 622 0
493 162 0
322 781 0
171 52 0
705 258 0
828 296 1
575 29 0
602 687 0
744 890 1
764 432 1
762 528 1
266 891 1
243 440 0
548 928 1
664 68 1
23 456 0
677 529 0
258 793 1
620 78 0
777 103 1
693 949 1
220 932 1
724 961 0
118 75 0
698 523 1
949 627 0
504 944 0
848 715 1
755 331 1
707 182 0
252 994 1
37 386 0
472 267 1
892 437 1
953 28 0
606 366 1
90 31 0
556 549 0
438 882 0
488 628 1
150 908 1
757 815 0
855 229 1
884 823 0
978 923 1
933 954 0
207 287 1
214 805 0
672 355 1
926 958 1
379 580 1
932 433 0
703 346 1
132 530 1
342 300 1
759 608 0
735 865 0
26 710 1
789 150 1
579 886 0
549 880 1
608 448 0
889 960 1
175 323 1
339 49 0
875 373 0
479 335 0
260 678 1
238 498 0
418 377 0
323 345 1
396 308 1
474 837 1
492 888 1
964 587 0
982 630 0
312 192 1
335 342 0
913 988 0
975 415 0
558 1000 1
232 179 0
678 364 0
551 889 0
540 341 1
580 245 0
11 856 0
178 281 1
50 188 0
813 941 1
162 141 0
897 137 0
127 868 0
421 663 0
320 382 1
490 735 1
121 588 1
947 178 1
594 86 0
806 720 0
866 136 1
307 66 0
32 495 0
109 108 0
912 111 0
442 788 0
667 723 1
423 614 1
169 688 1
966 201 0
391 392 1
920 829 1
334 147 1
791 496 0
550 925 0
512 819 1
651 506 1
893 79 0
967 833 0
327 214 0
849 515 0
369 866 1
671 779 0
96 146 0
47 532 0
589 407 0
934 505 0
584 140 0
723 453 1
84 512 1
313 652 1
878 471 1
604 968 0
124 564 1
801 361 1
578 263 1
938 705 0
241 903 0
34 851 1
646 855 0
177 493 1
957 984 1
140 942 1
475 915 0
111 246 1
263 921 1
722 912 1
614 706 0
390 320 1
22 738 0
206 943 1
601 276 0
288 143 0
990 347 1
88 985 0
196 892 0
581 379 0
613 239 0
994 424 0
451 252 1
554 957 1
526 446 0
376 702 0
98 18 0
547 904 0
439 255 1
952 194 0
39 306 0
453 120 0
569 434 1
593 193 1
458 149 0
690 67 0
563 666 1
443 44 1
209 636 0
861 204 0
20 967 0
126 57 1
585 909 1
888 210 0
17 402 0
692 262 0
67 633 1
344 436 0
71 591 1
444 860 1
380 313 1
980 674 1
511 243 0
895 557 1
536 69 1
237 718 1
149 704 1
80 250 0
627 489 1
528 390 1
824 573 1
181 626 0
612 574 0
742 937 1
914 502 1
448 314 1
407 177 1
104 822 1
33 490 1
863 542 1
131 803 1
922 965 0
318 792 0
298 34 0
781 184 1
826 827 0
362 334 1
106 48 0
858 895 0
901 950 0
763 221 1
977 790 0
413 834 0
539 321 1
674 513 1
333 796 0
954 11 1
615 773 0
216 759 0
128 485 1
41 165 0
55 395 0
286 142 0
750 986 0
503 227 0
35 625 1
213 438 1
310 384 0
383 853 1
836 363 0
44 61 1
506 291 1
544 122 1
285 730 1
520 754 0
222 913 0
146 875 1
638 234 1
946 750 1
929 315 0
940 795 0
473 371 0
225 799 1
652 619 1
732 80 1
215 472 1
500 711 0
166 248 1
670 439 0
16 727 0
542 74 0
583 955 0
731 621 1
768 148 1
797 84 0
685 317 1
371 651 0
45 584 1
264 202 1
513 305 0
385 374 0
959 477 0
102 208 0
429 809 0
841 824 0
114 50 1
760 10 0
115 804 1
660 511 0
992 671 0
509 153 1
297 198 1
879 780 0
9 406 1
