1986
1 4245
1 4283
1 4303
1 4212
1 1741
2 1154
5 929
2 7513
2 9135
3 9395
5 4666
5 8263
2 8552
2 7294
2 4625
5 5587
4 9130
3 7485
2 5149
2 7149
2 1012
5 4495
3 976
5 6448
5 7270
2 5523
5 3518
4 9789
4 1340
5 5856
3 9040
4 4132
4 6308
5 552
3 833
4 227
5 3681
3 7008
3 732
2 7659
2 9860
5 2961
5 7233
5 6583
4 1260
2 8408
3 9634
2 1076
5 2980
2 3353
5 7093
3 1442
2 9659
4 1388
3 3052
4 1285
3 1661
3 9483
2 4157
5 8991
2 4116
5 3438
5 8077
5 58
3 1987
5 8142
3 6595
4 7828
2 9315
2 4961
3 2248
2 8936
5 3109
5 6747
5 9936
3 602
3 2444
3 6837
4 4306
2 6078
2 5698
5 8906
4 7879
4 3163
3 720
3 4236
5 5966
5 5442
2 6616
5 1882
3 8861
4 8875
3 2376
3 2012
3 7294
5 8384
2 22
3 6738
4 1000
2 2303
5 765
4 216
2 5746
2 8787
4 8968
3 4084
5 5636
5 3198
5 6058
5 7678
3 2295
3 5028
4 2657
5 2446
2 1067
3 9902
3 972
4 6548
5 5166
5 3087
5 6670
2 4422
4 7031
4 5095
4 3734
3 8692
4 3452
5 1291
4 7025
4 6599
3 4755
4 5693
5 2835
3 9642
2 7232
4 7847
5 5402
2 4231
2 3516
5 946
5 9009
5 811
4 6064
3 5197
3 7146
2 633
2 1254
4 398
4 1548
4 807
2 4169
5 8590
2 6013
4 6217
2 4725
4 4567
3 5456
4 2571
2 9063
5 6511
3 3686
5 1376
5 3487
5 1192
4 4874
4 5689
5 1365
2 4574
3 6319
5 7290
3 2416
4 6397
2 2738
2 7935
2 6757
5 1928
4 1900
2 7657
5 8097
4 7805
4 149
5 6793
3 1550
2 4694
3 9420
4 2402
5 5054
3 6528
3 4025
4 351
5 6146
2 9014
4 2684
2 4010
2 5285
3 8484
5 5961
3 3944
3 5836
5 9929
2 5982
3 8041
4 4458
2 9331
2 7604
2 8112
2 1493
4 5861
3 7674
3 9622
2 3430
2 9007
4 448
2 9686
5 9897
2 7193
3 5
4 6868
5 2542
2 2577
5 324
2 5311
4 4958
4 5180
3 6376
5 6259
4 8088
5 8612
2 9092
5 9323
5 7909
5 1948
5 4611
2 7120
3 4182
2 5308
4 5349
4 1983
4 2156
4 9067
2 2472
5 2671
4 5229
2 6544
4 2904
2 2286
4 5433
5 9697
3 7581
2 9889
3 2967
4 2211
2 6610
3 4602
3 5507
5 5571
3 8201
4 8769
4 9920
4 2724
3 5927
2 7283
2 884
4 9936
3 8381
2 3353
3 551
5 3091
3 8974
4 2870
5 9090
2 6886
4 1052
5 2987
5 1021
2 2801
2 9155
5 4422
5 5790
4 7742
3 8489
4 1195
2 441
3 2943
4 6700
4 3215
5 5075
4 8446
5 9402
5 3823
2 855
4 8650
5 5694
4 773
3 2452
5 3567
4 6668
3 9091
2 9885
5 8537
5 8746
2 318
4 2532
2 5801
3 4914
2 8362
3 714
2 4916
5 8801
5 3736
5 9896
3 8759
5 3547
4 8855
2 8008
3 6761
4 9169
3 7902
2 9323
4 8708
2 7170
4 4662
4 206
3 6962
3 7512
3 6059
3 2670
5 5711
3 1664
2 8482
5 3724
5 5015
3 9086
5 8948
3 1061
2 1441
2 5211
3 2015
4 96
5 2690
3 6151
4 3063
3 828
3 6092
2 7075
5 3824
2 8555
3 3324
5 6121
3 7505
2 6307
5 1610
5 9451
2 9694
5 5384
5 7429
5 3031
4 1338
3 1384
2 569
3 6679
3 9644
2 1471
4 2422
4 7990
5 518
2 1790
5 1322
3 753
4 8092
3 3012
5 1003
3 6905
5 6518
5 4001
2 3240
5 7290
3 3479
5 8231
2 7035
3 4249
2 9859
2 1408
2 2602
3 4734
4 9361
5 6599
4 3792
2 4077
2 1895
2 1446
2 8553
5 2160
4 7216
4 7139
4 8384
3 78
5 8572
5 3811
5 4107
4 9073
2 7349
5 452
3 9709
3 6460
5 130
4 412
2 3558
5 341
2 1076
2 784
2 5664
4 448
2 7268
3 4237
3 6176
4 5046
2 1764
5 9530
2 6370
2 8588
5 221
5 781
2 6694
2 4929
4 1543
3 7666
4 9214
4 5770
2 2622
5 8995
2 7041
4 5974
5 3177
3 4724
5 8690
5 5641
3 1075
2 2253
4 2089
4 1900
3 9514
2 7326
4 1967
5 1096
4 5327
5 9864
5 6560
5 8723
5 1501
3 5456
2 2231
3 4434
2 9948
4 765
2 7185
3 2919
5 7220
4 2363
3 381
5 6183
2 5279
4 5063
2 6390
5 466
4 3335
2 5222
4 104
5 466
2 5121
3 5076
2 7416
3 6792
5 1829
3 4743
3 1191
4 1932
2 8751
3 5169
3 4746
4 4882
4 1309
5 1333
4 7964
2 6916
3 8535
4 3279
5 2097
4 3882
4 6291
5 2227
3 2047
2 6781
3 7779
4 6236
3 9655
4 8984
5 6884
3 442
2 9124
5 4153
3 6512
3 2754
2 3103
5 2786
2 8241
5 752
3 4656
2 1966
4 9709
4 8129
4 744
2 1595
3 504
5 9220
3 8693
5 6883
3 2833
5 8265
4 1159
2 1324
5 1397
4 8457
2 5013
4 2979
2 2106
3 5637
3 6872
3 6088
4 7862
4 5513
2 4953
2 283
3 9313
4 6359
5 1731
2 7618
3 5288
4 3742
2 1058
3 1377
2 9849
2 6626
3 4473
3 9531
2 9748
2 1080
3 9014
4 3776
4 552
3 7513
2 3935
4 7911
2 7309
5 1768
5 6871
2 8493
4 1257
4 6320
2 6792
2 7078
3 6746
2 4141
4 1180
5 5113
3 619
4 5365
4 2748
2 6123
2 3554
5 2044
4 9121
5 9588
2 8749
4 6334
4 3009
2 2831
3 2111
2 7155
4 6113
5 6249
4 5352
4 2204
5 5703
3 3337
2 2555
3 835
2 4565
3 3918
2 6228
2 1187
5 7653
4 4452
2 7042
4 2061
5 6795
3 9786
4 9012
4 6697
4 7156
4 7186
4 5274
5 263
5 2534
5 6502
3 6183
3 9240
5 1918
4 574
3 8351
4 5572
5 9255
2 9426
5 3333
5 6464
4 7520
3 667
5 6390
2 8109
3 5795
2 2517
5 7966
2 388
4 2142
5 2401
3 6470
5 7911
2 5458
5 1085
3 2613
5 280
5 7556
3 4898
4 8049
2 622
4 3995
4 9441
2 6402
3 9426
5 936
2 2739
5 9175
5 9345
3 7646
5 7783
5 7251
2 6261
2 2802
5 8662
3 3828
3 7011
3 83
4 7863
4 7847
2 2948
3 4968
2 5069
4 4828
4 9962
4 1328
4 4965
2 2083
4 1708
5 9692
5 3171
3 4022
3 4169
2 4030
2 4323
3 207
2 1008
2 9980
2 7553
4 409
3 7046
5 5351
3 7211
4 7412
2 7238
3 2403
3 3333
4 9866
3 6702
2 6498
5 1435
5 5157
4 3386
3 7756
5 8606
3 550
5 6440
4 8133
5 8840
4 7190
2 1718
4 7509
4 6762
5 8961
3 6870
3 47
2 5045
2 1177
3 292
5 3517
2 9164
4 5640
3 2480
2 602
4 2214
2 8721
3 3237
4 7122
5 9975
4 4007
3 3330
3 1408
3 7450
4 8008
4 2677
5 6339
4 4660
3 6513
2 8954
3 6583
2 1335
2 9485
5 7612
3 6353
5 3755
4 1937
2 5451
3 2469
4 203
5 9111
3 6492
2 9544
2 5867
5 7057
4 3231
2 7218
4 2752
3 7948
4 5023
2 4548
3 9582
3 7510
3 1062
3 9402
3 6493
5 2880
4 2218
5 8030
2 6614
2 2745
2 1987
5 683
3 5657
5 3786
3 9103
4 7854
3 948
2 1690
2 9005
5 6084
2 9580
2 5987
3 163
4 2471
5 2402
3 6174
2 3309
2 4973
2 4944
2 7726
3 5185
3 3797
4 3200
4 6672
4 8454
4 4733
2 1441
5 2836
3 6072
4 20
3 2819
5 4934
5 8418
4 610
4 148
2 8812
4 48
3 8141
2 6091
4 7013
4 4230
2 9798
2 970
4 284
5 3531
3 7978
5 3665
2 4353
4 4539
2 1870
4 1042
5 1292
3 754
4 5356
5 79
2 3574
4 5321
3 7971
4 198
2 1282
2 7871
5 8937
2 5684
4 63
2 7981
2 5
4 8016
5 3770
2 3695
5 9945
5 4714
4 6669
3 3110
5 274
2 3992
3 9009
2 5327
4 3591
4 9644
2 9065
2 6756
2 2726
4 6132
5 2875
4 7601
2 3365
5 5608
5 6120
3 2517
2 5540
3 7073
3 8502
5 7315
3 7196
4 7148
2 7336
2 425
5 3671
3 7835
4 519
2 1961
4 8758
4 7403
2 4253
3 5427
2 8858
3 563
4 8427
2 8326
4 4579
5 416
5 3076
4 4172
4 7954
4 3803
2 3880
3 1776
5 7546
4 872
4 6174
4 8855
2 404
3 9796
4 9068
3 4482
2 4081
4 7679
3 8376
3 1475
5 2807
3 5711
2 8674
2 3510
4 9492
5 3475
4 7158
5 4081
2 2489
2 749
3 2024
3 1552
3 5582
3 3724
3 4785
4 4299
5 4422
5 652
3 749
4 4450
2 2777
4 2113
4 3010
2 665
5 5164
2 5688
3 8584
3 7530
4 1869
5 1381
5 7947
2 644
4 1450
5 5073
2 9953
4 5773
2 6948
3 1330
5 9264
2 5773
5 1146
3 3661
4 9742
5 3264
2 9377
3 9221
3 9141
5 3092
4 2354
4 3006
3 6122
3 3093
4 2969
2 3070
4 6403
3 4399
2 6839
5 4081
5 1048
2 6562
2 8324
2 2571
2 9333
3 6501
5 4458
4 5511
5 287
4 4081
5 5825
3 3399
4 5649
5 3505
4 207
5 4321
5 9924
5 5942
3 3912
3 50
3 9689
3 4706
2 6269
2 7277
4 5769
2 2606
4 314
2 2160
3 8521
4 1353
3 2649
4 7411
5 1469
2 677
5 7448
3 9965
4 6285
2 8990
3 6381
2 6253
4 452
4 2359
5 3075
4 5629
4 899
4 6202
5 2399
4 7033
2 9465
4 288
2 3956
5 104
5 1941
4 4060
2 9414
3 8489
3 8378
4 975
5 8728
3 9082
4 8224
3 4385
5 7915
2 8329
3 6501
5 7473
4 5617
4 3049
3 2825
4 1459
3 3250
5 9249
3 4259
3 3927
5 5072
2 7750
2 3924
2 797
3 6634
5 1573
4 6513
3 1433
2 4737
3 3552
2 5021
5 819
4 6684
4 48
2 8603
4 4199
5 3067
3 5650
4 1370
5 2358
3 5584
5 3035
5 4575
3 4276
3 5058
4 4018
4 1236
3 8119
3 88
5 7026
2 3184
5 7993
3 1932
2 3858
2 7578
4 9197
2 7989
4 2048
2 2862
5 7713
3 8939
5 7901
5 725
3 1461
2 4525
5 5369
4 7454
3 1170
2 6521
5 6173
2 5560
5 7585
4 7872
5 2481
5 1829
5 2662
4 449
4 9149
3 6646
3 216
5 9517
4 1008
5 5710
2 7802
4 5889
4 9679
4 3403
4 9309
2 9244
5 2055
2 1150
2 2247
3 9455
3 5400
3 3790
2 4298
5 3887
5 9101
3 1262
5 6368
2 6274
5 7817
4 3688
4 5101
5 9311
3 1019
5 1370
5 9512
5 9268
2 5606
4 38
4 2904
2 6506
2 9486
4 6388
5 1486
5 8917
5 9543
5 1500
2 4477
3 7854
4 9358
2 4813
5 8081
5 6679
3 8744
5 8433
5 1400
4 2275
3 9155
3 8915
2 5387
5 2298
5 498
5 5249
5 2896
5 6097
5 6939
5 295
5 3329
4 9611
3 3947
2 3374
4 6187
2 6608
5 4741
5 4240
2 3203
2 8957
4 5989
4 2723
5 999
3 9758
4 4900
4 5123
5 2072
2 2825
4 46
5 3054
3 3497
5 5830
3 6345
3 635
3 8901
5 9106
4 3112
4 4900
3 3673
5 209
4 2479
2 2607
2 6213
3 1716
4 7762
5 9640
4 7413
5 2277
2 5474
5 3241
3 3820
4 2123
4 6992
5 885
5 7197
3 2720
2 9977
5 3091
4 2271
2 7205
3 3348
3 2630
5 4279
5 9275
4 3530
5 1025
3 3805
4 4337
5 9087
3 3372
5 7349
3 3862
5 5115
3 5371
2 121
5 5146
5 2949
4 1268
4 6052
3 348
3 2375
2 5491
5 386
3 7150
4 5482
2 921
3 137
4 8450
5 3640
3 6106
4 4795
4 9304
4 3660
5 7542
2 2400
3 4049
4 9575
2 2934
3 660
5 1160
2 9480
4 9574
3 4555
2 3096
2 5836
3 5819
5 9779
4 1193
5 8562
3 9339
5 9039
3 1097
4 7933
2 5746
4 9502
5 7535
4 5845
5 6705
2 7005
5 6325
5 9115
4 1936
2 5400
2 4869
2 9285
5 9260
3 9757
3 1068
5 1385
3 3623
2 2996
5 6449
3 9368
5 1636
5 4754
3 1001
2 8179
4 8462
4 8223
5 5306
5 6123
5 9793
4 3996
2 9218
3 7707
5 4920
3 221
4 1369
4 6466
4 1619
2 6244
2 4037
2 2902
3 5241
4 6113
2 4344
3 6225
2 497
2 1059
5 2204
4 2908
3 9131
2 8730
5 5554
5 8302
5 39
2 9594
3 1230
4 3029
5 4146
2 1203
3 2196
5 3416
3 4117
3 5368
2 4667
2 8762
3 9271
3 3746
5 449
2 787
2 9565
5 9402
4 9254
4 7365
3 3149
3 1247
3 8457
5 72
4 3475
3 3330
5 7967
5 5278
2 3922
2 6508
2 8297
3 1841
3 1041
4 4693
2 8874
5 7892
5 8729
5 6156
5 1914
5 6074
2 9152
4 9604
4 3424
4 6993
4 9048
5 7053
4 3570
2 1737
5 1018
4 6626
2 9923
3 700
2 1947
3 7702
3 2218
4 1139
4 3897
2 4932
3 5658
4 6358
3 3560
3 9727
3 7231
4 1003
4 8983
3 6584
2 9012
4 3122
3 8938
3 2371
2 518
4 5342
5 6188
2 2011
2 19
3 5361
4 2843
2 4830
3 9439
2 5070
4 2375
5 1225
4 1793
4 4672
3 7369
5 554
5 9309
5 8946
2 7275
5 6642
5 5755
3 9617
5 4167
4 6443
3 3294
5 2083
5 1090
3 6626
2 5022
2 8770
4 1005
4 5295
2 4243
5 477
4 6797
3 4672
5 6557
5 9366
4 5411
2 5910
5 7562
2 130
4 8498
3 5903
3 1011
3 3305
5 1343
5 7732
4 230
3 585
5 2168
2 1119
2 443
3 8374
4 854
2 6573
3 2395
3 3138
3 2758
3 2708
3 522
4 2608
3 2827
2 1444
2 760
2 7321
3 9996
5 3283
3 1247
4 588
2 9156
3 9436
3 1797
4 9427
4 5817
4 2773
5 224
4 8390
3 8601
3 2251
3 7685
3 3257
2 9922
2 9775
5 3048
4 5478
4 5132
2 6187
2 536
2 1220
3 182
3 700
4 4000
3 3109
2 9726
3 2632
2 2384
5 6132
4 4782
2 6478
3 4008
3 1851
3 5252
3 6649
2 1968
3 7002
2 8050
2 4714
3 5955
2 2240
2 5408
4 6377
3 8660
4 2038
4 6371
2 2061
2 5626
2 47
4 9551
4 1800
5 6462
2 2380
4 4087
3 7929
4 7276
5 671
2 5642
3 9406
4 1648
3 1333
5 3988
4 4668
5 8938
3 3720
3 2992
5 7867
3 104
4 9145
4 3263
4 9311
5 3266
5 2711
5 3217
4 228
4 7168
4 6820
4 6965
4 9580
5 3571
5 8650
4 6527
4 7329
2 426
2 7048
5 2474
2 4333
4 8501
5 6361
5 278
5 8760
3 2332
5 4346
2 9642
2 8296
2 5291
4 3665
5 2525
3 5664
3 2067
5 1411
4 7699
3 6010
2 6381
2 9959
3 4194
3 6734
5 1547
2 501
2 1797
5 6941
5 4732
4 2734
5 9416
3 1859
2 7329
3 7626
3 2539
2 3447
2 5391
5 2681
4 5913
3 4893
4 5546
5 4219
4 9223
4 2674
4 9293
2 8378
4 5580
4 7899
4 3024
5 7167
3 9546
4 5404
4 7137
4 4399
2 1799
5 3689
2 6283
4 2350
5 5767
3 9192
2 3783
4 3723
2 1300
2 372
5 3798
2 3999
3 606
4 5948
4 6605
2 9864
2 4499
2 2763
4 6284
5 2768
3 2626
4 4202
2 4237
4 1856
3 7051
2 8432
4 4101
2 9072
4 8493
2 5274
4 7820
5 4142
3 1557
4 1932
3 9533
2 1103
3 8769
4 6117
3 3826
5 1632
3 2321
5 7956
2 9297
4 8943
4 9856
3 5540
3 2214
4 5168
5 2312
5 8197
5 7387
3 3640
5 9604
2 5469
2 9141
3 6925
3 2058
3 5638
4 4645
2 2788
2 9930
4 1497
4 5742
3 5126
5 511
3 4922
2 6580
5 5008
4 8261
2 5711
2 3240
2 2398
2 3361
2 1384
5 2384
4 8184
3 7763
4 413
5 6600
2 3789
4 8613
3 3555
4 6860
5 5336
4 7088
3 4745
5 4512
3 1621
4 3849
5 5320
4 3620
2 3743
4 9683
4 2818
3 2912
5 3547
3 2423
3 4488
3 3180
4 7978
5 9879
3 3646
2 7816
3 150
2 711
3 3774
5 7871
5 416
3 5975
4 3761
4 4911
4 4594
4 4164
3 5151
5 9680
4 6515
2 8760
4 7159
5 3773
4 4612
5 8962
2 3499
4 5950
5 4657
4 642
3 2528
5 497
4 6596
5 5716
5 1883
3 5534
4 3597
2 4682
4 8782
4 8131
3 5178
3 7876
2 6479
2 1270
3 4063
2 4833
5 9915
4 4090
2 3551
3 5239
4 2468
5 718
4 1892
4 7194
3 9381
3 8195
3 5072
3 8631
2 7185
4 2328
5 6300
5 712
3 8947
3 7697
2 7156
3 6139
4 5793
2 6613
5 5706
3 9177
3 7992
4 9480
2 3366
4 6240
3 4839
5 7978
3 2031
4 3880
4 6511
2 1272
3 4554
5 5214
5 6423
4 603
4 4353
3 9229
2 4099
2 5105
3 9062
2 8163
3 5382
2 7388
5 958
5 2018
4 2234
3 5646
2 9917
4 9773
2 7936
3 400
4 1633
4 782
2 3373
5 3411
4 2822
2 3537
5 8946
4 3916
2 2630
4 3250
4 3677
3 3796
3 7996
4 7633
3 6679
2 6056
2 5019
3 9874
2 3935
4 908
3 9110
5 6150
2 2685
5 4369
3 330
2 4413
2 7057
2 2613
4 5694
4 4882
3 5946
2 760
2 6828
4 3440
4 5316
5 3826
5 10
2 1744
5 8988
2 977
3 5124
3 397
5 9879
3 1317
5 3798
4 1893
4 6802
5 3262
5 6909
2 2865
2 1584
5 4967
2 4185
2 793
3 3206
2 5107
3 1354
2 2315
5 3594
4 6677
5 274
3 1473
2 5266
3 1356
4 8925
2 5623
2 9669
2 8346
5 7424
3 2154
3 2381
4 2851
5 1551
2 3623
5 7600
5 3101
4 2277
5 6880
3 9275
2 2045
5 4138
5 884
2 6080
5 997
5 195
3 359
4 3825
4 5397
5 815
3 1027
4 7158
4 1793
5 7637
4 7893
4 3474
4 8069
2 7145
5 3868
3 7591
4 2569
4 2176
4 5082
3 4002
3 2580
4 531
4 1515
5 1225
3 7678
3 2114
2 5138
5 8481
5 8999
2 119
5 2381
2 2092
2 1894
5 1369
2 994
2 6838
3 7519
2 2255
4 7725
2 1630
4 1668
5 4771
4 4449
2 1539
5 92
3 82
4 4226
4 8736
3 1428
2 6400
4 4016
2 9968
2 9153
3 6957
4 6327
5 539
3 8980
4 5304
2 9968
2 2695
2 2548
2 9091
5 9624
5 6211
2 2802
4 3716
2 6004
3 4543
4 4200
3 6703
3 3155
4 4485
4 9996
3 3059
4 183
2 5754
4 6537
5 1485
3 4524
3 5694
5 1224
3 6278
5 8837
3 6428
2 9727
2 2516
4 3246
2 4666
4 4460
3 8545
2 4403
2 4098
3 624
4 3338
5 5375
2 13
3 47
5 535
2 7713
5 8217
2 4600
4 7624
3 1341
3 7241
4 4725
5 4611
4 4360
3 2378
2 2271
2 2758
4 287
2 6600
5 56
5 5223
3 6410
3 2146
4 5458
5 357
4 5706
2 8741
4 8669
4 8817
3 796
3 2601
2 7055
3 7175
2 5527
2 3110
4 7370
3 4700
3 4348
5 6829
4 4799
4 924
2 2164
5 884
4 8240
4 4196
4 1027
3 4013
3 6423
4 9156
5 1574
1929
1059 5713
1502 7814
358 3010
718 401
257 5122
1687 4842
1364 9090
1004 6622
1631 6494
1216 5733
352 533
972 8066
597 8046
1371 7108
622 4766
1926 9255
1802 3157
1872 270
916 8526
1023 6937
469 1044
440 3506
661 1280
39 2023
731 3749
14 1497
1688 4510
1326 271
1155 972
227 7242
286 8956
854 7782
1601 5219
688 731
1707 5323
687 7567
1876 5579
681 78
288 7806
1958 935
163 4188
1024 2852
1077 7652
271 7816
1203 5264
1943 8602
350 1631
1983 6690
238 6945
173 6398
1885 7143
1154 3235
1422 2097
1714 5357
1198 5234
1930 1813
1694 3678
1435 1055
1441 6774
1647 363
1859 1989
899 2934
1962 2777
1236 2951
1439 5206
758 9208
244 189
1015 4060
619 664
429 5044
1442 4621
1691 5244
594 2160
418 4698
901 2931
129 77
1833 528
22 8346
636 6068
475 2038
826 975
537 7668
1052 5995
177 7672
642 5036
370 6075
944 4615
1518 8219
1902 2661
783 8539
1156 6857
1915 3049
1581 4082
147 6670
1637 1583
1293 1443
1393 3103
693 7506
6 9466
1175 3789
1583 8158
1895 2129
836 4815
1501 18
971 9408
1867 9312
1697 8367
1735 4094
248 5711
1632 9294
347 3493
1668 5361
1959 3247
471 1459
189 9491
1576 881
1464 9066
1832 1903
492 4408
1711 3451
390 1905
1545 3158
1556 3384
1231 9235
263 1348
145 7132
69 8477
1053 7533
361 8285
1288 163
653 385
1578 3313
290 8202
231 7975
1181 5402
845 538
1105 215
733 2622
620 8373
1313 6246
837 5154
1325 897
1830 4672
1380 210
250 6915
1623 3444
1661 5978
1498 8349
1289 395
1809 6917
1429 1955
1020 5188
1674 2661
1328 2268
806 9521
1777 6936
296 5626
1324 1560
1329 8508
374 7022
1736 1111
1606 8285
151 9116
1858 9231
1628 8767
285 7937
1242 6563
1222 5265
1596 3450
260 6707
1303 4134
1679 1468
821 6162
1620 336
709 6913
180 866
90 1069
501 1568
253 522
1038 3624
839 8426
1079 3572
142 6566
297 4810
791 8314
1985 9304
1336 1915
118 8309
377 3186
1766 2948
258 9793
1575 7262
1250 6603
417 9874
963 786
1888 6607
871 1755
1368 3900
1264 7476
1918 3963
1551 7305
1971 9804
934 7760
433 2466
88 2096
249 2154
1305 7631
1527 3306
870 1928
421 2836
502 8952
33 8572
1486 3636
62 7389
466 4336
1363 7381
794 7726
1132 5409
1957 7014
1597 6007
1749 5442
1392 1918
750 5465
1589 9452
734 1161
1425 4687
1523 1674
1339 1461
931 3959
705 2210
395 9521
1354 8134
1061 5757
1881 7358
28 5279
432 1920
1137 6591
1309 6740
615 9426
1655 8613
1950 489
1903 269
1271 9769
155 7897
1772 9005
393 8922
1649 9814
1012 2457
569 4172
555 83
1370 5515
1530 8677
1587 8549
1227 2011
383 8564
1099 7402
346 346
1145 7491
1906 2667
823 5954
578 8249
325 93
1963 9509
756 421
204 9400
345 7470
1534 1806
1468 5974
368 9100
371 46
208 436
1522 2581
1152 2668
1493 5075
37 1322
1265 4636
1111 7131
1193 8051
391 5104
495 696
1529 2301
1899 6328
1001 1486
479 2695
867 4786
1762 4678
278 8228
1491 3013
1759 8641
111 1848
181 5072
1102 8899
1896 8950
1033 5686
1379 3835
1791 4573
572 2070
394 9184
938 7109
1526 5790
975 9927
548 5174
1680 6179
1376 438
468 2267
64 1293
846 962
1822 564
1567 6338
1864 4449
494 4873
1359 4065
320 5197
1756 757
279 3510
448 6149
1455 8605
443 5407
1114 845
1739 6360
389 7440
1270 2581
1411 7503
520 5636
1590 1475
747 5151
1043 259
880 3382
473 7091
1123 7549
486 3470
500 49
721 948
405 8087
84 9216
169 1420
152 6603
732 1025
131 6140
384 6086
885 2349
1310 2349
599 1663
1211 9462
1704 262
890 4178
757 4296
1126 1144
1463 7940
1083 9238
1166 7149
1630 4590
1118 4279
483 9217
230 9674
1798 9080
1784 1316
76 2559
1712 9446
1669 3297
1451 8541
209 1987
460 9079
604 8406
1737 9805
1101 1172
295 2324
1565 2992
1921 6364
655 7909
400 6524
1573 3568
1710 8147
523 9759
922 2781
902 53
161 2233
1460 7635
551 4068
1278 7418
1722 8628
1317 3120
1346 7660
1213 968
923 3212
1412 7232
824 3655
378 8975
1089 5157
1734 8003
712 1830
1794 6108
658 3337
584 7597
241 8469
1549 169
1333 2743
1891 7529
1256 1777
205 6799
1682 7739
950 8995
1322 7773
1557 9495
1074 5591
1388 3489
1068 2581
1139 1066
1559 9931
245 6414
1078 295
1258 5948
1863 9674
1466 7838
115 8281
1569 2511
932 2499
26 9401
640 7446
59 4473
183 4487
1693 114
336 1373
98 5585
1345 6592
1179 6122
274 3274
1825 884
1901 6775
1816 1037
1432 9335
1748 2450
1817 4742
994 5545
1783 3541
1677 2730
96 1814
1444 3065
782 9873
1162 1277
401 3577
203 1972
708 3635
1513 3470
1121 9762
1645 9153
828 9333
1617 3770
1698 6155
166 8174
1939 878
1404 4919
683 7819
476 1895
199 6250
68 7163
1837 5563
1462 7641
343 1659
883 1810
1 6403
1254 3432
491 5147
1473 1841
1664 6311
666 9148
29 7738
911 211
1605 8626
1377 1200
4 5496
319 1268
342 6736
1510 828
21 4840
1318 3057
745 4995
686 346
268 5065
1013 7069
1273 9766
1508 9859
778 4753
1796 5151
1553 9801
327 2445
568 4806
1330 5324
1787 8847
1157 2696
1143 639
289 1691
1494 2838
674 8565
1219 1178
1799 8283
439 6114
1297 3209
110 40
1237 5892
952 1837
1663 2762
1402 3423
1436 3151
246 1137
291 3658
1445 8827
1092 6880
1936 8693
392 3703
478 4430
236 911
632 543
165 5590
997 4661
79 9502
242 5596
627 1882
974 3823
863 3044
593 4180
1290 6127
785 2474
9 8982
1763 4821
1274 3630
608 5666
905 8986
1320 9046
1030 2544
1418 9628
18 9176
1949 3488
1107 59
1383 1270
103 9343
1417 7127
1843 5795
1062 2129
807 7216
1686 9058
1723 6001
1300 2829
744 736
1642 3387
1718 1715
1151 7146
428 9942
1975 2099
403 6840
1217 4717
966 4610
214 3830
1969 7419
12 888
1980 887
1467 8232
610 1777
1488 3269
1240 8452
1743 8181
1738 8383
755 7758
893 314
1685 6500
617 4213
652 3461
842 5416
536 3445
659 9903
609 3444
1284 6499
197 3508
449 4880
1646 9720
1585 5717
1944 2889
1261 5218
611 3576
1643 5985
1492 7517
1880 6290
646 947
430 570
1919 362
1496 3327
1414 1192
713 2556
1125 6641
1461 9292
1372 6295
1128 8674
541 8282
1754 2424
304 5774
1209 9662
538 1562
657 136
514 486
1725 4419
1709 4558
1946 9003
1650 5174
765 4430
77 6374
490 3272
643 141
1225 7260
728 8446
613 2879
20 5666
995 4106
332 7805
1316 7332
752 7036
689 8473
220 3719
557 4883
928 1644
1800 6087
1205 3427
1626 4126
53 1855
1150 1139
100 5526
884 6936
153 3826
1187 8666
1037 7870
1696 7798
1430 5204
1482 4073
1352 2437
1067 2008
1562 9549
571 4428
1437 5336
113 8804
1504 6582
159 9777
1232 7834
531 5216
669 582
58 5374
535 8823
315 31
1055 2644
1848 5930
906 1655
1276 5513
560 7063
1149 377
1678 7084
78 2751
1286 4608
75 360
1509 4159
1571 6893
311 3256
1546 1393
1172 1974
453 8719
915 378
135 4851
598 1349
1824 74
266 5336
24 7275
1167 760
1184 9806
970 9810
960 4344
1301 4085
1937 6673
1141 6369
927 1420
677 5467
25 2693
768 2583
941 5899
1104 1148
1838 2422
1459 4519
1566 3921
265 7625
1542 7557
1122 7801
1169 8638
850 1440
1416 6682
1917 3461
1862 8669
1384 3949
1667 7764
1535 9313
588 4209
1500 7781
563 1203
1976 1300
1338 2803
1511 3662
1239 3657
1934 230
761 1007
939 4360
1933 6433
1730 1730
1263 3237
11 7523
624 883
1006 7056
801 6746
362 6616
1634 5065
577 2018
235 9780
187 2514
1874 5062
101 6079
1506 5440
201 7095
124 1038
1066 7435
1624 5150
841 4479
579 2059
71 7486
416 1965
684 6599
1913 9005
344 1550
1780 7738
887 8718
175 9756
792 6916
1657 2574
738 3384
1731 1021
1252 6244
1257 3179
973 208
218 5031
240 3111
277 1817
858 1943
1191 9211
647 1376
1011 5179
386 8478
1456 7607
991 7204
596 7633
1427 2682
1640 152
725 2257
126 4926
409 2048
1699 7094
1022 3835
539 2576
964 6629
595 4827
442 8247
1703 6553
592 8452
316 6199
1978 5788
663 6311
1941 93
742 7618
1281 5375
38 782
182 3869
1057 1478
307 8267
1607 5222
95 4095
1619 1110
1622 1853
369 4946
363 1158
654 5549
375 7745
1210 9333
679 6410
1755 1449
1908 7178
1223 9740
217 7469
1662 307
313 1719
1188 3836
888 149
1516 4278
815 9175
701 9927
614 9631
510 6033
74 5940
359 4024
1894 1828
585 4532
133 6524
612 5764
1854 8819
1396 8882
425 9457
805 1834
328 4238
35 1006
719 3262
1485 7265
940 8171
146 559
458 8770
1070 7998
795 9697
1381 3076
455 3049
1454 2855
831 9358
1537 5705
226 8799
40 8627
868 5619
591 6733
335 5267
1134 9192
508 8739
222 6236
314 1443
23 3843
1927 6763
773 1508
398 5738
809 8209
766 4477
999 2235
184 4771
602 5958
735 4256
86 4209
695 34
141 8864
668 839
505 8846
1598 7018
1160 4086
309 8744
219 2722
1085 4652
1469 4023
1398 6845
1614 2574
1005 8956
1579 7023
3 8898
590 8919
54 6989
1786 2417
892 9435
1178 773
978 2364
1517 159
1029 916
321 3617
1840 8047
762 7354
1741 4750
1487 1396
323 7371
408 213
1807 262
1382 548
1611 1804
1715 5321
1395 1866
1007 3801
1147 1320
1058 1530
415 5025
1233 4088
1765 3700
524 9246
420 8343
45 2243
61 3805
702 5836
452 2972
1618 7831
1856 6794
564 3880
1868 7763
830 767
424 2166
724 4709
202 3834
1842 20
1360 1719
382 9959
156 2367
676 6564
1331 8327
1747 3990
92 5448
1465 6846
1564 6507
662 1117
407 9397
1775 9466
844 1674
305 7394
1421 6220
324 6892
1446 1003
467 5117
1771 6543
1658 9157
1142 742
82 8410
143 6765
936 7796
1002 7859
1449 6715
1481 6704
799 5744
317 7340
1260 9741
1924 117
820 3249
1136 4576
780 6843
1185 8788
656 816
1474 6969
1423 4603
372 344
1600 4384
1355 1262
15 2383
1733 7675
529 3927
282 6279
1853 9440
1857 419
267 9696
94 3437
1163 6030
1752 7066
50 6734
803 3191
308 1977
406 4483
1887 2140
1613 805
355 6009
641 8901
878 4982
921 384
1206 5600
262 1005
210 3771
1420 9977
788 8245
51 4358
1845 5155
727 1302
457 663
1406 5327
1782 2655
545 4580
1447 6293
1115 9318
1199 4568
933 4765
1133 1749
1757 1893
554 8376
1299 9469
114 2397
567 7555
1195 998
853 8563
1212 6432
897 958
43 7896
1183 8974
1758 2877
981 1505
1397 1402
847 1227
843 3331
908 9549
690 3035
1701 5068
1091 3339
1016 4498
859 576
900 5620
1266 2734
1753 4206
463 9946
172 7514
379 8157
1652 9111
924 4850
769 6288
1028 6125
506 3158
1981 4310
1071 2759
675 7361
351 3114
1332 9142
813 448
1785 2716
848 5896
292 2428
1135 4626
87 1082
122 4678
1032 325
404 7261
1695 4401
1060 6614
1524 2670
1334 7221
1641 5479
855 5376
504 6188
573 7173
1047 8394
748 5839
1970 7842
1069 4835
736 6682
1394 6671
1021 5727
402 2900
1327 7176
528 962
985 2413
1171 8082
284 292
1458 1769
1131 7993
1550 7978
671 6507
1683 972
1312 7671
1403 2459
1027 6597
373 3446
302 943
434 2672
186 424
338 3486
482 3195
616 7144
886 4247
1514 3204
334 9520
603 2599
1803 2134
1130 951
1275 4758
93 2883
1200 8869
7 8201
1519 1797
109 1486
1844 7467
1659 8817
909 1469
664 1139
303 1525
948 5357
1365 9398
388 5097
796 7680
310 91
437 8667
840 124
1612 5117
556 1912
1428 8416
487 7070
1925 6997
1408 3475
112 2925
1098 4219
913 3886
1050 3706
606 3092
1588 292
1609 146
1241 6409
1905 4175
1769 8340
1476 9036
1443 3257
162 8068
894 2488
977 950
996 6569
856 1040
119 3892
413 5147
561 8365
882 3049
1717 5440
851 6521
1820 3013
566 5179
1100 4097
696 9527
195 3677
326 3821
1700 8195
1773 4914
312 5522
1315 236
1378 8020
36 2849
1048 1270
1190 2291
1673 7340
1082 8659
953 2317
1088 2819
516 229
493 6647
710 9659
1399 1492
546 6942
1269 9113
631 2956
1644 7216
1811 1949
763 1882
904 698
1080 6313
234 2779
1224 5186
1407 6151
968 3369
1400 9677
990 6056
979 1734
1593 8999
10 2843
1168 9897
1497 4996
144 1685
1728 5000
123 3216
1308 8166
503 9178
91 9353
1337 102
1221 4438
1724 7078
252 9595
1870 9209
1253 1807
1292 3756
776 4224
450 1395
910 4573
992 6833
1470 5701
914 7410
1827 8892
570 8103
1892 5125
1419 692
353 1366
965 7620
672 5691
1889 6964
1536 9531
1928 7074
1268 6989
48 9785
1834 2307
532 9225
635 6671
1574 5387
1226 8942
1026 9363
1720 9853
1839 9083
1774 6060
1113 2212
128 6229
1676 6448
962 2382
496 589
213 8888
247 9692
706 1791
481 8172
1208 3693
1373 1579
711 5380
42 7780
1186 7485
1127 7933
1341 4404
849 7460
1955 430
737 6334
1238 3586
829 9178
623 1603
348 4330
790 408
1138 9853
488 7320
1653 840
1721 4131
1878 9666
380 5849
1900 5864
918 7211
1778 1996
1898 926
1385 5654
1120 7416
1349 1346
1298 9184
445 9667
1947 4350
411 3533
533 8400
586 1183
381 8345
1000 5940
1572 1017
983 1434
459 8240
648 7781
196 2611
134 3142
1861 9365
423 2028
865 5168
988 2894
1821 6484
190 7240
170 7335
638 5750
864 4605
740 1899
522 3581
27 8090
1243 9461
1956 2001
436 755
1512 4763
958 9478
872 3100
1056 4672
85 1534
65 7654
412 2217
117 5090
754 3700
497 9923
589 1765
105 255
1386 1236
211 128
1591 7432
1031 8421
1615 6069
1974 4337
72 1910
961 2958
1945 5
678 6694
360 4535
1977 4446
1342 4048
333 9820
422 1997
270 5330
834 5903
1561 5663
477 8278
56 5067
772 3160
1112 3833
1164 2809
789 2351
580 6969
1489 6621
171 8318
254 5219
60 1655
1433 7928
1235 2336
1779 212
715 1711
57 6445
764 4677
1539 5146
1849 7492
697 1558
149 9596
454 3023
1940 9186
1348 2888
540 6606
1732 8162
281 8874
1621 9742
650 5928
583 2195
1259 6660
1831 5178
1960 7437
1719 9439
741 8968
574 5005
160 6876
1072 3519
1935 6767
1323 7130
1051 1842
287 7978
251 4424
221 7848
694 4476
1599 3538
819 7760
255 3169
777 2618
438 5033
1234 4016
80 2637
200 7223
781 2443
903 9006
154 725
707 3236
1560 2709
1159 3479
427 8331
1369 8111
1009 7621
138 1498
174 3566
148 5364
600 6127
8 6634
30 3440
929 6252
1295 9807
224 5254
1255 9317
1554 5748
917 6833
808 8243
1654 4717
1086 9315
1475 3032
55 7061
120 955
1792 2574
774 6504
525 3337
139 7125
1570 5752
716 6455
1215 5786
930 3309
1633 2650
1543 2581
521 8602
1580 6086
976 2222
1095 7418
1912 4934
946 2083
873 3998
1973 2184
1025 1800
1358 9013
446 4483
1361 9061
749 328
987 2496
1584 5074
1019 6356
759 1233
397 605
800 1344
1726 5001
1008 2060
1729 6638
1202 651
1986 6589
723 3178
530 2746
1507 8175
1568 1952
562 8389
1967 2563
269 1031
1742 9271
1541 6389
1521 1471
1610 14
1829 1360
356 6271
575 2763
1248 960
1287 3963
1103 3292
682 2531
511 9290
670 4085
1076 647
1629 5271
980 2954
951 6493
866 7658
206 4132
83 2055
191 6870
1951 1477
1904 21
1563 7014
1528 6748
919 8973
1148 6990
581 3324
527 5076
576 6866
1409 4813
1036 8139
1929 3229
770 4702
1161 4745
410 8975
1214 6355
1797 9790
157 3881
426 2672
1279 6785
1882 7404
47 9330
179 3289
1201 9299
1812 8547
1087 1908
329 4409
1916 5102
1871 5565
1968 4745
1823 1232
1375 3420
1744 3938
869 5336
1387 4295
354 2579
1525 1211
825 2991
480 2350
1495 3317
207 7682
1401 4986
198 2730
630 1177
798 7989
1886 2398
1942 4594
5 1313
898 1045
1477 8363
629 5598
387 2196
158 1262
1789 8441
1045 1281
470 711
1555 2792
1389 1334
167 8688
810 4219
106 4648
1883 5260
1860 8158
1954 9513
1064 3175
121 6880
1538 7741
1795 2604
833 9323
19 761
1740 2010
989 6920
1966 5380
812 8338
1034 4129
1410 8727
1594 1574
1457 3486
137 8477
1979 6615
651 3058
99 4845
294 7922
239 3456
1818 1159
341 4564
665 4970
256 2330
1280 5979
70 5497
509 9945
1788 9860
1049 7452
1505 5918
907 8833
1390 7271
998 1072
150 4748
1452 5732
587 9855
1547 4901
1692 5925
771 8935
947 5803
1672 7972
804 282
1296 7205
1340 9971
280 8688
729 3266
164 8945
1982 9148
1850 8594
1306 7939
667 4903
192 9951
875 4358
889 5599
1182 928
1405 7619
474 8260
1344 5565
431 9143
365 3626
550 7763
465 2444
542 7271
283 6199
318 6712
838 8626
1347 2540
228 6969
649 3215
1357 2220
1108 9664
621 779
1984 4929
212 2727
1852 3606
1890 6977
1806 7794
46 1133
517 2374
1204 6092
1075 4118
1847 6221
1426 8847
1042 8959
259 3145
956 3495
967 9561
1321 9270
969 9707
1776 5095
895 4891
1544 739
1415 6122
499 4326
1356 87
1353 4891
1681 912
1014 424
1931 8472
1592 5552
1277 5613
1450 5784
1438 3402
704 5214
1065 7895
751 6087
698 1463
1109 4722
1084 7403
1750 3035
986 7123
1909 8558
357 9893
814 9755
811 3444
301 4285
366 5453
625 1859
1751 6777
993 5208
861 9910
396 3662
818 7871
1897 8128
552 9348
125 8607
1319 7625
879 3048
1177 1171
1805 9967
1708 8176
1480 3403
52 4218
1097 3775
1479 7650
1483 3586
385 3502
1948 2574
1972 2668
1764 312
926 2136
633 4646
1218 6663
97 7991
1471 8169
565 624
512 7208
1220 4176
447 4521
116 3077
1189 3958
726 460
1035 1527
1081 7173
912 9917
108 242
1814 9648
1836 5552
194 1887
784 8508
1911 2296
1478 7872
1577 1610
1110 2998
1440 8880
441 1217
1244 7935
276 1157
1245 252
456 5197
1039 5155
692 9689
1808 6819
498 5470
130 5153
549 9302
1533 5760
1706 4460
1063 8509
1431 8803
1285 6243
753 7085
1804 3795
464 3833
49 8918
1307 7228
1046 4782
1781 6719
1851 7720
1532 6677
132 8563
601 9698
107 4478
714 3198
1548 8307
559 1859
1552 8817
1690 1723
1953 9367
827 9848
298 4867
645 493
2 9876
1146 3567
1196 7582
1689 1136
699 8697
16 488
544 5759
225 7899
102 8688
1635 4862
376 7785
233 4343
634 7235
1453 7931
140 2733
1558 4393
1745 7003
637 1069
1616 2265
1608 9887
1893 7193
127 8683
743 9426
891 4259
462 3203
176 5356
1520 1802
1865 617
1304 7380
1770 4018
1603 4864
876 7364
1923 599
1503 1615
786 6960
1472 8924
73 4392
1801 9605
558 9661
275 8745
136 8588
399 8051
1197 4116
1129 1600
787 7585
1246 5635
660 7364
1873 5445
1350 9180
700 8029
1117 2808
1922 6432
1846 972
1932 4392
1251 6342
66 4915
722 2397
1413 8130
414 4754
1540 2670
1965 8018
1638 5912
1090 5087
1272 7432
1666 3517
81 9451
1374 5575
1625 8598
860 1654
1124 4963
1879 303
168 4564
1671 753
1094 6701
1335 9194
300 8690
802 6531
1841 8085
515 8530
547 7723
1684 933
293 5911
760 3326
232 2811
237 4916
272 6080
44 3121
1515 2057
331 4579
949 9051
691 9144
1073 6238
489 5539
857 4393
229 8792
1866 4821
1877 4671
739 9867
17 6312
1531 9595
337 8476
1813 1410
553 9869
518 2769
680 9422
364 2211
1192 1279
1448 6035
1835 7979
1490 812
874 158
1656 5439
1651 8197
626 6778
1761 3031
881 6010
1173 6631
1767 7810
1176 7385
1366 8752
954 1914
1170 8154
1914 3791
1910 8109
1875 9912
1768 6001
507 4057
178 7758
1054 5227
193 2497
1595 2193
1116 8812
959 7522
1302 7076
273 493
1314 4748
1267 8708
937 153
330 5678
1153 2712
534 6263
1311 5259
720 5029
1140 4366
1247 1724
89 6859
1586 6090
1180 8064
32 9614
1119 38
419 9944
526 4983
1165 627
862 7392
1391 4838
34 6407
1194 1379
104 4082
1230 3998
1367 3257
1003 1865
1484 9026
717 7387
816 1980
1228 4918
1144 3750
1282 1138
243 241
1713 8818
67 2766
1702 9476
1639 5109
1207 7415
1828 3242
1017 2586
63 6797
1826 906
920 2849
1964 8545
1351 880
1362 9602
1884 5269
1815 7975
1040 7755
519 646
444 1758
605 7095
877 2985
216 6889
1093 5897
1675 5897
461 6434
582 8273
322 7987
1041 7286
1499 1367
1705 3008
261 9120
779 1154
730 5293
639 2486
1952 6863
1044 7278
513 1030
31 8476
1294 255
1604 8529
607 814
925 3729
1343 5912
1582 769
628 5462
1291 8088
1855 9557
1648 5317
1106 7961
644 978
1907 8384
1810 6870
1229 3734
1760 8097
1670 3096
685 6197
943 3906
1869 7896
1010 1177
1424 7540
472 8675
1283 3977
1790 1525
1018 3591
484 7238
