87
1 527
1 381
2 895
3 569
3 834
1 184
4 317
3 964
1 387
5 860
2 332
11 899
4 971
6 7
5 353
9 496
1 661
1 701
1 285
3 963
6 842
5 958
7 134
5 736
6 747
8 306
23 179
18 641
20 555
7 822
28 881
4 138
20 197
24 92
7 596
2 430
11 547
12 845
25 689
34 396
13 229
40 566
38 317
26 101
40 773
36 124
37 351
35 592
38 219
23 220
3 414
28 914
5 520
17 954
33 197
29 684
20 604
30 450
52 989
33 548
36 702
4 514
6 28
28 642
7 800
9 541
39 326
16 756
44 37
23 486
29 802
17 191
45 11
37 551
74 675
57 788
47 774
45 907
5 843
78 226
77 667
38 812
60 220
50 56
13 366
27 318
83 581
81
40 99
77 202
44 631
42 829
73 151
10 557
66 186
31 879
13 159
49 363
84 298
83 290
27 340
3 243
53 642
15 418
1 775
58 1
86 428
62 729
71 93
9 191
52 336
6 342
72 231
14 147
16 755
12 639
85 466
28 480
19 349
47 868
8 896
20 355
24 690
39 23
54 983
4 596
22 346
59 815
67 323
25 193
82 289
17 736
79 835
68 73
5 961
63 86
48 769
45 988
55 70
81 7
2 553
75 964
80 233
60 903
41 974
37 669
65 361
18 986
23 245
56 61
76 924
35 81
7 115
61 333
30 113
26 723
74 165
36 973
78 338
57 824
51 402
69 244
64 122
34 942
50 502
32 59
38 994
21 577
11 34
