566
1 9931
1 703
1 5018
3 3605
1 40
4 932
4 8058
2 8614
3 2306
4 8997
2 6043
9 5646
9 9120
2 6082
6 7803
6 2884
5 5556
13 1619
11 6969
3 4406
15 2699
9 7006
5 6789
8 8139
3 5129
25 8991
6 4872
9 7941
1 5657
9 5568
25 5031
26 3015
17 2174
4 7577
25 2839
35 945
28 583
21 3375
1 593
32 1972
37 448
11 5674
18 4654
18 9246
15 9634
36 1058
13 2406
21 4879
3 3866
4 6631
40 3429
35 9245
29 5929
6 4577
20 644
10 2270
26 4937
52 2716
25 3002
4 5178
42 3347
33 7221
12 6563
29 6249
51 6614
56 7173
65 2917
26 8574
65 1330
11 52
62 1277
45 8270
23 3233
43 1290
72 2124
12 2908
14 5034
74 638
60 9694
22 7560
52 6206
38 9071
68 9626
75 275
34 7882
66 936
53 9292
14 2527
28 3035
75 2270
56 1004
79 7677
72 975
20 7190
14 304
16 286
73 4692
88 6339
18 303
60 4633
72 9187
71 1677
94 8361
73 9765
13 4284
21 9429
73 7929
83 5589
97 4464
89 8358
85 5363
48 7985
71 4686
70 4879
42 8224
82 3445
32 1037
23 7436
84 2339
72 7682
116 3607
95 7724
79 5629
44 8199
94 8685
42 3501
26 560
100 3983
23 2684
58 9328
49 7963
9 8534
102 2711
122 5840
21 9733
106 6090
74 9378
119 456
115 375
61 5999
45 7910
64 7382
45 785
25 2239
128 3331
127 9064
19 395
49 8237
85 712
147 4902
44 7055
104 3676
46 6346
66 8112
100 9270
21 9399
73 8008
112 7930
135 9902
32 7061
48 3361
65 1024
41 297
43 7949
19 2961
93 1955
112 5489
87 4545
116 9124
46 7480
58 3996
10 1849
156 8178
91 1869
34 6454
140 2943
47 9556
97 7236
15 6944
52 9325
66 5326
170 1640
175 2332
15 898
44 3821
2 773
84 542
96 9177
183 6377
124 2922
176 2412
37 5686
76 9209
160 3249
97 4791
188 978
50 5960
40 9107
59 8571
166 1505
128 979
134 7819
93 3031
82 5754
161 7807
57 4528
49 8314
31 1798
158 1063
83 5967
184 5847
106 3760
67 9766
162 8191
121 7062
213 3780
166 4483
72 4139
33 2025
157 5492
87 4065
101 6810
10 3975
121 7084
110 2596
11 7024
111 9352
11 4036
217 4510
19 2082
206 2805
126 402
62 4446
77 5499
206 7380
219 6858
185 6106
99 7588
110 2361
142 4658
68 1697
212 7708
175 5846
129 5196
53 4539
74 2793
133 3736
22 7869
176 6376
157 7882
10 8668
33 8977
42 9173
246 6730
189 6342
128 1290
219 5718
146 2291
61 9268
181 1431
260 479
44 1117
249 4568
49 5747
186 2189
95 5582
147 733
147 7698
14 9329
34 9043
195 4873
109 1929
166 6979
211 4735
260 93
90 1486
158 903
273 1252
207 640
74 26
136 4583
219 846
51 3480
176 6236
250 1996
260 7888
251 8010
131 8622
55 1587
51 9901
43 4917
25 1104
202 3758
283 5258
236 4491
140 7166
150 2697
250 9448
121 2758
178 6900
5 680
292 8224
280 2570
274 6544
212 2914
100 2627
79 7470
70 8744
42 3069
113 1406
69 4005
133 2423
226 3181
155 9692
110 6326
280 2462
272 3089
308 4096
35 5222
110 9541
113 6127
74 1510
41 2708
128 7826
223 4027
160 819
273 6713
180 7425
94 4102
97 7373
194 5097
18 9081
143 7856
100 5515
309 7471
28 1510
279 4957
80 1315
54 9920
152 9902
133 37
149 220
19 3453
199 2540
303 7663
60 3035
79 9435
24 9542
330 1862
284 8955
42 6209
126 7861
64 6341
58 8949
49 9469
351 7614
278 5399
56 906
350 8625
331 5586
49 8492
14 8864
182 1816
234 2567
182 6332
111 7408
272 9900
14 8821
35 9035
307 5177
253 7819
209 6014
176 3020
89 3165
103 1490
337 7650
315 1400
165 8952
267 2339
220 2292
58 6463
344 8887
263 4690
257 5007
371 3531
59 1060
341 7652
127 6097
46 9426
169 3446
74 4304
250 6215
232 8835
74 6152
116 2312
24 3427
133 9819
273 4256
294 8200
256 8673
254 5509
41 6659
145 75
52 1863
184 867
10 3367
199 6477
336 2343
68 548
167 3631
138 2101
200 7807
288 6645
146 2502
107 6983
318 1430
355 4868
326 3154
77 9658
130 2591
141 149
220 6724
202 6633
301 8090
4 9949
97 5423
307 9453
324 6296
14 6749
373 6297
359 2177
217 4449
358 3151
213 2362
403 4350
83 9728
289 2246
18 6584
15 6726
155 2335
112 2681
391 1143
47 3995
364 2805
354 668
127 6770
86 8463
170 1369
249 2179
208 8611
344 1902
407 6822
450 8572
340 5383
199 4129
366 8775
143 9969
423 6650
6 5572
85 936
197 8039
411 6567
142 1520
141 9849
439 5803
37 1062
49 1056
435 4639
42 9667
372 8963
363 633
359 9376
256 4020
350 4014
239 4937
4 7294
128 2643
411 4764
324 8381
244 724
3 2935
48 9164
214 6854
464 4083
435 2586
293 6567
297 992
353 3340
232 4127
164 7999
50 7480
403 6104
48 102
29 2623
266 7297
52 9740
400 6671
6 2941
464 7290
190 9937
281 6447
305 8575
141 5563
3 5834
478 8242
372 8860
415 9213
113 5342
196 6094
509 9256
223 8894
191 9110
99 6975
483 4741
444 7004
197 7090
387 7437
88 7825
352 1166
293 9393
187 6503
360 5791
164 1664
401 2479
75 7818
321 2198
292 1894
303 9327
297 4580
179 5883
514 8895
137 7013
39 8506
358 6442
522 4483
81 1699
200 8013
328 6625
440 9202
308 6471
288 4945
401 8481
409 2103
303 4581
448 2556
32 4400
458 9857
159 7956
428 1313
501 5408
330 3481
85 154
275 2461
404 2138
21 8169
375 8986
508 2748
61 6908
318 1263
351 5712
70 475
345 2137
33 8394
51 4508
251 923
340 5806
12
440 6591
522 3859
490 55
423 7369
471 5451
406 4628
69 1542
487 5593
103 7829
427 5695
428 5541
16 5093
