823
1 13
1 69
1 29
1 76
1 45
1 30
1 15
1 55
1 16
1 75
1 29
1 58
1 57
1 99
1 58
1 29
1 72
1 20
1 8
1 53
1 25
1 4
1 38
1 72
1 69
1 81
1 23
1 66
1 61
1 50
1 71
1 14
1 54
1 34
1 64
1 63
1 90
1 92
1 64
1 21
1 91
1 64
1 79
1 60
1 61
1 71
1 85
1 37
1 57
1 93
1 1
1 84
1 55
1 39
1 47
1 67
1 85
1 71
1 90
1 38
1 96
1 24
1 61
1 78
1 64
1 35
1 21
1 88
1 45
1 95
1 96
1 66
1 36
1 35
1 68
1 57
1 14
1 68
1 86
1 50
1 28
1 89
1 93
1 18
1 9
1 100
1 92
1 20
1 43
1 84
1 87
1 2
1 73
1 3
1 79
1 68
1 57
1 30
1 16
1 82
1 35
1 49
1 70
1 76
1 65
1 82
1 64
1 73
1 34
1 3
1 50
1 100
1 23
1 98
1 38
1 63
1 17
1 10
1 79
1 74
1 82
1 67
1 1
1 49
1 25
1 97
1 2
1 15
1 92
1 27
1 15
1 85
1 20
1 42
1 93
1 35
1 67
1 30
1 68
1 8
1 53
1 43
1 13
1 94
1 53
1 86
1 29
1 25
1 6
1 66
1 8
1 60
1 50
1 39
1 22
1 92
1 67
1 14
1 87
1 97
1 99
1 4
1 64
1 22
1 53
1 93
1 97
1 81
1 29
1 78
1 29
1 18
1 36
1 92
1 61
1 73
1 86
1 48
1 58
1 55
1 56
1 5
1 14
1 32
1 31
1 80
1 69
1 80
1 35
1 86
1 7
1 93
1 25
1 100
1 73
1 61
1 11
1 48
1 75
1 27
1 10
1 84
1 95
1 48
1 93
1 98
1 97
1 54
1 67
1 6
1 6
1 10
1 46
1 97
1 97
1 19
1 94
1 40
1 29
1 75
1 58
1 35
1 51
1 1
1 75
1 94
1 80
1 38
1 7
1 36
1 45
1 7
1 40
1 11
1 48
1 66
1 21
1 73
1 84
1 93
1 20
1 93
1 56
1 11
1 49
1 30
1 23
1 22
1 75
1 37
1 60
1 31
1 54
1 66
1 42
1 40
1 28
1 6
1 17
1 70
1 84
1 28
1 39
1 59
1 58
1 89
1 82
1 73
1 97
1 100
1 45
1 89
1 22
1 2
1 45
1 69
1 74
1 88
1 89
1 97
1 11
1 26
1 97
1 89
1 63
1 7
1 60
1 62
1 54
1 87
1 59
1 22
1 43
1 1
1 75
1 12
1 37
1 98
1 70
1 62
1 37
1 16
1 51
1 22
1 73
1 29
1 59
1 49
1 69
1 41
1 95
1 61
1 18
1 65
1 90
1 28
1 27
1 11
1 4
1 36
1 52
1 15
1 19
1 11
1 77
1 40
1 43
1 72
1 21
1 60
1 97
1 78
1 66
1 94
1 4
1 64
1 50
1 10
1 82
1 20
1 33
1 100
1 77
1 9
1 93
1 57
1 28
1 52
1 68
1 56
1 82
1 48
1 33
1 86
1 56
1 9
1 92
1 67
1 81
1 31
1 76
1 47
1 55
1 43
1 68
1 63
1 64
1 14
1 59
1 41
1 56
1 82
1 6
1 86
1 21
1 92
1 97
1 4
1 57
1 71
1 90
1 42
1 90
1 59
1 25
1 53
1 48
1 9
1 56
1 90
1 14
1 18
1 36
1 66
1 74
1 55
1 18
1 41
1 33
1 23
1 36
1 77
1 33
1 65
1 65
1 22
1 5
1 22
1 11
1 85
1 59
1 62
1 56
1 50
1 7
1 82
1 29
1 80
1 38
1 42
1 42
1 57
1 91
1 54
1 66
1 97
1 51
1 45
1 68
1 96
1 26
1 2
1 62
1 44
1 88
1 31
1 3
1 14
1 56
1 17
1 35
1 72
1 8
1 3
1 99
1 78
1 34
1 81
1 44
1 35
1 29
1 4
1 66
1 78
1 25
1 23
1 12
1 22
1 90
1 67
1 28
1 86
1 79
1 88
1 14
1 53
1 8
1 17
1 94
1 92
1 8
1 48
1 85
1 48
1 32
1 1
1 64
1 55
1 62
1 23
1 2
1 38
1 36
1 83
1 98
1 54
1 28
1 32
1 25
1 48
1 60
1 9
1 29
1 48
1 28
1 33
1 46
1 56
1 43
1 9
1 93
1 64
1 65
1 63
1 11
1 67
1 6
1 42
1 52
1 96
1 70
1 30
1 46
1 72
1 37
1 18
1 53
1 21
1 22
1 60
1 83
1 90
1 48
1 77
1 42
1 92
1 58
1 24
1 71
1 4
1 19
1 24
1 24
1 44
1 62
1 42
1 58
1 93
1 87
1 6
1 67
1 60
1 87
1 37
1 91
1 67
1 67
1 11
1 88
1 76
1 5
1 66
1 42
1 79
1 5
1 15
1 39
1 71
1 75
1 2
1 60
1 70
1 1
1 12
1 29
1 34
1 11
1 87
1 74
1 66
1 40
1 45
1 1
1 74
1 15
1 93
1 75
1 22
1 92
1 19
1 17
1 52
1 1
1 67
1 31
1 46
1 69
1 27
1 50
1 27
1 77
1 27
1 52
1 47
1 48
1 38
1 9
1 91
1 41
1 25
1 72
1 10
1 8
1 88
1 46
1 14
1 59
1 45
1 87
1 62
1 3
1 23
1 39
1 88
1 79
1 79
1 94
1 57
1 50
1 16
1 14
1 23
1 24
1 65
1 53
1 89
1 83
1 88
1 81
1 70
1 70
1 40
1 25
1 59
1 46
1 11
1 70
1 52
1 33
1 48
1 43
1 8
1 61
1 15
1 42
1 2
1 91
1 52
1 64
1 32
1 83
1 42
1 43
1 74
1 46
1 98
1 28
1 43
1 80
1 18
1 71
1 96
1 86
1 37
1 88
1 70
1 61
1 71
1 37
1 32
1 64
1 17
1 87
1 60
1 62
1 62
1 24
1 57
1 46
1 65
1 38
1 78
1 17
1 32
1 47
1 48
1 17
1 34
1 3
1 77
1 17
1 78
1 37
1 62
1 3
1 37
1 62
1 14
1 56
1 63
1 84
1 25
1 54
1 34
1 60
1 84
1 54
1 20
1 26
1 61
1 32
1 36
1 23
1 47
1 56
1 3
1 78
1 42
1 42
1 30
1 84
1 11
1 16
1 60
1 20
1 23
1 97
1 78
1 45
1 8
1 40
1 36
1 5
1 85
1 20
1 15
1 21
1 90
1 2
1 23
1 4
1 64
1 82
1 2
1 29
1 32
1 58
1 71
1 76
1 10
1 12
1 78
1 79
1 38
1 51
1 89
1 97
1 23
1 23
1 39
1 34
1 63
1 62
1 59
1 60
1 85
1 18
1 67
1 99
1 17
1 2
1 91
1 11
1 19
1 43
1 59
1 71
1 10
1 99
1 45
1 97
1 96
1 71
1 74
1 60
1 5
1 85
1 22
1 40
1 75
1 14
1 39
1 69
1 39
1 11
1 70
1 65
1 11
1 13
1 100
1 33
1 1
1 34
1 18
1 43
1 4
1 13
1 93
1 23
1 1
1 93
1 14
1 67
1 44
1 65
1 68
1 65
1 87
1 89
1 62
1 18
1 75
1 1
91
714 8
306 74
671 14
204 9
261 26
441 82
709 18
165 99
291 21
403 34
739 82
642 19
635 8
525 92
213 34
355 42
300 94
605 91
803 40
500 24
807 83
15 88
6 87
286 68
472 81
365 52
220 81
580 6
325 83
565 52
538 57
234 27
330 81
26 81
21 70
99 10
576 72
314 27
69 74
704 28
818 65
796 71
349 42
219 44
518 11
614 3
359 53
304 34
813 62
221 38
675 52
347 53
769 15
393 57
430 95
210 41
70 9
421 23
510 46
167 68
735 23
552 88
145 33
639 33
370 84
422 57
389 43
46 40
412 45
792 34
583 9
406 77
301 51
634 83
579 74
322 12
35 30
783 61
467 49
232 10
91 70
151 50
740 85
697 79
175 19
45 23
811 49
763 49
19 60
226 28
447 100
