1950
1 6536
1 4472
1 8241
1 2071
3 9159
3 997
1 3354
4 3990
1 4923
3 4425
2 1599
6 1790
3 9782
2 2228
6 5731
7 9895
3 6069
13 162
1 1313
8 1536
2 4072
15 9573
10 6399
23 3518
7 6099
5 6400
11 5674
2 131
28 5438
22 7427
4 5450
11 3568
31 9746
18 1385
6 7508
31 5132
14 405
25 6804
22 1543
1 8430
40 560
30 5397
21 1210
3 9093
2 3946
6 6888
18 4123
25 1068
3 1088
39 4535
20 2116
30 2859
44 3902
34 4223
11 8867
33 5689
18 579
46 4473
52 537
24 5573
9 9650
28 3258
12 3473
48 5352
58 1282
44 6071
41 9249
17 8756
11 5377
32 2749
36 8620
60 7494
13 3659
61 1214
53 4519
12 3946
20 1401
15 3554
77 974
62 6006
66 3038
52 6655
44 6003
77 4775
17 6951
62 8515
81 2534
4 7898
72 732
71 7220
80 6105
42 5072
83 8440
37 7097
54 5720
56 9625
20 8064
33 5968
18 7635
27 5193
35 2672
91 8213
70 849
15 6292
58 2742
43 6719
80 27
22 9175
85 1004
12 259
6 9618
108 2340
10 4280
100 9582
39 4129
43 2013
43 2356
56 7046
107 3964
53 6935
57 1928
66 9603
117 4660
83 761
109 6455
68 2506
3 4087
63 2297
40 9527
99 7142
118 9564
124 3537
14 8354
94 6458
59 2845
61 8414
24 6165
9 737
2 2679
136 2251
28 440
118 7221
16 7560
33 7789
6 9314
97 3725
130 2340
41 3691
137 3223
102 3327
67 509
17 1895
133 8143
125 5704
150 3933
38 3948
1 9510
97 8091
122 8640
22 2895
70 7904
122 3640
112 2122
127 2489
19 5461
4 7222
92 3195
60 53
16 3823
110 2393
126 8697
58 9495
126 9162
104 3079
154 1673
5 6532
32 408
165 3642
156 7117
164 4391
105 2991
51 3718
109 6450
4 1946
148 6934
36 2706
170 7741
81 3555
128 4292
117 9292
73 8027
25 8145
93 2140
140 6074
31 7832
15 6349
114 6619
166 8121
175 2844
68 6846
50 3946
185 9610
8 7695
197 2610
199 5101
193 9418
145 3486
192 3720
133 5723
153 5604
78 1237
75 4733
136 2735
16 5114
117 900
153 5834
41 2223
119 3634
40 2995
13 7788
50 5492
155 7246
97 9612
172 3754
48 8062
34 1279
38 2267
195 5419
30 4168
167 2508
174 470
163 9864
144 4463
122 398
109 7212
52 4305
7 9623
133 9656
194 9892
81 8642
56 2618
110 4176
242 8021
131 7841
155 3596
178 4659
26 6448
150 4737
219 6436
113 7335
104 6747
156 2547
252 3613
26 3539
201 953
169 615
128 1165
160 8427
257 5169
39 3021
187 5517
216 7259
21 4717
172 5245
100 9465
137 7971
5 9740
64 5450
76 9437
80 634
85 9163
4 9641
231 5584
62 6977
94 9954
249 8436
150 4418
91 4519
71 8030
184 4833
151 3897
65 3639
30 2616
30 5724
170 2601
163 6365
38 6735
281 8698
222 5000
242 6919
21 1762
73 6410
46 531
102 6850
213 5969
89 7203
294 2116
54 310
71 3556
299 9844
109 1847
88 6694
239 915
302 6848
278 2710
172 6589
96 341
132 8864
239 4948
109 918
4 6396
305 8668
147 8545
164 9399
197 5378
74 7636
306 7990
253 5044
229 1474
260 6239
13 1169
2 9162
307 2695
223 3313
111 1644
288 8796
296 4633
148 3110
222 2530
32 9769
18 5726
38 2022
248 6472
81 1539
53 2777
119 1032
309 6329
255 7028
308 8704
86 6113
117 4549
1 705
6 9010
40 2760
11 4196
101 7687
212 4804
11 3578
56 2988
280 1722
25 2593
253 5564
339 4686
91 7921
160 7821
181 1816
216 3273
265 6850
319 2288
140 538
286 7788
241 2801
292 2307
337 1209
269 6592
211 5514
284 2659
63 7595
174 38
143 3852
290 2726
212 4154
68 6378
42 6070
91 6799
149 3622
31 5572
44 3627
25 2579
281 4223
212 3950
255 8248
229 3552
304 672
191 8309
266 3817
270 4118
167 7850
367 7603
129 6560
57 9070
191 580
242 6453
1 9566
168 4233
11 3899
296 439
107 1508
219 3508
342 7315
80 5445
242 3089
231 587
396 7892
140 2443
33 2091
268 769
207 8489
368 932
346 1861
55 4614
93 1581
377 9070
318 4052
39 8621
71 8920
95 997
157 2607
101 4771
54 8425
350 7542
358 6671
289 1040
195 3321
392 2691
38 5288
125 2758
188 1276
284 9036
354 1919
158 412
373 8354
422 3662
424 237
216 3698
105 4341
174 5274
154 4357
81 1381
374 858
437 7820
212 3905
66 3953
341 8664
342 6682
121 2960
107 9472
274 9539
432 5809
88 5208
2 4914
141 9245
388 6109
138 1705
120 7376
309 5448
390 8738
294 1949
182 9857
445 3842
441 1616
13 1020
230 4013
178 9192
68 9569
455 2702
438 2156
79 9542
27 9942
171 549
270 2540
26 5452
145 1545
237 3136
237 3246
60 9654
187 618
130 63
307 9205
85 3165
167 7540
305 6767
421 8698
455 3341
107 9526
98 1961
168 4311
412 1762
408 8118
384 5562
308 8611
366 7585
17 9809
170 5205
405 5569
245 7233
75 6293
16 2329
335 994
86 1564
429 9576
303 1119
196 5687
423 2596
185 2436
139 6931
237 905
347 3452
231 6703
150 5926
377 1653
390 5200
437 8270
323 2643
77 8311
132 9137
425 3766
336 9370
503 1881
242 9106
284 1142
1 6901
245 381
213 5320
350 2067
101 3758
504 1433
115 9780
357 8707
33 1086
377 5882
452 2208
247 2949
228 6925
167 7948
381 1861
438 4364
76 1707
375 3464
161 6550
313 6515
334 6138
490 7373
536 5441
469 3645
348 1523
43 3012
130 5109
80 9162
83 8264
154 3904
298 7123
506 9933
276 4797
46 2006
445 7115
185 6988
207 5615
420 7190
232 9213
125 9061
20 3011
209 5108
291 9906
388 5085
546 9219
516 3071
504 5418
353 4599
277 3287
365 365
194 2178
337 8044
65 1595
356 8827
213 6628
191 1488
315 8997
192 1262
75 6529
56 6054
393 4645
240 3889
517 6929
456 7640
356 8683
514 5599
96 2025
335 5493
197 380
106 5021
444 7002
591 2295
287 7613
372 1090
421 5393
399 6696
486 8367
240 6443
418 8505
580 1446
316 4594
195 8206
370 9057
179 3190
476 6853
503 7680
518 3699
470 4425
535 6003
83 7050
519 6302
53 6161
176 1994
440 7100
62 9670
381 40
438 9623
384 9843
355 7609
382 859
467 3975
126 3105
107 9327
388 7899
513 6357
387 8203
240 8847
114 5850
107 2923
71 951
140 9355
609 8266
156 3280
171 8860
398 640
594 1977
521 6617
573 1997
188 4717
271 7294
597 9785
477 5539
39 8916
12 5363
527 2504
210 2243
266 1470
132 6251
406 9192
226 6470
303 463
336 4383
540 2570
363 8730
563 1369
499 1479
270 504
311 3170
562 9190
631 6080
336 4376
489 1921
291 9702
217 6836
635 8463
528 700
133 4160
104 5460
495 2995
280 2772
626 7564
356 2637
565 5734
148 3336
619 5573
574 3094
316 8030
612 6709
63 3088
356 6273
601 615
221 2296
641 5641
547 2670
440 9988
212 9558
79 800
57 6085
653 501
238 3445
523 4943
273 9951
52 7439
507 8310
672 8136
330 3639
7 1136
377 8685
611 8822
400 3857
64 3171
491 1817
682 2356
340 9308
52 6925
579 6406
537 1318
677 3088
419 2794
171 8681
279 4217
373 6359
664 5556
710 3257
296 5451
48 2994
177 6331
417 9819
31 8934
393 6139
316 5579
518 6117
234 4362
479 6640
330 759
52 5732
420 6035
494 1249
53 6322
131 1378
470 4108
627 2466
302 8043
397 6691
281 3939
518 7851
35 6528
380 9682
601 8660
162 8504
359 6580
109 1707
185 8691
558 3683
193 5832
442 758
7 5541
312 6344
572 9204
489 291
726 8319
396 5415
341 5259
96 293
197 7296
58 9685
396 8793
633 3369
758 415
404 6082
189 6520
312 3145
693 5508
218 9038
405 1183
241 5773
163 5256
469 8999
723 9377
221 2842
726 2268
746 9637
541 4488
259 964
256 5354
40 9575
183 231
530 2555
769 5999
482 2773
271 3840
643 4311
771 4550
5 6396
467 631
60 8294
200 5761
617 2085
263 5699
295 3783
416 5060
522 5688
564 9833
188 4292
613 8735
115 4432
586 7491
216 7209
123 9274
643 6377
236 362
797 9929
198 6671
395 4779
304 569
107 3298
389 3886
273 8004
373 876
712 2073
363 454
178 1192
82 9348
209 1076
724 8938
109 4491
10 3368
644 3280
272 1207
507 1773
110 8434
442 1965
383 1395
603 4300
338 252
539 6448
127 8364
743 3018
22 6101
759 6403
132 5884
168 5069
48 1237
603 2720
672 6023
214 8169
225 5330
446 7366
273 8738
314 2726
802 7118
105 3112
400 850
636 913
506 1636
609 8732
295 111
415 6384
736 8897
288 2902
361 4169
645 560
271 8344
383 8940
85 7092
159 526
619 9427
168 5110
794 6973
362 1411
755 4384
209 5077
716 5440
210 8538
793 6753
373 4420
464 7959
130 6188
83 4921
589 1921
203 8158
456 678
836 6763
860 7860
144 6358
17 5915
358 9797
55 9393
200 8237
702 4623
43 3598
498 3351
490 8840
668 4830
347 7031
459 3529
367 6803
60 4386
30 7299
380 2488
549 2192
203 8783
297 1932
178 6921
559 4419
535 4042
26 3893
749 4320
720 2862
184 5035
261 2272
794 1133
246 7953
159 832
508 5600
264 7872
102 717
266 2735
857 9815
474 3545
279 2428
692 1785
749 5928
667 9011
421 4042
551 5406
859 4009
88 7389
735 6962
682 236
473 759
12 2683
523 4805
414 3908
475 26
186 7493
866 2914
759 4528
245 9219
354 8475
818 182
57 1484
677 4421
712 242
584 756
508 6466
693 3452
35 5660
144 8843
146 111
162 7723
113 4512
154 5005
594 6531
790 6
616 7521
856 4553
202 6209
584 7746
362 6168
320 2273
852 2457
743 3480
67 8283
796 5738
772 4453
580 6989
264 6117
655 2632
862 4231
692 429
263 1596
771 4377
40 6758
688 4016
129 3482
869 5634
47 1533
917 3511
489 1017
923 4729
397 4799
810 7450
834 571
285 4591
746 7463
552 1060
157 2431
908 3945
640 2447
408 9995
872 6493
910 4414
557 4820
918 8527
434 3474
290 6212
286 2457
101 3568
154 3395
624 4040
753 2307
784 2807
670 3914
219 8087
238 9965
731 6330
343 7402
758 766
364 5524
958 2655
262 2762
431 1221
997 2764
769 1469
299 9935
707 1100
809 2886
77 8633
473 8562
457 5898
52 4749
260 4492
146 6715
591 4329
908 8902
499 9900
988 655
834 258
801 5147
286 3197
429 3248
133 2167
58 6856
155 7890
746 4428
497 3759
634 1398
679 2403
506 5864
861 5770
492 4386
27 6566
259 1525
76 9490
736 2607
641 2347
588 3780
865 5608
166 6886
105 7737
21 9642
648 1359
417 1765
59 8968
700 8929
106 1292
202 8259
687 8577
880 596
468 4689
884 7462
901 6546
434 1885
198 9209
296 8577
334 818
860 6865
132 2325
558 5442
487 3500
40 6512
922 4662
968 5778
614 155
475 5105
611 2159
128 2182
322 3395
494 5402
686 6723
423 2095
428 7281
840 3332
37 7293
297 4390
201 7372
919 4340
1019 2007
1010 580
1003 8453
156 102
967 8836
594 4226
672 7361
887 7504
820 4604
877 6058
1012 233
112 8912
510 1675
616 4721
605 602
186 730
713 6893
1094 7342
602 6943
354 7553
685 1036
850 3117
757 5152
645 1716
972 4640
909 7360
346 8093
145 1909
950 5241
1025 3958
776 8418
976 7044
403 4459
929 7478
1031 3120
559 9436
1010 332
138 6581
972 1772
817 3125
244 5525
932 2035
493 3321
1026 5567
657 3481
39 1068
5 1384
981 8646
1000 2992
727 9699
456 1866
37 2364
494 500
882 889
67 4379
1093 5904
6 387
177 82
617 3203
153 2536
1089 9982
331 6195
545 6090
57 7707
758 8762
758 166
733 4475
650 6200
1129 4381
856 1380
385 7507
1110 5263
1073 9563
398 890
1023 7595
556 9439
651 6694
482 50
777 2600
264 4010
161 4765
521 2095
158 5911
62 4000
1135 4091
1050 2692
562 7503
374 6115
804 6289
333 5866
733 2681
731 4913
1080 5110
978 8836
573 859
989 6091
987 1037
1102 3419
64 311
715 6366
661 7534
322 6833
959 2642
600 3359
963 160
301 4717
235 4156
696 1676
158 9582
302 9229
605 4617
57 3
750 6000
331 1967
852 9110
353 3432
788 4379
22 2690
327 990
890 229
529 2354
619 9475
406 1918
788 3097
911 4159
873 8816
1176 6983
279 6694
598 2106
1152 9461
935 3483
806 6224
803 6595
260 7042
294 1599
281 326
121 1575
306 7654
147 8491
513 7
351 7693
899 770
1002 7032
253 2966
783 169
666 9388
489 6757
702 6647
546 9827
1029 5102
1025 3406
1015 797
1036 3579
748 5460
542 5154
35 5686
758 4950
562 3621
52 4110
1135 9062
794 4365
1143 7004
694 8110
720 4484
890 5318
143 8718
1087 4374
648 9658
83 7214
892 3995
10 9726
103 537
180 7726
36 5865
452 8733
509 4301
1030 7244
69 1810
330 5934
1164 3613
274 966
936 4359
71 3130
922 2453
1203 1533
562 2014
422 4858
493 596
332 4427
996 1646
946 5566
352 3933
1084 9006
93 5142
687 4095
1141 2780
343 8274
937 3129
911 2299
68 4917
168 2830
1057 9625
50 1186
1030 9672
716 6704
998 6191
4 6927
1278 3665
322 1628
530 6864
89 656
113 4809
1177 2770
338 7832
315 1218
893 8204
630 4732
480 2784
626 3351
460 8167
172 7376
418 3952
1221 2015
740 9346
98 7505
743 82
273 7307
1067 1091
627 533
217 5635
475 7395
415 3879
185 1659
1286 7398
746 8969
586 387
156 1927
1035 4799
262 4657
590 1375
627 4829
1189 2704
849 1384
580 2707
575 847
821 223
825 1178
73 2849
1239 3134
119 1680
163 4332
749 6231
1188 2982
925 1353
817 4216
1137 3145
1028 7591
780 7546
873 9771
690 5000
686 6085
573 7032
1169 6141
219 9041
209 2149
1334 7886
1086 6334
822 7999
905 1094
1313 7133
681 3552
1256 610
191 2324
1291 132
813 9043
632 504
499 6719
913 7648
1313 4086
8 2007
1268 606
572 8658
1312 7569
401 5916
197 1520
1121 1809
793 7645
123 2836
1324 7096
627 4987
21 5836
51 2644
727 3004
822 3881
418 4819
997 992
806 5701
980 8297
1226 4587
333 511
332 3343
473 9000
606 2782
403 3751
1218 2843
1271 8258
1088 7656
696 8412
159 8704
191 1513
989 4524
574 7093
574 4917
798 1282
189 3966
655 5345
793 1779
197 6364
281 521
223 8081
1294 5511
1020 7666
14 3485
812 5664
395 3943
950 9323
811 8471
1353 4025
545 6455
377 5553
100 1353
841 8299
1227 5252
564 1426
208 8760
1030 4446
256 9717
1268 3806
1115 8627
1085 7081
1128 4220
1220 6277
1270 6412
652 3505
123 4128
230 6208
764 491
1128 7478
1167 9641
364 6665
966 9079
1394 4698
521 2800
1432 3506
810 9833
282 3243
52 2552
671 325
257 4607
1017 183
344 7666
1271 4218
616 2968
451 4046
880 3478
589 4491
1084 5640
1256 1535
375 8998
453 3297
21 8234
1418 6200
1318 66
1415 6987
963 1518
370 8345
711 6955
181 5798
1128 1083
556 8165
1431 8180
670 4244
101 5974
278 2170
303 7323
46 1672
1462 7637
39 1460
497 7171
36 2389
1447 3472
1157 5696
1220 1216
324 1239
796 6834
936 1422
1197 1227
964 4826
1437 9119
701 7665
640 2555
1057 5840
878 1564
426 400
706 1116
989 261
639 4037
1030 2653
1145 6170
1116 9434
1403 5205
1049 6069
1491 7543
197 8025
902 2073
98 529
587 1496
1144 5093
710 2077
899 604
1000 1300
1068 9223
1310 1627
826 5722
1201 5539
1080 6427
468 632
941 8624
162 9405
664 3176
1385 4930
1059 8586
270 463
980 5238
1199 8432
1250 5740
356 3055
135 516
1247 4622
564 7480
175 3537
1018 1975
937 6162
889 316
120 1591
1325 729
720 7752
380 600
352 9702
312 304
876 7933
453 9041
1515 634
160 4721
14 7226
1335 7363
1321 2249
954 5434
156 276
1368 7010
149 1100
377 8934
1284 4820
91 7894
639 6724
496 9170
1126 2873
1466 6202
106 5777
1388 6417
1178 4339
129 7693
301 2675
1499 3767
329 4389
562 2480
555 8173
825 9650
1457 6076
1084 7871
12 386
469 9467
561 7470
1302 7532
1208 652
1421 2882
1082 2421
821 8915
661 6119
807 8203
280 1628
245 445
994 9250
1009 4707
141 1929
1139 865
1543 482
286 1986
1021 2931
743 7140
1264 4755
1566 1355
978 9182
1320 1984
460 2594
215 8791
783 7425
549 2187
516 32
1370 5747
356 5044
267 6696
1343 8219
83 6983
540 9420
1252 4740
901 3578
1404 4336
276 4160
256 933
1151 4327
1358 3106
1512 9934
694 6968
855 9357
1089 4631
651 721
1404 4811
987 8966
1528 1428
1242 5864
1102 4800
10 7993
443 3568
1534 7706
272 9042
1536 1293
248 8674
1328 277
1618 1297
250 8800
519 9152
1125 3573
1592 7217
1005 4138
952 5108
989 123
642 6422
771 9131
859 4038
446 2023
1369 6699
1089 5531
26 8465
1224 30
297 7938
986 2583
842 9824
1347 1642
1406 4147
506 9346
1030 941
685 3604
836 9823
1400 1992
1091 7431
77 1798
1631 3027
858 4662
1418 1998
407 8194
678 845
390 7595
642 7640
456 8068
1603 2135
742 9145
828 8448
517 940
1202 7209
1521 618
498 1920
120 7564
591 4641
520 31
615 3494
1135 4803
1116 3936
140 1854
627 7596
249 7196
753 8943
50 8923
298 4470
1075 6275
845 5712
1224 7521
565 1034
1323 3293
6 2335
268 8344
141 1481
789 9154
638 4190
981 6353
1636 6462
327 6708
370 5085
1088 2857
386 9024
708 8283
367 3090
826 8357
260 3328
522 404
943 9459
31 6126
946 4015
637 2360
760 3625
360 8551
22 2477
503 929
41 1453
1236 5625
685 4859
450 9931
1417 1527
904 1052
224 2628
984 1149
488 3375
552 2536
107 2913
407 6874
1307 457
1231 1715
1626 3195
1118 9971
402 9703
601 9836
1471 6541
618 417
802 3723
854 405
996 2652
1656 4603
27 3143
1675 3901
1496 1252
200 2074
1425 512
403 320
1007 5433
760 9765
1526 2904
109 4590
1041 3900
1635 5579
1212 3217
1074 43
919 6405
1232 6034
1510 7175
288 3103
330 3873
721 869
991 464
1204 4546
136 1657
527 4432
483 251
1034 2180
479 9069
1409 8836
890 6821
118 4907
337 8809
898 6170
1645 8266
516 3105
876 6767
489 5495
1026 89
1634 2309
1707 9112
1227 9897
934 6886
960 1626
421 8142
1516 9330
1007 6029
71 1382
510 508
910 5571
489 1757
1129 5378
960 6294
1511 1463
693 9688
1173 141
1643 4794
340 8883
805 3227
383 1638
1376 931
1579 7668
1062 8326
1211 963
1363 8190
1518 8673
905 9155
1675 5625
16 8002
1438 1919
778 1519
654 9677
956 2027
1558 1730
414 6782
1211 8211
230 9540
846 6853
1054 7380
313 6417
421 386
105 8691
650 4781
600 8345
1489 5906
172 7219
174 3984
1030 9363
1543 9399
895 4512
1265 9955
1191 8000
485 2108
78 1177
948 3202
869 3663
843 610
1767 9111
353 5016
1744 2420
674 5074
181 7294
1295 1502
1191 6663
1218 9353
273 8900
1715 9687
53 8811
907 4308
236 5187
685 1706
1121 3677
376 4995
1470 3209
320 8420
772 8701
124 143
1249 2867
450 1247
481 3989
1101 1020
437 5346
1711 1861
381 6749
415 8969
256 9873
1806 8289
567 8278
911 3247
1248 6592
600 5311
91 3243
1417 8280
146 3949
192 9928
1729 4794
319 7075
580 5466
405 3352
956 4211
1760 1864
847 6138
966 4353
660 8350
1473 6837
1067 9990
1036 2800
119 3250
725 3726
3 1486
1329 5519
98 8688
989 2382
1813 4828
1416 1413
119 6619
746 1309
1804 8812
756 6046
249 5647
1594 976
214 2531
126 9964
1770 2638
1259 5554
1378 8330
1228 965
1527 3730
1222 6431
1305 7193
146 4919
382 2889
1572 9836
368 9674
280 4941
97 6356
1746 9062
340 6226
1654 9115
360 9431
780 6070
492 1336
1105 4555
1057 3812
781 7256
1399 8355
36 2836
378 3389
932 2907
1180 8476
1350 7668
806 6232
1911 7814
1639 7862
1308 8833
1690 3842
1454 4457
1052 1628
1346 299
1771 1081
381 4297
631 31
76 8436
1764 5634
1591 569
241 3253
1361 3379
534 8446
1071 9245
794 8192
929 7905
1325 388
361 2150
1629 1643
566 3906
1208 7117
1494 153
939 8123
19 8820
554 9386
533 5608
1884 1136
639 3573
1209 3838
346 7493
1475 8226
935
1893 3382
1260 8736
860 1804
437 6091
1006 9050
1644 5678
1840 7628
1570 465
302 4115
267 6585
1236 1626
736 9581
75 946
1392 2565
1900 6930
501 6499
1421 1691
839 2948
1809 5260
1234 6390
260 2201
255 6885
1932 5156
118 4140
825 4592
411 7573
1116 6985
417 7565
1327 7112
356 9544
117 2851
1916 7608
1295 1760
1356 4192
4 8903
1844 8321
1663 9668
99 5275
773 4024
591 3309
1601 9684
618 9548
910 2390
1752 5761
1502 8881
1344 9745
218 8484
488 5168
1524 5782
1325 1210
806 98
869 277
850 5666
139 3743
716 6511
195 5139
1777 4380
506 9299
1222 374
45 7520
217 5489
1407 2505
1890 696
1349 6311
673 6213
1221 7753
55 3416
427 5725
1074 3610
523 6488
1072 9679
1783 9190
326 5067
1091 7240
1639 8463
1860 629
1447 8042
1857 3502
676 6163
1827 7768
1029 6297
907 1761
971 397
564 3584
1505 9491
1485 96
1147 342
1438 6989
990 143
1477 5372
1562 8304
616 8897
688 6020
368 6835
279 384
1523 2021
126 1493
1619 6894
734 4699
899 482
1474 3927
1915 4918
627 6089
947 1099
791 4739
1593 8662
15 8663
1197 9207
1478 5566
931 2972
699 5989
393 3454
173 9903
1680 5146
1413 3318
1948 8677
166 8435
939 9016
1911 7891
848 5539
935 930
1751 1434
1924 6018
708 8433
414 7801
77 6938
1068 342
1018 5884
607 5762
1015 4873
1939 7790
822 2677
794 853
800 8293
894 6582
1675 307
334 7237
1887 1267
1066 2110
1199 9820
214 4718
1683 8817
1352 375
1051 6952
1347 8508
215 5493
664 683
1571 326
181 1729
771 1108
1422 5235
705 5060
66 5623
1040 9540
1645 4305
1299 8820
1047 9122
283 8388
1211 1074
119 1275
831 4097
530 9924
76 8074
691 537
1020 9336
312 2003
138 5807
257 1210
701 5853
332 9937
1148 9063
807 6774
1896 4321
652 2360
1487 4801
151 8577
1225 4534
153 1335
1545 6490
948 1875
1070 8619
587 2954
863 2347
1090 2803
21 8002
374 2155
494 9548
1232 1981
1654 4464
1682 6532
828 5298
1739 9440
915 9929
1302 8839
677 898
554 9513
1884 4917
8 2982
994 4352
235 319
85 6525
1746 4750
493 8069
1317 4561
1813 8665
1048 9787
1926 2532
327 4340
1512 2859
1606 7366
1109 7348
330 7319
1005 7741
177 7991
1056 5865
854 3854
1230 2455
1842 1073
1329 5695
1532 2980
542 2155
690 1439
1289 9047
183 1575
684 9660
1544 8647
1767 7062
1802 5670
154 2415
518 260
1178 4972
1168 6508
1499 6404
1435 6138
402 126
1296 3762
1188 2197
1332 219
1002 4393
1164 5633
908 5161
752 6024
202 2131
977 8893
264 5837
563 4580
1135 1163
171 5053
1467 2063
497 1431
1273 974
1424 2873
548 7245
803 582
1336 4461
1303 2962
33 5536
843 2683
566 2225
717 655
1536 3155
1764 5527
569 8737
596 1810
1315 5835
678 6060
624 5413
1145 3127
1919 533
292 5122
1557 5435
633 2517
1455 3455
933 698
1248 7568
1726 8474
377 8832
227 3072
1183 5338
246 6712
392 6770
1099 1458
1394 6863
755 3643
1030 6199
683 6704
1118 4667
1096 9054
844 4844
541 8360
180 3998
1301 5932
262 1514
623 3743
1151 8062
1791 2363
723 9914
1798 2261
1191 2815
1699 1784
988 9096
24 6456
953 9132
622 4996
1316 1668
165 5428
249 2014
1486 7559
1122 3732
1200 3063
362 591
456 460
984 8858
930 5462
145 2132
644 8685
649 4276
1630 9133
924 1933
1185 6098
1854 5905
651 3965
862 1081
1150 2180
1617 2626
170 9338
1212 169
1648 7614
1850 7183
1241 898
838 2344
384 537
1747 3929
1277 4036
954 4602
1146 5157
949 3299
406 924
1431 2414
680 3905
1702 1149
1744 4734
121 1529
1187 7296
538 2664
1554 6621
210 7545
309 8407
1100 7913
472 3916
1132 5465
1503 8960
784 8574
69 7183
41 2060
1361 1794
663 6583
1526 3320
310 8860
62 8958
1623 6052
1210 3123
1093 8842
107 8401
1729 8478
1533 9157
1247 7772
1368 8936
742 5207
290 1631
660 2704
1825 5214
1937 8065
116 149
1436 5833
1196 1361
376 1916
741 932
441 4428
1703 3860
1376 1241
748 5167
787 5484
513 7570
439 1270
536 2745
1594 4886
64 2914
1239 9264
1452 2511
911 9301
294 1823
1083 471
658 8770
840 820
2 6427
722 2394
67 6226
979 9446
1761 6560
1504 4124
1753 1869
602 394
1397 3806
1516 8513
1264 8093
812 9324
962 523
124 4284
1482 8309
846 8486
993 1979
713 971
1341 7496
1519 4350
643 689
1059 8398
168 8850
1137 5750
1483 522
36 6166
1774 9938
969 6127
1565 5568
584 5789
934 9704
873 5397
1351 6766
1741 1845
999 4054
383 8703
1284 8886
1206 9844
1142 33
203 1373
95 3037
1589 6090
1529 7822
500 5583
102 3180
112 2288
1346 5691
1001 4817
424 710
450 7424
645 978
1720 1776
1737 8190
297 4388
1587 3389
1945 6570
515 8934
1382 9517
397 2030
1472 4091
1067 6613
505 5022
845 3717
1063 9141
670 3383
786 9246
1626 3043
275 1805
914 7087
851 1836
1141 8052
222 7634
1688 384
1501 4276
1583 4662
1681 5813
986 4320
1730 8377
1054 1234
729 7302
1307 22
396 5177
1491 1576
390 7377
565 1359
537 7334
920 2106
1885 4958
1592 7905
1494 7507
1547 5412
135 964
1192 2748
1451 6200
900 8690
301 4165
1716 6254
282 225
861 4886
448 9432
9 7370
526 3995
903 5619
884 5690
1734 4542
557 1446
1643 3424
1800 9575
1598 736
635 954
1537 350
507 236
571 652
1539 1232
206 9286
547 7935
695 9347
1174 4501
952 7165
98 4286
1610 2389
865 1573
1596 1080
1149 9668
1781 8946
1081 3516
46 8592
1156 7520
647 5202
1444 1446
91 3542
1732 6805
1766 4298
491 6540
54 6650
1560 6489
841 2028
1851 5398
74 4539
1130 2141
219 3040
86 2326
780 2125
590 409
1427 790
285 1715
463 1261
209 7972
1892 3241
1389 6181
525 42
550 555
1086 2627
1718 9183
1031 5166
1859 5034
387 6769
964 3759
1481 6803
284 1769
7 7239
1775 5305
909 9477
1450 5561
1465 5826
1493 3041
198 4470
1027 3253
37 9434
1080 8525
1129 9943
1441 5610
1331 8206
1898 5588
1646 8449
1213 8975
159 1499
104 2753
1660 1857
409 698
1808 8358
1664 8849
599 9451
492 572
1014 3197
1806 3372
1552 2665
1700 2408
1204 6534
1088 1161
58 634
1374 7145
353 1173
815 5937
415 6858
90 5150
1635 6136
653 1578
1342 6464
1836 2081
430 6979
1540 3648
556 44
169 3916
273 6521
667 4381
765 5026
991 3258
810 8992
524 6293
172 2785
1184 978
1773 2328
389 4906
1399 9654
1439 8144
108 2371
1402 3512
1425 2586
1434 1544
296 2629
615 8521
1337 8091
1689 1902
26 9192
1322 7078
303 4081
1722 4220
1060 1577
1877 1423
955 8308
609 1302
1454 6398
265 3234
1694 2642
1698 1581
605 3292
1830 8370
1098 5560
1489 4680
1075 9497
918 8034
859 5676
1573 1137
1657 1461
1167 1221
30 293
572 4189
757 2558
823 7116
519 7626
580 4516
801 2002
305 6274
576 1333
1019 7267
1585 3269
1065 5289
130 3028
872 1964
769 2756
785 7394
1923 6412
449 1773
1638 2441
1922 8341
779 3468
83 2857
1034 527
1393 2274
980 6640
207 566
1542 4594
1930 7876
1707 1806
1522 1859
997 6420
1810 2110
951 4157
1618 7946
1406 2207
1095 1157
552 6225
1855 3998
1946 7395
1574 9127
105 878
1340 1347
1814 7898
1534 891
940 5554
711 7138
983 4456
778 2420
702 3293
1373 5787
19 4164
929 4115
1107 1261
772 59
122 7829
1848 6714
1902 611
600 8040
946 3775
597 3279
1801 4110
1670 4756
662 2856
1026 1141
6 5337
921 3128
753 2395
1807 8032
1052 8933
689 9131
84 1890
1251 8207
876 9541
735 5825
1028 3844
315 2954
1888 1578
1136 6332
1940 8760
336 9095
49 977
956 355
1214 8686
901 8196
188 2318
252 1089
606 4154
1883 7103
1496 1782
1705 3185
967 3943
1429 2658
1400 2691
1599 3099
178 370
236 4634
1655 8325
1271 5782
1650 1571
1049 4314
1727 1082
1690 3152
1736 7359
12 4286
1805 5169
724 4336
23 3043
1157 6220
1243 7629
1652 513
1173 546
1695 3112
147 6506
1714 4830
357 5218
412 6641
998 6255
1869 6326
1649 1922
520 3801
1497 8336
1711 9311
354 5099
1294 6945
834 4281
1330 843
1105 9294
747 7166
1125 5918
1871 7320
1462 8938
318 7
185 8418
1318 2661
1706 2212
1380 833
1160 658
307 848
1369 6374
164 7862
893 4724
1043 1079
410 4635
1459 5404
620 9588
498 2117
963 9952
233 247
1365 363
782 2967
746 737
1879 1159
1543 8817
225 9081
469 2892
581 1617
1033 9658
641 5002
405 6034
32 8401
1244 7516
1343 6124
972 4510
1710 6965
1735 193
1350 7835
1578 1550
1115 7113
201 4977
331 20
14 1079
995 2835
1692 8424
1525 5218
731 7440
1363 3924
1004 5227
654 4214
738 20
94 3881
761 6447
10 6793
1586 1001
1719 877
932 2508
373 3738
1170 9986
1104 4965
1640 4358
478 6303
1904 7959
335 1342
1409 8540
1428 2650
1876 7495
1266 8937
338 3586
438 8015
486 6102
1790 7385
1437 2174
811 9537
1696 5605
1298 6321
957 1648
728 6132
1584 6743
1312 3236
1812 4985
254 1455
440 4644
788 2714
451 6287
483 4555
762 31
89 4263
1568 561
1045 3292
1053 5687
1829 3958
293 3516
1576 9317
1089 8197
1870 405
827 6383
1602 7577
1055 941
325 9893
887 8338
1613 2322
1175 6445
1838 5292
1938 7721
1227 8926
163 2092
137 720
144 5418
482 2221
1102 2065
1661 5619
685 6619
1943 361
1882 3003
358 6258
950 446
626 363
821 4259
574 1915
193 7691
1513 8278
1538 3082
476 449
1023 4600
842 4110
1564 1713
1022 6161
1309 3806
1510 2712
281 4831
1733 9372
1228 4186
1418 685
1121 4634
521 7493
1832 392
1011 8432
1267 1100
131 960
59 8481
892 2108
1358 406
149 2586
1566 7789
996 7106
1821 1730
638 5047
3 5267
253 5832
1750 641
1868 1860
804 1632
1276 2195
464 886
1934 3000
1762 2872
1659 3015
251 8782
1262 6055
1687 8008
1521 8337
1811 1523
1076 5522
768 9077
733 1039
