88
680 211
516 -735
256 -123
-577 529
372 323
751 844
965 -13
-285 -138
257 957
-224 -289
714 614
557 954
-781 -526
-432 353
-78 585
721 -488
-214 -774
-43 573
-375 -945
971 935
498 2
-116 227
886 -247
-654 -644
589 917
794 830
-467 -674
160 -467
-910 807
303 180
208 -764
875 -701
417 -404
-488 -92
-527 245
-46 605
933 557
-454 689
-673 -50
82 -271
993 941
424 133
-990 -4
-187 -524
854 -766
178 -224
-148 997
-591 -361
-22 391
542 -570
722 -552
-703 789
-392 349
327 231
-569 -974
-855 -6
-748 -800
-872 -537
-605 209
-22 275
687 -480
935 -426
421 -274
-574 977
-782 -598
-123 -99
-768 438
384 -414
-283 263
-810 514
437 541
-774 -786
-380 -516
-164 239
-749 796
469 744
-861 590
410 -463
244 -871
352 682
-119 -71
733 -667
499 -842
-360 -718
460 -781
-329 -625
401 -361
-177 -899
