339
4386 -407
5243 638
586 556
1355 -76
9495 -744
-7488 94
9202 -522
-4218 -558
-3802 -280
6421 -937
-7111 -482
5025 567
-1578 -419
8270 -784
-4031 -353
-8816 557
9860 722
-2370 891
-5727 669
-1454 -646
3792 -651
-8976 504
-2048 985
2433 276
3890 425
-544 -430
-4493 -166
-5784 -349
7199 366
1574 -773
-9916 -398
8800 -324
748 -379
-8686 -108
-2717 -392
-9782 -25
4087 -836
-5014 883
7091 337
-7616 904
6925 166
-7320 -216
-6109 -164
9097 -160
-3249 -944
6494 709
2437 106
9431 856
8311 -59
-2994 -932
9569 -620
-1649 -320
-2269 17
8686 -872
-904 -873
5997 253
-7532 -966
6664 -42
-9067 159
7428 -790
-3929 655
3384 422
5054 -45
-872 737
-1955 -531
-9677 -424
4196 435
3812 -630
7990 483
6590 -12
8420 977
4679 863
1180 -860
-6632 -235
1909 235
5562 618
-2897 828
-1628 473
-443 193
-5639 674
-612 540
-5644 -922
8182 -946
-4600 434
-6578 -907
8129 223
7644 301
-449 105
5262 638
3425 -727
2443 685
-7951 -868
7678 -580
-9578 -315
9203 -119
1426 120
-1405 304
5304 -216
6390 491
8748 -14
-5279 -173
-9103 500
7793 -232
-7663 -485
-3014 415
5757 -470
-2625 179
-5578 682
5790 152
8751 -495
-4054 209
1379 388
5368 -265
3321 311
4456 -648
1063 -308
2165 -647
-3687 -649
6408 -46
-5278 -946
-1311 -828
242 -774
-1170 -484
7348 931
-7822 -774
-1445 -766
3381 162
4078 -970
7653 -198
7287 -304
9338 740
-8461 624
-2644 836
-5130 535
2995 785
-7976 594
-7427 238
5881 876
-4554 -456
1335 -79
5967 -789
7525 289
1728 344
7121 -160
-560 -732
960 -893
508 -532
-8852 634
-7038 696
-9584 -166
2045 -786
-1649 -62
5288 -365
6250 688
7066 -63
4677 380
8645 677
1613 375
-1254 -29
3023 707
-9464 -187
8076 780
-3667 -651
-9131 91
6007 -395
2627 523
-4410 -159
5895 369
3581 -995
-8446 129
-8837 493
3706 -82
4613 -142
-5001 170
-7062 445
7587 132
5214 -177
6872 129
-6471 690
6477 -630
7008 139
3494 111
5369 -525
4234 110
-2191 -333
-8562 49
5430 17
-3585 -750
-499 -593
-8490 580
-940 729
346 857
9236 419
4245 -308
-5678 -430
7478 521
2460 -689
3920 58
-4642 -381
6887 -389
-3633 131
9326 -102
8689 897
-8045 453
2400 -683
6096 -532
7584 -767
-7292 -781
-5918 393
4032 667
-5119 -130
-1872 518
3356 619
7995 604
71 -717
5823 810
7763 -136
2196 471
-6180 -492
-3704 246
-9828 -444
-1528 598
1636 385
-431 -118
2260 -929
8865 388
9306 -230
7871 -287
-9909 -657
-1215 -384
1290 -766
-2075 226
6111 764
-5157 -210
2285 -115
8611 -792
-5322 417
-3930 417
2454 814
-1296 -486
-1468 -466
7004 -248
7133 -215
-8938 -35
5947 898
-923 -761
-1636 640
5696 -751
626 -604
3351 163
-3749 -488
6046 578
8166 600
-1956 -197
-1080 382
-4471 575
-8056 684
-3185 -420
9827 679
-2013 -29
-2498 406
-3595 -35
-3728 -70
-5004 370
-2002 -937
8992 356
4125 -904
-5832 -545
-6561 310
-4524 -672
-4353 -661
2840 -584
4071 18
4625 195
9516 -294
3027 -150
2657 554
3448 17
2099 534
991 -499
6525 -711
5355 450
-897 144
-6076 446
-3494 -866
-8184 442
6357 745
-6219 798
-6932 435
-1692 246
-4560 -433
1169 792
-2327 360
-9423 -655
-4321 891
8371 -211
2477 647
-5401 -465
-5100 311
-7695 -151
-1663 242
1397 473
-6599 -39
9 -49
5771 911
5878 428
7250 -743
-5883 -77
-7432 652
5858 506
6551 780
3893 -886
-9027 258
965 -777
-7961 834
-7942 714
3951 -346
-5855 363
-5405 165
7008 752
-1765 510
-8907 400
-7256 -797
-6234 -562
5785 86
-7561 -785
7758 387
1636 -334
-7107 -703
4745 -359
9418 -825
909 -861
6940 639
-3654 336
372 -360
7780 -158
1693 -554
2733 736
3745 -522
