330
-4812 -7610
1736 -3834
-313 7820
6570 5451
127 -4322
6469 -5321
-3005 5675
-4916 2627
8585 6362
3937 -5840
-8320 7108
5583 9258
8643 6986
-7349 -6657
-9997 141
-7588 2161
-8684 1199
-4049 61
-6625 -814
-9104 -3791
-5846 -3496
4371 -1345
3437 9464
-1613 9098
-6358 -9964
8843 930
-6645 -7339
-126 657
-4719 -270
5342 -9039
-7899 4465
-518 3470
1172 -1834
-7359 -9851
4808 -2321
6994 4916
1083 -2074
4223 -7063
9481 -622
8064 7390
2056 8351
-7427 -6032
3941 6095
-2810 -6983
7877 4282
9530 -377
5524 -3576
8601 5905
-5920 -9393
-5416 3682
-3624 8472
2597 -5069
-6253 1344
-6652 6722
7391 -6334
538 -9111
-1883 7022
646 -1139
2679 4178
-9204 -9238
-9711 6388
-8386 -6183
1930 -2808
9853 -3203
2036 8793
2162 -9330
769 1082
5103 1675
1134 9231
5747 -8628
-8292 1777
-8397 -5129
-3512 9441
-7304 1763
130 -1532
-1063 -9239
3527 -2988
4643 6992
-4271 4933
-6857 8870
233 -962
-6095 -1705
6406 9251
-1244 -3970
2963 2922
-9078 -5753
3361 7496
5975 -9161
-916 -8903
8117 -8841
5003 -5564
9523 -5668
-7590 -8965
6809 70
-6369 5744
-9344 -2244
9439 -9937
472 3276
6525 -4027
7161 -5354
-4023 -7223
2281 -7774
7979 -2116
1346 -7124
-939 332
3565 2362
-5926 -1294
1391 -8497
-305 -352
1002 -6425
-5894 -9728
19 1724
-2601 8864
-890 5648
7111 -2351
8538 -4080
9443 -8012
-437 -1640
-7991 6389
-9207 -4403
-4153 4431
4340 -8257
-2842 4286
9208 -3911
-3800 9353
-2658 -7191
-3852 -4827
-6862 -3259
-5569 2903
5332 -9749
8621 -1240
9848 6403
3903 -6087
2439 -7167
-5100 4983
5537 9460
-6716 -2383
-3722 -594
-8857 2596
-846 -6109
-9193 -4258
-6268 -8297
-1389 7672
9251 -4846
4725 1958
9778 3741
-8489 9192
9195 -3509
6561 -4312
7259 555
-5604 -2897
9800 6936
2429 -4652
-7673 9482
-9831 8118
9538 -2610
7008 1257
3024 8756
-5636 -6920
-818 1174
-9455 6021
-1802 6225
-7063 -2654
-1115 -7802
-3089 -6198
1992 -9157
-995 674
6843 8693
-9716 3093
-4902 8361
-1771 7817
7352 -1237
-749 6079
8294 8260
-9654 -1286
-1822 7837
8722 216
3532 1531
-5154 3515
2986 -8069
-7117 -3252
-62 -5535
6372 3638
-4826 -34
-1637 -3965
7551 -7616
-4889 -1006
1114 -3959
-8546 -5900
1597 550
4998 -4309
3496 -3760
5147 -5093
5605 7024
8319 6033
8911 2633
2500 -2720
-8762 -4544
-21 -1060
8386 7378
8024 896
-199 -4267
7581 5673
6992 -7235
7003 -5437
-8101 -7926
4383 5154
8700 -8017
-3678 -5996
654 -4618
2388 -8906
-3283 4347
5058 8753
-2604 6042
505 8327
-5532 -1528
6772 4862
8746 -7380
-8254 -9590
-2129 9415
-8110 6342
-4827 8359
-9269 4476
-9712 8717
-3185 -6649
5279 -8428
-6940 -9139
-8005 2436
-2179 -545
-3870 -7009
9704 -778
4551 8235
-4827 -1063
-3425 8327
3462 1994
-6589 -6515
470 5762
4711 2468
7129 5600
4565 6135
-8918 5216
9799 211
5101 5812
1038 6222
-8362 -5259
6753 -2238
2584 8136
3992 762
-5260 3586
5145 7631
-6810 3193
6971 5165
9444 -3833
-3766 -9609
4679 3541
7558 -155
-5518 7029
-8580 -4885
-8680 4043
4254 -1429
-9880 -7465
-3353 -6154
-9263 6682
6129 8599
2839 -8121
8257 -6427
-5333 3144
-5126 -201
4545 -6658
-3198 3504
5532 3506
3404 -5441
-8889 -9057
-9546 -6501
-5382 8905
8084 -5852
-992 4525
8612 2068
-6738 5631
-4154 2717
1811 6123
-2042 -9600
6821 4580
3073 -7537
-3184 2097
-5424 2496
-2879 -5713
8228 -867
-1330 6146
9980 -304
4421 -4631
2889 5949
-5705 1882
-386 3257
-6592 650
3741 -3438
6799 1769
4342 3593
3819 -1188
2796 -2656
-5424 -2992
-4201 -7234
-4335 -2397
1759 -4218
-2287 6029
8661 1838
7779 -454
-6926 8585
8391 -91
987 -5747
-9062 -8474
-6076 400
4303 3999
-5895 -4723
7652 -4265
-3361 7396
-9801 -714
-7319 513
-7120 6722
6408 -2472
-3720 241
345 2232
-6847 -5391
-1014 -9389
9424 -3025
8929 -9221
3088 5549
-8503 1794
-1359 -4332
6981 -4074
