500
4060 8184
-4543 2475
3539 -5695
6755 -3043
7283 6321
4062 2129
7238 609
9652 -316
-8492 -9814
-8371 -3174
-1123 3902
4978 1751
-467 -1896
-6207 -8357
-841 -4589
-9131 4346
-6788 -7627
-6652 -4348
5150 7754
-5058 5181
6553 4100
9091 5953
-5328 -5318
3087 8218
2004 -9290
-3554 330
-8507 -692
-3761 9000
3292 -3605
-8363 6078
-8671 3184
-3855 -4839
-8392 4130
9266 -1325
6309 -4182
2532 848
-4586 -365
7154 -1488
6597 8750
-456 -9372
-1613 862
-4438 -7108
8120 -3248
-862 -4568
9066 -929
-3740 6269
5680 -849
19 2952
9257 5924
7203 -4268
2674 2531
5706 1112
8434 1587
3699 3312
7649 19
2120 -8730
3705 2359
7997 1791
388 3649
-7059 -4994
5907 -5574
-8890 -6371
-5478 562
-9721 -1661
-4154 4135
-2681 -2806
4982 -5198
5866 -9934
-6559 2441
456 -4829
8609 -7918
4132 9169
8395 5209
1545 -5551
4400 900
-764 8498
9271 6581
-8525 -9397
-1051 4623
3814 7999
4101 -2569
1323 -8463
-1074 6173
3970 -7463
8885 6183
1678 5912
-7562 -9667
-9051 7906
8635 -2200
-2144 224
3599 2321
3828 6084
8141 -7721
5476 3757
6598 9790
4667 7021
-5003 2452
-3619 -1915
412 5346
4295 -4457
-301 2276
-2781 -7537
-4891 987
3325 -9904
7003 3463
9390 9477
-4212 2734
-2464 -6174
-5230 1923
-190 -4943
3810 -9809
-9760 -1903
-398 1459
-6401 1646
-454 6272
9761 -3504
-9724 9626
6658 -9774
-9829 9032
-3069 -1852
4466 -1368
-1968 2128
7072 -385
-2988 -8878
-804 1885
-9110 -5479
-2047 -1607
-9443 6525
-2841 7119
-8954 -8296
-3489 1400
4311 8258
-9111 7563
-6415 9252
-1384 3944
9727 -8960
-8981 -9279
-8569 -2144
-7520 8686
-1578 7953
-7495 3789
-3412 4362
-7571 7519
-7305 -7815
8612 6060
-8188 1970
-3072 7452
6316 2957
-2663 6165
2025 5533
-1225 -9509
4695 6648
4645 -6739
2101 492
-3358 -5928
-9692 3017
-9912 -7821
-7474 -9580
4390 -1427
9210 6395
-2743 -988
-1457 -5623
-9606 3651
6521 8637
4906 -4853
-2941 -3270
3262 7481
-2925 -8351
-3695 -6640
-4204 -4315
-5257 -2852
9814 9620
7186 5128
-2319 -91
-6663 -3784
-9731 3539
-5823 6524
-8179 -6174
-9819 3604
-8389 3655
737 -8137
-1470 1121
-4620 2531
1486 -2001
-3845 -1033
3863 4739
9317 9011
6276 -3090
1783 6723
-3125 3094
-4408 1427
2459 8129
574 -613
-3928 -7250
-3961 6993
-9986 -1775
9485 6523
-4539 -4484
3566 9394
9253 -8634
-5894 2681
-4007 -2342
-36 -4765
-3689 -7511
1956 -5368
4282 -8179
-853 -8927
186 1094
7913 8086
2930 -9878
4821 3444
-377 -6000
8703 9258
7310 793
376 2873
-6105 8082
-5051 -5034
-4038 2327
2129 1084
-1736 -7236
-3643 7424
9275 -3535
9827 5190
-5572 650
2755 5323
392 49
25 -5628
891 -5333
1002 9097
2985 -8053
9442 -6024
-3847 -1998
9298 8646
989 8465
-7740 4203
-1020 9141
-8680 7478
-5241 6052
2219 9129
1124 -8291
8243 -6817
8280 3290
4335 6624
2268 3499
-7976 -286
755 -8517
-9820 -8082
-1468 5812
-4709 1605
-6939 4056
9858 -3901
4067 1285
-7783 -840
-189 -5558
-483 -5441
-4965 1446
9677 6338
-6644 -3918
-7412 8452
7569 4983
-5343 8310
6751 7180
4334 -5369
-9830 -9959
-4866 -1297
4742 329
-2798 8760
9487 -5808
4925 -1766
8248 -9909
9870 -2146
5620 -6178
-303 4918
2503 3944
-3204 1274
1257 7649
-7595 1360
2989 -8081
-7116 700
6932 993
-708 9491
1968 5458
7728 7121
913 4557
-467 -7474
-3149 998
-8085 7104
243 -8842
4792 -9382
7740 -6669
-5972 -4105
-7850 -8204
2711 -2549
-1549 -1982
7812 -6439
-8219 -2743
-281 8064
-8233 -4533
3201 1358
9648 7280
-3686 2356
469 4979
4062 -313
-6712 13
-7123 -4896
3369 4917
-277 -3292
5494 6064
3145 -384
7777 -2283
4875 -3022
8964 -5805
-18 -2999
5095 2347
-6800 -275
7117 -7990
3709 5753
-9845 -3345
-1647 8339
644 4745
4600 3214
-2777 7716
-614 -6344
-6842 8374
-5288 3877
-4132 -4797
9933 8485
-2491 -7681
-1287 -7104
3732 2299
-423 -2813
-8187 7095
8590 1791
-7100 -8197
1819 -608
3170 2083
4971 8527
8603 2765
9391 -4058
4896 -4173
-3224 3162
8739 -8069
865 -9469
-9447 -9445
-2449 -3553
-214 8979
3269 8646
1409 998
3083 -1338
-141 3984
5735 -7761
-4386 1297
2162 -9933
-5359 -9144
9319 2509
1610 1468
2987 480
5531 4854
8509 -9253
-3345 2033
-1645 -5034
348 2616
-8039 7052
4820 4996
-5672 4186
-2049 3544
-2190 -7037
6995 3201
-7523 -9596
-5574 288
5245 -7109
-3818 1588
-4008 -9808
-9809 7154
702 6450
1156 2394
-1133 5271
7095 -2760
-4942 5961
-2926 -2396
8606 -4438
-7021 -3430
3566 -8770
-8241 4267
8072 8908
-4107 -5615
-4346 5104
-9980 1665
-5874 9083
5188 2821
-2485 5440
-8617 162
6133 9506
-8422 4171
323 9578
1994 -9736
8900 -6817
-6658 4957
-2185 9965
9993 -5212
2579 -9314
8806 2156
3115 -4997
-2316 -8024
-6043 -7500
-6655 -840
-5741 -7642
811 7552
-3382 3789
-619 839
1972 8492
-1845 840
4350 -7897
5028 8413
6136 4342
3244 3883
-9891 -86
-7109 -403
2360 -2634
-9221 3188
-5017 -3156
-7165 7994
-5401 -198
1082 -6440
-4054 -5835
1864 9738
-550 -5169
9046 -6796
2440 4649
870 5053
5492 2313
-8594 8129
4836 -4610
4476 -5397
-7035 -3258
-1426 7220
3686 4201
-9853 -3511
-8538 -2722
-6287 7106
-4713 -8568
-4027 9271
-1144 8185
-1397 5577
3579 3881
2209 -1914
-7961 3090
-8310 -5060
1716 -7578
213 8639
3531 -7354
4915 1985
-1312 4915
2661 1225
3263 -181
-2467 4312
-9205 -2231
-4186 3738
-4034 3721
-4649 4346
977 1866
8527 -8581
-6353 -2450
-7800 -6114
1864 1553
5866 -8037
-5163 1930
341 2758
44 -2028
-9534 9526
1827 4104
2614 2696
6368 4641
-1510 5527
-1065 103
6134 5537
7791 3589
427 7405
-721 2918
-2441 6345
-3747 -9505
-4475 1504
-5919 -6192
8079 4446
-4453 510
5866 6665
9043 -2225
9199 -5574
-6660 -6600
5216 6100
1928 -8472
-4841 -9690
4228 -4235
4914 1646
-3512 -6242
4823 3983
8727 -8271
7759 -5977
-5121 -7540
1535 -4633
