3708
556
243
613
130
643
177
538
868
510
446
557
814
251
858
59
394
792
9
705
178
195
1
595
637
129
907
269
401
193
549
926
255
986
641
607
760
960
455
115
589
74
19
491
268
502
144
369
795
228
448
28
225
609
684
355
109
751
695
61
25
65
188
854
575
912
394
277
662
867
106
226
699
33
800
615
511
270
294
874
500
66
81
796
266
315
762
442
660
1000
406
67
754
301
634
785
1000
798
760
933
885
81
879
397
977
603
655
972
154
318
722
516
534
410
9
945
23
585
402
572
740
92
786
544
181
401
1000
850
490
507
955
225
379
988
637
904
859
558
239
480
765
762
401
841
616
675
240
199
571
254
16
203
454
898
727
799
235
660
801
685
75
365
434
294
39
418
209
965
156
786
880
285
805
503
459
531
566
614
327
63
510
970
397
110
124
547
557
218
291
13
665
144
422
595
422
122
20
139
357
973
6
694
819
870
244
614
755
350
507
776
168
703
806
594
710
194
729
167
118
271
103
925
902
332
56
939
270
921
357
552
474
482
522
887
709
89
1000
520
216
602
286
379
32
276
220
31
488
440
120
925
339
725
705
446
358
491
865
221
539
232
683
421
769
385
102
131
679
796
75
720
390
362
564
860
383
281
686
435
252
965
732
165
774
42
476
482
998
572
280
679
117
140
716
115
369
876
258
979
457
670
183
675
955
123
810
730
651
93
730
985
65
495
974
939
695
427
981
40
240
579
829
423
488
613
195
699
939
660
88
363
101
463
25
587
743
269
781
311
127
249
139
749
142
690
454
103
471
566
910
267
793
639
396
640
598
690
920
306
745
694
46
172
701
627
142
174
912
427
229
981
56
975
594
955
750
235
707
49
457
488
24
792
319
978
875
383
266
914
438
826
883
626
712
998
183
248
447
386
235
212
215
706
909
225
948
873
152
737
984
978
962
21
890
180
90
510
333
734
539
890
23
699
313
634
365
566
376
207
234
4
223
705
777
988
410
501
723
318
41
693
85
399
969
298
659
427
106
249
562
389
752
564
978
128
131
715
956
127
401
883
719
402
416
433
469
35
791
342
6
908
776
539
701
884
751
722
410
309
633
881
533
685
512
303
926
368
313
722
314
791
250
694
749
698
997
222
139
871
465
758
495
957
582
193
655
456
837
327
457
907
862
233
27
994
392
6
72
442
873
1000
55
673
444
2
546
318
664
135
659
884
68
774
33
835
991
997
647
368
161
370
710
62
705
691
56
599
371
121
187
195
645
618
947
886
150
639
796
598
842
285
999
437
387
591
966
687
916
406
593
655
499
172
906
509
448
283
651
962
451
855
550
448
546
878
859
209
36
600
679
762
963
252
964
633
383
844
624
430
749
403
926
83
986
395
28
786
603
915
572
285
741
845
723
975
544
285
908
813
464
900
746
709
716
633
713
410
272
617
980
280
761
28
95
865
642
421
377
135
471
539
747
830
223
591
589
559
309
868
805
137
392
436
904
855
778
74
619
711
146
504
569
92
833
168
392
825
83
296
141
486
652
427
600
702
423
396
84
660
648
281
498
974
962
978
618
869
804
952
693
296
421
52
818
342
693
939
723
717
724
602
968
466
408
367
45
960
766
828
277
530
801
910
87
285
758
573
126
690
881
279
960
153
307
566
699
655
59
718
183
132
686
469
54
241
257
863
687
279
734
698
503
126
367
817
507
494
944
408
509
758
748
642
121
481
331
462
251
844
222
239
672
177
727
764
561
12
530
865
476
144
381
33
822
553
106
172
737
57
942
868
85
813
838
980
747
811
197
891
802
189
433
932
357
733
458
450
858
524
406
776
55
909
784
927
273
771
616
688
47
179
796
861
927
859
672
903
990
738
571
27
392
691
408
156
684
426
643
900
679
72
760
941
301
256
459
485
690
809
300
409
247
456
992
88
102
365
592
526
615
580
980
327
543
346
49
740
327
575
246
810
252
612
443
776
918
310
65
965
925
310
417
666
556
576
277
535
947
705
221
236
817
320
904
935
318
822
586
320
610
8
364
256
124
409
182
578
86
716
394
952
507
815
239
308
289
716
148
713
910
424
559
514
569
563
874
900
323
869
816
866
218
333
862
498
108
949
480
224
253
558
197
114
979
97
734
818
977
342
754
260
599
529
596
499
251
111
781
739
176
910
368
345
646
428
380
840
239
399
545
58
954
413
413
146
415
937
175
95
52
373
340
346
561
584
3
872
412
543
698
548
217
512
396
196
538
673
394
600
372
346
884
496
770
89
173
4
5
4
862
135
940
209
385
217
419
807
127
262
30
272
217
461
183
990
763
742
366
195
479
674
940
301
756
429
132
82
703
311
978
23
881
203
214
1
85
599
996
364
416
379
310
324
546
579
844
761
198
374
643
927
207
20
61
704
837
768
711
364
988
180
639
839
771
444
244
619
607
160
779
864
901
240
534
938
437
658
779
320
338
703
427
478
14
536
897
178
521
801
340
980
86
866
945
637
881
653
11
317
24
943
641
362
364
920
838
337
550
372
288
201
260
513
720
954
823
150
343
854
60
734
708
476
588
816
143
70
736
622
877
289
37
438
634
339
270
365
866
850
499
881
84
450
277
200
943
604
133
36
299
223
93
76
139
588
993
876
848
910
531
604
515
489
896
91
800
606
631
554
657
732
558
395
433
115
391
931
719
159
490
489
765
143
465
85
988
872
622
42
925
950
538
271
591
814
240
189
238
156
962
371
406
222
974
268
56
176
439
53
360
546
285
329
50
671
592
980
821
866
847
360
311
859
769
275
833
680
585
362
383
594
459
781
321
521
460
956
740
447
540
530
402
543
62
847
650
158
449
907
671
366
169
232
688
409
427
374
699
915
703
38
322
674
565
810
258
415
779
179
448
869
840
50
791
547
428
409
690
990
799
553
650
832
942
858
843
937
291
736
129
122
58
989
615
583
520
158
811
755
169
294
41
577
992
520
492
866
33
11
108
942
756
611
446
208
691
109
128
288
77
910
849
438
729
578
16
694
314
900
946
544
781
233
516
297
153
99
965
438
342
439
709
302
657
308
210
434
1000
399
893
984
963
325
684
545
243
462
574
203
490
208
187
636
380
351
340
460
630
579
661
153
903
188
758
607
649
868
240
343
47
682
927
780
865
362
235
338
514
79
451
505
799
752
973
803
610
252
722
430
912
777
804
11
103
543
602
220
394
60
28
593
912
613
321
945
921
821
152
176
618
256
734
948
771
35
145
130
346
460
730
761
935
632
578
828
201
544
624
344
790
393
232
763
899
15
780
745
60
116
1
936
949
159
786
346
930
976
828
595
54
171
360
515
518
145
332
771
449
149
139
968
672
418
687
727
499
930
664
322
586
593
447
838
329
811
370
581
899
579
698
604
89
359
768
25
561
8
844
327
294
798
322
559
406
544
394
808
768
359
10
627
858
66
251
791
296
715
375
135
923
544
337
649
767
136
610
396
333
648
493
639
115
769
440
392
670
445
216
305
840
851
628
156
746
451
762
95
127
816
821
899
797
447
536
719
363
847
288
421
335
652
833
349
149
398
406
988
658
833
912
795
875
627
562
395
22
4
805
887
473
976
395
36
779
85
794
822
61
995
631
135
443
393
310
838
217
29
328
600
44
775
766
234
779
2
311
574
927
935
441
462
635
852
260
110
707
885
102
4
720
653
105
261
306
635
303
655
628
356
246
108
281
65
867
215
483
694
870
753
738
830
314
150
804
232
536
777
812
914
198
970
416
547
173
766
209
947
822
763
32
853
215
120
707
766
764
685
189
111
471
89
566
265
275
683
159
849
64
610
794
89
575
20
158
593
718
369
851
964
327
573
746
892
434
133
866
809
103
76
482
732
477
945
980
633
262
368
98
201
224
1
48
403
708
374
85
631
963
349
626
339
337
970
213
913
486
110
855
398
880
931
641
55
75
388
150
342
328
388
9
792
770
207
667
947
918
345
636
719
280
796
832
158
208
266
184
856
146
198
8
693
864
35
102
560
92
268
726
638
880
599
411
704
348
982
11
96
773
215
706
245
567
534
178
404
393
54
835
660
518
935
634
824
359
906
911
375
538
563
165
424
791
849
803
925
422
630
816
383
43
622
923
263
983
846
743
398
21
17
19
78
180
597
427
714
421
11
861
715
7
694
598
880
11
161
16
843
988
991
171
843
323
436
39
30
771
98
955
766
554
80
92
701
306
905
52
661
162
542
321
399
859
582
293
283
653
519
634
732
563
538
452
227
2
568
885
548
638
220
275
348
632
969
879
441
905
918
737
654
750
375
716
423
265
783
678
814
264
543
918
790
23
554
701
286
782
179
678
653
200
873
267
979
175
53
737
948
182
857
595
277
315
924
290
264
68
191
764
27
506
208
316
716
200
886
573
532
860
706
930
640
169
826
265
450
302
292
7
911
702
23
178
313
457
529
844
739
911
562
939
630
635
649
675
980
73
746
337
756
544
572
811
176
364
902
904
224
202
843
328
873
601
762
60
927
229
548
621
468
370
977
747
584
399
133
490
19
994
173
459
435
10
315
608
540
34
525
653
692
704
762
624
882
398
460
336
204
517
819
507
593
381
526
825
222
420
534
357
894
230
624
931
323
909
496
280
271
673
950
712
733
361
415
612
728
162
878
534
432
139
167
57
970
994
145
260
355
184
741
333
415
214
610
804
859
1
938
501
216
969
393
504
763
776
633
917
160
635
642
310
648
724
705
790
201
8
358
390
691
282
680
494
462
372
699
983
201
76
170
971
318
537
105
914
329
696
510
332
846
872
747
381
998
96
71
827
865
969
553
441
68
699
883
936
866
980
325
191
279
44
716
443
95
613
152
639
723
925
559
798
729
668
961
536
350
146
163
129
76
30
896
345
813
720
276
892
996
804
717
479
112
801
716
252
744
344
814
595
507
986
551
45
75
538
299
487
927
578
683
755
904
334
64
897
827
829
725
968
616
362
348
652
391
989
364
94
680
601
277
403
899
486
304
784
627
579
366
998
800
207
247
977
699
471
501
377
3
698
253
439
46
968
559
486
570
411
624
999
641
790
317
184
725
516
65
639
781
527
421
917
730
375
344
203
83
433
34
733
493
421
738
689
860
283
862
252
521
499
138
496
601
40
176
740
403
843
894
915
50
10
225
834
342
393
161
795
331
532
834
153
513
466
420
5
306
148
772
683
226
836
105
112
970
780
908
19
607
42
489
687
816
468
22
273
511
936
454
966
542
827
590
313
522
591
886
375
483
576
191
599
232
502
534
575
460
830
486
304
420
23
735
605
179
459
599
1000
903
763
446
46
342
846
601
655
44
880
510
157
748
496
489
489
870
741
856
472
160
534
715
145
800
931
209
508
566
64
160
219
777
699
149
536
822
36
661
844
855
380
951
886
973
894
18
925
972
312
715
627
147
282
419
758
590
487
172
238
173
372
918
446
908
572
724
755
583
303
385
734
899
24
247
842
376
830
809
925
459
997
851
325
576
703
558
492
574
643
224
164
756
699
198
857
782
28
981
773
752
300
619
870
369
101
495
878
817
825
303
848
204
214
285
256
334
784
25
171
248
874
647
339
94
938
518
304
367
606
489
25
36
933
781
779
697
783
776
806
2
2
91
984
893
928
326
405
644
663
524
881
524
155
649
380
602
264
437
203
139
740
703
88
681
159
877
191
944
905
238
566
941
585
812
756
897
861
908
809
558
314
787
920
609
705
115
713
171
251
538
741
736
759
313
655
983
705
899
555
976
476
223
28
88
207
765
331
117
753
479
897
236
172
274
506
993
39
792
588
875
967
138
635
109
164
886
371
641
441
522
508
378
659
620
579
452
770
687
602
430
710
589
354
592
385
629
761
534
177
255
41
303
323
634
67
152
391
591
181
57
823
760
600
88
806
412
540
738
364
961
112
30
998
135
146
742
743
210
220
733
68
72
18
940
331
988
875
625
667
427
50
322
987
44
323
44
508
157
41
542
870
779
358
524
791
816
965
45
265
270
702
138
876
639
968
527
96
874
558
451
567
242
797
734
315
238
770
805
724
490
53
798
335
926
440
42
425
658
605
523
452
601
673
522
310
977
800
833
321
494
987
711
129
911
643
789
713
292
864
475
510
52
865
542
611
193
860
592
175
344
454
152
543
456
190
431
751
853
586
563
207
468
426
280
110
726
282
141
78
21
226
722
146
732
846
971
706
20
966
571
733
732
514
646
856
766
274
414
526
485
37
372
676
646
197
397
706
409
270
409
903
570
903
405
444
669
384
929
392
542
397
284
78
958
778
427
413
618
314
220
162
353
395
853
479
94
854
368
454
918
177
133
94
710
1000
90
156
719
87
720
656
400
605
874
185
60
538
921
267
362
159
824
861
448
896
462
288
376
123
76
419
286
58
966
160
926
139
320
719
334
583
184
358
777
117
101
154
196
842
307
124
841
945
795
338
763
229
104
363
455
64
97
392
812
911
171
618
746
809
946
755
126
106
488
252
711
162
749
445
205
780
210
89
892
879
997
265
901
632
362
293
526
741
310
647
832
178
566
977
31
771
355
547
810
663
567
10
922
2
453
261
273
351
243
626
248
584
934
391
426
499
783
630
486
279
985
801
800
663
32
191
176
944
917
950
224
487
684
716
722
746
139
404
1
339
244
796
64
407
879
491
316
794
177
20
850
868
979
999
272
369
924
880
522
643
90
149
339
659
250
52
666
232
412
889
736
846
798
834
527
624
1
77
445
998
606
766
245
878
304
129
974
968
983
102
270
887
742
882
224
660
233
95
336
481
75
608
788
721
100
87
106
781
588
390
656
614
552
740
623
293
265
967
281
763
169
819
872
543
133
582
817
443
782
695
682
339
396
75
983
869
32
876
230
496
997
867
607
64
397
504
655
373
209
134
441
868
538
782
922
214
637
517
288
641
356
558
639
290
494
899
896
915
329
680
655
30
419
272
418
191
857
398
893
979
814
993
459
531
949
281
784
365
206
259
651
483
278
649
500
959
4
33
915
226
51
681
10
518
406
703
171
25
890
523
943
570
567
463
405
694
766
705
73
355
625
4
818
258
246
432
292
687
363
739
410
483
628
913
153
762
598
255
417
183
250
682
869
909
87
516
177
60
157
777
827
534
413
503
123
927
824
452
732
638
255
668
947
631
324
828
317
764
563
278
610
588
881
155
473
862
144
948
270
170
916
952
532
750
171
275
926
328
569
934
583
585
557
615
617
702
931
637
269
746
711
262
963
380
363
198
707
949
670
322
580
104
789
263
202
288
520
513
433
303
286
987
525
343
50
3
986
157
736
796
283
568
579
672
53
753
487
880
123
778
135
111
617
409
652
50
385
400
387
313
674
127
875
531
547
830
766
823
661
736
639
438
377
327
708
619
765
296
658
828
649
83
628
496
556
766
768
70
78
853
51
362
190
308
220
521
21
600
732
827
578
153
670
74
785
148
887
558
978
716
536
944
75
141
841
550
60
773
982
391
100
745
276
377
350
579
1
855
584
750
970
680
758
835
952
225
797
586
844
815
491
150
361
529
45
519
472
86
69
994
314
657
324
941
197
521
143
904
181
556
551
407
793
844
757
159
754
761
720
18
142
246
79
198
544
728
908
535
987
735
79
177
850
649
62
174
242
642
639
618
229
676
256
669
151
812
138
51
253
520
17
803
103
226
509
967
805
398
366
101
616
482
127
465
369
969
7
140
916
320
687
328
763
733
64
325
791
943
585
187
685
355
293
253
133
691
231
586
673
650
958
724
771
927
821
802
156
244
7
47
968
175
43
775
316
640
108
867
70
900
405
751
802
271
185
477
128
711
27
217
842
804
382
427
230
574
870
389
522
288
656
986
100
136
138
380
233
765
883
286
115
890
366
614
238
78
538
703
622
433
947
531
503
906
50
955
736
685
9
716
590
185
519
940
738
254
865
916
377
735
163
489
7
479
741
526
960
972
78
323
423
696
808
454
256
386
747
612
702
578
938
515
170
301
870
804
922
368
400
401
280
812
506
573
623
518
553
372
65
270
402
722
98
11
231
768
264
335
395
961
714
693
157
740
629
936
410
214
350
565
381
977
342
585
641
244
86
172
581
381
878
594
755
337
806
51
833
323
408
916
407
613
619
299
803
777
480
367
504
874
294
726
183
889
977
431
150
198
716
101
126
401
93
811
531
413
765
820
233
920
107
944
427
402
278
704
943
400
240
483
440
797
586
152
80
740
736
400
466
10
305
8
526
201
343
402
169
813
254
96
660
214
218
360
374
611
652
144
622
66
410
844
770
178
14
186
313
67
910
285
140
590
563
840
848
236
973
18
30
401
407
28
814
630
708
543
150
531
478
317
246
246
795
544
292
198
575
486
437
208
540
361
62
106
378
443
755
94
956
387
361
283
834
556
561
539
613
480
