1508
233
979
345
679
877
735
331
202
648
67
613
762
159
714
510
445
487
47
561
476
280
477
497
742
576
314
605
734
517
660
977
682
314
797
374
790
633
897
261
693
95
778
786
172
856
978
142
340
598
731
414
348
392
210
794
974
685
437
473
167
315
34
10
215
456
919
943
723
609
992
186
791
875
203
559
655
378
866
672
436
840
68
114
810
194
129
951
925
268
264
28
800
532
814
997
129
799
977
592
41
208
532
549
331
908
575
785
143
686
815
271
429
239
248
476
327
843
834
634
586
105
824
30
537
490
603
365
836
913
236
324
314
960
955
673
31
517
611
569
715
391
617
931
471
17
239
227
20
300
447
314
909
746
999
589
474
812
857
893
913
892
313
586
560
373
224
266
860
889
106
783
899
321
128
944
386
754
146
237
126
101
688
840
707
771
62
483
462
893
457
566
276
741
773
362
693
870
591
480
702
471
230
406
385
190
705
532
744
615
122
159
57
910
699
764
588
918
775
288
119
574
12
605
804
285
780
176
939
210
999
93
495
811
450
816
499
344
294
137
662
719
749
87
424
343
788
685
476
676
415
481
980
250
770
397
903
231
227
298
666
660
399
766
591
438
174
920
77
947
785
627
703
895
94
614
591
58
35
331
244
495
852
389
354
72
485
570
859
369
460
545
490
786
547
102
244
928
652
291
403
814
788
818
336
976
26
965
932
771
800
29
918
941
491
600
540
80
573
906
545
916
89
260
545
52
483
266
485
842
46
672
531
316
647
152
893
936
779
635
412
305
364
812
430
174
495
257
899
91
721
269
432
130
30
846
837
88
293
604
967
86
697
319
261
645
70
277
376
413
168
77
164
150
698
861
237
419
384
445
57
28
504
889
926
893
148
163
994
207
589
780
610
678
398
811
565
630
567
294
338
857
605
636
324
735
70
100
75
642
889
161
358
187
230
271
777
542
505
502
78
180
736
901
114
645
563
787
183
435
705
83
117
632
836
289
451
484
328
770
900
114
993
306
587
754
494
335
481
563
799
985
635
172
171
791
600
722
949
823
143
529
322
862
704
196
477
715
285
998
109
186
136
5
647
367
127
820
179
675
486
15
726
180
264
187
186
552
556
192
764
612
613
694
45
332
78
948
105
987
665
397
675
140
609
566
523
932
527
867
31
872
620
775
96
877
954
562
127
563
387
374
612
753
240
449
574
337
189
232
505
370
653
60
672
519
697
149
764
181
245
314
229
379
549
227
360
71
405
927
422
662
9
348
134
745
683
69
843
768
402
178
125
744
885
978
567
743
816
273
132
893
697
225
297
182
7
353
575
561
741
106
62
375
276
31
791
459
855
653
442
561
566
995
645
845
595
66
833
809
143
139
824
704
631
614
917
341
304
283
916
935
393
15
470
514
217
719
101
22
825
62
349
71
719
101
925
777
824
290
843
769
678
3
655
558
625
334
865
685
693
528
804
920
921
80
783
596
441
446
841
608
770
118
45
740
464
237
455
985
315
488
324
344
41
648
356
569
882
573
459
230
689
645
285
862
510
534
320
740
437
104
399
264
524
805
212
344
752
239
955
636
12
601
512
243
109
366
314
873
76
694
315
456
554
759
913
777
162
669
12
973
762
456
70
271
616
685
44
121
857
190
778
416
708
868
800
189
157
932
74
672
979
686
326
192
649
399
682
977
234
203
941
789
910
201
310
425
537
616
352
831
293
904
263
151
836
454
687
998
995
930
119
230
558
428
657
710
602
149
154
774
26
575
295
743
209
817
159
612
867
406
377
606
858
511
634
592
708
27
118
296
601
802
880
710
905
446
709
606
640
278
595
348
143
194
555
215
183
617
815
470
222
761
384
721
670
349
955
716
432
923
128
157
574
435
571
779
468
157
863
538
245
594
698
267
748
664
556
61
407
385
813
616
137
708
440
980
858
434
533
58
46
117
206
58
325
962
132
24
368
907
825
837
946
845
454
231
370
76
628
984
588
756
515
118
77
933
420
430
903
500
345
12
230
962
266
48
448
866
293
576
743
96
412
585
252
75
376
346
902
760
953
431
166
375
772
409
720
80
559
965
332
658
933
197
794
899
812
308
262
587
286
299
751
742
668
91
590
297
469
711
566
533
202
330
769
882
677
823
983
256
427
763
498
573
112
275
898
365
866
279
238
600
364
871
583
767
603
162
419
280
970
497
340
16
979
563
875
285
307
613
337
161
745
226
117
547
147
834
271
320
898
150
50
956
584
760
718
140
807
287
130
385
445
755
548
100
37
68
553
50
932
847
567
311
688
665
833
106
94
45
438
210
656
737
453
313
864
688
14
81
812
332
711
408
945
665
66
514
204
417
454
61
86
376
233
235
122
16
533
7
11
858
800
255
167
679
446
877
894
493
841
857
757
351
105
314
804
57
306
41
965
241
562
374
124
984
328
791
226
422
599
79
855
614
228
127
411
426
34
164
790
285
322
762
795
253
519
904
122
703
613
94
405
530
307
564
576
893
170
737
441
274
65
251
269
131
266
851
479
954
791
821
474
126
687
483
25
157
593
802
370
378
544
45
223
704
502
567
356
293
471
992
974
11
299
901
555
674
767
793
224
580
868
395
880
756
483
488
629
920
239
291
928
355
891
881
896
374
626
285
657
175
201
422
622
153
800
507
24
263
574
689
4
958
983
701
818
330
329
408
614
195
831
93
594
150
664
977
502
351
999
368
637
700
436
819
340
205
443
93
908
298
951
643
927
229
398
588
708
211
683
600
625
442
108
580
523
776
176
179
690
778
215
788
854
518
674
671
101
860
76
854
108
141
97
491
787
675
123
966
6
489
157
257
446
551
475
801
57
956
838
10
616
805
690
990
887
210
810
378
644
529
865
105
727
474
805
379
538
178
156
17
300
283
381
355
483
24
738
493
606
233
373
299
224
294
201
577
446
703
17
802
20
646
879
212
332
435
494
949
457
271
867
494
601
295
4
531
113
318
394
458
491
103
719
805
939
118
75
996
921
93
393
638
65
387
256
33
752
955
881
918
845
838
750
866
899
846
199
508
968
168
739
153
626
808
434
747
40
251
804
449
260
462
283
10
921
599
897
711
318
691
371
726
946
554
497
272
322
201
511
836
687
970
864
518
944
461
829
142
813
680
815
512
27
385
664
931
671
587
48
868
525
593
282
562
821
980
852
943
509
208
657
13
646
973
618
523
180
877
753
136
254
373
196
884
341
41
216
197
396
740
781
613
576
776
410
990
569
652
999
18
154
21
561
980
837
864
463
483
172
328
436
790
893
188
624
816
154
23
127
801
452
656
681
315
484
970
563
274
21
877
426
516
694
64
160
663
740
150
319
107
968
325
429
537
915
986
658
531
933
314
329
819
328
315
670
41
434
870
699
905
778
809
545
994
675
73
355
638
625
239
253
481
549
44
344
