1637
96
31
44
83
24
10
87
8
84
9
64
51
76
44
69
33
66
17
44
87
6
6
62
34
85
35
2
96
90
12
36
23
18
55
16
54
75
68
20
94
50
20
59
66
49
97
46
89
90
14
95
23
42
21
68
53
99
43
62
21
78
2
63
79
28
70
87
54
12
94
78
89
80
22
98
95
50
51
16
10
72
60
99
47
70
60
24
97
66
70
55
3
42
43
25
6
78
20
49
30
66
93
50
4
11
29
11
27
56
95
8
33
9
25
3
89
83
90
3
55
43
69
61
39
47
25
40
46
45
35
47
90
81
94
22
45
73
52
80
80
68
37
94
27
97
96
14
9
57
70
84
21
85
46
38
75
9
43
44
92
78
54
67
21
68
17
71
56
74
64
84
2
74
18
60
61
49
95
85
9
60
81
44
2
42
65
91
37
33
1
97
14
25
72
61
41
99
8
77
34
15
14
45
6
72
44
65
41
52
35
97
19
66
95
28
64
50
25
92
82
98
1
97
42
88
27
83
28
35
36
36
88
28
51
91
64
75
12
69
44
81
17
59
6
52
77
3
97
72
38
38
81
20
6
37
88
11
40
20
79
64
93
21
48
26
1
85
84
96
97
93
49
9
24
60
81
45
53
14
100
51
54
20
37
33
75
67
10
64
48
18
14
38
82
81
30
24
51
39
81
82
82
63
65
40
90
56
18
80
8
94
100
9
37
31
42
69
28
96
26
93
47
79
26
56
90
70
79
98
66
15
74
57
4
89
39
12
87
50
13
92
26
91
62
10
2
27
79
67
68
29
65
28
91
66
15
46
96
40
79
52
76
31
20
6
32
44
80
85
41
66
20
81
97
88
40
4
87
13
45
53
21
95
50
4
44
71
80
98
67
44
15
73
43
12
30
18
83
48
33
35
84
54
53
28
19
24
95
85
85
7
37
21
61
43
74
79
82
1
9
80
67
24
31
14
19
41
12
30
59
2
38
47
51
17
89
76
19
20
55
66
74
90
80
90
10
84
74
53
69
38
33
23
58
93
91
73
89
6
40
65
85
21
90
98
65
4
100
44
68
36
41
78
62
17
82
29
42
88
75
78
36
46
3
20
37
64
78
25
51
54
62
12
94
76
26
94
32
48
59
8
41
26
64
97
29
97
8
36
93
70
69
66
53
24
62
96
55
87
73
57
66
48
71
71
75
59
34
87
58
80
54
64
19
62
58
97
87
10
36
88
83
18
88
48
89
69
89
62
47
41
72
54
92
31
87
57
66
23
69
13
82
97
14
2
88
35
35
100
30
15
63
34
63
81
62
58
31
88
79
30
67
78
97
57
65
81
5
38
15
11
4
68
16
30
77
37
35
100
46
64
32
77
17
49
97
20
31
78
85
2
89
13
49
91
73
49
28
87
32
4
9
49
42
20
78
97
19
39
100
16
89
46
69
26
97
32
24
39
10
93
46
99
90
22
23
48
13
55
97
3
80
42
37
21
96
86
97
68
84
58
84
13
58
40
33
53
62
37
68
85
30
58
83
42
59
80
95
98
26
46
19
33
38
85
73
14
28
73
31
64
79
83
32
44
23
70
49
57
44
74
89
48
80
28
21
100
70
21
89
93
46
68
88
69
42
89
32
51
80
58
39
91
90
46
95
40
76
99
40
79
6
100
98
74
49
97
100
63
99
97
62
2
59
92
33
74
35
52
40
22
51
24
25
50
50
83
92
62
78
88
57
32
89
71
34
87
29
49
99
24
14
94
72
92
26
97
7
48
76
34
81
49
89
26
100
17
29
31
64
5
31
17
77
95
11
94
88
6
9
22
61
64
25
22
71
22
61
49
45
33
53
68
88
19
1
77
28
98
54
16
3
72
46
14
89
9
45
52
61
53
77
53
34
55
86
71
16
53
11
86
11
87
57
72
42
58
55
65
1
31
66
14
11
38
63
31
38
74
14
32
8
98
94
89
69
67
42
14
95
40
27
88
89
77
88
50
24
17
54
39
27
89
55
93
94
80
31
69
54
83
17
57
43
39
16
9
20
60
45
72
99
93
26
49
40
26
32
92
62
85
10
92
20
25
97
82
60
65
37
23
56
34
22
36
31
3
16
1
98
22
22
1
71
28
57
3
44
92
88
82
92
52
44
3
32
98
49
31
38
94
4
17
16
43
29
33
79
53
85
1
58
43
4
100
96
17
74
22
34
77
87
65
66
42
53
16
3
40
54
80
81
32
35
71
39
76
51
56
13
65
49
54
62
99
26
5
76
82
71
52
76
63
68
43
58
30
32
41
59
19
34
54
36
58
98
100
85
45
20
10
29
24
66
34
42
20
72
29
69
49
28
60
96
90
37
52
21
5
16
71
23
85
59
95
90
79
8
69
11
91
11
38
49
8
54
100
75
68
88
1
73
37
89
56
47
50
35
96
92
23
43
21
95
45
65
54
87
58
38
52
75
11
25
34
40
70
64
3
84
77
34
22
55
97
53
35
14
52
86
25
69
67
61
78
30
14
60
25
75
3
11
48
77
52
28
75
2
87
99
62
49
58
86
70
51
16
27
42
42
65
75
90
72
19
76
66
89
82
24
68
39
94
58
17
19
80
12
13
20
90
80
54
75
25
62
97
44
40
52
54
32
77
51
11
37
20
48
17
13
18
38
83
92
28
39
52
19
63
73
89
93
67
70
78
24
32
47
5
77
22
50
63
54
25
66
19
94
65
29
26
22
70
90
69
61
52
21
38
95
8
78
74
41
90
17
74
100
55
3
2
55
44
56
66
38
39
75
98
42
34
22
30
6
68
64
72
36
44
50
98
74
13
90
53
63
93
21
49
99
35
44
84
78
37
11
68
33
95
52
100
68
54
55
15
50
85
91
46
20
70
44
66
98
17
46
82
35
70
16
86
1
35
100
83
2
60
12
6
11
69
2
20
35
74
23
83
75
30
80
51
72
3
15
49
91
55
95
36
16
93
10
29
39
87
73
89
55
45
46
63
66
95
30
35
31
51
35
84
95
84
59
21
100
61
15
100
87
20
67
84
80
43
61
10
9
82
67
19
68
40
68
97
64
61
40
4
89
56
62
51
21
11
59
87
12
18
60
93
56
40
57
93
14
49
4
91
76
42
99
75
10
76
41
68
100
11
100
77
25
14
10
94
94
43
73
1
89
69
30
31
69
45
13
95
46
6
33
80
57
98
96
7
29
53
81
6
95
52
89
97
15
45
38
77
70
75
66
51
13
88
72
53
86
9
92
82
46
2
68
45
62
75
51
20
61
54
90
7
52
19
59
83
35
6
35
16
72
73
27
71
80
96
77
83
20
91
73
56
13
12
18
71
41
89
61
26
99
76
20
31
30
21
48
82
85
27
81
6
75
5
66
37
18
78
23
35
11
67
59
54
77
35
16
5
36
75
18
75
19
91
20
47
60
95
58
47
19
23
38
100
49
85
80
84
14
84
82
13
8
25
27
77
42
88
10
100
55
46
53
7
82
13
75
95
36
27
6
50
9
64
69
83
13
72
30
62
81
61
97
37
92
68
45
95
77
77
10
21
11
48
82
12
99
77
80
49
3
82
92
76
19
86
28
95
45
62
49
25
62
55
33
64
90
59
15
54
6
58
53
79
81
62
73
45
78
9
19
23
38
61
62
32
61
81
50
33
99
43
37
99
83
77
58
73
17
82
84
85
6
59
9
40
51
55
96
57
