100
2 1
1 3
3 4
4 5
3 6
2 7
3 8
2 9
2 10
2 11
11 12
6 13
13 14
14 15
7 16
12 17
6 18
10 19
18 20
20 21
7 22
1 23
17 24
14 25
6 26
22 27
11 28
6 29
12 30
30 31
16 32
12 33
27 34
29 35
11 36
36 37
5 38
2 39
37 40
9 41
11 42
42 43
43 44
22 45
10 46
8 47
46 48
30 49
23 50
42 51
48 52
52 53
27 54
45 55
24 56
32 57
8 58
29 59
59 60
31 61
54 62
40 63
35 64
51 65
41 66
4 67
35 68
38 69
14 70
70 71
35 72
42 73
16 74
42 75
47 76
76 77
42 78
69 79
68 80
64 81
64 82
46 83
34 84
13 85
16 86
69 87
58 88
39 89
52 90
36 91
91 92
19 93
65 94
45 95
26 96
96 97
64 98
48 99
99 100
