1000
2 1
2 3
1 4
3 5
3 6
5 7
5 8
2 9
7 10
10 11
10 12
1 13
3 14
2 15
7 16
1 17
17 18
18 19
17 20
6 21
21 22
21 23
4 24
24 25
15 26
12 27
21 28
21 29
8 30
11 31
18 32
32 33
33 34
23 35
7 36
36 37
31 38
32 39
39 40
34 41
8 42
36 43
11 44
44 45
16 46
46 47
11 48
48 49
41 50
18 51
17 52
10 53
44 54
14 55
55 56
41 57
19 58
26 59
9 60
58 61
40 62
57 63
63 64
25 65
65 66
54 67
10 68
68 69
65 70
55 71
3 72
72 73
38 74
41 75
27 76
76 77
12 78
32 79
22 80
7 81
81 82
45 83
67 84
5 85
75 86
23 87
46 88
74 89
11 90
90 91
90 92
92 93
77 94
64 95
5 96
86 97
59 98
43 99
65 100
15 101
101 102
83 103
3 104
54 105
97 106
70 107
99 108
85 109
98 110
105 111
25 112
4 113
67 114
40 115
112 116
21 117
84 118
74 119
119 120
120 121
41 122
122 123
103 124
53 125
36 126
41 127
52 128
7 129
82 130
130 131
73 132
113 133
39 134
70 135
135 136
111 137
116 138
48 139
37 140
85 141
96 142
109 143
3 144
24 145
128 146
146 147
11 148
23 149
81 150
27 151
21 152
88 153
117 154
49 155
61 156
102 157
64 158
67 159
159 160
160 161
161 162
126 163
17 164
135 165
123 166
30 167
97 168
9 169
28 170
70 171
42 172
46 173
130 174
174 175
175 176
176 177
3 178
134 179
37 180
156 181
16 182
139 183
155 184
81 185
25 186
28 187
119 188
31 189
71 190
121 191
191 192
51 193
104 194
78 195
195 196
64 197
10 198
22 199
95 200
133 201
142 202
202 203
164 204
25 205
76 206
143 207
33 208
208 209
26 210
210 211
211 212
29 213
10 214
77 215
77 216
208 217
80 218
87 219
81 220
157 221
148 222
41 223
55 224
130 225
13 226
226 227
198 228
128 229
134 230
194 231
34 232
56 233
222 234
50 235
69 236
236 237
12 238
238 239
239 240
239 241
147 242
25 243
156 244
189 245
34 246
167 247
211 248
152 249
249 250
241 251
106 252
71 253
187 254
193 255
211 256
112 257
257 258
258 259
18 260
39 261
14 262
262 263
133 264
139 265
236 266
98 267
85 268
185 269
177 270
122 271
271 272
101 273
116 274
266 275
275 276
241 277
254 278
278 279
163 280
50 281
281 282
48 283
179 284
263 285
160 286
286 287
287 288
13 289
289 290
107 291
28 292
212 293
87 294
240 295
269 296
263 297
192 298
45 299
136 300
162 301
8 302
151 303
50 304
91 305
236 306
306 307
24 308
231 309
303 310
307 311
4 312
91 313
235 314
232 315
314 316
316 317
225 318
259 319
231 320
172 321
72 322
93 323
261 324
85 325
324 326
222 327
281 328
117 329
329 330
144 331
154 332
332 333
303 334
280 335
155 336
262 337
208 338
246 339
17 340
239 341
341 342
185 343
297 344
250 345
208 346
104 347
270 348
19 349
195 350
320 351
66 352
153 353
298 354
256 355
355 356
338 357
68 358
117 359
126 360
230 361
246 362
362 363
107 364
295 365
365 366
260 367
93 368
93 369
118 370
235 371
21 372
12 373
260 374
233 375
375 376
167 377
377 378
128 379
75 380
380 381
12 382
98 383
341 384
296 385
145 386
232 387
11 388
97 389
164 390
265 391
261 392
16 393
393 394
348 395
340 396
233 397
352 398
280 399
42 400
400 401
401 402
78 403
310 404
343 405
405 406
175 407
407 408
369 409
309 410
387 411
411 412
21 413
106 414
123 415
412 416
345 417
413 418
54 419
285 420
92 421
187 422
407 423
423 424
96 425
198 426
264 427
208 428
14 429
271 430
390 431
336 432
399 433
298 434
183 435
194 436
436 437
244 438
113 439
32 440
16 441
441 442
396 443
183 444
203 445
445 446
293 447
4 448
255 449
389 450
450 451
153 452
324 453
422 454
441 455
155 456
456 457
457 458
47 459
196 460
460 461
408 462
462 463
463 464
447 465
128 466
417 467
40 468
424 469
154 470
77 471
393 472
83 473
154 474
474 475
303 476
409 477
51 478
204 479
322 480
452 481
481 482
254 483
148 484
88 485
27 486
44 487
367 488
277 489
226 490
136 491
468 492
303 493
493 494
445 495
192 496
218 497
463 498
371 499
445 500
45 501
169 502
165 503
438 504
152 505
64 506
494 507
58 508
508 509
117 510
134 511
481 512
251 513
513 514
306 515
153 516
402 517
137 518
280 519
48 520
520 521
516 522
412 523
523 524
524 525
144 526
333 527
63 528
337 529
505 530
121 531
38 532
127 533
15 534
457 535
362 536
49 537
404 538
538 539
255 540
86 541
541 542
542 543
71 544
210 545
545 546
546 547
342 548
318 549
259 550
550 551
551 552
533 553
384 554
310 555
147 556
203 557
557 558
178 559
129 560
468 561
25 562
80 563
386 564
245 565
565 566
73 567
567 568
568 569
448 570
570 571
204 572
359 573
501 574
574 575
429 576
350 577
541 578
578 579
373 580
580 581
581 582
582 583
166 584
584 585
217 586
586 587
587 588
445 589
589 590
181 591
66 592
278 593
285 594
498 595
373 596
68 597
85 598
116 599
316 600
172 601
136 602
43 603
65 604
301 605
414 606
425 607
607 608
384 609
609 610
610 611
515 612
612 613
613 614
421 615
448 616
434 617
617 618
71 619
619 620
446 621
332 622
218 623
623 624
495 625
221 626
46 627
518 628
620 629
395 630
248 631
38 632
284 633
196 634
634 635
257 636
403 637
313 638
613 639
98 640
337 641
641 642
642 643
123 644
537 645
447 646
223 647
374 648
207 649
511 650
650 651
135 652
30 653
653 654
443 655
538 656
278 657
592 658
176 659
300 660
590 661
98 662
662 663
136 664
397 665
518 666
666 667
610 668
446 669
669 670
283 671
163 672
179 673
673 674
148 675
675 676
480 677
61 678
137 679
644 680
667 681
628 682
587 683
242 684
562 685
54 686
583 687
420 688
688 689
31 690
416 691
271 692
448 693
420 694
694 695
638 696
565 697
389 698
332 699
699 700
656 701
90 702
702 703
629 704
102 705
444 706
436 707
707 708
708 709
598 710
356 711
138 712
9 713
178 714
714 715
651 716
97 717
599 718
555 719
719 720
720 721
716 722
604 723
335 724
174 725
376 726
190 727
567 728
19 729
596 730
730 731
731 732
250 733
709 734
93 735
603 736
517 737
45 738
360 739
304 740
420 741
8 742
366 743
743 744
506 745
704 746
653 747
68 748
251 749
561 750
578 751
69 752
752 753
744 754
272 755
560 756
184 757
155 758
758 759
41 760
374 761
711 762
67 763
631 764
372 765
329 766
315 767
74 768
498 769
706 770
583 771
323 772
743 773
773 774
484 775
443 776
459 777
138 778
778 779
779 780
227 781
781 782
373 783
694 784
594 785
113 786
687 787
771 788
788 789
789 790
767 791
204 792
340 793
793 794
79 795
488 796
796 797
435 798
798 799
452 800
169 801
488 802
802 803
684 804
798 805
645 806
266 807
807 808
471 809
499 810
373 811
811 812
351 813
813 814
747 815
815 816
39 817
817 818
578 819
338 820
820 821
767 822
282 823
646 824
198 825
303 826
275 827
775 828
828 829
814 830
830 831
814 832
747 833
725 834
518 835
132 836
11 837
449 838
366 839
401 840
839 841
719 842
830 843
448 844
844 845
824 846
434 847
753 848
165 849
686 850
850 851
851 852
799 853
645 854
205 855
855 856
219 857
644 858
858 859
240 860
230 861
445 862
685 863
372 864
262 865
865 866
628 867
111 868
337 869
263 870
140 871
407 872
660 873
764 874
331 875
681 876
563 877
234 878
57 879
289 880
837 881
630 882
343 883
588 884
703 885
875 886
613 887
57 888
568 889
78 890
876 891
553 892
139 893
893 894
132 895
405 896
48 897
105 898
804 899
42 900
882 901
88 902
84 903
159 904
63 905
574 906
906 907
348 908
521 909
499 910
413 911
96 912
732 913
838 914
785 915
728 916
916 917
321 918
59 919
766 920
261 921
166 922
227 923
561 924
210 925
304 926
889 927
65 928
928 929
309 930
596 931
931 932
324 933
242 934
603 935
456 936
661 937
937 938
287 939
699 940
334 941
694 942
531 943
677 944
944 945
366 946
789 947
604 948
466 949
144 950
403 951
559 952
952 953
788 954
659 955
162 956
956 957
957 958
958 959
192 960
682 961
98 962
41 963
427 964
456 965
198 966
277 967
967 968
541 969
81 970
243 971
311 972
736 973
487 974
769 975
571 976
976 977
977 978
189 979
80 980
842 981
280 982
938 983
762 984
413 985
790 986
986 987
14 988
988 989
797 990
440 991
101 992
992 993
838 994
430 995
535 996
751 997
956 998
101 999
378 1000
