1000
2 1
2 3
3 4
4 5
5 6
6 7
7 8
6 9
9 10
10 11
11 12
2 13
13 14
8 15
15 16
16 17
4 18
18 19
19 20
20 21
21 22
22 23
23 24
24 25
16 26
10 27
27 28
17 29
18 30
30 31
31 32
32 33
33 34
14 35
10 36
22 37
37 38
38 39
29 40
40 41
41 42
5 43
14 44
5 45
45 46
46 47
47 48
14 49
38 50
50 51
51 52
52 53
45 54
54 55
37 56
53 57
57 58
58 59
59 60
60 61
61 62
62 63
63 64
21 65
10 66
21 67
67 68
68 69
69 70
70 71
71 72
72 73
73 74
58 75
75 76
76 77
77 78
78 79
79 80
33 81
81 82
40 83
83 84
84 85
85 86
64 87
12 88
39 89
22 90
77 91
91 92
92 93
93 94
94 95
95 96
96 97
97 98
71 99
99 100
100 101
101 102
83 103
103 104
104 105
45 106
106 107
107 108
108 109
75 110
110 111
49 112
34 113
20 114
67 115
115 116
75 117
117 118
118 119
119 120
120 121
121 122
122 123
123 124
124 125
82 126
126 127
119 128
128 129
129 130
111 131
131 132
132 133
79 134
134 135
135 136
136 137
137 138
138 139
139 140
140 141
69 142
142 143
143 144
8 145
145 146
59 147
147 148
79 149
149 150
62 151
151 152
54 153
139 154
154 155
123 156
156 157
157 158
158 159
147 160
48 161
129 162
162 163
163 164
164 165
165 166
166 167
167 168
103 169
169 170
170 171
171 172
172 173
173 174
47 175
175 176
108 177
131 178
140 179
179 180
180 181
4 182
168 183
183 184
27 185
112 186
186 187
187 188
137 189
189 190
190 191
191 192
192 193
193 194
167 195
195 196
196 197
197 198
3 199
190 200
87 201
48 202
202 203
196 204
204 205
186 206
131 207
207 208
208 209
209 210
210 211
211 212
68 213
136 214
214 215
165 216
216 217
169 218
218 219
219 220
220 221
221 222
222 223
223 224
224 225
225 226
226 227
42 228
228 229
229 230
230 231
231 232
58 233
233 234
234 235
235 236
236 237
237 238
207 239
239 240
240 241
241 242
242 243
243 244
244 245
245 246
183 247
247 248
248 249
63 250
250 251
251 252
252 253
135 254
254 255
255 256
256 257
257 258
222 259
259 260
260 261
261 262
262 263
201 264
264 265
265 266
194 267
267 268
268 269
269 270
270 271
204 272
114 273
273 274
274 275
275 276
276 277
277 278
185 279
279 280
280 281
172 282
282 283
55 284
284 285
285 286
23 287
287 288
288 289
134 290
290 291
291 292
229 293
293 294
294 295
295 296
182 297
297 298
267 299
206 300
72 301
301 302
184 303
159 304
304 305
305 306
260 307
307 308
308 309
309 310
310 311
311 312
312 313
313 314
314 315
244 316
316 317
317 318
318 319
319 320
252 321
321 322
187 323
136 324
179 325
325 326
138 327
46 328
328 329
329 330
330 331
298 332
332 333
333 334
334 335
335 336
336 337
337 338
223 339
93 340
340 341
67 342
342 343
234 344
29 345
345 346
334 347
288 348
348 349
349 350
350 351
351 352
352 353
353 354
270 355
355 356
356 357
357 358
157 359
77 360
360 361
302 362
154 363
50 364
364 365
365 366
366 367
273 368
368 369
182 370
370 371
371 372
85 373
358 374
374 375
354 376
376 377
377 378
378 379
267 380
233 381
60 382
303 383
383 384
362 385
385 386
386 387
137 388
58 389
389 390
390 391
391 392
392 393
393 394
172 395
395 396
49 397
175 398
398 399
399 400
400 401
280 402
402 403
403 404
404 405
14 406
406 407
208 408
408 409
409 410
320 411
411 412
412 413
413 414
396 415
415 416
404 417
417 418
293 419
419 420
420 421
421 422
404 423
423 424
59 425
425 426
426 427
333 428
428 429
429 430
266 431
431 432
432 433
45 434
99 435
435 436
436 437
351 438
438 439
439 440
440 441
221 442
86 443
443 444
28 445
445 446
247 447
447 448
215 449
426 450
450 451
373 452
210 453
293 454
454 455
455 456
456 457
457 458
451 459
141 460
286 461
381 462
462 463
328 464
464 465
284 466
455 467
467 468
407 469
469 470
180 471
471 472
472 473
460 474
474 475
475 476
476 477
477 478
478 479
479 480
65 481
177 482
482 483
204 484
241 485
485 486
486 487
487 488
41 489
149 490
490 491
491 492
492 493
282 494
53 495
355 496
496 497
343 498
498 499
499 500
500 501
501 502
423 503
503 504
504 505
505 506
506 507
507 508
508 509
509 510
510 511
488 512
323 513
513 514
494 515
515 516
516 517
517 518
518 519
412 520
299 521
521 522
522 523
334 524
524 525
525 526
526 527
527 528
301 529
102 530
236 531
531 532
532 533
533 534
534 535
535 536
23 537
129 538
538 539
539 540
540 541
541 542
542 543
483 544
544 545
545 546
546 547
547 548
548 549
275 550
550 551
551 552
552 553
451 554
554 555
555 556
556 557
557 558
423 559
559 560
438 561
445 562
122 563
563 564
299 565
17 566
566 567
539 568
174 569
569 570
570 571
509 572
572 573
276 574
414 575
575 576
576 577
277 578
195 579
579 580
580 581
581 582
582 583
583 584
584 585
585 586
586 587
587 588
588 589
589 590
462 591
591 592
592 593
593 594
434 595
471 596
570 597
597 598
598 599
599 600
600 601
381 602
209 603
603 604
604 605
605 606
606 607
278 608
608 609
609 610
77 611
46 612
126 613
613 614
614 615
615 616
616 617
617 618
618 619
619 620
140 621
621 622
622 623
623 624
624 625
625 626
621 627
627 628
628 629
629 630
630 631
631 632
344 633
633 634
634 635
635 636
264 637
78 638
638 639
639 640
497 641
641 642
466 643
285 644
644 645
477 646
646 647
241 648
648 649
237 650
650 651
26 652
652 653
653 654
654 655
655 656
656 657
657 658
658 659
450 660
396 661
661 662
662 663
400 664
664 665
120 666
666 667
667 668
668 669
669 670
670 671
671 672
628 673
673 674
144 675
675 676
676 677
134 678
678 679
679 680
680 681
612 682
682 683
288 684
284 685
685 686
686 687
687 688
688 689
689 690
690 691
691 692
435 693
693 694
694 695
695 696
277 697
697 698
698 699
699 700
170 701
701 702
702 703
703 704
704 705
705 706
706 707
584 708
14 709
709 710
710 711
711 712
712 713
713 714
714 715
715 716
716 717
717 718
718 719
719 720
124 721
470 722
643 723
723 724
724 725
725 726
726 727
727 728
728 729
729 730
730 731
731 732
732 733
733 734
734 735
678 736
736 737
737 738
419 739
739 740
740 741
741 742
742 743
239 744
179 745
745 746
232 747
470 748
748 749
749 750
750 751
751 752
251 753
753 754
381 755
755 756
756 757
757 758
501 759
281 760
760 761
761 762
762 763
763 764
764 765
69 766
374 767
766 768
170 769
492 770
770 771
771 772
727 773
773 774
774 775
775 776
776 777
777 778
778 779
779 780
430 781
781 782
782 783
79 784
784 785
487 786
786 787
787 788
551 789
789 790
790 791
748 792
792 793
793 794
272 795
509 796
796 797
797 798
798 799
444 800
800 801
801 802
802 803
803 804
804 805
805 806
806 807
807 808
272 809
809 810
810 811
811 812
173 813
813 814
262 815
558 816
283 817
817 818
818 819
511 820
820 821
821 822
822 823
823 824
620 825
515 826
826 827
827 828
828 829
205 830
830 831
831 832
526 833
833 834
116 835
835 836
836 837
837 838
451 839
839 840
840 841
841 842
842 843
843 844
844 845
193 846
846 847
847 848
848 849
849 850
850 851
747 852
852 853
249 854
66 855
35 856
856 857
785 858
653 859
37 860
860 861
682 862
862 863
863 864
864 865
865 866
866 867
867 868
868 869
869 870
117 871
625 872
872 873
873 874
845 875
832 876
876 877
877 878
878 879
229 880
880 881
881 882
81 883
883 884
884 885
885 886
886 887
887 888
888 889
889 890
890 891
891 892
226 893
893 894
894 895
723 896
896 897
897 898
898 899
899 900
900 901
901 902
871 903
903 904
853 905
905 906
906 907
708 908
908 909
909 910
910 911
502 912
912 913
543 914
914 915
915 916
916 917
83 918
918 919
919 920
176 921
24 922
922 923
923 924
924 925
925 926
926 927
378 928
928 929
929 930
923 931
931 932
925 933
801 934
934 935
935 936
936 937
937 938
938 939
939 940
940 941
147 942
942 943
943 944
944 945
945 946
946 947
947 948
597 949
949 950
739 951
749 952
952 953
20 954
954 955
955 956
956 957
922 958
958 959
695 960
960 961
111 962
962 963
963 964
964 965
965 966
966 967
967 968
518 969
969 970
970 971
971 972
972 973
973 974
974 975
975 976
976 977
294 978
978 979
979 980
980 981
981 982
982 983
983 984
984 985
985 986
330 987
963 988
988 989
989 990
990 991
991 992
992 993
993 994
994 995
165 996
996 997
54 998
276 999
999 1000
