93
1 141
1 212
2 468
3 744
4 792
5 924
5 956
7 1083
8 1102
9 1113
10 1263
11 1515
12 1620
13 1713
10 1871
15 1931
16 1940
16 1975
8 2033
19 2166
20 2276
21 2307
22 2322
22 2361
24 2499
24 2849
26 2893
23 2904
27 2937
27 2984
30 3036
31 3060
32 3153
33 3158
31 3196
35 3275
35 3500
37 3575
32 3686
39 3749
40 3750
41 3758
42 3786
38 3806
44 3874
34 3969
46 4321
47 4435
43 4512
49 4838
50 4842
51 4950
52 5084
52 5289
20 5402
55 5459
56 5577
57 5595
57 5623
58 5675
59 5706
61 5852
62 5936
63 6083
64 6170
65 6599
66 6676
65 6696
61 6770
67 7092
66 7388
71 7443
72 7448
71 7637
72 7678
75 7822
76 7932
77 7968
77 7990
74 8016
80 8163
81 8245
80 8336
82 8459
81 8583
85 8755
86 8819
87 9028
85 9259
73 9486
55 9543
91 9627
92 9706
93
91 164
9 219
17 246
1 284
70 405
48 558
54 577
68 716
25 998
32 1010
2 1098
67 1122
13 1172
49 1264
73 1310
28 1412
82 1776
80 1778
72 1861
71 2120
76 2232
42 2235
85 2405
60 2965
84 2999
44 3056
45 3245
86 3376
16 3448
31 3511
47 3888
7 3958
63 3962
39 4069
22 4328
38 4584
14 4694
66 4760
69 4769
51 4828
40 4885
33 5157
41 5224
81 5310
83 5365
21 5519
93 5535
20 5810
79 5842
92 5898
10 5919
77 6074
90 6105
8 6139
30 6464
56 6631
59 6789
19 6812
55 6886
3 6990
87 7067
61 7231
29 7336
4 7364
78 7395
23 7595
65 7773
37 7986
34 8113
35 8251
27 8286
57 8627
62 8668
50 8678
64 8714
58 8795
18 8831
5 8950
53 9008
74 9043
12 9113
43 9252
89 9298
52 9369
46 9400
36 9603
75 9618
88 9657
6 9664
26 9727
24 9747
11 9809
15 9889
