97
1 9739
1 9661
2 9364
3 9244
4 9240
5 9179
6 9138
7 9071
8 9026
9 8966
10 8960
11 8955
12 8797
13 8701
14 8674
15 8597
16 8520
17 8369
18 8233
19 8163
20 8127
21 7965
22 7843
23 7674
24 7661
25 7414
26 7332
27 7257
28 7187
29 7166
30 7149
31 7109
32 7101
33 7018
34 7016
35 6957
36 6896
37 6851
38 6812
39 6801
40 6698
41 6666
42 6593
43 6545
44 5992
45 5932
46 5854
47 5758
48 5756
49 5700
50 5312
51 4898
52 4883
53 4866
54 4823
55 4754
56 4738
57 4641
58 4557
59 4239
60 4064
61 4050
62 3812
63 3747
64 3653
65 3420
66 3372
67 3263
68 3229
69 3200
70 2916
71 2367
72 2240
73 2129
74 2090
75 2086
76 2006
77 1900
78 1879
79 1871
80 1855
81 1750
82 1683
83 1460
84 1330
85 1323
86 1296
87 1268
88 1052
89 969
90 909
91 643
92 611
93 508
94 493
95 425
96 205
97
68 9959
91 9924
46 9673
21 9498
84 9459
37 9456
62 9421
27 9294
28 9250
55 9236
78 8943
13 8883
51 8863
75 8851
59 8840
61 8688
87 8559
29 8284
49 8188
12 8009
2 7836
8 7813
48 7812
83 7603
26 7594
45 7486
24 7395
25 7252
33 7118
14 6939
95 6928
41 6854
58 6613
76 6507
67 6406
63 6386
94 6380
31 6300
6 6074
44 6062
54 6060
89 6007
35 5937
88 5738
23 5717
92 5622
65 5619
77 5510
40 5378
3 4983
81 4912
74 4739
38 4581
36 4501
9 4484
32 4365
4 4216
17 4214
43 4150
82 4052
20 3887
34 3811
30 3773
1 3705
57 3695
22 3543
86 3355
60 3301
70 2885
47 2698
52 2555
16 2367
93 2113
80 2012
56 1939
42 1872
79 1866
71 1852
5 1692
50 1538
18 1289
90 1074
97 989
85 980
19 956
72 586
10 560
15 362
96 328
53 294
69 292
39 270
7 243
73 226
11 186
66 77
64 68
