96
1 1
1 1
1 1
3 1
1 1
4 1
5 1
7 1
2 1
8 1
2 1
10 1
7 1
12 1
1 1
14 1
16 1
2 1
14 1
4 1
10 1
4 1
22 1
20 1
3 1
21 1
24 1
7 1
8 1
7 1
30 1
23 1
10 1
23 1
3 1
2 1
29 1
3 1
32 1
19 1
9 1
40 1
24 1
12 1
25 1
27 1
12 1
35 1
8 1
48 1
31 1
16 1
27 1
19 1
40 1
47 1
13 1
28 1
31 1
14 1
19 1
39 1
10 1
46 1
62 1
65 1
64 1
4 1
5 1
1 1
18 1
12 1
13 1
32 1
43 1
29 1
9 1
10 1
30 1
33 1
50 1
26 1
47 1
48 1
15 1
1 1
2 1
66 1
5 1
19 1
84 1
26 1
41 1
70 1
6 1
47 1
96
31 1
91 1
84 1
48 1
78 1
17 1
76 1
53 1
52 1
69 1
88 1
94 1
74 1
67 1
22 1
90 1
44 1
60 1
24 1
75 1
18 1
41 1
26 1
82 1
73 1
6 1
14 1
35 1
8 1
13 1
86 1
42 1
39 1
79 1
89 1
33 1
68 1
1 1
66 1
92 1
77 1
63 1
34 1
49 1
28 1
9 1
43 1
4 1
54 1
93 1
58 1
56 1
27 1
3 1
30 1
21 1
55 1
32 1
81 1
7 1
87 1
29 1
5 1
71 1
15 1
2 1
50 1
83 1
11 1
61 1
62 1
37 1
80 1
95 1
51 1
23 1
59 1
40 1
64 1
47 1
85 1
19 1
20 1
38 1
25 1
45 1
57 1
65 1
72 1
96 1
10 1
36 1
70 1
46 1
16 1
12 1
