96
1 8393
1 9444
1 9925
1 3758
3 8056
4 8267
5 2243
7 6904
8 2274
4 6883
6 1020
8 6863
2 2808
8 6964
8 2751
8 5967
11 4942
6 1977
14 2367
13 9644
15 1147
11 8418
10 3226
9 6869
10 7584
13 673
24 5890
6 6272
7 2551
17 7698
26 1308
20 8849
20 4494
9 1156
14 4545
2 452
25 897
15 6332
19 9535
1 5311
4 9849
25 5586
40 2961
4 6984
27 903
23 4861
27 9488
32 6337
15 6637
11 9134
33 510
50 5331
8 6216
15 1656
26 4850
35 5178
5 584
31 118
10 9053
36 7079
6 5893
17 3333
10 379
22 3182
49 9787
19 9694
66 1829
66 3421
25 5244
35 7249
13 4282
50 8754
21 2499
35 4004
73 1774
20 3703
60 6904
68 6096
63 9774
57 4429
34 4237
13 3756
18 6903
46 5757
36 5969
82 4506
51 4299
20 8080
28 1039
8 1580
73 8068
79 4824
68 1322
8 4274
48 301
20 6363
96
88 6351
69 6918
84 3858
24 7809
41 4147
27 7626
61 3410
67 5906
66 8536
18 1177
65 9141
12 444
15 335
60 5133
75 2748
77 6428
32 9753
47 7799
20 5348
2 5377
81 1603
70 3982
5 291
13 9339
51 1097
55 2408
42 2360
29 4642
96 9284
25 2928
56 4772
9 2433
95 2345
7 6381
62 6828
34 6114
78 2461
53 4899
1 9000
63 485
37 9352
31 7085
35 2540
76 1338
52 4611
82 6167
3 3956
14 8213
21 6726
28 1442
22 1924
80 7132
38 8640
46 5846
93 5865
4 8789
8 2804
89 5242
17 8150
45 1405
86 5113
23 5542
74 490
87 3873
30 2862
79 21
11 64
72 6624
94 1751
90 1700
39 3071
49 7296
85 5860
33 8798
59 4169
16 8433
6 7600
50 7290
73 8250
64 486
68 3283
83 5973
57 699
36 6345
40 3434
92 4667
43 9487
44 2639
58 6026
91 1454
54 7090
10 5244
19 8737
48 5033
26 2025
71 563
