87
1 94
1 63
1 17
1 80
1 44
1 63
1 79
1 36
1 25
1 84
1 24
1 89
1 61
1 60
1 5
1 40
1 56
1 83
1 50
1 14
1 72
1 41
1 79
1 98
1 6
1 87
1 45
1 86
1 50
1 65
1 88
1 65
1 77
1 24
1 6
1 34
1 97
1 46
1 83
1 11
1 11
1 85
1 38
1 3
1 82
1 1
1 4
1 13
1 51
1 98
1 9
1 74
1 26
1 77
1 72
1 52
1 44
1 40
1 33
1 36
1 96
1 63
1 57
1 82
1 82
1 64
1 64
1 60
1 28
1 63
1 25
1 58
1 21
1 11
1 40
1 57
1 39
1 81
1 36
1 79
1 34
1 7
1 49
1 39
1 76
1 11
1 43
53
63 86
12 10
73 97
61 36
15 11
20 79
31 56
59 81
67 63
57 32
10 47
56 76
82 37
19 73
77 67
70 69
39 3
3 13
60 56
25 17
23 4
35 64
78 57
44 37
13 9
85 1
16 82
50 64
58 36
34 4
84 82
62 35
52 5
6 9
24 63
7 93
86 56
46 49
32 6
41 26
4 92
5 6
68 32
40 16
80 30
22 99
30 2
75 50
38 96
17 77
11 25
2 77
18 12
