1000 1000
1022 1
977 109
100 163
442 302
837 61
700 483
712 576
848 689
436 118
164 84
221 599
570 387
687 729
801 708
62 624
573 334
643 107
43 762
216 780
144 49
118 982
672 544
1011 137
862 730
520 367
404 957
3 532
109 725
798 423
721 634
260 653
683 570
841 736
987 748
185 767
107 83
751 727
911 913
495 300
609 189
213 870
656 173
313 196
909 172
633 258
989 480
768 722
707 853
145 525
562 944
856 527
400 592
41 116
803 542
163 10
807 572
640 472
611 380
993 541
99 3
838 488
941 801
716 195
369 593
173 373
25 170
380 158
367 664
749 179
746 623
35 95
8 747
372 513
392 659
731 217
576 866
553 323
992 59
241 991
465 687
734 162
648 264
108 28
165 236
907 925
409 444
902 838
794 484
963 597
176 715
95 591
156 796
419 474
141 378
36 303
272 503
933 284
447 601
991 78
403 26
585 571
6 808
615 415
881 463
204 921
208 233
644 658
374 275
978 770
334 398
740 464
758 314
796 128
682 32
972 193
42 18
654 826
437 1000
387 347
697 810
742 241
926 222
223 891
460 694
127 168
430 144
953 631
797 29
182 977
829 943
470 711
433 832
647 82
202 895
307 175
703 510
1012 573
661 905
395 626
876 959
788 434
976 2
33 642
431 352
463 937
386 119
665 304
884 859
965 312
867 563
482 677
133 971
47 454
948 691
831 451
595 761
293 880
381 288
671 22
561 50
957 358
735 537
101 637
659 393
417 847
875 140
897 330
128 318
1 643
26 771
285 506
910 38
657 839
383 630
308 892
212 41
507 554
718 322
750 37
921 636
855 51
258 335
358 777
167 717
887 941
678 238
476 703
302 356
610 58
676 385
986 34
232 377
973 355
240 79
717 178
314 305
343 496
91 278
502 429
327 740
46 153
860 883
1018 310
210 522
257 182
945 612
871 793
733 81
580 858
901 87
469 131
579 209
83 531
86 598
468 211
105 350
732 208
76 704
865 622
117 21
782 700
927 850
291 760
918 896
296 912
756 961
249 628
39 566
32 143
551 765
263 871
592 512
209 204
310 473
951 471
166 184
231 192
679 240
479 848
680 874
743 774
254 301
515 458
669 963
28 720
524 645
61 15
473 916
705 621
564 585
511 462
346 805
935 906
539 656
513 379
854 181
569 12
634 682
858 443
193 627
1004 420
820 516
322 619
649 909
699 6
354 674
651 517
920 180
441 4
422 705
813 363
104 216
399 52
1021 1
375 403
73 218
792 617
92 478
833 611
624 442
938 931
694 920
892 819
934 253
627 754
709 439
967 877
382 174
530 446
869 580
542 407
456 502
111 418
619 696
883 148
170 565
90 198
326 200
251 919
496 846
255 453
443 857
37 491
666 515
315 384
549 986
812 271
162 55
873 445
1019 354
970 507
966 287
339 553
759 790
597 479
305 394
125 616
129 735
140 94
886 185
730 75
719 543
554 574
151 690
845 822
449 865
31 229
54 457
766 436
898 973
455 292
843 779
826 389
574 596
259 31
348 546
190 529
226 851
312 43
590 669
589 340
440 269
228 409
342 197
435 9
685 927
388 923
366 68
243 893
106 36
728 587
432 132
578 212
1020 274
974 984
303 405
527 964
958 887
825 333
123 424
159 932
785 829
814 742
197 534
161 308
944 206
521 577
116 220
58 945
1001 855
931 402
784 362
174 917
407 776
189 337
962 89
233 744
142 867
514 243
612 728
57 369
353 266
172 65
316 820
677 186
394 139
571 594
485 827
827 504
523 246
14 561
906 85
660 138
306 135
21 578
451 492
277 411
335 936
774 928
270 498
179 431
932 97
376 404
377 465
304 316
60 247
543 654
537 723
229 681
891 283
280 649
504 947
630 797
960 868
616 426
325 298
82 213
112 550
689 547
1005 821
148 902
600 746
799 981
124 317
150 324
617 676
546 798
623 280
503 412
153 781
180 455
114 817
787 141
789 841
738 650
767 47
602 475
817 908
710 803
424 551
484 388
625 519
859 202
410 834
874 166
531 530
338 313
819 262
1017 203
924 958
832 279
584 101
256 205
49 328
181 129
777 975
55 640
516 773
913 999
824 359
20 395
512 255
882 295
741 121
378 985
923 450
295 225
412 559
80 806
636 605
952 127
641 886
311 339
420 884
603 899
139 319
916 915
94 91
598 802
990 99
329 860
18 521
701 489
795 113
219 828
587 710
614 103
839 675
702 136
481 151
38 228
452 671
406 374
103 272
692 608
344 564
748 69
271 96
998 646
97 882
362 540
457 768
273 533
828 130
237 575
286 837
971 115
11 879
71 766
704 249
147 421
593 567
373 108
320 745
667 784
821 651
652 956
475 187
626 285
499 974
19 461
211 176
879 579
896 167
146 511
558 719
857 259
207 106
191 775
532 697
84 804
4 749
274 595
198 980
776 456
696 120
736 558
267 863
675 190
363 997
994 888
804 878
720 30
673 876
300 881
349 562
690 911
969 311
445 843
113 432
425 606
391 74
340 344
508 753
487 644
985 191
361 501
737 435
413 738
850 813
15 914
350 995
868 290
345 252
171 383
40 53
594 156
385 146
940 62
684 346
586 486
808 994
1013 845
555 965
238 942
713 583
522 390
22 979
880 104
870 207
1007 988
560 160
714 918
608 40
565 758
900 210
729 321
981 814
568 257
770 939
96 500
401 996
370 604
572 16
275 397
575 76
964 149
87 889
222 123
356 603
448 326
289 844
357 183
371 73
637 706
426 903
178 401
693 282
498 520
253 242
834 926
946 854
816 438
478 239
536 408
126 125
793 88
582 992
323 833
996 772
706 48
866 150
747 497
64 714
761 799
396 990
194 904
250 299
390 552
384 568
954 894
823 460
489 993
722 732
894 666
922 466
102 494
331 667
606 726
56 381
235 948
34 71
2 27
488 633
525 662
999 825
983 698
548 306
281 688
739 111
822 632
196 364
261 792
544 693
929 763
540 983
773 399
645 954
393 386
864 219
519 25
526 357
605 639
368 64
429 126
895 524
332 835
915 477
591 232
494 39
453 934
890 410
299 545
355 600
840 33
618 294
483 441
121 976
135 785
772 657
230 237
635 470
557 526
1003 261
459 124
206 528
466 701
282 872
849 560
152 430
949 890
120 678
545 427
461 935
218 485
620 869
533 930
984 556
780 815
783 372
467 215
245 862
477 614
78 786
423 440
638 718
1015 709
802 54
1016 449
588 341
471 759
753 812
45 201
66 842
177 607
200 962
168 794
639 57
559 582
29 998
398 273
769 590
538 254
89 297
110 293
607 584
752 712
613 487
688 419
863 660
724 741
723 731
439 342
510 251
130 864
842 332
415 946
414 737
269 400
328 481
725 922
815 613
763 811
234 641
321 263
601 437
10 508
988 46
5 102
138 476
288 602
137 750
509 734
628 861
188 375
248 227
13 391
566 818
472 248
292 157
596 315
44 713
930 371
492 897
552 77
72 276
186 924
458 685
1009 807
979 824
27 245
997 499
517 967
744 910
192 260
408 86
359 885
904 968
844 325
217 695
154 852
298 673
943 366
668 244
136 752
79 469
17 482
506 177
501 199
760 625
836 5
262 231
872 309
169 296
632 45
157 875
631 795
547 648
762 743
811 307
942 783
599 422
711 7
85 214
347 336
81 417
1010 23
7 72
664 147
698 265
764 955
754 830
851 823
982 647
781 221
956 161
115 368
567 589
893 635
317 898
1006 581
846 938
852 951
980 588
1000 370
655 42
486 555
220 11
786 433
755 226
727 351
434 345
324 416
411 468
333 110
810 800
287 751
903 778
658 164
24 66
790 972
70 509
446 98
290 223
1014 707
497 609
418 93
480 490
337 447
928 655
227 343
155 92
708 286
947 154
1002 684
225 338
444 549
581 618
885 320
330 638
629 413
246 929
268 739
131 966
450 396
577 353
143 20
961 376
621 933
214 960
266 538
284 171
428 665
681 114
158 361
674 539
968 548
805 940
12 757
294 467
301 188
98 60
861 24
421 270
360 557
642 17
959 414
995 620
88 724
950 235
224 856
309 234
244 702
955 816
203 105
919 268
493 670
318 953
604 663
663 809
352 382
149 425
427 873
195 652
662 900
936 987
889 672
818 448
650 267
745 70
691 495
297 782
912 459
16 787
917 224
474 518
175 90
715 63
252 610
695 536
205 686
726 831
389 629
187 755
908 44
835 791
686 13
775 535
247 756
534 952
939 569
160 365
622 428
454 331
462 145
336 849
464 80
847 8
771 680
806 56
888 907
239 194
830 155
563 250
59 406
416 165
505 788
236 505
184 35
529 289
853 256
535 615
319 514
646 133
765 329
653 117
405 493
925 122
877 969
215 19
757 112
201 134
670 159
528 950
556 683
132 152
518 661
905 392
878 523
365 348
134 679
791 277
899 586
500 789
778 978
122 360
183 949
779 699
23 840
199 716
800 14
119 692
541 291
975 142
379 67
550 230
937 281
1008 769
491 764
397 721
242 349
583 452
490 989
809 836
351 901
402 100
364 970
30 327
914 668
438 733
232 1 592
818 1 567
202 1 860
394 1 306
647 1 983
155 1 831
173 1 657
446 1 531
326 1 449
869 1 621
632 1 823
266 1 354
284 1 934
740 1 328
747 1 10
983 1 541
931 1 939
653 1 261
39 1 495
978 1 779
603 1 357
746 1 601
22 1 672
857 1 444
29 1 798
35 1 185
199 1 502
635 1 894
61 1 838
462 1 512
604 1 371
646 1 999
22 1 672
989 1 491
758 1 566
614 1 478
987 1 937
449 1 1017
518 1 475
29 1 798
293 1 111
675 1 840
606 1 426
683 1 557
69 1 749
558 1 737
280 1 624
599 1 222
428 1 623
860 1 330
524 1 896
570 1 684
62 1 941
208 1 733
269 1 441
168 1 128
76 1 576
974 1 500
699 1 780
829 1 786
441 1 484
895 1 203
594 1 572
895 1 203
769 1 1009
395 1 21
259 1 858
390 1 523
83 1 108
151 1 482
706 1 638
10 1 164
674 1 355
943 1 830
515 1 667
247 1 61
567 1 594
635 1 894
670 1 494
588 1 981
90 1 176
550 1 113
879 1 12
251 1 511
373 1 174
964 1 528
777 1 359
198 1 91
557 1 361
664 1 368
481 1 329
300 1 496
989 1 491
300 1 496
714 1 66
123 1 223
536 1 696
772 1 997
554 1 508
988 1 1008
186 1 678
337 1 190
867 1 143
527 1 857
730 1 863
223 1 291
518 1 475
487 1 614
524 1 896
733 1 439
124 1 460
492 1 452
877 1 968
434 1 789
430 1 153
824 1 980
806 1 81
222 1 927
210 1 901
796 1 157
491 1 38
634 1 722
609 1 498
377 1 233
776 1 408
27 1 3
44 1 909
560 1 850
963 1 670
681 1 230
291 1 542
965 1 556
58 1 611
888 1 995
933 1 622
519 1 626
316 1 305
181 1 855
428 1 623
376 1 962
18 1 43
115 1 972
848 1 480
290 1 869
413 1 630
711 1 471
764 1 492
651 1 822
51 1 856
385 1 677
773 1 517
591 1 96
771 1 27
26 1 404
620 1 996
683 1 557
755 1 188
30 1 721
267 1 651
465 1 378
670 1 494
874 1 681
707 1 1015
432 1 114
321 1 730
536 1 696
15 1 62
769 1 1009
83 1 108
986 1 550
547 1 690
725 1 110
981 1 800
887 1 959
434 1 789
252 1 346
745 1 321
905 1 662
466 1 923
463 1 882
488 1 839
993 1 490
956 1 653
618 1 582
202 1 860
732 1 723
421 1 148
42 1 656
10 1 164
266 1 354
349 1 243
837 1 287
611 1 834
985 1 379
799 1 762
304 1 666
956 1 653
613 1 816
666 1 895
5 1 837
79 1 241
145 1 463
881 1 301
778 1 904
236 1 166
423 1 799
784 1 668
749 1 5
573 1 1013
20 1 144
224 1 918
761 1 596
910 1 745
954 1 646
851 1 227
250 1 564
805 1 347
837 1 287
512 1 593
203 1 1018
354 1 1020
576 1 713
985 1 379
13 1 687
985 1 379
13 1 687
579 1 880
257 1 569
282 1 694
313 1 339
989 1 491
978 1 779
400 1 270
877 1 968
420 1 1005
847 1 418
579 1 880
918 1 715
796 1 157
821 1 1006
940 1 806
641 1 235
1000 1 438
749 1 5
628 1 250
446 1 531
937 1 464
598 1 87
780 1 217
228 1 39
244 1 669
644 1 488
871 1 266
106 1 208
549 1 445
185 1 887
138 1 661
476 1 139
840 1 24
521 1 19
785 1 136
411 1 280
646 1 999
668 1 915
639 1 606
507 1 971
534 1 198
441 1 484
25 1 520
822 1 846
939 1 771
100 1 403
789 1 501
451 1 832
41 1 213
572 1 808
337 1 190
973 1 899
88 1 794
531 1 84
968 1 905
923 1 389
187 1 476
975 1 778
726 1 607
325 1 845
827 1 486
570 1 684
115 1 972
304 1 666
904 1 195
56 1 807
148 1 884
858 1 581
436 1 767
821 1 1006
415 1 616
314 1 759
232 1 592
867 1 143
753 1 509
155 1 831
18 1 43
163 1 101
743 1 763
534 1 198
64 1 369
170 1 26
131 1 470
316 1 305
679 1 135
366 1 944
154 1 948
969 1 878
325 1 845
382 1 353
203 1 1018
644 1 488
606 1 426
430 1 153
399 1 774
495 1 692
630 1 384
485 1 219
195 1 717
160 1 561
540 1 363
11 1 221
224 1 918
300 1 496
403 1 376
390 1 523
301 1 255
294 1 619
13 1 687
999 1 914
638 1 331
899 1 604
488 1 839
785 1 136
351 1 728
222 1 927
307 1 812
97 1 933
766 1 72
161 1 957
506 1 286
726 1 607
627 1 194
561 1 15
939 1 771
547 1 690
383 1 172
789 1 501
556 1 985
812 1 754
396 1 451
383 1 172
523 1 879
207 1 871
728 1 613
408 1 537
499 1 998
870 1 214
786 1 79
864 1 131
202 1 860
134 1 202
357 1 527
559 1 413
394 1 306
31 1 260
609 1 498
957 1 405
132 1 433
664 1 368
152 1 133
798 1 547
940 1 806
356 1 303
542 1 804
57 1 640
771 1 27
948 1 236
837 1 287
208 1 733
522 1 211
72 1 8
837 1 287
32 1 683
801 1 942
866 1 577
742 1 815
101 1 585
604 1 371
632 1 823
431 1 180
276 1 73
433 1 787
358 1 958
196 1 314
662 1 526
523 1 879
219 1 865
35 1 185
938 1 847
395 1 21
46 1 989
169 1 1
507 1 971
979 1 23
669 1 591
951 1 853
499 1 998
422 1 600
759 1 472
155 1 831
805 1 347
347 1 388
436 1 767
245 1 28
943 1 830
625 1 761
831 1 727
241 1 743
434 1 789
265 1 699
448 1 819
409 1 229
60 1 99
756 1 248
542 1 804
960 1 215
665 1 429
629 1 390
294 1 619
596 1 575
381 1 57
771 1 27
300 1 496
325 1 845
92 1 156
255 1 513
134 1 202
875 1 158
530 1 532
294 1 619
867 1 143
87 1 902
495 1 692
516 1 821
365 1 161
312 1 966
298 1 326
458 1 516
865 1 450
55 1 163
663 1 605
826 1 655
956 1 653
75 1 731
619 1 323
408 1 537
345 1 435
129 1 182
132 1 433
654 1 544
756 1 248
311 1 970
343 1 228
419 1 689
840 1 24
704 1 78
872 1 284
629 1 390
977 1 183
161 1 957
633 1 489
792 1 262
980 1 199
305 1 315
543 1 720
711 1 471
365 1 161
238 1 679
222 1 927
15 1 62
579 1 880
412 1 504
965 1 556
763 1 930
856 1 225
631 1 954
717 1 168
137 1 1012
566 1 40
704 1 78
231 1 263
848 1 480
498 1 271
858 1 581
161 1 957
818 1 567
188 1 302
431 1 180
812 1 754
474 1 420
954 1 646
434 1 789
389 1 827
477 1 916
29 1 798
56 1 807
590 1 770
602 1 289
211 1 469
676 1 618
902 1 149
846 1 497
623 1 747
581 1 1007
630 1 384
772 1 997
510 1 704
68 1 367
103 1 615
136 1 703
150 1 867
713 1 45
512 1 593
507 1 971
678 1 121
863 1 268
24 1 862
909 1 650
347 1 388
89 1 963
631 1 954
797 1 631
146 1 386
860 1 330
102 1 6
430 1 153
713 1 45
355 1 974
321 1 730
892 1 309
387 1 571
906 1 936
363 1 814
235 1 951
401 1 179
749 1 5
246 1 524
244 1 669
452 1 584
347 1 388
635 1 894
277 1 792
935 1 462
528 1 207
844 1 290
580 1 870
63 1 716
412 1 504
296 1 170
856 1 225
111 1 740
368 1 116
324 1 151
515 1 667
422 1 600
534 1 198
890 1 950
692 1 120
145 1 463
690 1 152
687 1 466
849 1 337
575 1 238
330 1 898
942 1 239
746 1 601
316 1 305
239 1 479
310 1 1019
185 1 887
779 1 844
32 1 683
250 1 564
951 1 853
77 1 553
927 1 686
976 1 122
734 1 510
873 1 428
105 1 204
399 1 774
685 1 459
683 1 557
928 1 775
144 1 431
579 1 880
340 1 590
413 1 630
876 1 674
840 1 24
414 1 960
469 1 80
730 1 863
508 1 11
698 1 984
157 1 293
696 1 620
315 1 597
66 1 25
30 1 721
487 1 614
29 1 798
402 1 932
682 1 635
2 1 977
909 1 650
672 1 890
590 1 770
508 1 11
815 1 781
561 1 15
722 1 769
712 1 753
314 1 759
655 1 929
326 1 449
487 1 614
171 1 285
594 1 572
764 1 492
939 1 771
266 1 354
10 1 164
587 1 729
389 1 827
681 1 230
587 1 729
318 1 129
163 1 101
127 1 953
834 1 411
806 1 81
635 1 894
867 1 143
767 1 186
971 1 134
714 1 66
53 1 41
880 1 294
842 1 70
478 1 94
839 1 658
76 1 576
96 1 272
633 1 489
461 1 20
475 1 603
487 1 614
51 1 856
478 1 94
924 1 187
322 1 719
681 1 230
504 1 828
544 1 673
572 1 808
830 1 755
275 1 375
2 1 977
753 1 509
925 1 908
935 1 462
20 1 144
595 1 275
673 1 299
892 1 309
864 1 131
165 1 417
570 1 684
138 1 661
786 1 79
861 1 629
199 1 502
534 1 198
449 1 1017
151 1 482
498 1 271
658 1 645
917 1 175
16 1 573
864 1 131
226 1 756
242 1 254
330 1 898
19 1 216
762 1 44
958 1 925
621 1 706
421 1 148
533 1 274
591 1 96
351 1 728
833 1 324
922 1 726
214 1 86
711 1 471
635 1 894
630 1 384
756 1 248
603 1 357
202 1 860
202 1 860
248 1 473
998 1 30
521 1 19
718 1 639
418 1 112
856 1 225
796 1 157
652 1 196
437 1 602
685 1 459
621 1 706
825 1 1000
399 1 774
664 1 368
362 1 785
74 1 392
338 1 226
228 1 39
742 1 815
824 1 980
255 1 513
892 1 309
385 1 677
510 1 704
462 1 512
437 1 602
194 1 240
238 1 679
377 1 233
666 1 895
77 1 553
483 1 701
552 1 391
209 1 580
61 1 838
924 1 187
538 1 267
446 1 531
396 1 451
50 1 562
599 1 222
442 1 625
833 1 324
748 1 988
956 1 653
530 1 532
317 1 125
330 1 898
544 1 673
831 1 727
330 1 898
747 1 10
564 1 345
759 1 472
815 1 781
908 1 818
130 1 829
507 1 971
80 1 465
334 1 574
291 1 542
414 1 960
640 1 56
433 1 787
655 1 929
172 1 910
59 1 993
348 1 366
640 1 56
449 1 1017
836 1 810
503 1 273
827 1 486
663 1 605
387 1 571
334 1 574
492 1 452
36 1 107
72 1 8
407 1 543
428 1 623
175 1 308
559 1 413
140 1 876
892 1 309
365 1 161
76 1 576
659 1 393
250 1 564
883 1 861
727 1 752
702 1 245
606 1 426
834 1 411
416 1 325
968 1 905
861 1 629
140 1 876
956 1 653
879 1 12
113 1 796
307 1 812
440 1 424
513 1 373
460 1 824
942 1 239
924 1 187
889 1 88
794 1 169
470 1 636
913 1 912
740 1 328
961 1 757
967 1 518
922 1 726
24 1 862
236 1 166
721 1 398
168 1 128
977 1 183
875 1 158
982 1 119
857 1 444
918 1 715
387 1 571
458 1 516
862 1 246
111 1 740
710 1 588
415 1 616
496 1 344
232 1 592
863 1 268
358 1 958
720 1 29
283 1 892
906 1 936
361 1 159
339 1 312
343 1 228
427 1 546
541 1 994
410 1 891
1 1 1022
358 1 958
754 1 628
18 1 43
846 1 497
633 1 489
22 1 672
582 1 560
242 1 254
932 1 160
697 1 533
196 1 314
807 1 1010
543 1 720
188 1 302
734 1 510
329 1 766
71 1 35
537 1 736
268 1 920
712 1 753
512 1 593
334 1 574
335 1 259
823 1 852
908 1 818
343 1 228
862 1 246
740 1 328
486 1 587
512 1 593
49 1 145
297 1 90
53 1 41
380 1 612
829 1 786
700 1 783
692 1 120
646 1 999
923 1 389
95 1 36
569 1 940
653 1 261
50 1 562
752 1 137
393 1 660
637 1 102
414 1 960
442 1 625
379 1 514
907 1 889
906 1 936
835 1 333
738 1 414
306 1 549
757 1 13
666 1 895
240 1 680
719 1 559
908 1 818
905 1 662
344 1 342
692 1 120
63 1 716
286 1 709
778 1 904
897 1 493
986 1 550
999 1 914
209 1 580
199 1 502
763 1 930
958 1 925
421 1 148
423 1 799
267 1 651
641 1 235
80 1 465
120 1 697
554 1 508
46 1 989
504 1 828
288 1 382
678 1 121
516 1 821
836 1 810
181 1 855
993 1 490
26 1 404
75 1 731
299 1 251
828 1 220
620 1 996
545 1 300
275 1 375
769 1 1009
7 1 712
555 1 487
383 1 172
201 1 46
47 1 768
705 1 423
688 1 282
997 1 364
820 1 317
223 1 291
346 1 685
936 1 336
967 1 518
84 1 165
182 1 258
909 1 650
272 1 104
307 1 812
437 1 602
392 1 906
315 1 597
982 1 119
93 1 419
389 1 827
302 1 443
211 1 469
927 1 686
484 1 795
411 1 280
605 1 637
220 1 117
230 1 551
662 1 526
82 1 648
967 1 518
23 1 1011
575 1 238
565 1 171
87 1 902
759 1 472
192 1 232
143 1 33
