136 458 688 876
100
725 102 895 130
553 790 705 837
334 824 362 829
222 80 541 123
229 174 543 205
670 875 903 888
283 591 476 635
748 619 966 717
269 391 347 406
376 26 727 93
288 805 604 808
369 335 570 411
687 593 912 598
515 124 728 180
370 9 422 62
4 517 312 529
146 31 306 33
19 242 180 324
240 328 395 401
249 160 498 216
309 646 597 687
332 392 512 401
151 553 318 650
563 381 931 412
62 721 414 764
160 826 244 859
338 188 465 288
307 493 682 498
267 793 365 853
586 78 903 92
813 271 840 371
561 725 859 726
447 642 827 683
182 707 406 786
205 458 501 510
724 877 730 915
716 256 819 337
155 746 430 755
35 812 268 907
71 262 383 333
135 368 518 462
795 400 985 484
325 456 412 467
240 227 487 248
570 109 689 153
337 491 341 529
289 587 588 671
64 604 418 704
85 124 295 195
398 70 422 152
299 800 350 860
739 850 994 905
524 525 649 554
81 943 284 996
193 187 477 212
317 753 706 758
917 667 938 727
61 787 128 815
501 321 708 337
381 250 607 310
54 278 403 355
355 157 674 161
424 546 585 629
308 194 381 198
624 554 741 638
935 134 964 178
258 189 562 243
728 369 816 412
589 33 737 87
111 588 372 638
291 851 506 889
520 917 673 981
478 900 840 951
459 615 676 703
533 674 638 724
31 307 224 393
267 703 652 744
876 38 948 58
322 980 365 984
347 78 597 159
608 744 909 746
502 653 516 687
303 928 460 938
763 493 934 539
384 613 551 713
714 327 869 419
341 689 629 762
685 740 831 788
772 144 825 154
736 363 974 463
722 437 749 504
403 708 454 801
627 895 954 922
471 32 720 80
192 273 479 316
452 179 678 185
12 365 241 406
903 161 980 219
486 670 836 723
288 149 509 240
