129 181 629 611
100
671 700 719 851
35 751 113 862
900 710 993 821
742 703 838 895
118 269 136 459
340 649 503 760
280 330 409 350
142 327 298 483
239 419 262 475
576 179 656 309
849 23 857 205
553 124 705 270
634 519 667 701
503 294 597 294
871 515 879 675
37 128 186 184
788 813 859 935
241 682 388 842
392 623 470 635
543 116 676 132
405 502 421 701
150 494 304 566
14 103 182 272
606 748 726 756
754 564 779 745
350 24 447 82
383 228 440 420
362 220 377 349
181 772 299 822
598 672 683 721
82 9 124 112
677 549 806 557
221 418 342 450
713 855 793 969
447 139 591 203
314 812 346 840
96 371 285 407
242 486 344 654
270 216 309 401
371 473 516 563
894 665 914 787
520 772 664 969
0 525 137 701
925 355 927 384
180 866 279 927
607 952 760 976
378 42 439 228
712 746 770 776
573 584 678 590
656 504 844 646
14 490 116 496
769 840 851 926
912 895 985 933
354 380 497 536
185 728 355 855
78 402 227 447
498 56 519 149
655 65 747 251
457 488 541 665
170 381 281 554
883 422 981 473
345 104 520 118
669 543 784 732
546 177 579 326
726 423 738 510
218 271 364 412
401 411 495 582
728 313 818 445
223 363 321 440
428 402 569 538
777 55 858 128
656 829 763 878
347 9 484 71
276 210 442 409
812 394 821 541
507 194 645 383
218 40 359 148
430 659 523 787
576 445 772 489
895 861 901 987
121 799 240 817
96 166 122 347
146 817 178 828
156 202 181 395
276 664 433 820
54 792 149 986
870 435 962 521
794 326 976 457
797 181 828 309
613 781 645 829
102 321 291 360
283 747 447 936
824 4 980 175
380 244 571 391
649 781 680 784
444 779 563 910
354 244 554 388
67 549 185 700
463 339 501 414
413 20 579 154
