5000
3638 2085 0
2513 4724 0
467 4125 0
2536 2012 1
4071 3666 0
4145 2611 1
3762 1914 0
3897 4779 1
4101 4529 1
971 3322 0
3203 4877 1
4642 4220 0
2373 4640 1
3880 3011 0
4711 309 1
1184 3877 1
1684 4364 0
3858 1662 1
4220 3953 1
2183 4393 0
608 1999 0
593 704 1
188 170 0
1352 4099 0
1018 783 1
3487 1173 0
1312 1245 0
4004 4149 0
3891 3209 1
2558 4387 0
2711 502 1
4321 2261 0
1490 3440 1
4179 3595 1
3133 3832 1
1392 4343 1
4935 1841 1
1392 2776 0
3632 3664 0
92 1611 0
3938 1119 1
2449 4311 1
4172 3197 1
209 3111 0
3332 1067 1
1237 3194 1
3557 3464 0
1478 3753 1
4206 3429 1
1263 1591 0
476 1408 1
2572 2013 1
4822 3392 0
2216 1021 0
2395 40 0
3498 4092 0
243 2957 1
3565 3172 1
2938 214 0
652 1136 1
1392 152 0
1811 3097 1
4904 325 0
4558 2454 0
343 3950 0
4374 341 1
1337 80 1
3825 4792 1
2731 2998 1
421 1861 0
3389 539 0
4397 3339 1
4780 1855 0
1392 1413 0
244 3353 1
567 3484 0
3609 4876 0
1204 2510 1
1392 965 0
3602 4690 0
1392 1494 0
3581 2524 0
4110 1896 0
2800 2153 0
606 2670 1
4075 1489 1
532 3408 1
4356 3741 1
51 340 1
1505 2649 1
3512 2097 1
1261 589 0
4536 37 0
574 525 0
1797 23 0
378 3590 0
3536 868 1
1756 4185 0
213 3499 1
3568 4323 0
1190 1674 1
420 796 1
3837 4596 0
2841 3173 0
1392 444 0
1659 4144 1
3391 4036 0
4947 338 0
4559 4776 0
36 4113 0
3963 320 1
1796 1410 0
4547 1409 0
429 4952 1
3442 2768 1
1392 4172 0
1392 2415 1
4668 1505 0
972 4367 0
1453 4846 1
4949 1118 1
3390 89 0
4979 3938 0
1392 7 1
1392 2132 0
1097 3406 1
960 4885 1
1737 1753 1
4182 1570 1
2646 2729 1
1225 1797 1
1392 4249 1
4054 3417 1
2260 1769 1
3654 4158 1
132 4151 0
2103 1278 1
109 808 0
4865 3968 0
2411 3020 0
250 3890 0
3013 615 1
571 4575 0
2988 3089 0
34 92 1
3613 510 1
3474 4863 0
4864 2277 0
4632 2802 1
3524 4833 1
1392 4199 0
300 763 1
1392 2926 1
298 3436 0
1405 4380 1
398 2753 0
1134 2106 0
411 263 0
2608 3396 0
2041 4270 1
3901 3104 0
2644 1806 0
1932 1433 1
2867 1811 0
4162 1289 1
677 2774 1
1709 1164 0
1604 3304 0
2562 1397 1
645 1323 1
4173 2955 1
4966 29 0
636 3540 0
1392 1429 1
2512 2486 1
4743 315 0
3523 3665 0
443 3140 0
322 1112 1
1138 2417 0
4488 4221 0
4294 2485 0
4437 3343 1
2560 2924 1
1277 1115 0
801 102 0
4589 4146 0
2530 1727 0
4723 3506 0
3733 3734 0
4655 59 0
4249 4972 0
55 4391 1
4587 4917 0
2527 1517 0
1260 3174 1
2259 2748 0
4337 1520 1
3206 64 0
3535 3960 0
1786 4731 0
1392 1622 1
164 3999 0
4689 2523 1
4881 4267 0
1392 2307 1
663 1539 1
3591 4594 0
1529 1757 0
4629 1149 1
1392 4506 1
3888 1790 0
240 1187 0
3314 832 0
1479 2568 1
3924 1583 1
2610 1137 0
18 498 1
692 4784 1
4838 1237 0
1816 3688 1
1392 1970 0
4202 2492 1
2009 3124 0
1392 466 0
1392 4518 1
3171 1512 0
4568 53 0
2760 442 0
4682 1546 0
3151 1998 0
1392 4242 0
2246 4278 0
3217 84 0
3388 4609 0
117 1362 1
1851 4500 1
4880 375 0
1434 4164 1
2738 4628 1
4561 606 0
918 3306 1
96 3541 1
1392 3159 1
1719 1883 1
1301 3863 1
1392 3811 0
3362 2350 0
3108 4982 1
4892 51 0
2728 238 0
4688 870 1
1392 514 0
1015 405 0
3564 4655 1
4404 1751 0
3731 2993 0
1483 441 1
3848 187 0
3538 434 0
1587 2171 1
1200 2163 0
1392 2046 0
2462 775 1
2743 2921 1
4195 3 1
4582 3123 1
1653 4406 0
4856 3282 0
1603 3059 0
2934 3571 0
3333 1240 1
1221 1641 0
3784 4565 1
64 395 1
2626 2786 1
2255 621 0
1392 4923 0
3714 2073 0
4344 3638 1
2948 1186 0
2996 3131 1
1392 4401 0
2374 3942 0
56 3494 1
1392 2029 0
1433 268 0
589 2252 1
892 2377 1
2516 4804 1
3986 2793 1
1680 2198 0
3627 1510 1
3515 4925 1
3269 1359 1
4150 3324 1
2018 162 1
2508 3420 0
732 2581 1
1484 662 0
4045 3991 1
1477 4243 1
4944 4913 1
1392 511 1
2026 630 0
3114 3391 1
3267 1624 0
1893 1743 0
2768 4086 0
4387 4079 1
735 1221 1
1895 4003 1
204 134 1
994 1234 0
2428 906 1
4680 4977 1
1022 2049 1
1550 4826 1
1328 3109 1
3841 402 1
3081 501 1
4800 2190 0
3107 4502 0
268 4196 1
2823 1073 1
2637 4307 0
4524 4272 0
3861 2761 1
2663 62 1
1392 1051 0
2896 2876 1
2197 1585 1
2878 2783 0
1808 748 0
1392 2447 1
1630 3278 0
1392 1612 1
1392 2036 1
595 421 1
4666 821 0
543 1942 1
3589 2336 0
347 1561 0
3541 3316 0
3394 2846 0
1681 4197 0
4426 1495 0
320 3973 0
2149 1919 0
4033 2945 0
1358 4422 1
2116 4586 1
4028 2975 0
4495 1076 0
792 3293 0
1373 2556 0
3153 896 1
4130 2891 1
1269 1475 0
1411 3438 0
4825 4410 1
1392 631 1
3829 368 1
1375 1140 1
3587 1634 1
3968 4831 1
1472 2272 0
2989 4419 0
4405 2326 0
3087 898 0
1713 1452 1
3719 4306 1
1392 3116 0
1841 1184 0
3702 202 0
4652 438 1
1960 2092 0
3998 3919 1
4507 3358 0
4550 4622 0
186 4095 1
1807 4534 1
4854 932 1
3047 3163 0
2342 2301 0
1382 680 1
4231 3329 1
37 3431 1
4097 3501 0
2110 2117 0
1114 838 0
1333 128 1
2625 676 0
2245 2897 0
4902 3813 1
1845 2236 1
2230 4790 1
4738 3629 0
1502 3959 0
1392 2514 0
3024 2705 1
1883 1950 0
1392 4353 1
580 1190 0
3808 834 1
1780 1261 1
1392 2129 1
1523 3695 1
1618 204 0
2856 4469 1
2117 4704 1
161 88 0
29 46 1
3957 1506 0
3763 4376 1
3882 4052 1
4879 3024 1
4645 1652 1
2723 4313 1
1059 4979 1
4104 2631 1
2120 2197 0
3892 2903 1
4733 984 1
1764 2593 1
4889 2636 0
2469 4008 1
4408 4192 0
1180 2999 0
4171 1858 0
2124 296 1
1685 592 1
3294 4452 0
76 814 1
883 2188 1
1762 890 0
3407 448 1
971 2472 0
4965 2857 1
1035 1139 1
4612 4815 0
3397 3033 1
3500 4250 1
1594 3273 0
4439 1474 1
2762 3879 0
4994 1336 1
1481 1893 1
4610 2571 1
4381 642 1
1509 2616 0
1087 4741 0
1279 815 1
3583 226 1
1418 2023 1
2479 111 1
1392 2917 1
1946 1730 1
2712 717 1
4701 4279 1
1392 3680 1
3452 2623 0
1392 472 0
525 386 1
2551 2825 1
480 1421 0
4166 1068 0
4956 4552 1
1392 1441 1
3569 629 1
2510 3709 0
4176 747 0
4489 2174 0
1004 585 1
2492 2103 0
3231 4214 1
3460 2834 0
2739 398 1
3084 1320 1
923 1210 1
3287 1482 0
3662 2141 0
1392 221 0
3464 467 1
408 535 0
1392 3536 0
1170 2150 1
167 250 1
3673 4483 1
2305 4442 1
2612 4636 0
1332 327 0
1614 3980 1
1392 4400 0
3579 4821 1
1620 138 0
778 2353 0
4320 1381 1
3935 3840 1
2323 1271 0
4787 4349 0
2402 1684 1
1258 2974 0
2506 215 1
1392 3808 1
19 1800 1
1247 4919 0
4554 960 0
3611 4853 1
978 211 1
527 935 0
1392 3479 0
3526 27 1
2242 4068 0
2324 1106 0
3854 1689 1
2544 4397 0
4025 4350 0
4465 3106 1
1699 1887 1
1831 1299 1
1392 4780 0
3244 429 0
698 173 1
1392 3388 1
2824 3132 0
2251 3319 1
3048 1832 1
1392 3331 1
4653 1166 1
2457 1707 1
1938 1103 0
511 4120 0
4660 2946 1
4944 3029 1
573 4718 0
2594 2868 0
1319 2262 1
2958 880 0
576 3129 0
1573 3626 0
2350 3708 1
3637 479 0
2165 1040 0
2102 3858 0
4819 1910 1
48 1182 1
717 3192 0
1151 432 1
997 1644 1
3092 2884 0
4544 1567 1
1392 1926 0
3493 668 1
762 4861 1
1392 1918 0
2929 3415 1
1718 1920 1
2750 4777 1
1670 4202 0
2597 1264 1
2924 3175 0
1933 1913 0
1392 4231 0
2882 2643 1
1392 4143 1
1392 2831 1
3019 3773 1
2607 3790 0
3341 270 1
950 4319 0
1664 2038 0
1726 4025 1
1392 802 0
947 3009 1
4802 324 1
667 3346 1
1695 413 0
616 4234 1
3175 3366 1
2005 4181 1
3422 2192 0
1392 4602 1
4085 523 0
146 3198 1
4556 1742 0
3195 1656 1
3040 4292 1
3459 1267 1
4051 90 1
414 4548 0
837 3362 1
4205 2549 1
1057 4131 1
1392 4464 1
3312 3448 0
4540 2682 1
3745 3398 0
864 1715 1
4844 4048 0
1172 3055 1
3480 2324 1
2589 3152 0
3815 2914 0
356 3037 0
2675 4020 0
3257 597 0
2381 3816 0
3111 1072 1
897 3155 1
2887 2430 1
715 3065 1
1899 4680 0
4995 4395 0
1860 3095 1
4678 1303 1
1392 2547 1
1128 1000 0
1029 4766 0
2243 2162 0
3849 663 0
3785 1690 1
2629 2979 1
3326 894 0
1815 2241 0
2078 383 0
4278 450 1
2855 2832 1
2779 1412 1
1421 4558 1
4626 4603 0
2443 2866 1
2154 3375 1
1162 3269 0
656 4215 0
295 1211 0
4234 4124 0
2241 4228 1
3958 4627 1
4659 4723 1
2540 43 1
1926 3979 1
706 3051 0
4888 4856 1
4233 4054 0
2954 4015 1
1392 801 1
3264 207 0
1392 691 0
3045 746 1
1773 2890 0
1954 3976 0
115 2273 1
4463 2713 1
4078 289 1
517 4540 0
2433 144 0
3170 1419 1
2032 329 1
3187 3517 1
137 2090 0
2707 1713 0
4831 1946 0
1392 1428 0
2162 913 1
4168 1343 0
3903 454 1
4833 512 0
4296 2509 0
4010 4451 0
3618 2835 1
2687 415 0
1473 2987 1
3871 1817 0
555 2984 0
6 1966 0
49 3990 1
1853 820 0
4194 4183 0
2724 3118 0
1340 1703 1
2922 791 1
1528 381 1
4271 3827 1
1104 2022 1
3211 708 1
206 3309 1
1392 962 0
4774 732 0
2262 4051 0
748 4661 1
1271 2286 1
4641 3367 1
2929 471 1
4017 2152 1
393 1387 1
3817 1029 1
1392 1312 0
4706 2918 1
2623 1653 1
2895 3635 1
1132 4055 1
3960 1682 1
3025 3349 0
1464 2739 0
609 3728 0
1866 600 1
581 475 1
1392 1736 1
4043 4073 1
1965 3410 1
4790 564 0
2649 3141 0
2999 1200 1
3594 542 0
3434 1037 1
230 4807 1
506 4011 1
3585 1395 0
2020 863 0
4646 2502 0
3736 1382 0
1392 3404 0
985 2470 0
3374 1033 1
2809 1820 0
1987 540 0
1181 3365 0
1058 3096 1
3045 2538 1
4872 1042 0
1392 4061 0
201 3259 0
1392 1830 1
4086 4536 1
3135 2428 0
856 4012 0
3860 2908 0
4362 2247 1
3342 292 0
2754 2537 1
1412 986 0
1074 2055 0
1511 856 1
1392 3179 1
2237 4908 0
1312 4314 1
2090 533 1
431 4674 1
1392 3848 1
4040 2461 0
2643 2119 0
4795 3713 1
1343 2366 1
1392 3280 0
4134 930 1
1246 4737 0
2968 3384 1
1392 2691 0
3818 229 1
4020 2667 1
690 4155 1
4395 1885 1
4637 2498 1
409 4448 0
3158 3933 0
1839 2039 0
2645 468 0
2329 2952 1
1392 1869 1
1429 2906 0
1392 1941 1
1392 1708 1
508 1679 0
511 929 1
2175 1084 0
1929 1899 1
2347 1023 0
2930 3935 0
4793 4042 1
4366 460 0
3845 2388 0
399 3080 1
1430 258 1
902 633 1
2369 1557 0
931 1071 0
371 1374 1
2407 1379 0
1392 725 1
2832 1027 0
1624 2513 1
2775 875 0
4291 1466 1
753 72 0
1821 2989 1
2618 4577 1
1008 4269 1
4364 4847 1
1392 1555 1
1140 1061 0
4146 3597 1
1392 2521 1
2404 4912 0
1611 1087 1
1789 3570 1
4718 1598 1
103 3196 0
2953 1525 1
355 2318 0
4490 3386 1
4468 2467 1
1471 3079 1
4792 3271 0
2035 2170 0
1188 1639 1
4848 869 0
477 3441 0
1354 4510 1
3424 3937 1
1392 3413 0
3380 3870 0
937 1100 0
4478 206 0
2770 4854 0
1392 3177 0
4072 4601 0
2066 2282 0
1556 800 0
4976 2400 0
1392 4955 0
1227 867 1
1268 4714 0
4981 1294 1
499 1802 1
3428 2718 0
1873 183 0
3004 4130 0
4475 4045 0
3726 2620 1
221 3487 1
736 901 0
700 1065 0
3433 1007 1
1394 3071 1
759 3582 1
449 2849 1
3466 845 0
2106 482 1
4466 4960 1
3062 623 0
627 2648 1
1392 4611 1
2915 3145 1
3042 60 0
1613 3425 0
925 3534 1
1392 3328 1
1392 839 1
1652 4528 0
310 4334 1
694 1500 1
1392 1712 0
4295 641 0
111 1780 0
142 4687 0
2584 4805 1
2284 2479 0
1828 1725 1
817 3255 0
1877 3151 1
1584 2656 0
1392 1664 0
926 4705 1
3379 2899 0
3165 393 0
1392 2790 0
91 2708 1
1392 1285 1
3340 609 1
1693 2080 1
4213 2875 1
1606 686 1
572 2781 1
4153 356 1
2502 374 1
2302 3677 1
2308 587 1
4661 3216 0
406 2378 0
4276 1317 0
1392 1923 0
1749 4384 0
2543 2505 0
1392 1393 0
148 2222 0
4713 2423 1
1392 2102 0
4022 812 1
335 2083 0
1955 1900 0
106 220 1
1392 4748 1
1392 4878 1
3471 4875 1
3823 2858 0
1300 3513 1
299 2419 1
1218 2971 0
1392 3157 1
3324 312 0
4832 2246 1
1728 1642 1
1835 3276 0
4830 4644 1
2699 3778 0
3323 661 0
4479 4537 1
1392 3161 1
2109 3032 1
3945 3719 0
2274 3112 0
2325 489 1
2740 865 1
1712 3254 0
1971 861 1
4912 2988 1
2633 2491 1
611 843 0
1083 4338 1
2744 4258 1
3959 3622 1
4319 3538 1
2852 784 1
1671 639 1
1135 3403 0
1910 3078 0
1632 1461 0
716 2662 1
2817 2937 1
4458 1574 0
389 3841 0
297 4328 0
2737 1243 1
1668 3187 0
3756 1814 1
1730 1328 0
3028 1198 1
3505 2483 0
1392 1816 1
2521 494 1
1584 1949 1
2266 4325 0
283 3081 0
3542 1549 1
59 3257 1
1922 2740 0
4024 1290 1
428 1785 0
1392 4567 0
2976 2807 0
649 2889 0
286 507 0
2368 1761 1
1392 593 1
4679 3490 0
1392 1659 1
3230 462 1
2628 2063 1
1392 2225 1
1392 4067 0
3691 2455 1
1930 4623 0
2431 4136 1
3949 4398 0
2751 3707 0
312 3563 1
4619 3679 0
3711 4473 1
1392 4591 0
4861 1049 0
3130 720 0
2346 766 1
1149 1032 0
835 469 1
520 1928 0
3016 3557 1
526 1406 1
360 1160 1
1717 711 1
1950 3018 1
1392 2555 0
3724 347 1
3056 4142 0
3575 2995 1
2317 3717 1
1745 3046 0
4062 788 0
114 3958 0
633 4308 0
3802 3449 0
1095 1533 1
80 2723 0
2838 3636 0
1392 4580 0
1452 106 0
2272 573 1
469 4735 0
3918 858 1
2665 4525 1
4124 2641 1
3641 2512 0
3402 1005 1
4379 522 1
4454 4362 0
4545 4543 1
3926 2850 0
683 2146 1
3836 1831 0
2289 2572 0
1392 3478 0
1582 958 0
1806 1154 1
2069 1613 1
52 2622 1
2039 1553 1
1093 1298 1
4559 2124 1
4333 2062 0
377 2689 1
2306 557 0
826 1927 1
2549 2731 0
4324 2566 1
1229 4732 1
3813 2791 0
1392 3348 0
1267 4167 0
1288 695 0
681 3133 0
1360 3237 1
3457 1472 1
2227 2717 1
1944 1867 0
1392 2530 0
110 3889 1
1770 698 0
2545 3883 1
2928 2457 0
4367 3250 1
2831 363 1
4170 3671 0
1374 1616 0
1392 1329 1
3877 4600 0
1379 1729 1
3051 344 1
798 4023 0
1812 3711 0
4141 1132 0
3712 2923 0
4771 2093 0
2564 3210 0
699 2393 0
3337 3345 1
4525 658 0
770 4466 0
1392 4428 1
3306 2439 0
3573 2348 0
251 2704 0
1392 26 1
1751 687 1
3082 4091 0
1392 4457 1
1017 4973 0
1392 2358 0
4113 3150 1
747 1055 1
4048 1157 1
4695 1836 1
784 4645 0
2847 3352 0
3308 4351 1
873 952 1
1339 4375 0
1392 3533 0
2995 4339 0
4508 2838 1
153 2634 0
220 2658 0
4059 246 0
4424 1824 1
1392 2127 0
4950 2017 0
1213 1994 0
1581 172 1
1392 4588 0
3952 2969 1
2835 353 0
2434 2404 1
4535 2543 1
2719 3777 0
1392 4597 0
4064 3748 1
3023 1530 0
359 2283 1
288 55 0
3830 4318 1
46 3402 0
2126 4511 0
867 1481 0
62 4388 0
1392 1322 0
1287 4870 0
3958 4429 0
2359 2464 1
4189 4909 0
1639 3738 0
757 1777 0
1392 210 1
2975 2043 1
170 1458 1
1047 4803 0
1392 318 0
155 4556 1
912 4417 0
1126 2758 0
758 410 0
3445 2769 0
1081 1422 1
3518 2982 1
1167 1427 0
2945 1075 1
2138 2351 1
4149 1683 1
3940 4329 0
4754 457 0
4035 4571 1
1392 2557 0
2382 3168 0
1143 4918 0
3704 4039 0
711 1483 0
1191 4056 1
4299 5 1
4735 2178 1
1392 3834 0
3972 3086 1
3639 427 0
3612 2364 1
557 1066 1
693 3744 1
850 968 0
2229 983 0
546 4040 1
1048 316 0
1401 3997 1
3624 823 1
202 1150 1
3791 2436 0
1392 3401 1
1628 1938 1
3173 177 1
4439 2024 0
3537 1004 0
1585 618 0
2554 1036 1
2217 342 0
1392 2189 0
3499 1281 0
3900 2387 0
4471 2801 1
653 2101 0
1000 4413 1
1006 3227 1
3582 4288 0
1241 4317 1
1723 4433 0
96 866 0
2585 3332 0
4445 451 0
3554 1750 0
838 963 1
3045 4584 1
3783 4174 1
1858 1269 1
4128 2931 1
4924 590 0
2524 3286 1
1055 2827 0
2438 4742 0
3357 4757 0
969 2333 1
1590 1399 1
4551 212 1
3067 370 1
1553 424 0
2537 4077 0
340 2346 0
4534 2816 0
3249 1357 0
4780 3895 1
766 4088 0
1451 3926 1
2678 306 1
1392 1060 1
3834 3966 0
2941 3608 1
2669 2968 0
3551 1579 1
686 2069 0
4399 924 1
413 4504 1
4096 141 1
1402 1971 0
4944 3481 0
785 2814 1
2188 2405 0
2531 809 1
2098 3308 0
134 2431 0
2118 4647 0
3779 4820 0
971 3026 1
3076 999 1
2920 4277 0
1602 4210 0
383 4835 1
4905 2701 1
3723 4389 1
458 4771 1
4486 1527 1
2190 1620 1
1803 944 1
4270 4114 0
4248 4450 1
4751 2977 0
3109 218 0
1392 1254 0
4633 168 1
1392 971 0
44 3261 0
1813 182 0
1687 745 1
2886 3243 1
3005 3729 0
578 2216 1
85 2539 1
2168 556 0
2022 3526 0
3344 3641 1
2791 3605 1
1392 1607 1
1392 3801 1
3517 397 0
1282 4855 0
2201 799 0
1308 1929 0
4209 181 1
3663 228 1
1576 3314 1
1392 3447 1
1392 2194 1
2458 4089 1
1230 3740 0
3285 2869 0
4361 3587 0
943 2031 0
68 3023 1
2588 4309 1
1599 914 0
2471 2078 1
2869 2589 1
1242 2671 0
4303 3041 1
1113 2074 1
2714 307 1
1629 3297 1
2914 1180 1
1734 41 1
2027 4935 0
4665 3083 1
2202 3279 0
4853 2500 0
2256 1843 0
1627 3115 0
2965 1214 0
1531 4860 1
301 536 0
1766 3755 1
2179 2721 0
4263 4880 1
1889 4796 0
4730 3899 1
550 4974 0
4564 961 1
1333 4301 1
3614 1212 1
1963 2694 0
1107 1239 0
4676 2520 0
1158 2228 0
2889 1373 1
2377 35 0
3645 4616 1
3894 4581 1
332 384 0
4675 4872 1
1961 2061 1
3481 3299 1
4887 4165 1
4184 4941 0
1370 4697 1
2354 1587 0
196 2863 0
3162 3542 0
3917 4405 1
2903 1728 0
3266 769 1
77 3135 1
814 28 0
761 4604 1
2159 2676 1
3313 689 1
1968 4578 0
3282 2421 1
78 3399 1
1705 3706 1
4099 950 1
4684 1765 1
4089 4535 0
3265 1162 1
4410 4195 0
4871 2770 1
3145 1364 0
4876 3893 1
1984 3258 0
1392 1586 0
1079 2531 0
4225 496 0
959 927 0
662 1956 1
2863 2745 1
1392 3543 1
1248 3646 1
264 2175 1
23 3148 1
3431 1354 0
4664 3774 1
2367 3693 0
3129 1224 1
1392 4781 1
1532 3249 1
2685 3248 1
1320 3373 0
1392 4018 0
1868 2330 1
1855 300 0
4180 4175 1
1747 1697 1
126 1989 0
2001 3165 1
767 3644 0
1019 2956 1
3123 3040 0
3964 3031 0
2807 4667 1
3766 1710 0
1392 3311 0
121 4110 1
3653 987 1
1593 137 1
4135 4423 0
612 3581 1
559 2487 0
3814 734 1
3561 44 1
2454 380 1
669 1414 0
1792 3710 0
252 2712 0
1392 3236 0
423 151 0
4372 598 0
594 3505 0
4442 1058 0
3655 1977 1
2865 1142 0
931 521 1
1392 302 1
1392 1839 0
2453 3121 1
2068 2499 0
2417 1691 1
701 667 0
3954 2143 0
1392 1444 0
4967 2009 1
4996 3812 0
2043 2084 0
158 813 0
1392 4549 0
1392 1912 0
965 3795 1
3660 52 0
3905 3866 0
3782 2862 1
4765 3034 1
4828 198 0
1392 3193 1
1392 96 0
2518 1102 0
2686 4200 1
2848 3829 0
2525 2403 1
4238 435 1
1735 4958 0
1310 4681 1
1392 3806 0
1392 599 1
4118 3137 1
4114 3670 1
3875 2244 1
3798 412 1
1023 3714 1
2801 979 0
3039 65 0
222 3247 0
4481 1764 0
4441 319 1
4608 1009 1
4256 3439 0
2482 2534 0
3603 1127 1
2498 2397 0
3286 1305 0
319 1876 0
2040 4582 0
4219 908 1
1392 3692 0
1459 3444 0
4635 4471 0
4983 4274 1
1044 1719 0
3709 3492 1
4070 2140 1
1392 4156 1
1392 2788 0
4100 2133 0
816 1576 0
2851 294 1
4407 2434 0
769 4205 0
3064 3233 1
4177 4703 0
3169 3474 1
1392 1526 1
3398 2958 1
3212 1670 1
518 2325 0
504 2235 0
2634 1890 1
858 4760 0
2322 797 0
4992 32 0
2122 3220 1
3812 3310 1
1334 1617 0
3997 3855 0
1392 3982 1
4866 4793 0
4279 1528 0
4812 3984 0
3898 1376 0
3852 3797 0
1392 337 1
2509 4100 1
114 1787 0
1461 2075 1
3809 423 1
1799 3178 0
1016 3312 1
4908 3955 1
1207 2048 1
714 2679 1
1392 1741 0
2145 4111 0
2881 4550 1
3292 3287 1
2657 3342 1
2211 1091 0
3208 2081 0
1392 3385 0
1578 790 1
3971 2795 0
4625 2356 1
872 4844 1
4538 1025 1
3443 4066 1
1304 1439 1
107 2142 0
2797 755 1
4039 265 1
2829 4692 1
1392 4660 1
2429 2582 1
1034 345 0
3248 2596 0
4474 317 0
1033 243 0
797 2782 1
2862 683 0
804 4762 1
3713 1766 0
4136 3908 0
4462 2569 0
3351 864 0
4824 1666 1
2875 1309 0
1392 3547 0
1392 761 0
940 3443 0
1392 2223 0
1700 3574 1
1757 1798 1
1264 1407 0
4200 2070 0
1731 4852 0
3769 1028 1
1392 2493 1
4508 2550 1
2265 1013 0
3383 2895 0
3984 1492 1
3576 696 1
194 4355 1
1063 2579 0
859 2922 0
1392 2053 0
4198 978 0
4647 4546 1
3093 559 1
579 3414 1
2546 1701 0
1338 3334 1
1721 4244 1
1636 1405 1
1392 2226 1
2490 549 0
3055 2331 0
65 4996 1
104 1096 0
4050 2710 0
554 1695 1
4543 2951 0
3105 2072 0
812 2970 0
733 3357 1
2798 4936 1
2827 1610 1
2013 2942 0
965 1229 1
2771 1351 0
113 4459 0
27 1700 0
1176 1509 1
852 2332 0
4499 3483 0
1392 2287 1
280 1443 1
1882 4994 0
4185 4069 1
3672 1050 0
453 2732 0
4257 4884 1
4918 1352 1
1392 3566 0
722 1384 1
4147 2883 0
760 3213 1
1711 4340 1
2171 4009 0
1392 2391 0
1392 2507 0
4306 231 0
1760 3823 1
689 1168 0
4026 947 0
777 4170 1
4272 1544 1
3740 1423 1
1458 1451 0
1392 1498 0
9 3062 1
4469 3292 0
4546 4330 0
821 2990 1
1056 1337 0
948 331 0
1392 2380 1
2440 2613 0
2504 1693 0
620 2617 1
4826 4087 0
1392 2562 1
3868 480 1
1345 2674 0
1392 4522 0
1543 3607 0
1392 1315 0
4196 3826 0
1392 3412 0
13 1637 1
1392 4662 0
843 1350 1
2291 188 1
4204 3996 0
2364 3340 0
3594 851 1
292 1105 1
2430 2015 0
4951 1985 0
2670 493 0
2861 892 0
4998 4378 0
490 1589 1
4438 4057 1
3844 3650 1
952 1120 0
3015 1511 0
774 1754 0
4827 1388 1
1052 881 0
1053 3084 0
1222 991 1
1392 3058 1
325 1046 1
1392 2000 0
3760 2321 1
1112 2224 0
173 4465 0
1109 3591 1
4315 3522 1
2717 2978 0
4501 1143 1
2143 3799 1
1626 349 0
2806 1944 1
2419 1256 0
2890 1215 1
2400 3962 1
275 4981 0
3800 3048 0
1392 3651 1
1392 4071 1
1392 2239 1
4116 1675 1
2894 4814 1
2709 616 0
3886 4296 1
2614 390 1
2563 3703 1
4371 3377 0
4737 2724 1
4696 1253 1
4382 3242 1
4523 2435 0
756 4799 1
2250 1342 1
438 4688 0
2224 3288 1
1392 2972 0
906 2738 0
4229 4029 1
2753 4843 1
4309 1860 0
1273 260 1
3843 3068 1
1720 476 0
3100 577 0
1392 3427 0
323 3864 0
4914 3136 0
1392 1370 1
509 1604 1
1392 4399 1
1392 4976 0
3519 1673 0
1392 1873 1
4815 2810 1
4797 733 0
4447 1457 1
159 1951 0
317 3519 1
1931 3851 0
1146 1756 1
1290 2317 0
1392 1514 1
1336 108 0
1392 425 0
4019 2018 0
2042 2841 1
1779 2533 0
205 1006 0
344 4324 0
1596 882 0
466 3138 1
1819 3780 1
973 3235 0
3939 1852 1
1392 3803 1
2964 1447 0
256 2255 1
1289 4463 0
4470 379 1
1234 2381 1
1657 2369 1
752 3515 0
139 4178 1
2257 2986 1
338 1246 1
2860 4658 1
1223 1552 0
1569 4965 0
4595 112 1
3007 4809 0
198 780 1
787 3528 0
2808 404 0
931 3395 0
278 69 0
2155 1297 1
1748 455 0
4164 3700 0
4807 888 0
2119 104 1
1886 47 0
1419 4446 0
3735 4521 1
4283 1874 0
1500 2362 0
1455 2248 1
249 4874 0
3652 2149 1
1392 4137 0
2093 2113 1
4717 1155 0
510 2744 0
3969 3652 0
2079 3704 1
3404 3512 1
479 782 1
1392 2733 1
450 2681 0
4391 895 0
2004 4289 0
4402 1778 1
1383 2848 1
1392 2295 0
424 904 1
4049 2900 0
1846 4738 1
1174 2859 0
105 4106 0
1636 4252 1
2662 3956 0
4298 2673 0
484 21 1
4259 837 0
2772 1990 1
1392 4716 0
2446 142 1
1392 426 0
448 1392 0
2732 4366 1
3727 3634 0
3115 2191 1
3454 2655 0
441 3156 0
772 4730 0
1357 3467 1
387 3446 1
899 5000 0
535 2575 1
2951 3047 1
1782 4990 1
3488 2730 1
1392 3943 0
1392 2584 0
4574 3054 1
749 3757 1
50 1044 1
4531 9 0
3 1940 0
2075 3647 0
215 2232 0
2552 4743 1
1761 2817 0
4916 241 0
3743 970 1
4962 1314 1
1392 4207 1
4484 1569 1
2476 2675 1
1392 1694 0
687 2458 0
4852 3186 1
1561 541 1
3453 1981 1
3807 2115 0
3729 3228 1
2605 3516 1
1024 158 1
42 2532 1
1145 1327 0
755 1821 0
1392 3368 0
964 3989 1
4780 2392 1
1392 3229 0
4418 2209 1
1675 354 0
1669 2208 0
1236 2644 1
1065 636 1
1392 3102 0
2401 2040 1
1874 4992 1
4277 2963 1
4818 4659 0
3680 124 1
4685 1837 1
4411 3762 1
4780 1827 1
4868 4783 1
2195 4583 1
3737 56 0
4009 3684 1
2952 2308 0
24 2154 0
3155 1296 0
795 4358 0
2641 4157 0
615 2071 0
2653 4453 0
4420 1085 0
3196 184 1
4663 2116 0
2125 297 1
265 2271 0
1745 2659 1
2864 3028 0
4575 1126 1
493 518 1
646 3569 0
2451 3039 1
2615 1231 1
100 1288 1
391 771 1
647 3601 1
1784 2475 0
1027 2709 1
1914 3525 1
4494 2296 0
2939 4117 0
379 165 0
2567 2851 0
1392 2233 1
3116 3318 0
4593 550 1
14 1783 1
4968 4379 0
336 3107 1
3411 343 1
1171 2743 0
3425 3842 1
1993 885 1
2873 4678 0
3294 4094 0
1324 2702 1
833 153 1
1284 3119 0
1392 3264 1
1392 4620 0
3124 2564 1
2698 2953 0
3366 1011 0
3376 2559 0
1863 4745 1
3694 304 1
4421 727 1
742 889 0
632 2095 0
2786 4670 0
559 2352 0
1911 964 0
2390 3272 1
2464 3153 0
995 1609 0
1120 1773 1
1203 396 1
3205 4889 1
635 98 0
3386 11 0
241 4294 1
4285 4701 0
3400 336 0
4769 2002 1
621 3094 1
4174 2041 0
1392 4431 1
2236 483 0
3828 2707 1
3072 2595 0
81 602 1
1790 2853 1
1392 3814 0
2826 2357 1
537 3654 0
4932 91 0
4722 709 1
1220 275 1
4875 2615 0
661 1174 1
1499 1090 1
3999 2238 1
4133 829 1
4934 3022 1
2603 409 1
4433 1377 1
3883 2051 0
3077 665 1
2135 1295 0
1444 4232 0
4332 1272 0
4920 3418 1
4208 3489 1
1092 1440 1
4658 3030 0
1878 1176 0
4456 4509 1
3549 2563 0
1392 741 1
3955 3016 0
1672 4642 1
1392 568 0
942 1851 0
3300 4676 1
4922 4493 0
165 2215 1
2309 2145 1
832 4392 1
2708 4271 0
3423 4415 1
3857 778 1
289 4858 0
1732 1125 1
3942 1835 1
4087 1826 1
3943 3873 1
1392 3294 1
1392 3931 1
3204 1957 1
4999 145 1
1392 4520 1
4510 2619 0
4384 1249 1
254 3878 0
2575 1273 0
556 3546 1
1392 3432 1
1839 652 0
1900 1048 1
4980 2383 1
987 1038 0
3136 2465 1
1467 1529 1
1392 2540 0
3865 669 1
41 1279 0
3392 4612 1
405 4547 1
685 1420 0
1392 3715 1
931 3685 0
4618 3948 0
1105 760 0
182 2249 1
1198 1195 0
4376 1368 0
2802 1097 0
1335 1170 0
2297 1531 0
1870 3162 1
138 4539 1
3643 2961 0
4300 707 0
2226 364 1
3631 4182 0
3789 4108 0
824 497 1
4796 160 1
604 4080 1
4472 3972 0
1392 840 1
505 1203 0
236 4845 0
1283 2941 1
452 3589 1
3193 1078 0
1376 2323 1
3904 3461 0
4224 4538 0
2468 2630 1
2311 1794 0
1823 1733 1
538 3552 1
1125 4789 0
4345 1921 1
2192 94 1
149 2894 0
2052 3945 1
349 1680 1
745 2940 0
1400 2936 0
577 2020 1
887 3632 1
4023 3667 1
4627 2771 0
3853 4842 0
1449 3231 0
2871 171 1
675 4336 1
547 1722 1
2590 4261 1
3021 4964 0
4873 150 0
2840 842 1
2344 1758 0
3788 1287 1
869 1792 1
1712 4230 0
4093 474 1
3908 4496 1
3745 193 0
3189 2329 0
4148 3556 0
1303 2529 0
2420 387 0
4811 934 0
1392 4444 0
2937 3917 0
1296 1580 1
4231 2609 0
3876 1667 0
699 931 1
4783 3103 0
10 2280 0
1696 2242 1
1847 4304 1
263 190 1
3866 4481 1
2313 2372 1
1392 4187 0
2406 2293 1
1392 3805 0
2774 3108 0
2124 3949 1
4896 506 0
584 4212 1
1865 1859 0
1163 1948 0
3864 93 1
1392 350 0
855 3809 0
1392 2355 0
3304 203 1
1616 3189 1
1392 659 0
3916 1122 0
2499 2607 1
2541 3181 0
1392 3952 0
3305 4551 0
412 578 0
1392 1255 0
1392 136 1
1330 1992 0
4879 4326 0
4346 1943 1
1075 1080 0
3477 4441 0
447 1338 0
1392 1153 0
1746 3940 1
1413 4436 1
641 4488 1
57 4949 0
786 4421 0
1390 3411 0
4541 805 1
3487 4626 1
1263 710 1
2511 4576 1
1952 2268 0
4011 369 0
2505 1292 1
3821 4948 1
1438 1779 1
203 3909 0
3325 4247 1
1077 1878 1
3222 244 0
4282 2772 0
1392 1686 1
3052 3012 1
2642 4322 0
1692 486 0
2139 314 0
4960 1614 0
1826 2157 0
4250 2401 0
2442 803 0
2901 1228 0
2301 389 1
2803 1111 0
3352 3105 1
3233 3521 0
2859 553 1
3161 3712 0
1217 3859 0
221 3435 1
818 4284 1
3439 4572 1
2002 4719 0
3792 2035 1
1309 321 1
1392 3475 1
435 4759 0
1549 3325 0
2421 3579 0
3676 2823 0
2613 1571 1
3920 57 1
1625 4173 0
1005 232 0
1674 4652 0
3970 200 0
73 3176 1
4031 4679 1
4072 2204 1
2140 4825 0
2942 2425 1
1233 2016 1
986 3535 1
2752 754 0
2061 2621 0
664 2852 0
1392 739 0
503 4533 0
1392 2343 0
4669 1578 0
1306 4372 1
2059 276 1
4340 604 0
4240 2315 0
2396 3215 0
1392 2389 0
1951 175 1
2553 835 0
3495 3211 0
1367 3381 0
4834 3117 1
1098 135 1
4210 4203 1
1392 1559 1
2158 4975 1
39 2206 0
3708 360 0
3975 4206 0
2164 2259 1
2601 817 1
1834 3509 0
542 1478 1
988 3874 0
1704 3678 0
3754 3786 1
2045 1380 0
4226 148 1
3806 2785 1
901 1426 1
1392 3502 0
329 1378 0
916 3568 1
127 4297 0
1392 4074 0
560 1181 1
1118 3019 0
2351 3986 0
2161 4959 1
1024 2794 0
1392 2966 0
1395 3810 1
3182 81 0
345 3234 1
3525 1477 0
946 13 0
1427 2959 1
2321 4437 0
2015 767 1
3856 2176 1
900 4827 1
1856 857 1
358 716 0
853 3302 1
2277 4363 1
2689 785 0
2769 63 1
1224 1687 0
72 3092 1
890 994 1
4212 3754 0
2254 4752 1
3365 2647 1
427 702 1
2030 2663 0
350 1521 0
1088 140 0
2114 1361 1
1540 1167 1
4126 3789 1
3889 1022 0
2918 2722 0
2539 2716 0
3937 2363 0
1392 3649 0
1571 3697 0
3746 30 0
1392 1864 0
1392 4747 0
1392 284 1
3894 2077 1
1040 4507 1
3608 3113 0
2167 4390 1
622 2086 0
4207 2599 0
3675 4418 0
1272 2096 1
1422 3897 0
4237 2528 0
2249 1978 0
2621 719 1
2987 4997 0
983 1627 1
558 4115 1
2680 3922 0
2366 3371 0
2166 1209 0
511 648 1
4761 1274 0
181 3338 0
3661 2218 0
489 3359 0
2318 3544 1
724 1934 0
822 2098 1
1462 3226 1
1392 4217 1
3757 2257 0
1039 4811 1
2816 670 1
4307 681 1
2460 2251 0
4616 3618 0
1392 1346 1
4613 4225 1
1441 1959 1
1259 2482 1
4068 2045 1
1392 951 0
3090 3633 0
564 3637 1
1392 4268 0
2897 1335 1
1871 2407 1
2526 139 0
1392 3884 0
4985 3067 0
1042 2304 1
1623 4798 1
1214 624 1
4192 4458 1
4885 3500 0
1392 1333 1
4650 191 1
3372 545 1
4108 4062 1
3748 3821 0
2481 4515 1
1755 789 0
2170 3274 1
1842 274 0
1688 3985 1
1327 2354 1
2781 3160 0
1572 4893 1
417 1770 1
2340 928 0
71 3205 0
1393 3486 1
731 3256 1
1392 1857 0
3256 1077 0
2577 1398 1
3239 3911 0
2405 179 1
4768 872 0
1710 3419 1
1392 4934 1
3992 2481 0
4261 3471 0
707 358 1
3642 1702 0
3112 1196 1
4740 3610 1
807 572 0
660 2517 1
4596 4527 1
2910 2260 0
1524 2686 0
3367 2254 0
828 954 1
1392 239 0
4515 3374 0
1232 1008 0
1392 4368 1
1212 2087 0
3593 4456 0
931 1262 0
4314 4654 0
2215 3482 0
3210 959 1
1568 1310 0
1157 1248 0
4707 208 0
2749 4482 1
3895 2490 1
1621 2314 1
2955 4082 0
3665 656 1
4316 1996 1
1392 4065 0
4094 4264 0
4670 1573 1
1586 3224 0
4945 1924 0
4071 4038 0
3220 601 0
726 2477 0
931 361 0
3835 685 1
3520 217 0
4648 4449 0
4322 2592 0
4138 4709 1
4533 1158 1
2157 4282 1
303 4978 1
2470 2108 1
4897 584 0
1852 660 0
3797 2027 1
655 500 1
780 926 0
3037 1974 1
3049 1968 1
3463 1648 0
3721 774 1
4450 1172 0
2081 3021 1
1356 531 0
3168 3558 1
2173 1128 1
3712 4915 0
2280 2880 1
3183 2829 0
696 1818 0
4090 2666 0
1729 1717 0
3122 273 0
915 1459 1
2959 2542 0
1392 266 1
3307 948 1
3847 1709 1
1024 3364 0
3781 1448 0
1392 4320 0
3506 2243 1
4311 4557 0
403 3737 1
1392 3910 0
2747 4501 0
2198 2586 1
3492 1092 0
3033 4857 0
3252 277 0
585 825 0
38 4967 0
2672 76 0
54 3295 0
2958 3014 0
581 1446 1
4476 169 0
2624 1515 0
4388 283 1
1392 4512 1
4933 2518 1
4305 3407 0
492 86 1
95 2032 0
966 430 0
2055 1975 1
2655 3675 1
2029 515 1
3774 2603 0
2810 2597 0
1391 2635 0
1673 3657 1
1392 1098 1
2275 3730 1
454 4316 0
4287 3817 0
430 3005 1
3088 4891 1
4757 4987 1
3682 2278 1
328 4947 1
549 4988 0
3633 2014 1
4909 2828 1
2339 2109 0
3328 308 1
2858 977 1
2092 473 1
4336 194 0
1210 1781 0
3899 2755 0
3030 3347 1
4978 3266 0
2497 4505 1
1392 3745 1
1417 779 1
3053 1833 1
1665 998 0
1392 3430 1
634 477 1
3648 3564 0
3539 4139 1
3566 4707 0
4375 4194 1
540 4969 1
2940 1089 1
4911 3850 1
3190 159 1
848 2830 1
313 3981 1
1887 3861 0
1563 4902 0
626 1325 0
1562 4189 1
695 1704 1
1392 1070 1
1364 3120 1
4703 291 1
1881 4615 0
3420 2720 1
4509 1522 0
2765 1986 0
2074 4895 0
2695 2711 0
1392 3672 1
1794 4477 1
4491 3771 0
4358 3056 1
1392 1371 0
1119 2172 0
2565 3015 1
3001 2536 0
3987 2076 0
2062 2420 1
4076 4869 0
1715 765 0
2571 4348 0
3375 4585 0
2647 4962 0
1164 4761 1
4621 3720 0
2977 649 1
2370 701 1
3485 517 1
1432 1881 1
3006 4147 1
162 1803 0
4055 490 0
4496 2427 0
1836 1740 0
3409 3787 1
970 1094 0
3981 886 0
4318 1491 0
1392 1976 1
2795 2414 1
1544 1207 0
1738 3743 0
4719 632 1
3540 1891 1
1196 1696 0
2792 4427 1
2846 4728 1
4860 352 0
4667 596 0
316 2179 1
1392 4480 0
845 2824 1
482 4927 0
1456 3127 0
227 1313 1
1392 729 1
2478 2269 0
1392 1030 0
1583 2551 0
1363 2382 1
2616 355 1
1654 3341 0
811 651 1
2152 3200 0
2268 879 1
3261 408 1
4798 2112 0
2220 713 1
3644 1931 1
1392 4281 1
1392 3082 0
293 2680 1
2034 4492 1
3068 2855 0
4842 4646 1
3546 4633 0
3577 1308 1
2703 2297 1
4341 3050 0
3414 4769 0
1777 555 1
1745 3327 0
4780 1367 0
2076 2939 1
2113 728 0
1392 3291 0
3012 3921 0
3421 2203 0
3983 1252 1
1736 199 1
4273 4772 0
1392 3195 0
3755 4984 0
3032 3903 0
1634 75 0
975 4007 1
2080 4484 0
4804 1191 0
3377 3676 1
3263 3207 0
2958 4514 1
2661 1145 1
2228 2126 1
3838 1082 0
3810 3965 0
2345 1462 0
2617 3551 0
1054 4800 1
4092 1321 1
1189 16 0
4165 811 0
4630 2590 0
1482 1805 1
4215 1163 1
3132 758 1
3548 1227 0
141 1711 0
825 751 1
3086 2909 0
3689 1786 1
1457 495 0
4236 3837 1
4987 3204 0
1392 4739 1
1722 458 0
3011 3527 1
2997 1219 0
1636 1991 0
1348 1369 1
2200 852 1
3531 1455 0
3716 4107 0
963 1275 0
3597 4569 0
4352 1014 0
2016 2327 0
4900 2525 0
3350 1767 1
3472 1465 0
727 2052 0
1539 299 0
3507 236 1
4415 1473 0
2962 4105 0
4993 3077 0
592 818 0
1566 4424 0
3234 4075 0
4959 1430 0
436 4303 0
3710 2183 1
4413 2310 0
4044 3824 0
3980 1113 0
3734 3498 1
4857 2266 1
2885 2466 0
2569 1955 1
1392 2379 0
1392 1908 1
4385 1293 1
1392 752 1
4317 157 0
4780 1842 1
1256 378 1
1392 154 0
1353 4513 0
1201 2340 1
2963 1188 0
2704 3593 1
2185 1339 1
2115 726 1
2573 1762 1
2150 1804 0
3950 4058 1
4600 682 1
1682 4675 0
794 2871 0
2296 505 1
2909 3929 1
1772 1524 1
1003 4813 1
3595 2429 0
1100 3631 1
799 1425 1
1091 1834 1
1392 2929 0
1082 2902 1
4007 4049 1
4175 2341 0
602 3088 0
172 1849 0
2025 700 1
1733 3230 0
4112 107 1
1485 1479 0
4594 860 1
3106 248 0
1994 267 1
723 298 1
2812 4882 0
3410 1016 0
381 2665 0
3761 737 1
267 4191 0
563 2527 1
3923 2166 1
2658 4352 1
4566 2001 0
1598 1302 0
1392 1646 0
1392 1436 1
4643 2624 1
3346 3035 0
3345 2365 0
2304 2703 0
3347 1791 0
88 332 1
350 2231 0
3607 234 1
175 418 0
2463 4354 1
1392 3458 0
304 675 0
3070 1760 0
1518 4911 0
2495 269 0
2361 1801 0
4930 1083 0
3558 119 0
1460 115 0
4986 2687 1
4218 2034 0
4221 2374 1
4549 2028 1
32 4233 1
1392 253 1
2501 1930 1
4586 2882 0
861 1366 0
1392 4862 0
1392 3139 0
2070 4801 1
3752 4531 1
3104 1972 1
4691 2088 0
3101 2134 1
2209 4414 0
1026 4356 0
2443 147 1
2263 3818 0
4760 1247 1
386 2545 0
473 4470 0
3334 3212 0
157 2981 1
4239 2815 0
475 2349 0
4117 2413 1
3321 2230 0
1392 768 1
4132 1748 1
3260 4235 1
281 272 0
4451 3800 1
314 3880 1
1155 4746 1
1743 2263 1
1420 3184 1
530 118 1
1918 2288 1
1392 3995 1
3707 1213 1
415 2110 1
1423 883 0
3405 1134 1
2087 130 1
1697 3330 0
221 847 1
2919 4198 1
4066 4109 0
1392 2089 1
1781 224 1
2667 2919 0
1510 3988 0
276 4722 0
513 8 1
294 2167 0
930 1631 0
4579 1768 0
2375 1197 0
3990 1554 0
1147 2114 0
4997 3284 1
539 3971 1
2327 2916 1
2697 3281 0
3572 3485 0
4080 2578 0
913 1606 0
651 2811 0
4748 2796 1
2974 271 1
357 1438 1
1924 4605 1
613 1117 1
4363 2399 0
1366 2602 1
3059 1541 1
3481 2335 0
3840 1822 0
1392 1179 0
4423 4708 1
4167 4630 1
682 3061 0
1314 538 0
4111 2438 1
2593 1965 0
1392 3776 1
1169 3888 1
1226 3459 0
4429 638 1
2591 116 1
1154 693 0
954 4490 0
1896 1582 1
4801 4359 0
3528 3701 1
1106 1232 1
3697 1886 1
163 824 0
1439 4824 0
1062 4047 1
3227 1453 0
3319 833 0
4883 974 0
600 1651 0
2300 678 1
2905 3642 1
348 575 0
4521 1291 0
1392 1560 0
3932 4966 1
1037 4150 0
999 4211 0
3650 4030 1
4903 3416 1
2671 846 1
466 166 1
2577 4241 1
2961 4186 1
2651 4673 0
114 4879 1
1992 3219 1
3035 2168 1
2957 2661 0
2435 3545 1
2136 4002 0
3667 565 0
3066 2497 0
3141 1962 1
709 3260 0
2456 1563 1
3896 576 1
4698 594 1
1601 2933 1
1152 1276 0
920 4033 1
4105 508 1
583 4472 1
1491 4361 1
2804 4632 0
4724 921 1
3647 2928 1
829 3760 0
4557 1596 1
2105 2789 0
1776 2633 0
750 3400 1
3874 1911 1
259 3746 1
334 4651 1
1392 1875 1
308 4103 1
1956 4570 0
4755 4360 1
2755 4026 1
4047 3847 0
3912 4830 0
996 3681 0
3198 1671 0
1392 905 0
3717 2516 0
1392 3616 0
169 1161 1
4752 3882 0
4504 4468 0
4677 301 1
282 2342 1
2815 4970 1
4794 1543 1
3944 4839 0
3690 1283 1
1392 650 1
28 757 1
1876 3941 1
1638 1417 0
1392 1496 0
1448 4140 1
1399 2714 0
1884 1286 0
545 2402 0
2475 3497 1
2356 4503 0
1131 42 0
3235 1626 1
3885 3130 1
570 230 0
1372 2240 1
808 2600 1
3677 3611 0
4235 282 0
418 31 1
1392 2270 1
1392 2320 1
4694 2800 1
2057 3782 0
1392 1159 1
2353 503 1
1392 4486 1
1641 2976 1
1229 1645 0
1554 504 1
2393 551 0
4886 4498 0
1250 163 1
2210 2367 1
422 2459 0
4692 499 0
1392 1954 0
1801 4407 1
3218 1204 0
120 1402 1
274 4782 0
4859 3394 1
1238 583 0
2600 2359 0
4780 1906 1
1979 3752 0
2273 2309 0
2682 484 0
2047 4523 1
3119 2784 1
3181 2760 1
3928 4624 0
2599 1650 0
2936 2177 1
1819 893 1
1745 2574 1
1885 2060 0
4425 897 0
582 1018 0
4973 2965 1
3097 3169 0
486 2697 1
1392 4027 0
218 1502 1
501 4595 0
3790 988 1
3455 2019 0
3933 3072 1
3989 2199 0
2758 287 1
4785 470 0
1392 4385 0
1489 2573 0
2730 2008 0
1437 4932 1
2452 2385 1
2187 1277 1
1967 4381 0
4964 2803 1
2716 1935 1
455 1643 1
575 4224 1
791 4291 0
3117 1605 0
404 1175 1
11 2160 1
1347 941 0
1832 2054 0
1392 1619 0
1442 1772 0
2181 485 0
353 1987 1
1612 993 0
1038 4649 1
1392 4685 0
4624 982 1
1080 2885 1
3491 2410 0
955 3798 0
2331 3477 1
2365 646 1
2876 79 0
112 4643 0
3701 4802 0
1416 1784 1
3441 1936 1
3571 664 1
4745 328 0
4623 1534 1
4245 3508 0
823 969 0
1380 2494 1
2051 4989 1
945 4276 1
4449 919 1
3358 3323 1
1392 3796 1
3941 2446 0
1392 4201 0
4016 4791 0
4773 4689 0
3497 3036 0
4528 2553 1
917 351 0
16 1411 1
971 3594 1
3621 2347 1
1392 2111 1
2310 1963 1
1291 113 1
2180 4078 0
2515 1889 1
790 3275 0
1995 1958 0
2535 1233 0
3881 2587 0
3236 4312 0
1392 610 0
3363 4223 0
2883 3001 1
4115 2451 0
1492 3596 0
1392 2279 1
1392 1879 0
703 222 1
629 3560 0
3722 242 1
3771 127 1
79 3648 1
2095 4287 1
1368 2818 1
4814 1698 0
3553 4044 1
2112 2067 1
3020 724 1
3079 1499 0
2014 1993 0
1842 2646 1
4552 1401 0
1365 546 0
2484 1545 0
1392 1964 1
3787 280 0
1041 2698 1
3536 1024 1
1392 1403 1
4969 19 0
2247 290 0
4693 1183 0
2580 939 0
922 916 0
2267 3825 0
3929 1564 0
4681 1220 0
3738 1716 1
1392 1165 0
3799 4720 0
297 3393 1
2424 1518 1
21 2161 0
2314 4430 0
4784 3932 0
1706 4786 0
1392 2214 0
2969 2735 1
1817 4666 1
2206 1034 1
4013 2779 0
534 2217 0
1392 534 0
354 4475 1
4293 3473 1
2290 2303 0
2066 2205 1
3010 2932 1
419 2426 1
191 750 0
1649 2526 1
2821 4937 1
4467 259 0
4029 1782 0
719 1565 0
1392 3238 0
1488 2628 0
1565 3285 1
4895 1390 1
3605 3624 0
1392 339 1
939 305 1
877 1519 1
3824 1969 1
4606 2501 0
1392 2577 0
1973 1838 0
2721 1808 1
668 804 0
4265 4455 0
2559 1882 1
1534 677 0
854 3090 1
2834 3969 1
4083 4749 0
3503 3939 0
1525 452 0
2818 2700 0
932 2552 0
3142 4871 0
212 2338 0
2983 4357 1
1809 3125 0
2026 4563 1
3395 4152 0
4562 996 1
1426 4832 0
2285 1593 0
20 4293 0
2439 10 1
1161 4134 0
934 4560 1
2222 4273 1
3080 110 0
2828 614 0
397 2386 1
1575 3110 0
888 3845 1
977 2100 0
1392 1915 0
2003 2448 0
4502 1485 1
4000 4606 1
2394 2515 0
3855 2692 1
114 1892 0
309 3006 0
2971 1135 1
3753 2881 1
1570 1663 0
630 3819 1
1278 174 0
1392 1898 0
2007 3900 1
4644 4710 0
3947 2610 1
4251 73 0
1392 3336 1
2702 3337 0
4211 4566 1
1392 1306 0
1392 2650 0
290 2752 1
1021 1577 1
3290 4411 0
1195 3379 1
591 4487 0
3446 4641 0
3110 4377 1
271 3885 0
4957 4043 0
4082 4081 1
1407 3126 1
3623 1463 0
2467 673 0
3687 1383 0
1010 2627 1
1392 3101 1
1377 4112 0
3965 830 1
521 1404 1
2805 1471 0
596 2759 1
434 2585 1
783 3923 0
4154 1218 1
4762 4101 0
1425 4794 0
3041 1737 0
1986 807 1
4359 3548 1
3444 3853 1
2982 34 0
2684 2390 0
1513 3239 1
1392 2299 0
4759 1865 1
3164 2608 1
565 4321 1
4119 3520 1
2932 2601 0
1392 1095 1
1067 1726 0
1392 3820 1
4373 2187 0
889 3977 1
500 2837 0
2745 2227 0
370 4435 0
2742 4695 0
3436 45 1
624 185 0
1392 2845 1
1977 731 0
315 3554 1
368 1661 0
3353 3578 0
1392 2453 1
1724 3930 0
3822 1575 1
2720 2915 0
1046 4665 0
4339 249 1
53 4016 1
1392 4765 0
4917 1141 1
4827 1771 0
1392 461 0
754 4295 1
1465 1602 1
4721 100 0
1392 1916 1
1150 391 0
3320 3822 0
3895 3588 1
1317 3452 1
2904 1074 1
840 122 0
3031 3171 1
3921 666 1
1202 627 0
1257 1424 0
2579 4774 1
2073 4497 1
2021 3830 0
3978 2840 0
3862 2120 1
1392 4890 0
4863 3802 1
4396 3927 1
2822 3687 1
4709 4637 0
2019 1536 1
2169 2068 1
232 1223 1
3634 4369 1
426 4208 1
1999 4896 1
1392 1435 1
2223 2736 1
810 2798 0
4948 4098 0
2737 3335 0
333 2809 1
2450 2910 1
3630 1086 1
1661 806 1
3759 595 0
3706 4347 0
4453 2751 1
1725 4299 0
3890 2504 1
1547 3363 1
4715 240 1
3776 3946 1
4511 4013 1
1787 2991 0
1810 1052 1
4109 949 1
3274 2471 0
1392 4166 0
1392 3716 0
1392 4931 1
4539 195 0
4942 4213 0
1643 3963 0
1101 77 0
1888 4849 1
1957 4859 0
2631 2138 0
3772 4706 0
1281 1124 1
1297 3775 0
464 2654 1
842 1925 0
3720 1147 1
3002 1169 0
388 1623 0
468 836 1
4605 3918 0
425 2964 0
3283 4892 1
3215 874 1
2072 3555 1
372 4118 0
1392 2148 1
231 4942 1
3610 3053 0
1392 3914 0
1867 4524 1
4705 4096 0
4216 3721 0
697 3621 0
1928 3091 1
114 401 0
4590 2887 0
1589 4394 0
1392 907 1
1392 4193 1
1934 3936 1
125 2554 0
60 2264 1
1392 1002 0
618 1131 1
1658 4135 1
3693 4590 1
4684 3705 1
1066 3793 0
2387 3838 1
330 3794 0
1193 3576 0
1392 3698 0
936 3350 0
3118 4416 1
1392 4926 1
3703 2195 0
1111 2285 1
1814 920 0
385 4461 0
1367 2151 1
4727 4634 1
3038 2544 1
3922 3100 1
639 2874 0
2385 18 0
4808 3356 0
1012 810 1
874 85 0
246 2773 1
876 2727 0
3147 611 1
4777 3511 0
4634 4613 0
4223 1355 1
3209 1983 0
2341 1723 1
997 900 1
1072 887 0
4975 1847 0
1917 465 0
3214 403 0
1769 4694 0
2486 4517 0
2713 1658 0
4746 1535 0
1099 1825 1
1805 1961 0
2067 245 0
4207 143 1
1392 4485 0
4845 3585 1
3382 121 0
4786 1431 1
1392 4227 1
863 657 1
1904 2750 0
2978 3143 1
1480 2289 1
1392 2219 1
1392 2058 1
4350 2396 1
3513 4767 0
4464 2207 1
502 1434 0
1392 4763 1
4052 4756 0
3767 109 1
3063 4426 1
287 1688 0
160 4162 0
919 1718 0
2124 4084 1
4906 1079 1
949 2588 0
4357 1057 0
2677 3472 1
4032 637 1
2177 4179 0
483 537 1
1276 3223 1
1501 3469 1
4772 3188 1
1925 488 1
1392 2212 0
614 2201 1
4386 491 0
4262 1493 1
4057 4625 0
1612 25 1
3125 4285 1
2153 4010 1
1156 1069 1
1818 912 1
3588 3785 1
3213 2056 0
671 4169 0
3521 2594 1
297 884 1
2581 2468 0
2604 3586 0
2784 1270 0
3293 2684 1
374 4034 0
4473 3603 0
1392 2474 0
958 3881 1
4779 1581 0
3295 83 1
390 456 0
1392 2384 0
678 3372 0
439 1672 0
1392 3476 0
3730 3592 0
4928 3134 0
2123 2030 1
4034 4239 1
4990 4940 0
3516 1744 0
3144 762 0
3635 2821 0
3594 4076 0
3419 2159 0
3270 3617 0
3974 3584 0
3544 3892 0
4383 131 1
2611 530 0
4519 2130 0
1333 3673 0
2694 4618 1
788 850 1
1392 3201 0
463 1588 0
2203 1171 1
1392 4910 0
2612 1504 1
156 3164 0
4846 431 0
2261 385 1
3152 3454 1
3437 738 0
3508 2508 1
1667 4404 1
1795 4778 0
1635 4921 0
1392 4684 0
1537 1654 1
1392 3303 0
2427 2344 1
456 4373 1
89 66 1
1215 992 0
1615 303 0
3279 2944 1
4429 2511 0
1592 219 1
2907 655 0
1535 4246 1
3622 2826 0
2888 772 1
3207 1365 1
3094 2954 0
4529 1840 0
4742 1242 1
4330 1189 1
3120 2904 0
3534 3453 0
2414 1031 0
4159 22 1
1716 1054 0
1342 1445 0
130 1550 0
2857 4119 0
1740 4177 1
607 146 0
3065 2469 0
3991 449 0
3193 15 0
3529 1789 0
1173 3731 1
3657 4953 0
3670 2749 0
4770 2570 1
4649 1130 0
1939 1268 1
2562 1660 1
933 1152 1
4378 2136 1
679 558 0
3143 3465 0
178 4864 1
3684 1201 0
1392 4755 1
190 2006 0
1392 2418 1
548 4519 1
168 2079 0
2176 1304 0
2363 1257 1
3625 3523 1
1090 2210 0
672 3263 1
4953 4168 1
3174 2313 0
1396 2657 0
3744 3756 0
4081 1501 0
245 2441 1
2281 416 0
4657 4629 0
4127 1884 1
953 310 0
2295 1597 0
4607 1144 1
2286 1932 0
895 4408 1
3832 1225 0
1476 1807 0
1392 3580 1
4741 1640 1
523 2495 1
713 715 0
4151 4768 1
3255 1967 1
2137 3964 1
2244 2424 0
2530 2664 1
3863 938 0
2652 4797 1
979 2147 1
1656 2799 0
4347 3326 1
1663 2519 1
1192 3480 0
2519 841 0
3482 4004 1
69 348 1
3448 3142 1
1160 2059 0
2578 3268 1
400 2762 1
3741 3788 0
3137 4315 0
179 4564 0
4941 4420 1
989 192 0
2410 4495 1
1637 4403 0
4443 2139 1
1855 2443 0
3245 910 0
1299 213 0
2360 3203 0
643 873 0
1392 1745 1
2619 527 1
2063 2896 0
2441 828 0
875 973 1
1392 1584 0
4335 3245 1
1522 946 1
3075 3008 1
4181 2489 0
1548 1319 0
1617 2742 1
30 859 1
1985 2726 1
623 1206 1
1392 4365 1
2688 1793 1
3619 2460 1
4290 2677 0
1636 990 1
998 4699 1
3629 4554 1
2494 1151 0
3728 4333 1
676 2290 1
2986 3450 0
3671 3462 1
4448 3852 1
2488 3154 0
4416 878 0
2413 3344 0
4069 2123 0
1942 1467 0
1392 2632 0
4308 571 1
4214 419 0
605 4526 0
66 3722 0
2426 3857 0
1564 3839 1
1859 2847 1
3000 4491 1
4322 2842 1
3527 365 0
1392 4574 1
4615 2843 1
4839 1449 1
1392 123 0
2793 3627 0
174 1618 1
3450 4454 1
221 4729 0
1463 2699 1
961 67 0
433 795 1
4049 3246 0
3359 2274 1
3936 3577 0
4247 359 0
2879 4300 1
1392 1901 0
1359 4592 0
2461 957 1
1679 4897 1
2193 1192 1
3559 2265 1
4708 672 0
4577 3865 0
1253 3613 0
2534 1347 1
1392 528 0
396 459 0
4684 2734 1
938 4275 1
1392 176 0
2529 955 1
4199 3951 1
4018 844 0
2056 4240 1
3777 2898 1
4766 3122 1
1392 58 0
3555 4850 0
4829 3970 1
1392 2398 1
321 4553 0
3467 3575 0
2383 3114 0
941 4005 1
1392 4041 0
3259 428 1
2278 2777 0
782 4248 0
4157 1749 1
1392 773 0
3473 1747 0
3988 447 1
351 743 1
97 740 1
2425 2476 0
3250 1537 0
4037 3559 0
1392 3470 0
3206 4775 1
673 3070 1
1350 48 0
3150 2754 0
4191 1799 1
1958 1979 1
2303 4251 1
1240 2011 0
1392 1721 0
4232 1608 1
2496 2864 1
4559 3600 0
4840 4386 1
2412 4102 1
1392 3770 1
3601 3583 0
1392 1216 1
2582 420 0
3199 1349 0
211 3761 0
4991 2583 0
1103 4148 1
536 4812 1
1508 4122 1
3902 3144 1
2583 4254 1
3416 3886 0
3606 1905 0
680 3907 0
541 634 0
4412 3170 0
2480 3915 0
4403 288 1
1392 849 1
1392 2409 1
3532 4218 1
4289 940 1
3343 3614 0
4971 1344 0
3640 439 1
4172 1752 0
460 443 1
3844 17 0
239 2706 1
1392 718 0
2023 2462 0
1305 4822 1
2415 3098 0
4578 3860 1
2319 1454 1
3570 2614 0
4275 4608 0
4390 4671 0
255 1217 1
1031 2997 1
2825 532 0
4487 4290 1
3288 3656 0
1768 2488 1
1392 764 0
4253 2888 0
1086 2860 0
1392 87 0
3778 1917 1
4893 2618 0
2725 1324 0
4835 3875 0
1392 2757 1
914 1960 1
1302 3503 1
1392 4121 1
3085 237 0
4894 3764 0
86 1104 0
1392 1907 1
793 4991 1
1655 3066 1
4005 918 0
462 2155 0
1520 4032 0
3044 1547 0
1440 1418 0
4687 1815 1
4329 453 1
1844 3017 0
3237 49 0
1392 3202 0
2690 4650 0
2144 4382 0
1392 3993 0
3073 4957 1
1205 2878 1
257 2546 1
2799 1888 1
1392 3691 1
4389 4829 0
1392 4726 0
1392 3904 0
882 3702 1
3384 703 0
1392 3718 1
4370 3912 1
1642 4837 0
3509 2625 1
22 2193 0
4006 1739 1
442 3491 1
1392 3355 0
1252 2007 0
1974 366 0
3095 1759 0
3504 3240 1
1 1548 1
3462 1177 0
1398 544 0
2172 4901 1
4884 1059 0
1580 831 0
1466 1372 0
1414 2950 1
3131 4063 0
3126 377 0
2748 1053 1
4921 3421 1
1331 653 1
2101 3549 1
4477 4022 0
2899 4445 1
40 1138 1
1392 2660 0
1060 4816 1
2994 357 0
3764 2728 1
631 1486 0
1988 4664 0
2465 1259 0
82 607 1
2811 4916 1
1969 1982 0
4789 4751 1
2874 4216 1
1891 227 0
1392 2925 1
1475 4341 1
3592 3957 1
2316 1003 0
432 4887 0
3716 2967 0
2998 2792 0
1920 334 0
1408 4127 0
8 3405 0
1546 1774 1
688 4037 1
3074 388 1
1085 2930 1
1497 3640 0
291 12 0
1536 2766 0
1392 4001 1
2831 2065 0
4310 264 0
4553 3351 1
1385 3428 1
1032 149 1
177 1939 0
3178 1813 1
3567 4906 0
3909 3007 1
1392 3069 0
416 4717 1
4572 2091 0
4758 4346 0
2091 753 1
1998 2478 1
410 1995 1
1978 4828 1
1701 1123 1
1392 2912 1
2436 679 1
1392 3844 1
846 2300 0
1691 3856 0
3879 3025 1
1392 2561 1
957 3147 0
3339 776 0
1392 1844 0
144 1776 1
3530 781 0
1344 2812 1
2012 1081 0
3906 3382 1
1758 4691 1
3176 3619 0
1640 4734 0
445 2747 1
708 967 0
1392 3289 1
3184 4263 0
1392 101 1
1211 3772 1
1698 4090 1
3247 876 1
1187 3567 1
496 3298 1
1392 2642 1
4530 3723 0
437 2302 0
2186 2690 1
2085 1952 1
2992 635 1
2330 1416 0
879 256 0
3850 3241 0
4927 4561 1
2208 372 1
2911 2144 1
4940 798 1
1392 1503 1
1975 4093 0
2722 281 1
2849 647 0
2386 1035 0
566 3727 1
4393 2804 1
3650 956 1
1392 1251 1
3483 4848 1
2833 4899 1
1848 2220 0
4355 3300 0
4077 71 1
4325 3361 1
4125 2181 1
357 980 1
1137 2920 1
2178 3726 0
1108 985 1
237 2907 1
1816 4188 1
3438 1566 1
4684 4544 1
1392 4599 0
3315 2234 0
553 603 0
1392 3167 1
4583 2200 0
3061 1488 1
1392 2741 1
4750 3002 1
3773 3550 0
2362 4995 1
2734 126 0
3628 2962 1
392 4836 1
1392 3732 0
3356 4914 1
376 3185 0
1392 2819 0
2490 129 1
4079 3694 0
3268 877 0
1392 189 1
4377 440 0
4749 1391 1
2031 2893 1
2893 3658 0
1843 2805 1
3842 2449 0
860 2122 0
1392 3146 1
4063 3660 1
305 1595 0
1990 4006 0
4102 322 0
3418 1880 0
2813 3783 0
3449 943 1
67 2004 1
3226 3891 0
1515 2292 1
118 566 0
3700 3376 1
2372 1385 0
4809 2021 1
1355 3038 0
2213 4607 0
4559 3206 1
3258 3901 1
881 2604 1
2485 3849 1
4598 4128 0
425 1316 0
1506 936 1
744 2186 0
1605 786 1
610 4286 0
2378 562 1
3646 2025 0
982 2992 0
3242 1108 0
2 3333 0
498 612 0
2218 1933 1
3870 36 1
967 4721 1
4269 4344 0
2258 2867 1
3302 722 0
1182 543 0
1280 3699 1
1020 580 1
531 2082 1
4565 4132 0
3225 3724 0
4548 574 1
4937 4711 0
2276 1922 1
311 4302 1
1840 608 1
533 371 0
4419 942 1
1703 2253 0
3681 4256 1
561 2872 0
666 569 0
4461 4141 1
1141 2406 0
1362 1705 0
1855 1265 0
516 3669 0
2298 4476 1
3271 2836 1
2388 2180 1
4452 2416 0
974 3779 1
1392 1110 1
4323 3182 1
1392 4559 0
2627 3166 0
1880 582 1
2174 1284 1
150 3214 1
3298 1746 0
2108 1732 0
4497 4396 0
2530 1909 1
2950 2560 0
2336 3749 1
4899 777 0
1822 4237 1
2635 4184 1
1392 3426 1
2777 1706 1
4354 2996 0
3036 3315 1
1186 1202 1
2766 422 1
3732 3251 0
466 3742 1
1392 3045 0
1392 654 1
1392 3060 0
2064 1868 0
3273 2281 1
1927 1019 0
2196 3183 1
4567 2445 0
3550 4971 1
1392 2094 0
4767 3262 1
868 2985 1
1824 1266 0
184 1877 0
3272 261 0
2780 2104 1
122 2522 1
1943 2780 0
1392 995 1
4720 1148 1
3775 1258 1
3219 3835 0
2264 4159 0
2520 706 1
1392 1244 1
4222 2473 1
640 4838 1
1392 4638 0
1588 4682 1
3846 2121 1
1239 2808 1
3403 4998 1
2668 3992 1
2163 2503 1
4674 2169 0
1197 4883 1
1798 4443 0
3140 4945 1
3451 4226 0
2674 2165 1
2328 3518 0
4231 4161 0
4505 1020 0
470 1484 1
908 3524 0
4190 2905 0
4571 3532 0
2517 3683 0
1783 2370 0
2416 326 1
1183 4787 1
223 1375 0
836 1432 0
4788 313 0
1315 3093 1
789 3733 1
512 2938 1
269 3562 1
99 225 1
1049 463 1
3172 645 0
4060 2256 1
4073 4236 0
459 1809 1
365 520 1
1307 3003 1
1478 1542 1
1392 3301 0
3429 759 0
2232 4788 1
1392 4516 0
2568 346 0
2333 1685 0
2121 3232 0
3659 2668 0
3360 3221 0
12 1356 1
944 1260 0
4780 981 1
4129 4819 0
2283 3387 0
4847 1513 0
3934 4409 0
2371 2911 0
90 1039 0
1392 3296 1
346 3320 1
3673 3690 0
2814 4024 0
820 770 1
3620 2725 1
4284 3868 0
3228 3828 0
702 2506 0
192 4371 1
4369 3645 0
4394 4555 1
586 1062 0
2416 4163 1
4186 756 0
1854 4425 1
2235 216 1
1517 1026 1
3089 4930 1
2082 2629 0
2984 1345 1
1007 690 0
270 4840 0
3310 793 0
3223 4447 0
3878 4663 1
2727 2645 1
495 922 1
35 4478 1
4734 2695 1
2422 2652 0
2850 3836 1
171 3682 0
738 132 1
2783 2948 1
2640 1848 1
4518 1856 1
1392 1551 0
1495 4894 1
1410 4924 1
3658 3085 1
4071 997 1
2605 235 0
1579 923 0
1919 3867 1
247 2047 0
140 437 1
2049 4438 0
3469 2312 0
1311 4280 0
1702 1386 1
1610 4907 0
4342 1311 1
4313 2042 0
4208 4929 0
3018 1 0
2773 2797 0
1656 4532 1
1386 2373 0
1392 4698 0
4058 4138 0
488 4064 0
4178 1621 0
3586 1997 1
1068 323 1
3148 620 0
3679 855 1
4791 1487 1
3408 853 0
3008 4541 0
1683 2983 0
1676 1331 0
4952 2408 0
2931 2820 0
4977 1093 0
2654 3013 0
3330 937 1
1326 688 0
1574 1668 1
3867 3925 0
3494 4920 0
1820 3916 1
1392 3674 1
1392 3599 0
3753 279 1
2970 2669 1
1009 1508 0
3953 3947 0
1541 399 0
3253 4327 1
1266 1017 1
3134 4190 1
126 4 0
1905 38 1
4243 3604 0
1122 3609 1
2789 1464 1
2726 3961 0
2921 563 0
4446 3791 1
331 1980 1
1493 4116 0
4753 1863 0
4217 4374 1
3826 3208 1
1321 4017 0
1470 2284 1
3399 3488 0
2933 4219 0
1096 1625 1
2448 4283 1
2870 2960 1
2839 1635 1
1392 2892 1
47 3128 1
2666 2135 1
1124 554 0
4417 156 1
1936 579 0
4984 1681 1
4246 4933 0
2084 2360 1
1707 4938 0
3831 4753 1
1793 2158 0
1094 591 1
898 3466 1
1392 1897 0
1750 3606 1
261 4028 1
2238 3397 0
1392 1389 0
610 3514 0
684 4904 1
4015 1866 0
865 4180 0
699 2994 1
1825 1871 0
2400 2337 0
1392 4439 0
1666 3507 0
1392 2125 1
2054 2696 1
2916 2746 0
2877 4669 1
2500 4085 1
1754 2361 1
1392 1775 1
2221 4727 0
1177 4255 1
2088 3252 1
2403 3653 0
119 6 1
4137 2480 0
226 3833 0
1392 1318 1
1450 2258 0
1235 196 1
4700 155 0
3893 255 0
2700 3437 1
3907 2535 1
2160 1109 0
2399 1973 1
3103 4785 1
2096 2678 0
1392 487 1
2437 1107 1
3961 2767 1
773 524 0
1948 2316 1
1980 3442 0
98 3222 1
4071 330 1
94 3854 0
1392 1516 1
3699 3612 0
2491 3615 0
4334 1854 0
2636 2861 1
4266 2456 0
4974 4993 1
4406 1208 1
4823 1649 0
2681 917 1
1127 723 0
1208 2298 0
3927 4542 0
2577 4050 1
4280 3928 1
597 95 1
2884 2213 1
4140 433 0
133 3689 0
1651 4579 1
3275 2118 1
1392 1953 0
1552 4530 1
746 2756 0
1262 1903 1
3669 1282 1
4877 1222 0
1392 4841 1
992 4823 1
84 1043 1
1270 4568 1
3188 1846 0
2692 3424 0
2006 4432 1
1392 2605 0
285 730 0
1838 4573 1
1785 4619 1
658 20 1
1530 4808 1
4573 826 0
1545 3380 1
2503 82 0
2676 552 0
588 373 1
3793 2211 1
4513 3383 1
3297 4986 0
1972 3792 0
3050 3218 1
4500 3010 0
1392 4944 1
2489 3872 1
3596 161 1
603 792 1
4704 2196 0
1392 4806 0
4155 70 0
4919 2775 1
815 3049 0
4699 822 0
3160 2980 1
610 1064 1
3027 1360 0
1036 99 0
1206 1300 0
3349 2765 1
2477 976 1
129 2943 0
4627 4851 1
2540 4754 1
806 2291 0
2787 4713 0
224 3283 0
200 3815 1
4988 4764 1
185 1400 1
1013 4097 1
4042 3846 0
552 1442 1
2693 4266 1
3683 2245 1
737 4750 0
2011 2653 1
3240 3434 0
1392 2612 0
440 3267 1
3578 1460 1
1298 257 0
4098 1114 1
3200 819 1
3361 4035 0
2927 902 0
3232 4499 1
494 1872 0
4053 445 0
968 2651 1
475 2973 0
2444 133 1
2622 1592 0
628 4598 1
2100 3445 1
1409 1116 1
1392 2949 0
1392 4072 1
1392 97 1
2532 945 0
3490 1669 1
2008 4866 1
4714 816 1
277 1056 1
1144 1523 0
1392 376 1
935 4253 1
225 4810 0
886 3987 1
4434 1895 0
1584 1902 0
2944 3896 0
1294 2275 0
262 1947 0
507 2267 1
1392 311 0
4736 251 1
497 2276 0
3387 3389 1
3977 4888 0
4482 3831 0
796 1394 0
751 3076 0
2146 617 0
885 3625 0
1323 3628 0
1392 186 0
1558 3661 1
1392 4222 0
1369 2128 0
266 3869 1
1076 736 1
2338 3158 1
273 742 1
1664 2184 1
4958 2567 1
2408 2322 1
3758 2715 0
2830 1199 0
474 2877 0
2576 2437 0
4012 3455 1
4338 1099 0
3465 4881 1
1677 4031 0
1392 4123 1
3154 1476 1
2759 4383 0
425 862 1
642 4744 0
622 4460 0
238 2558 1
242 2164 0
1774 1628 0
4435 3495 1
4527 1629 0
3750 561 1
3560 209 1
2358 1678 1
1935 3902 0
75 1594 1
216 1470 0
229 2778 0
1011 414 1
260 694 0
1392 1507 1
3668 2787 1
1115 3876 1
4821 2870 0
83 4903 0
2595 2927 1
4970 2688 0
31 2833 0
2596 3975 1
1228 3087 1
214 1101 1
4401 3539 1
2880 1540 0
4686 1235 0
4913 4345 1
2683 4467 1
1329 4631 1
64 3934 0
1392 61 0
4744 3736 1
4907 2637 1
3156 4053 1
4725 1599 1
248 2345 1
4982 3553 0
1767 1010 0
1802 197 0
2960 2844 0
2312 3378 1
3194 3409 0
3948 4305 1
3678 2003 1
1325 1230 1
3566 1850 0
2981 513 0
3284 1572 0
2147 692 0
2763 407 0
4560 1480 0
3236 262 1
2990 4696 0
2778 1984 1
1405 4905 0
1392 4508 1
4810 2442 1
2844 3390 1
217 3978 1
3656 39 1
1392 180 0
3206 3887 1
2252 4653 0
2891 848 0
145 3906 0
425 2764 1
1392 712 1
3071 1363 0
2466 2375 1
4414 54 1
4874 2541 1
1392 2107 0
4459 3217 1
4532 3456 0
3406 4153 0
2902 3750 0
375 1015 1
1129 933 0
3083 3180 0
3673 1862 0
3696 619 0
1116 2305 0
4131 1810 0
1178 4310 1
4585 2719 1
2868 4412 1
2843 854 0
4517 4648 1
2234 3725 1
402 4736 0
610 2886 1
4537 3074 0
3417 4980 0
3505 74 0
1123 4238 0
302 1156 0
4142 2440 1
2767 1699 0
2947 293 0
1392 4961 0
1753 2452 0
4858 3905 1
2131 1568 1
307 3655 0
2746 4434 1
730 2229 1
1962 4229 0
3574 4402 0
3725 3504 0
1392 394 0
2253 4683 1
1050 4021 1
4091 362 1
2130 3944 1
1073 2463 0
4855 2947 1
1443 735 0
1487 3433 0
4292 2173 0
2416 4617 0
3378 1600 0
1445 2394 1
2326 3422 1
3943 588 1
151 4700 1
997 827 0
1392 3751 0
4288 966 1
831 1755 1
4820 3460 1
2908 3623 1
3749 4999 0
4850 570 1
2898 2185 0
2648 4867 0
4989 4479 0
1392 1001 1
805 3862 0
1392 4440 1
4733 2066 0
1392 1263 0
197 3225 1
1742 1988 1
3091 1870 0
1392 3602 0
2315 2105 1
4943 3781 1
306 1532 0
2979 640 0
1689 1655 0
3626 4489 1
1089 3253 0
3262 1558 0
587 2412 0
4710 2371 1
3996 516 1
1392 3913 0
3985 714 0
1392 529 1
4422 3457 0
1392 3769 0
3322 2026 0
4203 1241 0
4636 382 1
4254 2444 0
2332 1735 1
809 3052 0
1512 4773 1
1295 1731 1
637 167 0
2570 120 0
4591 4817 0
2782 1236 0
1392 1714 1
2293 2626 0
3598 4770 0
1600 4332 1
2620 4335 0
4837 3573 1
3816 4922 1
1609 721 1
781 2548 1
2182 2598 0
1392 2639 1
841 787 1
3127 103 1
1945 278 1
2586 3075 0
4320 3510 1
3556 4865 1
2071 1238 1
4778 1226 1
1392 3199 1
1839 1194 0
2587 3027 1
63 2640 0
1431 4963 0
1392 33 0
3057 4834 0
4963 164 1
2037 1590 0
4172 4160 0
4169 2865 1
195 3042 1
1392 233 0
1392 1469 0
1997 392 0
5 2131 0
1392 1341 0
4671 1665 1
4122 4712 0
1043 78 0
4106 3290 1
1392 4614 1
1392 2099 1
1577 4725 0
131 644 0
665 1945 0
1392 4298 0
2199 3451 1
921 3620 0
1249 4342 0
1392 1133 0
2872 3759 1
2715 626 1
4021 625 1
1940 1330 1
4628 4126 0
2397 1396 1
2017 4900 1
3562 4000 0
3590 2411 1
3180 3807 1
465 295 1
3584 4204 1
3973 3270 1
779 2005 0
3930 4898 1
3649 4046 1
1392 4983 0
4836 3843 0
3664 4171 1
1392 4639 0
1392 2319 1
4976 871 1
4455 4019 1
1392 4672 0
3956 247 1
4555 2368 0
491 4668 1
1130 2064 1
1861 4873 1
2980 1894 0
1771 4014 0
4526 4693 1
4349 1796 1
3128 3735 0
2598 335 1
3839 628 0
1739 4370 0
2357 1301 0
2935 4677 0
896 400 0
2528 1334 1
1849 3696 1
1102 1738 1
1061 4587 1
1286 1677 1
2142 2901 1
2566 2693 0
4756 3531 1
2127 3277 0
891 989 1
1387 891 0
2837 2328 1
3604 1556 1
4392 68 0
3396 1615 1
1982 4950 1
302 903 1
3851 4245 1
4056 4868 0
3166 4259 1
1631 201 1
4158 749 0
870 2913 0
3552 4740 0
1199 105 1
927 643 1
3373 2237 1
4870 2339 1
2271 3974 1
4503 4621 1
1392 2606 1
720 671 1
2443 622 1
228 3784 0
2820 3766 1
4813 4715 0
4731 4265 1
3294 975 0
800 4968 1
4297 2934 1
1313 3307 0
1392 4260 1
1392 1829 1
1392 2044 1
4799 3630 0
976 1437 0
4183 2037 1
4640 1307 0
4712 1633 1
2423 2685 0
1361 3767 0
485 286 1
1542 2591 0
771 4060 0
3686 1468 0
4430 3530 1
4938 1904 1
4427 3920 0
108 1724 1
928 2057 1
4570 1088 1
1966 2202 1
1384 2050 0
2048 2879 0
1839 4886 1
3833 3662 1
2630 117 0
2083 2873 1
4886 1763 0
1557 252 1
451 4083 1
562 333 0
3309 4262 0
1209 2422 1
4690 3149 1
705 1340 0
3695 2839 0
1392 2376 0
2638 1497 1
1392 4331 0
1804 2576 1
1791 4462 1
219 4070 0
1378 4635 1
3615 254 1
5000 1450 1
657 3043 0
2282 481 0
3078 285 1
380 3663 0
4588 4733 1
776 3758 1
819 1415 0
743 1280 0
4944 674 1
522 2806 0
803 3321 1
45 1562 0
2050 2221 1
3294 3765 1
4258 3423 0
728 406 1
3369 509 0
4673 2306 1
3317 1121 1
1014 1326 1
1894 1720 1
4651 3354 0
2355 2033 0
1166 3073 0
1370 911 1
4002 3747 1
3786 1178 0
3501 3537 1
617 1063 1
4882 125 1
2240 925 0
2853 3924 0
324 417 0
1468 1129 1
2248 4562 0
601 1193 1
1024 3994 0
3371 2433 1
1519 4154 0
3009 915 0
1392 4954 0
1392 114 1
4304 3561 0
1274 4928 1
1415 3369 1
569 3305 1
1913 2311 1
234 4145 0
1231 4133 0
2523 1358 0
1084 1630 1
3827 2683 0
1219 2182 1
2602 464 0
3241 705 1
644 3643 1
1392 2156 0
1996 2565 0
2836 3565 0
1392 3768 0
4592 3244 1
3278 744 1
3859 2580 1
1800 1788 0
4088 1632 1
4163 1348 1
2133 4129 1
2459 223 1
1392 4939 1
17 4656 0
3338 605 1
4843 1185 0
1392 581 0
330 3967 0
1778 1828 0
1392 3313 1
1983 1812 1
3911 4474 1
1341 4702 1
4728 1823 0
4348 3686 1
3354 953 1
2956 4610 0
70 2 1
1392 446 0
366 2010 1
1392 1647 0
3276 3598 1
3163 205 1
4683 3763 0
910 411 1
352 4758 1
1392 2737 0
3747 178 0
1148 3496 0
4091 1045 0
2556 24 1
4581 3804 0
2548 684 0
1392 1538 1
3545 4593 0
3043 1353 1
3522 4795 0
2010 4104 0
2542 1603 1
4267 3572 1
4867 1692 1
1759 1795 1
3221 2935 1
3113 3191 0
2679 3064 0
327 4951 1
2104 50 0
830 4257 0
1392 3998 0
4542 3463 1
1275 4494 1
991 3190 0
1142 3954 1
272 3898 1
3096 1146 0
3563 1845 0
369 1676 1
1139 4209 0
4327 2137 0
2761 14 0
4351 560 0
1025 1041 0
4898 4545 0
2141 4657 1
1392 3739 1
2913 1853 1
775 3000 0
1788 2395 1
1392 2854 0
4493 2813 1
4036 1456 1
258 492 0
4380 367 1
1981 2822 0
3617 3529 1
2060 794 1
1392 567 0
1292 547 0
4003 4337 0
619 2672 1
3958 1490 0
2718 697 1
2771 526 1
765 1047 1
4008 3668 0
588 3468 1
2226 3099 0
4901 2496 0
3216 4686 1
1392 1937 1
4569 3871 1
4432 3317 0
1595 436 1
407 4589 1
3895 699 0
4492 2638 0
4936 1250 0
4803 586 1
1367 613 1
2292 4956 0
4197 4818 1
670 1601 0
3496 1332 1
1648 3057 1
2038 519 1
1890 4943 0
4228 2856 0
1424 4985 1
1392 1636 0
2696 1012 0
1392 4946 1
878 3659 1
4255 3493 0
1435 3894 1
3003 2250 0
1633 1734 0
1392 1819 1
1175 3265 0
3281 972 1
1392 478 1
3054 2294 1
2191 3983 0
654 2432 0
1121 1205 0
3872 3063 0
2348 4176 1
1392 3370 0
384 3004 1
3511 4059 1
590 3360 1
4891 1657 0
2269 899 1
4631 909 0
894 1638 1
3925 3639 1
1833 2450 0
1185 2484 1
3186 548 0
1392 2334 0
3192 3044 1
