5000
2840 4623 0
2187 918 0
4642 1684 0
4724 3074 1
511 4946 1
1166 4629 1
4245 728 0
12 2821 0
2415 983 1
372 1125 1
3641 4926 0
2656 1359 1
882 609 1
2128 1611 1
1385 1818 0
725 1618 1
4147 1331 0
4636 2191 0
908 2477 1
325 4564 1
871 1809 0
3332 1086 0
3594 829 1
2904 4329 1
4167 2597 1
3001 3730 1
1485 4298 0
3638 1487 1
2710 2398 0
4197 366 1
3378 1636 1
3901 3018 0
4515 1062 1
4850 1241 0
4285 4677 0
2062 2409 1
4688 2850 0
3500 4229 0
4343 3239 1
3061 3930 0
601 2788 0
2925 3959 1
3036 643 0
4255 73 1
1 3235 0
2599 4122 1
2750 2559 0
2634 1380 1
4123 4041 1
4136 3094 0
267 1100 1
1836 1675 1
2998 1230 0
4341 1130 0
3005 731 1
2866 1920 0
1853 228 0
2793 3008 0
2282 4113 0
3722 2155 0
4278 921 1
193 465 1
584 65 0
226 1144 1
1099 2018 1
1742 3785 0
3891 2995 0
2500 4819 0
842 1486 1
1007 2282 0
3351 2791 1
232 4164 1
3871 1848 0
3189 3525 0
1677 1800 1
2135 2843 0
4883 3676 1
3488 3634 0
3646 373 1
930 574 1
1515 2829 0
3715 2270 1
4463 1511 1
4299 1236 0
4569 4898 0
2045 4547 1
4083 986 0
3713 3625 0
4101 1402 0
2882 3389 1
1356 562 0
2494 3904 1
1093 4740 1
4443 2772 1
1882 3245 0
3411 2359 0
4788 1358 0
4706 2341 1
2770 2511 1
1847 1602 1
3849 413 0
3247 248 0
1185 665 0
3508 4921 1
1782 1513 0
3766 3351 0
365 2297 0
2973 4209 0
3259 360 1
1318 3358 1
4064 3754 0
1906 2157 0
3730 1217 1
916 4052 0
688 3313 1
591 2445 0
550 312 1
1909 3500 0
3924 4970 0
4983 316 0
3720 1035 0
1437 813 1
732 3091 1
666 1651 0
3019 3847 0
182 43 0
1715 2771 1
1547 4392 0
4259 1102 0
1085 4022 0
4716 2972 1
881 3606 1
833 1119 1
3324 1705 0
3781 4087 0
3836 1250 0
4323 1686 0
1923 1812 0
1949 4726 0
2364 3716 0
2568 2041 0
4485 2403 1
4715 1841 1
2588 2068 1
2638 4978 0
4042 793 0
4131 3654 0
4261 721 1
1997 2777 0
1839 3499 0
4363 4357 0
3334 2645 0
2886 4120 0
4920 1507 0
4323 4070 1
1229 1912 0
4504 2082 0
188 711 1
1761 2866 0
4307 1106 1
1027 1174 0
4166 3893 0
3161 2822 1
2194 3182 0
1640 2145 1
485 2966 1
1051 3238 1
1905 2267 1
544 3651 0
820 4089 1
141 4868 0
1328 2283 0
3945 1479 0
1428 1871 1
4738 1197 1
4179 1210 0
2692 886 0
3185 430 1
2166 4687 0
652 1752 1
2903 1444 0
3333 1289 1
1634 2215 1
4319 3349 0
4870 3450 0
2715 1345 1
4350 1196 1
2558 4033 1
3046 3660 1
3905 865 1
2975 771 1
2276 2767 0
1941 3758 1
1043 4520 0
3509 1780 1
449 4334 1
4019 2864 0
2591 3446 1
4395 3708 1
3086 2513 1
4033 440 1
146 2028 1
1282 3113 0
3975 3998 0
1530 1895 0
1223 1096 0
1689 3177 0
1501 2130 1
4487 624 0
4697 4434 0
4435 2614 1
402 2722 1
2309 98 0
1005 3685 0
4193 1048 1
2846 3897 1
4829 1568 1
4851 4125 1
3701 2360 0
2443 4673 1
318 2691 0
984 3205 1
4618 1874 1
2031 500 0
1986 2967 0
480 2491 0
2575 3879 0
419 1773 1
1275 466 0
904 1002 0
182 3668 1
4223 2109 0
3814 3300 1
1436 4759 1
2478 7 0
4640 4478 1
2151 2169 1
2078 3913 0
3246 4974 0
1660 3254 0
1514 236 0
443 4413 1
3303 3261 1
864 83 1
1176 909 0
2220 1408 1
2485 3411 1
773 2172 0
585 4764 0
848 4314 1
64 4743 1
3170 4644 1
900 4458 1
111 2517 1
3149 3055 1
4485 3427 1
922 301 0
321 521 0
2994 621 0
867 4829 0
4106 694 1
3828 2636 0
4635 352 1
304 4007 1
4244 1315 1
826 2342 1
2584 1951 1
1167 4885 0
809 667 0
2407 3136 1
1420 4475 0
417 3196 1
4503 1718 0
3569 1160 0
2646 1187 0
2572 223 0
2425 1453 1
3403 4556 1
3705 1730 0
3467 2594 1
939 4309 1
3965 3507 0
3385 1609 1
1414 289 1
2267 1765 0
32 253 0
2116 1414 0
1049 2330 0
2462 3370 0
595 4657 1
3410 1750 1
4632 4288 0
37 2536 0
545 4807 0
1802 1862 1
1600 4626 0
4184 1262 0
4509 4472 0
1735 1769 1
3644 3397 0
4896 4943 1
1994 1454 1
1626 311 1
2949 320 0
2941 791 1
4483 3566 1
2804 3011 0
3668 463 1
1209 448 1
4996 675 1
3921 1020 0
2245 3553 1
2400 505 1
703 4254 0
4004 2353 0
869 3997 1
713 3474 1
4359 922 1
1039 777 1
4630 668 1
1363 1147 0
917 4063 0
2193 2076 0
660 2769 1
1591 44 1
3343 655 1
1529 520 1
4719 341 1
328 1242 1
556 4777 0
3470 497 0
1315 1477 0
1460 3414 0
3139 613 0
3909 4628 1
1425 3462 1
1217 4866 1
3880 22 0
139 286 0
266 1522 0
3301 1470 1
3750 1037 0
73 4624 1
1231 118 1
2337 3170 1
273 1058 1
3843 3316 0
1656 365 0
306 222 1
4898 2659 1
701 3560 1
3292 4018 1
1236 1459 0
3692 2154 1
2390 1560 1
3057 4012 1
1938 1404 1
1426 2381 1
2269 3851 0
2208 2612 1
1895 3497 1
3222 1271 1
1190 4950 0
4104 2420 1
3526 4604 1
4104 3368 1
4447 2572 0
568 4318 0
3229 4115 1
4190 2898 0
2501 762 1
1241 3770 1
3772 1888 1
4874 4993 1
3490 385 1
1620 4872 0
2401 2138 0
2623 4833 0
1679 6 1
154 1711 0
1924 2087 1
1934 4356 1
1562 2694 1
1499 707 0
3576 1541 1
828 3442 0
1204 3684 0
846 4811 1
2287 13 0
3773 832 0
442 1192 1
4306 4531 0
674 2257 0
3238 2236 0
4714 978 1
1537 1685 1
708 432 1
4271 962 1
2436 4930 1
35 3456 0
954 2849 1
3263 1804 1
2867 25 1
266 274 0
2884 790 1
1688 4325 0
4827 410 1
173 4146 1
315 966 1
4691 788 1
2123 2106 0
2489 4934 1
231 2140 0
4289 1754 0
1734 3885 0
4020 3412 1
4333 1510 1
3202 4234 1
3008 957 1
2478 361 1
1656 4305 1
3800 2874 0
3432 565 1
3177 4642 0
4315 314 1
4113 4731 0
821 4141 0
1446 2462 1
2351 1764 1
1096 1610 1
429 2358 0
4530 4139 1
4578 4213 1
4043 1886 1
250 4006 1
2563 4061 0
1907 4431 0
4755 1471 0
3024 1781 1
128 1512 0
1467 2163 0
3012 3401 0
3582 2942 1
2230 27 1
1313 1980 0
35 3575 0
463 802 0
4018 3629 0
3667 1036 0
3765 2806 1
1521 4285 1
1661 3977 0
71 2721 1
1535 3783 0
3565 768 1
21 504 0
3453 345 0
25 1881 0
4045 1860 1
2712 1857 1
2730 2221 0
578 184 1
735 1943 1
365 3538 1
3534 2869 0
4164 658 0
2659 2586 0
3642 4776 1
2129 3607 0
3183 3135 1
2470 1330 1
2077 733 0
4137 4791 0
4173 2828 0
1200 4210 1
2404 147 0
1729 3887 0
370 2794 1
2727 3486 1
3537 1023 0
4351 1473 1
2009 3795 0
2504 3523 1
1606 2019 0
4944 2522 0
246 4889 1
1045 382 0
2900 1639 1
4208 1645 0
4528 219 1
1698 2735 0
3564 4590 1
2581 2551 0
2493 4447 1
2139 4533 1
278 3556 0
1603 1985 0
4550 1288 0
3640 569 1
3140 3793 1
1984 359 0
2054 1981 1
3675 3796 0
4251 3181 0
2625 4292 0
3301 3122 0
608 1172 1
698 2661 0
3367 4361 0
296 3641 1
1266 2909 1
1983 3081 1
1744 1328 0
3189 3426 1
3659 1202 1
4666 4028 0
3575 3072 0
2106 1667 1
1859 1233 0
3580 3955 1
2508 695 0
3535 1240 0
2456 2953 0
2455 55 0
357 1246 1
1740 3740 1
3525 331 1
3218 3271 0
4008 4572 0
4209 933 1
3870 35 1
891 1448 1
511 2980 0
1805 4681 1
385 2615 1
4257 3060 0
4823 3579 0
3896 2884 0
1157 3698 0
1765 141 1
2023 1599 0
4852 1719 1
2318 1859 0
1571 1963 0
4676 3303 1
1655 4465 0
4221 4794 0
4784 2543 1
4649 3293 1
3045 1054 1
1793 3309 1
2850 664 1
1349 2425 0
3184 3127 1
3596 1937 0
2134 3050 0
730 4491 0
3113 4901 1
1951 2944 1
1904 2437 1
1558 474 0
3508 4508 0
2049 247 0
4066 2204 1
720 161 1
2935 4991 0
1139 496 1
2381 422 0
588 1873 0
3368 1478 1
983 2682 0
4452 190 1
4654 1085 0
1179 2442 0
3855 2810 0
1747 114 0
991 2576 0
712 663 0
2517 2650 0
4238 3453 1
2807 4402 0
151 4972 1
4170 4852 0
3977 3475 0
3057 4550 0
3093 119 0
2510 940 0
2565 2422 1
1509 1710 0
147 3465 1
2551 554 1
241 1222 1
354 1294 1
3962 1992 0
3567 970 1
2148 1572 0
4079 1973 0
3586 876 1
1155 1846 1
4419 2840 0
4130 4227 0
185 2617 0
2216 1689 0
815 920 0
1404 323 0
2154 2226 1
148 4994 0
2270 3576 0
2631 1533 1
4886 260 0
172 3129 1
1064 3811 0
3462 746 1
2596 2914 0
497 3138 0
938 1953 0
1830 2228 1
3479 2179 1
1360 2469 1
4967 3761 0
3288 3007 0
2041 392 0
4999 1642 0
2801 795 1
3346 2345 0
1437 804 0
116 543 1
1069 1807 0
3196 2665 0
918 3234 1
913 577 1
2280 2397 0
2753 1600 0
2341 561 1
3273 4716 0
3329 477 0
768 693 1
4441 2457 0
1214 638 0
1208 3862 0
2462 4925 0
1920 15 1
4753 175 1
2730 2334 0
2162 2857 1
3578 4754 0
2446 1092 0
1386 881 0
17 2901 1
4224 4009 1
4280 1607 1
3587 393 0
3564 4863 0
2015 2757 0
220 3340 0
914 1094 0
3779 3768 1
3608 421 0
4401 3155 1
1251 4494 0
3041 4467 0
2647 1928 1
3601 4364 0
739 2780 1
1081 4096 0
500 3329 1
3025 2641 1
3664 2600 0
334 2924 1
1441 407 1
4031 3487 1
4780 3038 0
1488 2521 0
1943 1574 0
790 683 0
3641 3437 0
4340 849 1
3325 4283 0
4818 3404 0
4078 3215 1
787 563 0
1657 4262 0
3942 4523 1
1607 363 1
839 1139 0
320 1815 1
2449 2996 1
3865 850 0
174 4704 0
4915 111 1
3302 1550 0
2469 4008 0
1181 787 0
3818 3364 0
14 4945 0
248 335 0
497 2259 0
2065 4315 0
2841 200 0
639 1224 0
2832 4897 0
1005 884 0
2938 1682 0
1544 1279 1
2937 800 1
2003 2098 1
1876 3533 0
2466 736 1
616 4441 1
416 1956 1
3178 4350 0
1742 3058 1
2736 2288 0
3496 4920 1
2228 3624 0
2514 718 1
3189 1706 1
602 3435 0
120 2168 1
727 3771 1
932 2186 0
3132 4295 0
1881 245 1
356 38 0
1175 3354 0
4718 255 1
3052 1430 1
2335 2114 0
2345 769 1
446 3583 1
1857 2925 0
2236 1904 1
4834 2487 1
2003 4568 0
1363 4662 0
1278 1808 1
4275 1389 1
3935 1327 0
1868 70 0
4203 4639 0
3244 3367 1
4406 4093 1
3234 3967 1
2899 2939 1
4646 712 1
4743 2390 0
272 3344 0
1648 4231 0
1798 3875 1
3494 3503 1
1792 4685 0
3339 3247 0
2827 4071 1
2618 3527 0
4897 4751 1
1910 2651 1
132 1206 1
2324 814 1
2542 123 0
795 2673 1
127 1755 1
3788 4477 1
729 426 0
4361 3834 1
2918 4928 0
818 1173 0
3347 1907 1
3194 4023 1
3255 1024 0
1253 730 1
351 1413 1
1200 3051 0
42 21 0
2260 4249 1
2418 3649 1
2835 1950 0
747 3572 1
1916 1440 1
23 4399 0
3928 208 1
2614 4426 0
3343 2351 0
2812 913 0
1303 4132 0
2593 2187 1
3179 2311 1
5 1462 1
3878 1403 1
2295 3265 1
2225 2677 1
1194 3663 0
4069 2743 1
1983 2595 0
2057 4256 0
789 526 1
3643 3123 1
349 243 1
3815 3816 0
4867 3458 1
3360 4024 0
1083 1379 0
1225 939 0
2667 4947 1
4652 1505 0
4154 4535 0
2913 3242 0
2906 3057 0
2383 1660 1
801 3341 0
901 2094 1
1321 2705 1
4599 2926 0
568 2729 0
3617 329 0
1613 2194 1
793 3727 1
3890 4980 1
1799 4142 1
2891 2389 0
3463 1921 1
4112 1252 0
1163 2671 0
460 2506 0
1194 748 1
2931 1909 1
2526 2054 0
5 1270 1
1566 3470 0
3512 1806 1
2703 137 1
2594 1127 0
3571 3706 1
256 1111 1
2902 2573 1
2992 4427 1
4718 1361 1
1413 2176 0
4608 1558 0
1212 2307 1
447 2272 0
4908 3798 0
1331 2035 1
555 2878 1
2319 100 1
3822 3398 1
2109 2546 0
2677 3823 0
2724 1503 0
4101 4054 1
4183 2364 1
199 3839 1
2849 2235 1
1773 1320 0
4751 304 0
3565 1556 0
373 3202 0
75 650 1
3237 3722 1
179 3029 0
3504 3961 0
1825 2322 1
3852 3614 1
4404 2136 0
3212 3284 1
4185 2005 1
3262 1616 0
3088 489 0
3547 1122 1
4234 441 0
1220 57 0
1931 1412 0
810 3347 0
4100 3599 1
1029 3013 0
1171 1438 0
1513 1559 0
450 1534 1
3281 2532 1
642 244 1
3628 2289 0
2047 4133 1
1393 2660 1
4815 4461 1
4308 3901 1
3605 3156 1
618 3814 1
3736 2804 1
835 2268 0
957 3443 0
684 3467 0
4678 860 1
3794 4762 0
2881 277 0
2985 4710 1
532 282 1
1619 516 1
765 2174 0
2452 3611 1
2955 1594 1
3560 2337 0
357 4201 0
4162 2859 1
2845 4200 1
2772 2870 0
4466 2482 1
2072 3958 0
146 2781 0
1409 229 0
4184 1622 1
3982 2208 0
347 101 0
1224 3669 1
1349 3165 0
3056 690 1
356 3990 1
1820 1132 0
368 1341 0
2073 4584 0
1406 2279 1
2559 623 1
4793 3176 1
3792 803 0
4138 4425 1
4991 2892 1
292 2206 0
3969 2778 1
514 1123 0
274 1410 1
2140 1502 1
4089 2599 1
816 659 0
4521 3704 0
572 1384 0
4005 1439 0
1017 3545 0
2061 4468 1
4774 3101 0
529 890 0
4759 2495 1
3202 2728 0
4338 2219 1
1110 4843 1
114 1370 1
3770 4583 1
16 4455 0
1762 3448 1
4267 1576 0
2432 3705 1
4468 482 0
207 1114 1
2535 4761 0
2671 2118 0
4685 2396 1
548 135 1
4233 759 1
897 3963 0
1858 3589 0
3632 3472 0
1419 1338 1
4244 1472 0
939 1007 1
3588 299 1
4464 3852 0
3606 1040 1
3119 3034 1
3864 3282 1
3013 1083 0
2102 1539 0
2213 3936 0
4838 960 1
2395 925 0
699 3858 1
4892 2838 0
4813 285 1
3247 564 1
3809 944 1
2821 3231 1
721 1138 0
4793 4563 0
2211 1542 1
164 2471 0
2040 1391 1
3970 4736 1
4520 4091 0
3896 2292 0
3036 2523 0
3144 896 1
3192 4649 0
1146 3298 0
3130 350 0
2083 3297 0
2043 2160 0
3517 1593 0
3787 601 1
1930 902 0
1962 378 1
1798 3878 0
1597 1941 1
2725 2633 1
1032 3481 0
2441 4452 0
729 182 1
1491 2002 0
845 3048 0
1658 403 1
383 4104 0
2202 2527 0
2788 1803 1
1203 2602 1
2402 2185 1
1371 3724 1
468 3406 0
1452 3791 1
1672 4617 1
2822 3886 0
2768 4178 1
1392 322 1
534 3703 1
2253 4944 0
1953 2581 1
3500 3199 1
4511 4981 0
2113 4959 1
1825 435 1
4457 1465 1
2016 2480 0
4172 1571 0
3174 2164 1
1361 677 0
3850 1716 0
311 855 0
665 4835 0
506 2955 1
3155 528 1
1207 4922 0
581 3359 0
2345 2823 0
651 4258 0
1780 1585 0
4623 4594 1
2097 1832 1
3446 1449 0
1675 1838 0
995 2754 0
1703 3299 0
1785 1767 0
4272 3590 0
1250 1113 0
170 943 1
4171 2301 1
4398 987 0
4387 1356 1
334 1865 0
1555 851 0
1862 2930 1
3708 1237 0
2981 4479 0
4290 3028 0
2995 2465 0
2901 4839 1
770 653 0
3515 4462 0
4149 642 0
4352 4967 1
901 4090 1
2196 3277 0
390 3712 1
453 1207 0
4200 753 0
1911 1851 1
3901 256 1
3608 2809 0
2481 3164 0
2737 3680 1
4074 729 0
1932 3061 1
2396 4203 0
3145 297 0
4959 2161 0
4336 3622 0
1205 826 0
2476 1960 1
4451 1664 0
2367 132 0
2678 2313 0
4493 1965 0
3926 1107 0
2704 4370 1
711 1883 0
298 841 1
255 2080 1
4762 4182 1
656 2993 0
1766 529 0
653 2323 1
4207 3464 1
2891 502 1
2945 1276 1
3662 1898 1
1815 1549 1
3748 1592 0
4317 1295 0
262 4044 0
337 877 0
4918 3564 0
4581 1009 0
4083 3547 0
575 646 0
4807 1582 1
1925 1548 0
2924 3900 0
2810 1211 1
3568 2458 0
1709 3884 1
1178 3077 0
2456 4735 1
1026 2092 1
3461 1434 0
1831 3172 0
2044 1753 0
2887 2402 0
2608 1814 1
389 3387 0
4836 1098 0
1739 4172 1
3865 387 1
924 2173 1
1372 2812 0
3988 3346 0
519 4300 1
2114 3933 0
2846 3087 1
2451 1828 1
3143 456 1
4337 232 0
2662 1392 0
3000 1229 0
1260 4326 0
2830 3455 0
4855 458 0
2970 4134 0
998 3982 1
3376 955 1
2827 1181 0
551 2426 0
1275 213 0
3333 404 1
464 2072 1
1563 1055 1
4862 817 1
691 2459 1
782 3972 1
2871 62 1
431 1523 1
2970 1188 0
2705 3707 0
2518 425 0
2801 2708 0
4261 3635 1
3033 1115 0
2783 4171 0
4611 3496 0
2633 2567 0
4075 1843 0
231 2977 0
4615 4185 0
585 2247 1
1229 2265 0
1942 2815 0
3858 417 0
3675 3563 0
377 696 0
3959 1882 0
3943 2670 1
516 2790 0
3342 495 1
1539 491 1
4435 1885 1
83 4251 1
1914 1099 0
456 2739 0
491 3477 1
2199 3912 0
3695 3605 0
455 2178 1
3506 3223 1
4437 4585 0
4148 4437 1
4418 3402 0
3784 4823 1
3527 334 1
4926 1489 0
1014 2526 1
208 3151 0
709 2836 1
1865 974 0
4491 973 1
2120 1997 1
77 2030 1
3130 324 0
2922 1717 0
2688 205 1
4687 2165 0
3851 2357 1
501 4272 1
540 3002 1
3460 2225 1
2893 1924 1
1237 774 1
491 2655 0
3195 2948 0
3254 674 1
783 3788 0
204 1840 0
820 1603 1
4734 2274 0
2776 1072 0
2466 4259 1
3997 411 0
2619 3105 1
41 4615 1
2696 2407 1
518 4573 1
3860 618 1
1317 4517 1
944 906 0
771 3115 0
4448 1739 0
4250 340 0
4711 2625 1
4901 3948 0
2912 3270 1
2223 4167 0
910 997 0
3976 3469 1
2663 269 1
4425 1748 0
331 4977 0
2033 3003 0
4885 2237 0
2338 4571 0
4335 151 1
3892 1916 0
1291 3731 1
3899 2835 1
4741 622 0
3445 3216 0
2715 4365 1
25 1041 1
4241 4506 0
3764 1561 0
1574 95 1
2040 2713 0
1731 3352 1
3472 3356 1
2853 3612 1
2605 3217 0
4537 3338 1
1084 908 1
4246 4004 0
1162 1156 0
3317 1821 1
4496 4544 1
1503 2476 0
3451 3871 0
2720 207 0
1869 3301 0
658 2223 1
4235 2676 0
2705 75 0
4116 1492 1
954 4034 0
3826 1758 1
2863 1506 1
1239 2271 1
2693 152 0
2133 568 1
926 996 0
2763 1324 0
3371 872 0
2861 2040 0
3445 1714 0
1207 3070 1
3645 4109 0
4333 1696 0
4736 1824 0
1040 550 0
3230 4162 0
271 984 1
4537 2414 0
1104 1653 1
522 4081 1
3653 1179 1
2429 34 1
4927 3548 0
1005 2941 0
4690 990 1
4722 32 0
2635 1854 1
493 555 0
1718 4404 0
1589 4596 0
3030 2121 1
773 3375 0
3050 4155 0
1397 739 0
2590 2862 1
1192 3992 0
1006 4504 1
2168 2059 0
1682 3082 0
2249 2370 1
4888 1588 0
611 4989 0
3966 4123 0
2790 3173 0
465 2306 0
2192 2320 0
4771 1797 1
830 2669 1
4542 3119 1
1846 617 0
2597 3784 0
3401 3134 0
2018 148 0
2780 3160 0
1541 3174 0
399 867 1
4572 4358 1
1643 2319 0
2616 3601 0
138 2689 1
3829 2598 0
3778 1012 1
3860 3012 1
3055 317 0
1847 4929 0
2607 2460 0
1843 2917 0
599 2298 0
4956 3107 0
4117 1097 0
4640 1267 1
2862 1421 1
1759 4395 0
526 616 0
2567 3506 0
2543 3369 0
3998 3069 1
3524 4773 0
942 1467 0
4979 2547 1
4768 1066 1
490 3542 0
1858 1070 0
4575 61 1
4016 3812 0
1546 3995 1
4291 2325 0
4221 537 0
797 3327 0
3669 4709 0
910 1493 1
4086 3348 1
3078 899 1
229 144 1
116 1443 1
2021 1191 1
967 2888 1
2566 4867 1
380 3100 1
1738 2246 1
4916 4899 0
677 3272 1
2187 53 0
4338 3396 1
1796 1762 1
1635 1022 1
300 3988 1
1990 2923 1
4040 1699 0
1835 3461 0
3309 2366 1
1588 3615 1
4619 460 1
2279 4546 1
4644 4124 1
4980 576 0
4831 3931 0
3836 2963 1
1614 1475 1
4486 12 1
2997 26 1
1114 3554 0
4474 3141 0
3326 582 1
4590 4085 0
527 1079 0
1344 479 0
3931 3630 0
3742 3986 1
428 321 1
1866 560 0
4184 2704 0
3178 3924 0
158 1201 0
4212 3179 0
2762 1110 1
922 3938 0
206 1175 1
3618 4500 1
901 1383 0
4900 4224 0
2408 2021 0
1362 661 1
2111 911 1
2553 2429 1
3160 3178 1
2114 4385 1
1915 315 1
311 173 0
536 2326 1
2840 3420 1
4544 594 0
1754 384 1
3518 47 0
3426 610 0
2612 2143 0
232 4976 1
2761 523 0
2418 626 0
151 4969 1
1398 583 1
4833 4232 1
3293 4913 0
2844 4702 1
2976 3434 0
1151 1216 1
852 2213 1
2905 3696 0
4222 1167 1
2100 1005 0
4227 1145 0
4170 1446 1
4612 63 1
3473 1109 0
1995 291 1
4213 4816 0
1460 3661 0
3047 2530 1
7 1303 1
4236 445 0
880 961 1
1864 2883 1
2732 2433 0
2884 325 1
4275 4168 0
363 1169 0
1939 2373 1
1799 1200 1
2144 4148 0
2749 1056 0
1274 3400 1
614 3484 1
2923 455 0
936 3159 0
4923 3672 0
273 3307 0
4264 4179 0
4464 3925 1
2803 214 1
3957 3868 0
2972 2627 0
494 862 1
2974 2685 1
3295 268 0
3385 428 0
978 2189 1
1598 4469 0
1350 4518 0
4367 4979 0
1249 1077 1
2453 4847 0
3581 176 1
2081 3628 0
2442 697 1
841 4680 1
2389 2745 1
3280 3009 1
3684 3908 1
1611 3865 1
2432 305 1
1873 1940 1
58 4313 1
4495 4127 0
1001 1826 1
2589 1830 0
2694 4985 0
4439 1617 0
2019 2949 0
1838 1529 1
4038 4374 1
3889 4360 1
2181 4368 0
3418 138 0
4422 4108 0
872 1163 1
634 1855 1
1961 4166 1
2012 4541 1
1668 3163 0
4631 2350 0
1356 945 0
238 4880 1
4311 3993 1
1845 3738 1
4913 2256 1
4829 2877 0
2609 3918 0
220 4038 0
2342 4306 1
1213 3827 1
2232 84 0
145 980 1
4227 3068 0
2552 3780 0
376 1537 1
3732 433 1
3729 3422 0
1140 2712 0
3025 374 1
2537 1456 1
3232 4105 1
4476 2552 1
628 4814 1
1459 401 0
1575 3991 0
4687 1570 1
2808 827 1
2396 3493 0
3493 4916 1
487 252 0
2859 4932 0
3457 1623 0
110 1377 0
1912 3403 1
4156 4157 0
4182 548 0
4282 88 1
921 3603 1
3075 1306 0
4944 3022 1
3391 868 1
2660 1136 1
260 2799 1
4054 4501 1
19 2119 1
3607 3745 0
413 1052 1
3748 4825 0
1268 1491 1
35 2410 1
4220 1049 0
48 415 0
4873 2952 1
1814 1545 0
13 4274 0
1008 2819 1
1099 2938 1
4536 3896 1
2127 3824 1
2643 934 0
2997 843 1
4584 2556 1
3168 4621 1
3238 2303 0
434 183 0
569 2619 1
542 982 1
4742 3732 1
3942 3482 1
3636 3932 0
1827 2419 1
3557 4806 0
22 2264 0
4330 4430 0
3882 4466 0
108 1829 0
1376 725 0
1021 1820 0
3528 3934 0
4875 3312 1
3367 3452 0
4368 2372 1
3256 3769 0
843 835 0
313 4393 1
4109 125 0
3422 4237 0
2539 1839 0
662 3632 1
4049 3232 0
1076 4575 0
3938 2589 1
3777 3718 1
3060 4173 1
560 1518 1
288 2610 0
2008 4659 1
3448 2784 1
905 1388 0
4853 4027 0
3952 3103 1
3872 1788 0
2317 1902 0
4833 3311 0
2107 3691 0
4720 4025 0
1142 4610 1
1947 2748 1
4052 604 1
1499 3142 0
3035 2553 0
4412 4748 1
1409 1669 0
1813 3710 1
212 2061 0
90 4998 0
2824 2347 0
1541 106 0
3898 1938 0
1085 4459 1
4178 4086 0
517 2773 1
960 2089 0
3865 631 0
3243 2380 0
2746 3699 0
101 193 1
4590 4614 1
1703 4554 1
1791 3428 1
192 2534 0
3681 2998 0
1536 2439 0
1041 1771 0
1227 5 1
1491 394 0
2126 2079 0
4593 4836 0
2044 2449 0
1594 1811 0
4197 1869 0
3354 3137 0
1279 1419 0
2399 1994 1
274 93 1
3266 3667 0
4073 4384 0
3224 1381 0
2684 326 1
2229 235 1
4184 4187 0
2300 1000 1
4750 3183 0
2173 3838 1
3523 4456 0
1352 4800 0
85 3439 1
4640 2653 1
2499 4690 0
4999 2695 0
972 120 0
1410 4099 1
1031 3192 1
1264 4301 1
3345 2644 1
2805 80 0
1095 4589 0
4428 1977 0
2155 3020 1
3941 3109 0
2630 4066 1
251 1995 1
1796 639 1
1699 3224 1
2479 3154 1
3149 3240 0
164 4343 1
3024 233 1
1119 3600 0
2261 271 0
81 2073 1
524 2607 1
197 4079 1
3286 4700 0
1301 1245 0
3077 3198 0
3628 1567 1
1047 1247 1
3318 4824 0
1462 1 0
2289 3561 0
470 3264 1
4112 4696 0
1564 3725 0
741 1043 1
2108 3378 0
677 2664 1
3684 420 1
2284 2415 0
4864 1382 1
148 2646 1
3058 2066 0
1565 397 1
4658 169 1
3447 4375 0
254 1620 1
840 1372 1
3621 2190 0
2207 4345 1
3630 749 1
2703 1208 0
1494 1112 0
4767 2217 0
1807 1149 1
3856 4242 0
3409 912 0
3341 4582 0
4231 2887 0
2726 1555 1
258 3219 0
435 4579 1
3563 3739 1
3707 3881 0
360 3947 0
3941 4848 0
2637 4406 0
4796 2196 1
4460 1253 0
2445 3647 0
2142 130 0
1612 3275 1
4917 1583 0
1431 4580 1
4841 348 1
4124 952 0
738 20 1
1255 842 0
1794 3308 1
4001 1887 1
2499 512 1
3246 2464 0
3015 2261 0
2080 1348 1
1023 1256 1
4096 2717 1
4940 3064 1
3070 3263 0
4133 3186 1
2017 3608 0
4764 3041 0
1783 3262 1
4204 2144 1
698 1672 0
297 2499 1
571 4225 0
2959 4281 1
1967 4158 1
1637 1734 1
24 2338 0
3845 18 1
4558 692 0
1417 4471 1
757 1896 1
1367 501 0
2578 3535 1
4329 2988 0
4686 3152 1
4009 1813 0
2825 3640 0
4849 3209 1
4534 438 0
3182 1059 1
2441 3979 0
45 1350 0
3850 2863 1
4191 3157 1
3736 4760 1
1644 4917 1
4798 2746 0
4745 4474 1
4994 1121 1
545 4522 1
4244 2412 1
2703 3498 1
324 2454 1
4294 3189 0
471 518 1
1440 4559 1
2075 4927 1
4042 4239 1
3162 1150 1
773 4908 1
60 4733 1
3678 1451 1
1255 170 0
2349 2825 1
577 641 0
861 2052 0
1110 3509 0
4890 1095 1
3018 2197 1
999 4077 1
398 4802 1
2256 2726 0
2878 4625 1
1667 1922 0
3487 4953 0
2659 754 0
3960 3807 1
4770 4742 0
1189 3445 1
4417 1799 0
1003 3128 0
3379 847 1
1955 4454 0
1572 2278 1
3723 4297 0
1799 498 1
4488 1658 1
3020 4263 0
520 615 1
3597 2456 1
102 3037 0
489 2097 0
1032 4394 0
1071 4658 0
4492 45 1
2093 4611 1
1529 470 0
1483 4543 1
2959 1128 1
505 3859 1
2299 3778 1
425 1364 1
3399 1283 0
1658 4607 0
1158 292 1
4288 4287 1
2751 2096 0
2483 2467 0
3917 2004 0
3979 3713 1
4739 2007 1
3393 4273 0
4203 1554 0
2069 4421 0
4441 2795 1
3334 3043 0
1131 4196 1
1174 3903 1
2834 1116 0
3382 1519 1
851 3734 0
726 107 0
3518 4586 1
3696 1273 1
1902 453 1
3287 789 0
1789 578 1
2878 2733 0
3492 3720 1
3117 3468 1
2781 3571 1
564 2488 0
3191 1794 0
427 3655 1
2063 4074 1
1443 3809 0
766 4938 1
4322 2834 1
2733 1998 1
4409 3746 1
4631 262 0
2220 1442 0
2046 4228 1
4027 2260 0
2088 717 0
743 2184 0
1580 2987 1
1999 4014 1
3825 3336 1
499 3841 0
1340 2216 0
1510 706 0
1327 39 1
3123 2058 1
3883 4827 1
3965 2044 0
4171 3945 1
1785 1180 0
2711 4557 1
3327 1934 1
2329 931 1
2464 620 1
3561 1633 1
4265 1970 0
3686 2564 1
812 3273 1
2548 4407 1
3466 533 1
536 1749 0
2435 60 0
4423 165 1
3300 2502 1
321 3806 1
4515 2945 1
2086 2785 0
3922 3794 1
1494 892 0
2323 885 1
1756 3775 1
1133 3534 0
4288 2003 0
3847 4510 1
4013 3430 0
3555 2152 0
3964 734 0
3126 2010 1
3060 4734 1
3685 3737 0
3610 2291 0
2571 4056 1
1060 3855 1
839 3085 0
4256 4601 1
2391 1747 1
125 275 0
3436 3466 0
751 3719 0
3872 3540 1
1187 4746 1
2709 1103 1
2759 2852 0
755 3220 0
2783 2652 1
2907 212 0
1434 2766 1
255 172 1
2201 4352 1
3358 1302 0
4541 3102 1
2139 1768 0
4004 1955 1
416 2724 1
2832 806 0
1399 1248 0
2567 3222 1
370 211 1
2264 4190 1
1376 1011 1
399 2393 0
854 85 0
4019 1093 1
1741 4591 1
2567 318 1
44 4367 1
4056 2913 0
3295 2245 0
44 451 0
216 3014 0
328 3517 0
3369 2505 1
1015 4097 1
898 16 0
1492 4255 0
1647 597 1
1584 1285 0
1107 897 1
4923 2950 0
4765 4588 0
2769 3276 0
2244 177 1
2903 4622 0
4029 1674 0
3654 3536 1
23 3944 1
774 3693 0
4833 1339 0
887 4463 0
1129 4030 0
211 4505 0
1538 1819 0
22 4900 1
892 1343 1
919 133 0
3698 2808 1
1382 1974 0
494 4391 1
51 4789 1
1232 820 0
3187 3890 1
4815 4206 0
4391 506 0
2551 1354 1
416 3089 0
3216 2243 0
2717 2642 0
3689 1562 0
2101 1399 0
2639 2131 1
1195 1879 1
1601 3046 0
355 2663 0
2465 1605 1
3898 3045 0
804 557 1
2011 4484 0
1256 2064 0
1808 4116 0
2337 2113 0
2214 398 1
3377 619 0
1528 3772 0
4778 1499 1
4288 2986 1
1043 3550 1
3009 3549 0
3424 2593 0
3072 391 1
2308 926 1
2880 1584 1
2182 1552 0
4154 4106 0
4063 1798 1
4955 760 0
1710 2916 0
1922 4331 1
2239 2107 1
1233 4853 1
3188 2239 0
4360 1069 1
3557 4470 0
2119 701 0
2367 4570 0
3114 4516 0
3248 3405 1
3767 3952 1
2313 3898 1
3548 1774 1
1690 1967 0
112 3532 0
3933 998 1
4157 59 0
1746 4005 1
2588 89 1
582 1816 1
2940 155 1
707 4059 1
1708 1500 1
1017 893 0
1465 2249 1
1137 598 0
3040 4390 0
2844 4846 1
3098 3782 0
659 462 1
2020 358 1
3468 2509 0
3912 916 0
235 4780 1
2332 4 1
955 4648 1
2288 4891 1
2178 1666 0
3020 206 0
3724 2817 0
1787 4046 1
2327 3850 1
3159 3883 0
1400 4935 1
1611 780 0
4010 1050 0
2957 4810 1
780 2577 1
1927 298 0
332 108 1
4894 2047 0
823 2352 0
1173 4245 0
4022 590 0
4358 2006 1
2082 2603 0
2186 2541 0
89 959 1
1711 4208 1
595 1864 0
762 4968 1
2760 3821 0
4903 338 0
2706 4728 1
3430 784 0
3714 2936 1
1353 4560 0
1604 4075 1
1252 2548 1
3554 2991 1
1864 4072 1
4187 395 1
263 4161 1
2919 3989 1
2691 191 1
943 4236 1
1739 375 0
1928 1836 0
3914 2690 0
4176 4036 0
3493 1323 0
2422 741 0
4228 1976 0
3798 201 1
1757 2255 1
2468 2055 0
1696 1004 1
3081 3573 0
2292 3288 0
4535 3322 1
4825 2902 0
4242 1759 1
4206 3623 0
4446 3114 0
303 1082 1
2004 2783 1
4469 2899 0
4539 1344 0
2898 3695 1
4551 3190 0
3660 1766 0
1302 94 0
605 3922 0
3559 4861 1
4301 3324 1
3319 2448 1
4881 1627 0
4415 14 1
1872 1720 1
2917 2875 1
4235 102 1
3572 2900 0
250 3413 1
2257 545 1
477 586 1
1726 2304 1
3959 2752 1
4702 4785 0
1597 2904 1
1497 942 1
4957 412 1
1814 290 0
292 4336 0
4288 572 1
4918 1051 0
1368 4631 1
2990 4420 0
3180 79 1
2829 1810 0
1919 1120 1
4178 4640 0
1267 1168 1
219 4752 1
554 4284 1
604 632 0
4777 4289 1
4459 530 1
3721 929 0
1216 1892 1
3255 549 0
584 2626 1
4381 2516 1
3389 4781 1
238 766 1
3144 1586 1
1429 1698 1
4399 2384 0
2498 3866 0
334 4444 0
4057 2964 0
4434 468 0
3167 4487 1
4803 346 1
451 4803 1
2735 2994 1
105 4699 0
1261 2009 1
422 2604 1
2958 4695 1
4857 2108 1
1763 1866 1
1246 372 0
4932 1641 0
3580 2753 0
4695 1407 0
2894 3700 0
1479 3994 1
80 3325 0
3881 3076 0
1814 4335 0
4998 1385 1
699 4549 1
1222 1614 0
2764 3915 1
4618 4656 1
914 3643 0
2754 2395 1
3797 810 0
4325 4707 0
4834 3582 1
1330 310 1
1720 633 0
727 1621 1
3977 124 0
4634 2881 0
4986 1148 1
4790 531 1
1616 838 1
2171 2504 1
523 3104 1
1415 1455 1
2752 2860 1
4773 2025 0
2295 2159 1
2989 110 0
4576 2468 1
3412 1215 0
4626 785 1
819 3252 1
687 1347 1
3690 2400 1
1645 3459 0
3166 1521 0
2692 408 1
301 2104 0
3874 2015 1
220 2906 1
4854 3501 1
850 848 1
1369 2786 1
2523 3256 1
1901 1018 0
3345 3593 0
601 1903 1
3035 4797 0
1199 1483 0
1560 3971 0
3056 4488 0
2283 3408 0
888 2258 1
2268 2758 1
4025 4801 0
1383 327 1
1338 585 0
1860 1906 1
897 4599 0
2066 4660 0
3810 2376 0
3525 3184 0
2059 4270 1
1651 3767 0
4449 1731 0
175 2592 1
4479 4156 0
37 4786 1
1401 1597 0
633 2277 1
2399 4532 0
3417 4110 1
1602 2982 1
1310 4698 1
1697 2356 0
125 2300 1
2666 1243 0
2412 4911 1
4588 2956 1
4793 883 0
2879 904 1
528 2979 1
1855 2741 0
3778 4017 1
4631 1417 0
483 602 0
72 3723 1
4904 92 1
2197 3492 0
2475 3394 0
229 3953 1
3105 2489 0
1061 3781 0
1424 2782 0
4355 472 1
1856 2328 1
2996 689 1
3100 1842 0
2620 2937 1
3986 3941 1
4026 2183 0
4080 4620 0
4733 985 0
1871 276 1
2738 4988 1
557 1184 1
4872 975 1
681 4893 0
4393 4405 0
3881 1619 0
2470 1204 1
675 3631 0
2384 2490 1
4362 3637 1
4613 4257 1
3663 3248 1
4321 515 1
4986 3950 0
2020 508 1
2371 2796 1
1676 1497 0
82 2512 1
967 1996 0
70 4429 0
3072 3032 0
1994 1624 1
1495 2851 0
906 4771 1
1668 1017 1
3663 1195 0
1684 4512 1
1266 4738 0
2635 723 1
1773 796 0
2210 2656 1
1052 4548 0
4774 2242 0
1495 2637 1
3248 4796 0
1074 3709 0
3200 1481 1
530 1329 0
2036 4493 0
176 3960 0
2802 1286 0
3204 2000 1
4099 3682 0
3588 4918 1
184 4347 1
1123 1033 1
700 2686 1
441 3753 1
4710 3062 0
583 330 1
1006 888 0
3143 3167 0
1407 1935 0
4419 4606 0
105 4914 0
335 1433 0
3264 3126 0
205 4319 0
3315 4858 0
2851 2876 0
2029 389 1
3026 3365 0
1449 3033 1
2379 1087 1
2971 3726 0
2943 1952 1
2298 3214 0
920 2492 0
4592 4169 0
3540 1790 0
2860 308 1
1826 3483 0
4692 4850 1
304 1657 0
3028 3118 1
3249 2984 0
3993 4931 0
3003 3444 0
4733 1032 0
3651 767 1
3107 4062 1
152 2989 1
2322 634 1
2090 3610 1
3226 2273 1
2708 1353 1
2686 3864 1
1115 2756 1
3621 2466 0
4371 2486 1
2115 1630 0
1880 2229 0
2817 37 1
3042 2498 1
1394 103 1
3639 3828 0
353 3819 1
2688 4805 0
3372 3203 1
3980 4150 0
2590 2539 1
18 3513 0
3224 2738 0
2873 1743 1
4766 1870 0
2905 1244 1
561 77 1
2437 2848 0
643 1126 0
2601 2473 0
1094 2932 1
3740 2441 1
3795 56 1
26 3789 1
2915 4131 1
2966 786 1
811 3587 1
1038 4530 1
292 349 1
3294 2518 1
189 3825 0
1163 732 0
509 339 1
1056 2734 0
772 4415 0
2987 1531 1
2006 3447 0
2488 3421 1
549 1131 0
3435 1831 1
1737 1891 0
1567 1268 0
4393 2959 1
2809 1081 0
4379 1272 1
1458 3460 1
4133 4527 1
2259 2560 0
3042 4159 1
1691 3524 1
3228 627 1
4653 337 1
3963 3180 1
275 4021 0
30 645 1
2755 2071 1
3322 4647 0
2700 1282 1
1267 1371 0
4237 1124 0
1080 2057 1
285 1805 0
481 1604 0
3763 1983 1
2967 1911 0
4508 4664 0
1753 1701 0
233 4507 0
1260 4753 0
2507 3786 0
4037 4271 0
3449 4828 1
1238 4401 0
4600 3185 0
689 828 0
648 351 0
515 1577 1
4004 3382 1
4051 1186 1
4102 3617 1
778 4957 0
4687 1648 1
3766 3488 0
4962 1945 1
1737 2658 0
2494 3656 1
4485 4277 0
123 4984 1
3833 3073 1
1743 3495 0
4578 4095 0
4183 386 1
283 3393 0
3240 4147 1
3299 4211 0
889 1744 0
637 1861 1
3431 2503 1
180 3390 1
1965 2175 1
3591 3010 1
2815 2666 1
1431 1313 1
751 1435 1
1333 2496 0
1089 4015 0
1603 3736 0
3076 309 1
4547 2718 0
831 3049 1
4440 3613 1
3929 4721 1
1525 524 0
1891 3418 1
751 90 1
4516 4226 0
4716 799 1
66 4267 0
3090 3962 1
4256 863 1
3216 3577 0
4268 2514 0
2828 4849 1
613 4409 0
2984 3894 0
1283 4398 0
2016 2885 1
1010 4389 1
1359 3664 0
3370 4198 1
1470 4436 1
2160 3386 0
4013 1563 0
2409 4688 1
3633 4002 0
3142 636 1
4454 3278 1
3413 2520 1
1971 4496 0
4403 1735 1
1524 4960 1
2052 3207 1
36 1725 1
2195 3357 0
3841 1274 0
1297 3380 0
302 566 1
361 4446 0
3502 3092 0
1914 4058 0
3598 4739 0
1526 3679 1
4277 1573 0
143 418 0
1542 1298 1
4173 446 0
646 704 0
2050 1991 1
3162 126 1
4848 2427 1
2271 3438 1
3634 2120 1
1548 1376 0
2545 4936 1
3485 2605 1
3178 3326 0
3020 1524 1
4623 2960 0
200 3372 0
847 3686 0
2413 2711 1
4805 3975 1
4085 3036 1
1961 2129 1
4216 4282 0
1778 4476 0
3913 714 1
705 527 1
415 3840 0
3207 540 0
3375 4220 0
3073 808 1
3983 1161 1
4922 3116 0
2389 134 0
2139 1205 1
610 4373 1
617 4745 1
1685 2314 1
1269 1006 0
520 1606 1
3443 3001 0
2506 2329 1
2713 2968 0
181 2148 1
3059 4088 0
942 3801 0
2064 3120 1
970 1978 0
2505 2327 1
3710 4247 0
3803 1553 1
2971 4924 1
2557 3511 1
3908 1999 0
3168 4050 0
3620 3133 0
4383 4216 1
404 2428 0
104 1326 0
1632 1292 0
4601 4830 1
1903 2865 1
178 2928 1
3133 281 1
2967 3317 1
2236 1231 1
3323 882 0
3932 2435 1
1852 473 0
4860 2207 1
2326 1068 1
2644 1825 0
1752 4238 0
1784 2276 0
992 4278 1
750 4435 0
409 809 0
3878 3818 1
145 3939 1
4709 3957 0
4705 4117 1
3474 1280 0
525 4513 1
405 1801 1
1285 1209 0
4619 1700 1
3170 539 0
4598 4627 1
4189 4323 0
4081 2385 1
1774 19 0
2361 2736 1
3962 3687 0
4941 4376 0
558 1728 1
1496 4192 0
3359 1213 1
2651 2349 0
239 2162 1
2722 686 0
4260 1913 1
3532 4691 1
2831 4817 0
1154 607 0
2956 559 0
4767 273 1
4456 1053 1
4978 3211 1
2976 2709 0
1517 1314 0
1917 4769 0
3578 230 0
3217 179 1
1467 678 1
1876 3504 1
4217 1025 1
747 257 0
1798 431 1
1636 4451 0
2278 4042 0
2234 4962 1
2857 593 1
4424 3956 1
2423 4386 1
4217 3371 1
291 3332 0
4017 2908 1
649 1395 1
287 4330 1
3956 687 0
1874 3619 0
1201 1177 0
4978 3916 1
2351 3584 0
2313 681 0
1888 3149 0
3445 4635 0
1781 976 0
3240 2776 0
3728 4381 0
1874 64 1
2529 4047 1
4958 2583 0
4876 3345 0
4229 3891 1
2613 3259 0
1270 3973 0
1171 992 0
4703 4831 1
1686 3162 1
1329 1234 1
4126 1214 1
1345 198 1
1150 4078 1
4062 4291 0
1744 792 0
2387 1918 1
3387 839 1
4888 1305 1
403 3423 0
4420 50 1
54 3759 0
2256 1729 0
2352 2452 1
1638 3335 0
282 189 1
2689 4308 0
1194 4443 0
1457 4428 1
4284 3568 0
1547 1400 0
1947 127 1
1048 4612 1
3741 2321 1
3646 3305 1
2716 4669 0
5000 1261 1
6 2156 0
50 3580 0
4781 1366 1
2892 2525 1
3611 2110 0
1139 1495 0
1532 1146 0
1667 3480 0
3172 1715 0
4303 1225 1
323 4029 1
4353 2231 1
4886 1736 0
2417 1264 1
2138 823 1
4186 1923 0
2583 3906 1
4740 400 0
4275 28 0
287 801 0
1116 2774 1
3698 2732 1
1975 1078 1
2380 159 0
3552 4035 1
570 4574 0
4620 2922 1
4165 3343 1
3344 1355 0
4970 2240 0
4880 812 0
2430 4055 1
2912 3690 0
412 293 1
3213 2141 0
858 2222 0
463 3206 0
4829 1151 0
4647 3832 1
4552 4912 0
4099 1844 0
1062 4804 0
4824 195 1
4067 775 1
4942 587 0
890 2787 1
430 171 0
4386 1501 0
1792 3694 1
2405 4519 0
752 938 1
1311 2801 1
1465 4057 0
1557 4003 0
2702 1307 0
1862 1013 0
222 4822 0
1443 1697 0
1998 2034 0
438 4043 1
3534 3251 1
4032 3140 0
3876 383 1
88 3976 0
1309 726 1
1695 3084 1
165 4276 1
2394 4013 1
3646 4756 0
696 3433 0
3760 46 1
2136 379 1
1590 4526 0
4304 2768 0
142 2065 0
3590 4666 1
3796 4503 1
3121 36 0
2697 1340 1
4526 4692 0
3785 2365 0
4451 180 1
909 3476 1
4046 831 1
4806 406 1
4773 3565 0
3708 4555 0
670 2596 1
4453 3626 1
2812 1565 1
843 1265 0
4119 2624 0
2417 2394 0
875 864 1
2872 2611 0
2042 691 1
4481 4641 0
3538 4351 0
4907 4996 0
95 699 0
3109 2105 1
191 740 1
3111 4143 0
1725 3147 0
1184 4265 1
3084 3508 0
261 3274 1
2408 3910 0
3645 3792 1
541 1365 0
1565 4269 0
693 680 1
1098 3776 1
4432 2632 0
4910 1671 0
472 2363 1
4427 3512 1
3417 2198 1
2617 2192 0
3129 2312 0
949 2060 0
4564 294 0
3504 2008 0
3083 4432 1
76 2195 0
4674 48 0
3545 4841 0
3290 738 0
3202 4633 1
63 203 1
2159 2958 0
3703 3609 1
4031 4869 1
986 1989 1
2497 2031 1
1679 1171 1
4219 1182 1
3951 4578 0
4077 86 0
2284 3618 1
1899 640 0
4139 1101 0
4281 4799 0
496 4597 0
2450 1176 1
2951 4855 1
289 188 0
2183 4632 1
2839 1834 0
607 3241 1
3380 1269 1
3682 4011 1
3680 2069 1
697 4084 1
4604 2478 0
1506 4654 0
863 1776 0
2899 4983 0
1380 4260 0
3939 854 0
1974 2483 1
4369 1936 0
15 948 1
3405 1427 1
4601 4538 1
2150 4859 1
2360 2578 0
171 825 1
2410 4363 1
3350 2049 0
4968 1239 1
821 3391 0
3091 1796 0
169 4126 1
2161 2170 1
3782 4378 1
1714 481 1
4094 4130 0
384 4107 0
4155 1721 1
3170 4480 0
4829 2613 1
4964 3226 0
4614 3053 0
3639 2697 0
1633 4307 0
1037 4844 1
4297 4961 0
4779 2316 0
3035 3000 1
2954 2858 0
3848 483 1
2729 1275 1
1636 3229 1
1818 1516 1
3791 2147 0
745 2017 1
3132 4923 1
1796 3666 0
1020 3636 1
4975 2529 1
3692 2570 0
2719 2374 1
4750 3227 1
446 2137 0
4225 3339 1
3768 3813 0
1120 41 0
2184 1199 1
218 4280 1
1050 1849 0
2146 4221 1
2821 4782 1
4012 4837 0
2742 2507 1
3146 1517 0
3235 3822 0
1785 4212 1
2607 4194 1
976 3249 1
2773 217 0
844 3741 1
4668 3970 1
2453 3230 0
1250 1378 1
4150 991 1
4895 1155 0
4696 4111 0
3903 649 0
2568 3921 1
2315 1235 0
3112 3860 0
1147 3023 0
3010 603 0
3398 4193 0
3135 3742 1
3265 2545 0
975 713 0
2844 162 0
2132 954 1
2326 2063 0
3029 1349 1
2943 263 1
4841 2890 0
4699 2714 0
3972 4138 0
4689 4987 1
3468 258 1
4637 1530 1
4230 3388 0
826 2528 1
1518 4457 0
1054 1635 1
3595 4933 1
849 3574 0
3092 485 0
4483 1482 1
2953 2891 1
3171 2540 0
2118 2151 0
1538 454 0
412 4320 0
2775 1034 1
2667 4821 0
4188 2153 0
1501 168 1
4160 3846 0
4467 4566 0
2811 3377 1
760 4964 1
2785 153 1
4377 3193 1
2647 815 1
3639 3117 0
2579 4509 1
4792 4757 0
4212 2833 0
4906 1063 0
4865 752 0
4729 3295 1
2972 4180 0
2756 3911 0
2010 2997 0
3147 444 0
1481 1889 1
318 3544 0
2425 3569 1
3649 3585 0
2471 4907 1
884 99 0
982 1189 0
2858 4694 0
3108 1405 0
856 2375 1
3132 2182 1
2916 91 0
1764 1080 0
3987 2620 0
1833 278 1
2290 3097 1
2439 409 1
722 1484 0
883 3935 1
2947 3537 0
4638 3161 0
2672 1785 0
177 2430 1
4235 486 1
11 1637 0
3777 494 1
886 3052 1
2698 2361 0
1090 3594 1
3765 3978 1
3947 1535 1
982 1325 0
798 895 0
1693 4525 0
1639 1480 0
2545 4246 1
4107 2123 1
2532 1263 1
4975 266 1
806 1091 1
401 467 0
2199 2696 1
4249 167 0
4780 469 0
392 4118 0
4786 4252 0
4816 2434 1
1039 745 1
4562 2961 1
865 2001 0
695 915 0
3697 3257 0
4585 2750 1
3044 2099 1
270 1362 1
1604 3844 1
1456 4909 1
911 150 1
700 2868 1
2061 4862 1
1451 3592 0
1697 4218 0
93 2508 1
3776 1964 0
3799 3588 0
2980 993 1
821 2332 1
236 3491 0
4061 4176 1
2125 3096 1
393 10 0
1177 968 0
4380 2340 0
3414 4826 1
1263 3907 0
3150 2051 0
822 3946 0
2606 3080 1
865 1287 1
3895 1930 1
18 2210 1
733 87 1
2159 552 0
3974 2417 1
2321 1578 1
3234 4790 0
150 78 1
1914 4676 1
2055 68 1
723 1782 0
1101 362 0
2273 261 0
1791 4986 1
1251 4678 1
2713 4875 0
4132 3743 0
209 2830 0
2459 227 1
591 2657 0
3907 3197 0
2699 611 1
10 4408 0
3044 3490 0
3135 457 0
3725 2331 0
2354 4049 0
3954 628 0
1234 3255 0
3984 4815 0
3507 192 1
3531 4999 1
510 4890 0
455 4253 1
1721 3644 1
1412 3929 1
4378 1544 0
1788 2447 1
4905 967 0
2856 830 0
715 4060 0
2164 4317 0
4863 1029 1
514 1015 1
1954 3515 1
1031 2444 0
799 429 0
4658 461 1
86 4906 1
4951 3518 0
419 2910 0
20 3385 0
1897 3478 1
2552 2436 0
4901 163 0
1103 2020 0
1448 437 1
4698 870 0
4180 2839 1
3141 2238 0
4146 1975 0
2734 1170 1
1768 3965 1
4748 4834 0
2527 3981 0
292 581 1
969 279 1
88 3633 0
1082 2475 1
2051 2698 1
2419 240 0
4121 2053 0
1125 2684 0
214 3319 0
4134 4595 0
2633 3407 0
446 3218 1
4061 3366 1
2382 2315 0
3385 3395 0
619 3143 1
4643 2681 0
2784 3595 1
1313 3817 0
981 149 1
1519 2290 0
1812 3863 0
2905 2132 1
4941 3296 0
4036 2284 1
1582 4416 0
1512 3578 0
842 4670 1
4763 2200 1
4815 2895 1
2281 2880 1
1923 1538 1
1487 1142 1
2154 3790 1
931 2346 0
301 3479 1
943 3194 0
3378 3717 1
564 3627 1
2277 871 0
4622 3744 0
2406 2538 0
3216 2537 1
2177 3066 1
2546 1786 1
2486 2643 0
1842 2872 1
1611 4039 1
1130 3774 0
3021 4261 0
4057 3662 1
369 1528 1
2482 1309 0
1885 2811 0
4571 1065 0
2358 1787 1
461 907 0
4586 1001 0
2789 4189 1
3868 1655 0
3994 1045 0
4440 3132 0
2865 4299 0
3713 2731 0
824 4175 1
1160 2016 1
315 1596 0
1463 4537 0
3346 142 1
43 2654 0
1152 4668 1
2778 459 1
644 4244 0
8 4184 1
358 2214 1
4370 4813 0
1128 3729 0
2234 3323 1
1042 4553 0
3441 2033 1
2335 2765 0
414 2134 0
341 226 1
98 2022 1
2426 816 1
3416 1649 1
4241 1638 1
423 4939 0
993 1426 0
3956 573 0
125 2348 1
3114 1663 0
4846 1847 1
3002 2050 0
1478 4636 0
1257 1692 1
1497 3225 1
3502 3683 1
2363 140 0
1349 4722 0
2176 221 0
947 1646 0
1959 2391 0
660 4954 1
3691 794 1
2958 1868 0
1585 3383 1
1832 1463 0
2447 3379 0
381 2011 0
2882 194 1
3823 797 0
92 3657 1
1722 2293 1
4847 2241 0
2543 231 1
4247 2127 1
2741 1498 0
538 2569 1
469 3054 1
4826 2451 0
3899 4483 0
1050 1968 0
630 3920 1
2336 2368 1
3592 4755 1
2932 584 1
3572 439 1
3369 1494 1
2048 1679 0
3211 3063 1
976 2408 1
2924 72 1
2551 2472 1
4145 3642 0
3813 2544 1
498 1665 1
2610 1351 1
1806 988 1
1615 1632 0
3959 478 0
2688 3285 0
3879 3551 1
3353 1884 0
1427 1198 0
1579 1789 1
2573 924 0
3203 2630 0
2487 3361 1
3247 3620 0
4241 781 0
3987 846 0
297 914 0
2657 4460 1
3817 3799 1
4602 676 1
3381 1117 0
2555 1428 1
2838 1661 0
2655 3204 1
2616 947 1
3713 4665 0
2982 3083 1
4421 4767 0
2494 443 1
510 1708 0
1386 1579 0
3421 3760 0
3388 259 0
1363 630 0
1384 1914 1
3880 336 0
962 1437 0
2026 3168 1
4321 3882 1
3583 4296 0
118 606 0
3623 3999 1
1491 4094 0
4966 490 1
4521 4661 0
1551 4445 1
2083 3645 0
4334 158 1
2421 570 1
241 507 0
3297 3867 0
669 4650 0
3271 556 1
3699 2575 1
2554 4712 0
1033 3701 0
2231 3902 0
4442 4440 1
4250 2710 1
2145 1432 1
292 4268 0
562 2727 0
1240 2631 0
968 4783 0
1961 1581 1
960 239 1
3417 2905 1
597 364 0
1516 2803 0
1505 4382 1
1458 2965 0
180 3457 0
1415 2431 0
3824 4971 1
1300 3417 0
1063 4832 1
4629 541 0
4053 419 0
487 2453 0
871 4186 1
690 4561 0
4412 4874 0
4144 202 0
4158 224 0
3928 919 0
2188 4749 1
802 2692 1
462 4377 0
2528 1726 1
126 4223 0
4835 1042 0
424 3854 0
3912 1929 0
156 3409 1
4263 2805 1
4489 2915 0
1737 4153 1
379 3306 0
1826 1425 0
5000 856 1
3200 3059 1
3472 4705 1
1179 238 0
2485 2443 0
4244 1972 1
387 4845 1
2342 2601 1
2503 2150 0
461 2038 0
3827 1398 1
1585 861 1
1480 2555 0
1587 4951 1
4016 1162 1
4976 3079 0
4068 2234 0
2683 4053 1
1183 3253 0
3886 2367 1
136 2919 0
174 1260 1
2799 3876 0
2157 4940 0
408 2224 0
2037 81 1
1794 2524 1
3125 2983 1
782 3328 1
2314 1678 0
3236 1784 0
3450 3856 1
2068 2201 0
187 1878 1
4215 2280 1
4328 805 0
1496 4729 0
876 302 0
2560 4703 1
325 357 0
732 2706 1
4344 1337 1
3404 3449 1
3037 3763 1
3580 4197 1
4006 4344 0
1842 3658 1
4240 2295 0
1074 3697 0
3404 1281 1
298 4616 1
4868 878 0
1422 1190 1
3115 4000 0
3649 492 1
2218 571 1
4751 3983 0
3763 4312 0
57 903 1
610 1140 1
2771 3342 0
4591 3969 0
176 2014 1
2990 216 1
566 2927 1
4011 2199 1
4406 3557 0
1993 2622 0
4674 199 0
785 4860 1
2681 3923 1
4134 3917 1
3671 3552 0
1450 852 0
4232 3086 0
1915 2302 1
3359 1352 1
4889 2023 0
4021 156 0
4990 3171 1
3428 4747 0
3803 1668 0
1825 4689 1
3670 380 0
2387 3787 0
4287 3677 0
4030 3711 1
3873 544 0
3648 4787 1
3789 4422 1
1520 2095 0
994 1028 1
3202 447 1
2412 4250 0
2126 2918 0
3355 3108 0
1958 367 1
3709 242 1
1550 3648 0
2369 2027 1
4796 672 1
2127 4896 0
3274 4215 0
4721 2749 0
1543 2392 1
1730 3304 1
3546 1850 1
382 1595 0
508 333 0
4312 4183 1
2629 3951 1
3476 1105 0
1937 2990 1
2250 4338 1
813 488 0
863 4744 0
4122 464 1
3753 1629 0
3536 475 0
3966 4151 1
4376 2062 1
2056 196 0
4014 369 0
3282 1712 0
1293 1931 1
3154 3294 1
1338 2474 0
269 254 0
2323 2128 0
1773 2100 0
3352 3674 0
236 1608 0
3940 49 0
4785 1949 1
445 1670 1
1094 2873 1
3116 2515 1
4550 4770 1
180 1775 0
1706 879 0
1940 2737 0
1855 376 0
1475 4975 0
2102 1074 1
3566 4362 1
4512 4667 1
2626 3454 1
2275 3689 1
4401 3810 0
4429 3005 0
4772 3318 1
3996 4207 0
3973 977 1
1800 4397 0
3064 4577 1
2982 1979 1
4000 3522 1
3466 4795 1
279 2751 1
4214 2382 1
3323 2946 0
4551 1416 0
3650 3749 1
2000 3201 1
1807 166 1
1734 3919 0
61 1134 0
3633 2067 1
1704 652 0
4466 525 1
4150 4675 0
4416 3596 1
1044 4870 1
4522 2911 1
2091 845 1
2672 3702 0
4061 23 1
2092 3425 0
2131 833 0
2092 742 0
3390 3843 0
3156 480 1
582 519 0
1571 1458 1
2800 4793 1
1658 1933 1
3421 811 0
2431 1357 1
3985 3670 1
114 3208 1
2473 3837 0
3672 2554 1
3869 1064 1
103 4724 1
4023 246 0
4939 873 0
910 1988 1
4682 272 0
2611 4154 1
3 1071 1
635 807 1
3459 4765 1
2039 2680 1
1348 4372 1
2034 4092 0
822 580 1
3666 4775 0
195 1429 0
3153 4851 0
3622 1166 1
3077 117 1
2685 3030 0
4318 2269 1
2760 4562 0
4677 2510 1
4532 2590 1
2414 2549 1
1243 2263 1
1776 1681 1
2833 2494 1
2272 1540 0
2290 4490 1
1843 3280 1
3693 4903 1
4128 2333 0
2903 2701 0
728 3047 0
2 1010 0
4094 2253 1
4213 3892 1
3291 1514 0
4413 220 0
3361 3665 1
1699 1948 0
1583 4144 1
4708 3874 0
1666 1334 1
2933 3044 1
4048 900 0
4809 1569 0
2577 1927 0
710 2761 0
4982 2177 0
3751 4600 1
3783 1039 1
514 4886 1
1754 4481 0
647 2566 0
2467 1255 1
3274 4792 0
1982 3872 1
4666 2985 0
3582 2550 0
264 1423 0
2798 4540 0
3854 264 1
4025 3098 1
1439 2847 1
144 1317 1
4943 2209 0
4663 4098 1
3427 2227 1
2593 3071 1
3350 3755 0
47 2493 0
131 4857 0
565 629 1
937 4883 0
2539 2251 1
101 4958 1
2671 935 1
52 4450 1
2356 1564 1
2200 442 0
2509 4137 1
851 287 0
3769 4820 0
4230 2043 0
4331 3281 0
3673 4545 1
526 4895 1
130 1737 1
3267 4417 1
4 3258 0
2965 4876 1
2089 356 1
4902 4353 0
2675 4646 0
338 29 1
2676 1751 1
3860 2115 1
504 3964 1
2082 821 1
38 1652 1
1525 157 0
4471 3526 0
1112 4333 1
784 4346 0
1804 2046 0
2001 3968 0
163 1532 0
1939 4701 1
1075 4152 1
928 1910 0
2495 936 1
2370 2535 1
111 763 0
234 3088 1
3925 3321 0
407 1447 1
4977 592 0
4272 1342 1
1015 2826 1
722 874 1
586 2715 0
2916 2971 0
2550 4963 1
1744 4498 1
3244 1863 0
577 3243 1
1830 2973 1
2154 178 0
1929 300 0
3514 1164 1
3639 2135 1
201 4136 0
1509 4763 0
2512 4718 0
2103 1894 1
2024 3845 1
4091 3112 1
4526 1257 0
4540 2211 0
1353 1947 0
4595 4354 0
4777 4966 1
4482 4464 1
2572 2903 1
973 2667 0
1854 1031 0
3923 2800 0
396 1469 1
903 3237 0
4804 2920 1
1882 112 1
4 3602 0
2615 4949 1
331 3221 0
3631 2759 1
519 946 0
4856 4686 1
4673 1990 0
3543 344 1
3712 295 1
2250 2181 0
4405 4711 1
3558 2779 1
1136 1394 1
678 2479 0
1124 2855 1
2511 4732 0
3748 2232 1
2569 4219 0
627 1038 0
2598 270 0
2180 1047 0
1498 4230 0
1946 4682 1
1093 3678 0
2074 2679 1
3569 4048 1
2335 4942 0
1375 2446 0
569 1318 0
1122 306 1
2582 2404 0
1440 3039 0
851 750 1
2536 3110 1
234 2299 0
364 4037 1
1286 3987 0
4895 3567 1
84 3362 1
3603 4310 0
4035 399 0
1681 965 0
4042 3121 1
572 1375 0
1395 2635 0
3192 844 0
3572 225 1
4174 4502 0
868 1856 1
2156 2250 1
1034 2703 1
600 2813 1
3264 4605 1
1651 509 1
3819 517 1
27 4618 0
2352 3287 1
4937 684 1
3241 4524 0
3174 1030 1
4451 4808 0
253 4400 1
2420 2497 0
2467 1591 1
656 2125 0
3003 648 1
3364 2562 0
3181 2024 1
198 756 1
1960 4881 0
4536 3279 1
2544 901 0
1823 2070 0
2952 2294 1
1698 3236 0
2263 1872 0
1021 1044 0
3747 2762 0
4076 705 0
4455 3350 0
4156 4082 1
4843 3802 0
3598 4788 0
105 354 0
3626 2411 1
2848 67 0
2522 2798 0
645 3861 0
560 1802 0
1830 1877 0
3626 724 0
4869 4051 0
3419 1278 0
1304 1218 1
3984 3419 1
3658 2202 0
1011 3940 0
203 1133 1
3312 1640 0
3722 1312 0
4373 989 1
1476 2842 0
4577 3355 0
1057 2533 1
2791 4321 0
855 4135 0
3775 3836 0
2118 2628 1
2721 4499 1
3199 1613 0
4518 3489 0
3022 241 0
2689 3131 1
1095 4293 0
4930 700 0
662 2212 0
2594 858 0
2980 1727 0
4446 647 0
598 3095 1
440 1926 0
3720 4235 0
2991 4602 0
94 484 0
1366 3331 0
2045 1296 1
3429 131 1
1284 3267 0
1986 1520 1
1698 2308 0
3816 3777 0
1017 2579 0
3896 3805 0
323 2854 1
4853 1046 1
4599 4910 1
117 1422 0
4028 3148 0
4943 2629 0
1869 2623 1
2708 4439 1
2434 4915 0
4252 1853 1
965 3555 1
3443 347 1
2934 3815 1
2687 3099 0
392 588 1
4347 249 1
2884 296 0
531 4303 0
2784 1634 0
1262 2755 1
2699 4379 1
964 1625 0
3328 4514 0
4665 1662 1
1745 2413 0
1500 4065 1
4365 1919 0
128 1464 1
2792 4040 1
1224 2871 0
4593 4163 1
3514 1157 1
2045 2275 0
827 1203 1
2534 4737 1
3088 2013 0
2355 2584 0
2565 4243 1
74 3021 1
2889 3597 0
3192 4160 0
4103 910 1
2707 71 0
3754 1779 1
3626 4482 0
1643 1899 0
1771 1852 0
1055 8 0
4442 1401 0
2365 2818 0
4659 4576 0
4538 532 0
4387 1390 1
4773 4720 1
960 436 0
475 3639 1
1403 3899 0
529 3773 0
2299 2975 1
3434 2378 1
1776 4129 1
1445 1118 1
1650 4286 0
3201 1335 0
2347 1293 1
3749 1363 0
2774 1290 1
4027 186 0
4275 2039 1
2641 2725 0
2513 4275 0
3611 3291 1
2368 4655 1
2151 4528 0
1154 2266 1
1733 3376 0
2936 2634 1
253 3250 1
4965 3996 1
1649 1319 0
4723 1962 0
521 3106 0
3268 3966 0
694 1694 1
4819 4492 1
3904 819 1
2843 3289 0
2649 4204 0
1659 1833 0
2874 1021 1
2744 4165 0
1631 747 0
2807 1959 1
2627 4884 1
1148 3546 0
1786 1016 1
1332 3139 1
2152 2678 1
1884 2309 1
35 1901 1
513 74 0
2658 218 1
4938 4653 0
650 113 0
1790 2285 0
4543 4339 0
3915 3543 1
2779 4706 1
1423 2970 1
842 567 0
535 4119 0
2028 4892 0
2008 1504 1
115 2688 0
651 4348 1
907 4448 1
1316 4864 0
4135 1984 1
2252 4001 0
421 4340 1
592 558 1
4670 3374 1
4861 2882 0
1670 1732 0
2066 2077 0
1886 267 0
2673 1900 0
1421 2662 1
1267 4342 0
343 2296 1
326 3090 0
3141 2117 1
208 3429 0
1760 673 1
24 2951 0
3820 3673 1
1296 1333 0
444 2354 0
2928 3035 0
1708 2056 1
2099 3833 0
4989 1089 0
1228 670 1
4524 1178 1
2788 3268 1
4887 1308 1
3924 3330 1
1629 3019 1
4636 4645 0
1195 1393 0
2920 280 0
286 2668 0
2674 4973 1
1474 887 1
433 1954 1
3094 3260 0
2963 2205 0
3479 4558 1
3662 4019 0
4812 3337 1
2755 17 1
2540 4638 1
4159 951 1
3120 3848 0
2733 3943 0
4701 964 0
1596 2557 0
3245 880 0
4747 1300 1
479 4905 1
2141 4177 1
2205 1971 1
4193 2747 1
547 9 1
2640 423 0
4285 42 1
3117 4419 0
980 2700 0
905 3 0
1078 1575 0
1202 2091 0
1422 1546 1
2948 2286 1
4388 4068 1
2823 2802 1
512 2940 1
423 1221 1
509 1304 0
3296 2252 1
4719 958 0
3375 3451 0
484 1406 1
775 1185 0
870 4102 0
1059 1647 0
4164 4103 0
4650 1159 0
3893 1589 0
3886 510 1
1004 782 0
202 2587 1
4746 4442 0
1391 2244 0
466 3494 0
1511 2720 1
46 2432 0
4006 1084 0
4168 4195 1
761 596 0
1687 1496 1
1864 778 0
4761 4410 1
1482 3562 1
1473 2146 0
915 3889 0
1862 405 0
4251 3314 1
1188 779 0
444 96 0
2030 1266 0
1514 4529 0
4302 4693 0
3828 2827 1
2357 1626 0
1143 3130 1
4796 2101 1
2629 682 0
940 3880 1
1280 2139 1
1135 3937 0
2192 1137 1
4270 3514 0
4339 2672 1
2292 2674 0
1312 837 0
3457 1461 1
2531 31 1
1186 514 0
1158 4073 0
838 1827 1
2516 1431 0
101 3078 1
1879 3829 1
4261 1227 0
4076 3153 1
4606 2588 0
956 2519 1
3553 1738 0
1654 1251 0
1989 2344 1
1067 3212 1
1020 33 1
92 1369 0
657 765 1
1216 2102 1
378 2218 0
758 1897 0
2311 2719 0
1894 2423 0
2391 3598 1
4774 798 1
728 160 0
334 1311 0
454 3027 0
478 3766 1
2246 5000 0
312 2085 1
3529 3024 0
1134 1027 1
3037 24 1
1854 1823 0
965 1104 0
2562 54 0
1847 3440 1
4444 1695 1
2868 2318 0
1978 822 0
4713 4170 1
4712 3246 1
4832 1557 1
2665 2090 1
2339 853 1
3272 1485 0
4683 2203 1
679 4181 0
4693 635 1
4485 1073 0
3958 4671 0
4960 115 1
4844 720 0
4624 3733 1
3363 2461 1
2393 434 0
2460 371 1
4469 547 0
1347 2149 0
3503 2421 0
346 4663 0
1671 4101 1
4947 3985 0
119 1650 1
4730 1301 1
4848 679 1
3110 4992 0
2112 4798 0
198 4879 0
3637 4080 1
3619 513 1
4543 402 0
3101 1108 0
3326 3392 1
503 2933 0
3395 2832 0
2941 534 0
2729 3581 0
849 4552 1
4433 591 1
3407 1628 1
3790 1958 1
3604 4723 1
182 2907 0
1408 4727 0
3128 3752 1
3092 4683 1
411 377 1
1981 2640 1
1357 2324 0
824 2383 0
4837 1468 1
2874 3530 0
3785 187 0
4101 3974 0
4039 3373 0
2067 4322 0
3010 2934 1
3832 1368 0
4821 3849 1
2050 553 0
1374 522 0
986 2542 1
3834 2824 0
2427 3146 1
2564 2103 0
1137 669 0
4794 4316 1
1880 2921 1
377 3505 0
1455 2608 0
716 121 1
378 1770 1
1850 2388 0
458 1460 1
1210 4952 0
1673 3895 1
768 2500 0
393 307 1
55 1067 0
767 3292 1
3624 1409 1
1410 4217 0
2741 4997 0
3016 355 1
1076 66 0
3510 1061 1
796 3808 1
3329 1643 0
1288 4608 1
663 3056 1
4177 3942 1
4929 4854 1
2542 197 0
1618 923 1
3413 2416 0
3936 3927 1
3227 1019 0
3118 4453 0
1063 3320 0
4960 1547 1
1129 546 0
1259 4871 0
2604 1745 0
3579 1154 1
341 4473 0
3304 773 0
2104 2837 0
3620 3675 0
2191 941 1
953 651 0
4876 3017 0
179 2886 1
4960 2699 0
183 139 1
4858 1297 1
2108 950 0
3735 2026 1
2209 1129 1
623 4534 1
4992 2962 1
2682 995 1
4610 758 0
966 2037 1
1809 4069 0
1889 1845 0
4064 4679 1
4313 999 0
3739 1291 1
1370 535 0
29 3195 0
3888 917 1
1833 1761 1
2307 3842 0
660 1778 1
4248 2793 1
1266 866 0
1969 3031 0
4860 4779 1
3253 4414 0
1569 1987 0
1185 770 1
4533 3797 0
1988 2896 0
2650 2418 0
141 2742 0
3065 4388 0
2039 3757 0
803 342 1
2484 2386 1
1148 1332 0
4423 4937 0
4737 2371 0
2996 3384 1
3183 3826 1
225 4715 1
2921 4191 1
1851 4982 1
4214 4349 0
3757 2083 1
1794 2981 1
669 3905 0
2005 2792 0
1752 589 0
525 660 0
859 2816 1
4506 1580 0
4832 1476 0
3499 1360 0
3165 4032 1
3902 343 1
4764 3310 1
3471 4894 1
2112 905 1
3900 204 1
215 3353 0
3000 2841 0
4904 2807 0
1198 76 0
4316 1724 0
4767 2463 1
2244 2723 0
2130 1415 0
1825 1386 1
2502 4199 0
4933 1707 0
4705 1183 0
1713 4302 1
2883 3431 0
3948 319 1
4090 4842 0
1642 2111 0
621 979 0
217 4222 0
489 2048 1
4776 4674 1
2907 4371 0
1591 2775 0
1306 303 0
73 4031 0
1826 3363 1
2397 3334 1
4616 414 1
2190 2166 1
3453 210 0
2869 4418 1
1623 116 0
3811 3735 0
4945 1659 1
4137 2133 0
4590 4995 0
809 2861 1
2559 1396 1
4992 4332 1
3418 834 1
1795 4567 1
2080 969 1
4165 761 1
1950 3124 1
2023 424 1
714 612 0
1972 1777 0
4842 2563 1
4514 1733 1
2867 4877 1
3455 3831 0
997 450 1
4859 3748 0
2694 3213 1
4825 3570 1
3572 3804 0
155 4717 1
996 4697 0
1908 1673 0
3682 1387 1
1988 715 1
4893 3415 0
753 972 1
4110 1702 0
4609 3150 1
985 503 1
487 963 0
2765 4328 1
3356 4818 0
4529 4396 1
3614 1321 0
697 875 0
3260 710 1
412 3652 0
2248 1915 0
962 737 0
3734 4145 0
4514 1152 0
4814 2894 0
4680 3233 1
1985 2814 0
4478 1153 0
3806 3416 0
4978 4411 1
672 2568 0
1899 3909 0
1973 1704 1
4873 4511 0
342 3604 0
1319 2377 0
991 2846 0
3062 3006 0
1405 69 1
4789 657 0
3308 1932 0
3989 4327 1
4719 2116 1
474 744 1
1002 637 0
729 1397 1
4497 3519 1
4302 3520 0
2515 4630 1
2369 3870 0
4795 538 0
164 3510 0
371 1722 0
555 11 1
4325 1284 1
2797 751 0
1747 2912 0
191 2254 1
2261 4904 1
3948 215 0
620 3779 0
2491 1057 1
3195 3065 1
1196 4114 0
949 3954 1
2541 1249 1
237 122 1
1520 2702 0
1350 4592 0
2403 283 1
1339 487 1
3740 735 0
1748 2797 1
1710 4750 1
1957 3888 0
1745 4240 1
2423 1445 1
2062 2591 0
1191 1212 0
3193 51 0
1725 4359 0
994 600 0
1078 1741 0
2287 579 0
3456 1631 1
4710 4840 0
2174 2171 1
786 1677 0
3149 1488 1
436 2167 0
1111 2036 1
1772 2074 0
3469 3820 0
1481 2075 0
4396 4188 0
717 2405 0
1220 3283 1
891 4887 1
1827 2935 1
949 1880 1
880 2571 1
2544 4521 1
1589 4355 1
4740 284 0
1279 4202 0
3124 4412 0
4173 250 0
1212 2379 0
2852 1374 1
3629 1258 0
4156 1515 1
3067 30 1
2682 2484 1
656 1742 1
2532 2845 0
2119 353 0
3944 1917 1
2645 3762 0
4477 1713 0
1538 3485 0
45 3228 1
1000 1090 1
3950 4100 0
794 3025 0
2552 2248 1
990 840 0
3226 396 1
4884 1654 0
3310 2029 1
1921 1908 0
1269 859 1
3753 4438 1
2286 499 0
3236 3169 1
1962 4128 0
3269 898 0
2444 4020 0
3048 3926 1
250 949 1
4273 3266 0
4228 104 1
1511 4719 0
4326 1688 1
1411 4569 1
2824 4423 1
3505 1986 1
2028 4064 0
4084 1615 1
2301 145 0
3392 265 1
2961 4812 0
1796 1452 1
3659 575 1
3756 2387 1
3258 2287 0
1508 1876 0
2373 3016 0
401 1867 0
4247 3410 0
3061 536 0
3190 971 0
4683 2450 0
3220 4486 1
938 2180 0
764 143 0
3000 4713 0
1622 4619 1
444 4919 1
1828 1740 0
609 1982 0
1191 2974 0
168 288 0
4114 981 0
1468 4809 1
1271 4758 0
3491 2440 1
790 599 0
2333 1420 0
2796 3756 0
3132 755 0
4589 3980 1
537 4403 0
3424 3830 0
2483 416 1
345 2675 1
624 2142 1
4731 3869 0
1658 3531 0
2868 4383 0
3542 4565 1
2261 4112 1
2587 4990 0
3043 3188 1
2438 97 1
1272 2639 1
1624 1228 0
3937 4485 1
1628 727 0
39 1791 0
1219 4856 1
2101 1088 1
4050 2893 1
1301 1193 0
4059 2647 0
4151 542 0
3236 40 0
4752 3616 1
3612 476 1
927 2789 1
3441 3949 0
2237 2455 1
2143 449 1
2323 3075 1
1834 3015 1
2570 719 0
1342 2687 1
1341 2088 0
448 2693 1
664 1925 0
2474 471 0
2055 4672 0
2967 1367 1
825 1008 0
3464 1905 0
1171 4882 0
2739 1299 0
3497 3692 0
4075 3210 0
3417 2744 1
3821 671 1
2820 3558 0
2507 4730 0
2702 2730 1
819 1835 1
4097 3333 0
3647 3764 1
2265 251 1
4984 1944 1
1724 3424 1
4840 3747 1
2745 452 0
3530 4948 0
16 2740 0
923 4587 1
2719 2317 1
2117 1441 0
3743 614 0
757 381 0
3808 4778 0
3483 2045 1
4726 3671 1
4683 1525 1
2664 146 0
182 757 0
488 511 1
1878 2707 1
1877 928 0
2206 1656 1
689 1683 1
3756 1003 1
4200 4266 0
1975 4149 1
1157 2969 0
3786 2999 1
3909 4902 1
2897 2957 1
1286 1424 1
4378 2716 1
4446 3800 1
3953 2683 0
3362 1939 0
3330 2820 0
1593 4956 0
4891 1158 0
4496 2585 1
385 4609 0
1422 4539 1
925 4337 1
3669 313 1
2960 1551 0
1382 1418 0
2988 109 1
893 1508 1
1127 4865 1
4192 1346 0
4480 2401 1
280 1676 1
805 644 1
4754 4264 0
4300 1411 0
2346 2954 0
1227 1760 0
1890 2947 1
1461 4067 0
2526 2262 0
1193 3728 1
2961 1693 0
4560 164 1
3579 2424 0
4845 1793 0
2126 4449 1
91 1254 0
2767 3144 0
73 927 1
1783 2081 1
2226 1598 1
1778 1322 1
4920 1457 0
4882 656 0
1395 4369 0
186 932 0
1915 722 0
2566 185 0
3210 1969 1
3802 4878 0
702 4955 1
4231 772 1
593 154 1
4004 2485 1
2576 3145 1
4022 4497 1
539 4542 0
281 3559 1
3961 2574 0
399 2406 0
3622 3432 0
3423 4768 1
1767 1858 0
1024 2561 1
1641 818 1
1073 493 1
2840 2879 1
4237 2 1
2393 4010 0
2122 4965 0
4587 1946 0
317 2649 1
3727 2856 1
4941 1277 1
3644 3873 0
290 4304 1
1416 1238 0
800 3688 1
4775 1543 1
3439 1772 0
3310 3026 1
2262 4294 1
4502 1942 1
4507 1526 0
1975 2481 1
2864 388 0
3769 1135 1
2293 4233 1
3700 2609 0
2572 4551 0
3276 4341 1
940 1875 1
1200 1746 0
177 4613 0
1579 953 1
331 4593 0
4681 4784 0
2076 3541 0
4262 2897 0
1465 894 1
2834 869 0
4802 2760 1
3583 1223 0
1287 4366 1
856 3857 0
1132 2084 1
4657 3360 1
848 136 0
3989 889 0
494 3125 1
2748 1822 1
1990 4241 1
1701 3187 0
1883 1957 1
1454 2831 0
3134 3914 1
268 1566 0
1896 3721 0
3098 709 1
4744 2580 1
1334 4515 0
4064 3191 1
4332 4637 0
3169 4873 0
3798 3315 1
2914 4016 0
4254 2193 1
626 1165 0
647 4684 0
4963 2112 0
3348 3302 1
2811 3463 1
2611 4495 0
4985 1076 1
3138 1060 0
1847 2606 1
3906 1817 1
411 3714 0
4911 4279 1
4899 2929 0
1674 4174 1
1926 4741 1
3831 3004 0
333 4489 1
3174 1966 1
3275 2399 1
2217 2501 1
3991 2582 0
2433 551 1
943 3715 0
1927 4026 1
2019 4424 1
4327 2638 0
1867 2158 1
1669 994 0
718 4725 1
3154 1691 0
651 743 1
95 4708 1
1523 3042 1
1175 3650 0
121 1893 1
1070 128 0
4366 857 1
1138 4290 1
292 836 0
1675 716 0
3951 4634 1
159 1259 1
4417 1601 0
348 3093 0
4513 4121 1
4390 4941 1
4671 3111 0
3341 4045 1
2937 1723 1
351 824 1
4278 1644 0
1238 3175 1
2586 2618 1
1345 685 1
2597 2336 1
4642 2032 0
2847 3646 0
2739 1795 1
2007 1680 0
4768 937 1
1700 1993 0
2247 3659 0
1998 4248 0
4911 3681 0
68 3200 0
430 105 0
449 2362 0
4385 1757 0
107 662 1
2695 3040 1
3867 1527 1
4591 4838 0
3906 1587 0
3645 4140 0
801 4387 0
1976 1450 1
1652 1474 0
4161 1026 1
4148 2042 1
1182 2931 0
4122 2012 1
2350 427 1
3556 1316 1
4906 4772 0
4403 764 1
3452 4076 0
667 2558 1
4916 3928 0
549 368 1
2274 2343 0
2923 708 1
1003 3158 1
1817 3877 1
1083 2764 1
1438 129 1
4203 4205 1
4309 1014 0
1363 3502 1
2800 1690 1
1991 181 0
3992 1536 1
3525 956 1
2710 1783 0
3163 3638 0
3175 891 0
3609 3853 0
2090 174 0
2846 2867 0
4092 654 1
2587 1336 0
4583 698 0
2233 3586 1
1630 2339 0
1887 930 0
2076 1194 1
3385 783 1
2025 2621 1
4636 4214 0
1546 4433 0
2384 3539 1
3483 625 0
2977 3835 1
1039 3984 0
2457 3166 1
2171 2470 0
2993 1709 0
1105 2976 1
4184 4651 0
2538 1590 1
3000 58 0
580 4766 0
4484 1837 0
2325 2355 1
4443 2978 0
2472 702 0
4376 1226 1
2890 3381 1
2819 3244 0
3157 52 0
2085 328 1
3710 209 0
1261 2230 0
4510 1756 0
1027 3591 0
637 4324 0
2747 2853 0
2204 3750 1
3148 2438 0
1629 1141 0
3202 2124 0
319 3441 0
822 3765 0
2113 3067 1
3096 370 1
1351 4652 1
1206 2943 0
113 2889 1
1046 2126 1
3495 1373 0
3607 1232 1
3478 390 1
763 3621 1
4709 3803 1
3842 4083 1
3280 4536 0
2306 3286 0
2911 237 1
4755 3751 0
773 3471 0
4081 3653 0
3911 1509 1
3934 2648 1
1396 1763 0
2878 2770 1
1502 3521 0
3736 1792 1
4676 332 0
3962 2093 0
2480 703 1
3574 3528 0
135 1687 0
4455 2305 0
4936 2310 1
1712 1143 1
2448 2844 0
4141 605 1
1322 2220 0
1507 2335 1
779 4774 0
2585 234 0
2670 1703 0
4728 4380 0
452 3529 1
2020 2078 1
2911 1612 1
3131 4581 1
4269 595 1
1054 2531 0
2178 2565 0
4448 1490 0
2447 4598 1
1265 3436 1
1381 2122 1
1980 666 0
2170 2281 1
621 1220 1
4878 4888 1
1848 2763 0
3661 4311 1
1680 3290 1
1945 1075 0
2543 2369 1
4857 2992 1
316 1219 0
2264 1436 0
4385 2616 1
946 1890 1
4477 1961 0
1966 1466 1
340 2086 1
2691 776 1
4320 3473 1
3511 688 1
1100 1310 1
4952 2233 0
1698 3269 1
1144 4714 0
1692 3516 0
1621 82 0
2386 608 1
1531 4603 1
3278 3399 0
1545 2188 1
