5000
754 2428 1
4068 520 1
224 3709 1
1674 2669 0
2358 664 1
467 4362 1
768 4239 0
4738 3752 1
1925 3976 1
847 1119 0
4232 3616 1
3565 4552 1
3375 3631 1
1202 4241 0
2859 3009 0
3170 421 0
3486 614 1
1666 1756 1
3005 4500 0
3066 4879 1
3536 2293 0
1581 3772 0
572 3132 1
2340 4485 1
1228 3473 1
4091 2923 0
4529 4585 1
1690 2690 0
121 730 1
2764 437 1
4279 4314 1
1799 1895 1
4256 3948 1
4454 1294 1
1134 3990 1
3181 2305 1
3293 4155 0
85 2007 0
694 4943 0
3526 222 1
2684 1269 0
76 1052 1
4718 711 1
4846 1581 1
3465 1042 1
1509 1992 1
1794 666 0
53 4263 1
1902 3428 1
165 4445 0
857 2884 0
1157 3457 1
1740 2257 0
2164 3788 0
3672 1805 0
3398 3001 1
4951 2484 1
1759 4895 0
4074 107 0
4823 1302 0
1738 4940 1
3227 4231 0
1156 1478 1
2721 4820 1
3508 3546 1
3221 4002 0
3228 2682 1
3157 641 1
2329 981 1
886 2133 1
2654 551 0
3658 4990 1
767 2161 0
1318 1601 1
4467 3269 1
109 3614 1
1440 1133 1
4443 4998 1
284 2524 1
2035 4654 0
3454 4533 0
2690 1441 1
4376 3702 0
4466 2272 1
1274 3324 1
4430 703 0
2210 3125 1
2309 2301 0
1687 1157 0
1654 248 0
3143 258 1
1710 4564 0
4262 4543 0
648 3415 0
650 1383 0
3909 908 1
2579 1734 1
984 2656 0
4469 503 0
3114 2147 0
1507 2476 0
1015 3874 1
2817 2180 1
1342 4145 1
2990 3172 0
1663 4266 1
4128 2234 0
3779 4016 0
4296 4975 1
4590 4461 1
551 236 1
426 64 0
3282 631 1
4097 1655 0
4537 4659 1
4612 2921 1
4589 1169 1
460 1846 0
1298 864 0
2487 4509 0
4416 972 0
4816 978 0
266 2695 0
1254 3273 0
3671 1578 0
1 1852 1
2445 4309 0
2170 2647 0
4784 2140 1
1638 4052 0
2446 2950 1
1034 1591 0
2162 4994 0
4212 1973 1
4856 2379 1
4732 1358 0
3289 1515 1
3716 579 0
1242 292 0
4671 2817 0
2881 563 1
4473 4336 1
4106 4649 0
3967 1394 0
1862 1098 0
2281 2421 0
4054 3904 0
4299 815 1
629 3186 0
960 847 1
536 4090 0
4364 32 0
1948 4206 1
2526 1858 0
740 485 0
3975 1812 1
1269 4137 1
71 1086 0
2620 4283 1
2903 2203 1
4966 1154 1
2548 4131 0
625 4116 1
2363 3214 0
3391 2294 1
1961 1321 1
3186 4650 0
4675 2247 1
3685 4277 0
2792 2532 0
4819 3362 0
4992 4143 1
3401 2179 1
864 535 0
3070 3151 1
2710 2835 1
4064 3670 0
2241 4958 1
3100 4684 1
2135 3581 0
3081 606 1
4499 4507 0
2390 4009 0
2471 2061 1
4729 2698 1
3234 3282 1
8 1549 1
3141 2790 0
1865 4353 1
4935 2639 0
626 537 1
4735 2233 1
1184 4110 1
3420 2768 0
1294 3497 1
1634 1486 1
3219 4006 0
3731 2093 0
1844 2888 1
3577 1420 0
1636 2411 1
4709 2844 1
712 4172 1
2704 582 0
1643 2727 0
2342 1687 1
826 362 0
2207 1963 0
1361 868 1
3150 4829 0
1728 1326 0
4302 47 0
3659 1289 0
361 700 0
2228 279 0
2186 4501 1
2422 2819 1
2666 2477 1
3940 2409 0
403 240 1
197 1998 0
3551 705 0
4712 1097 0
2276 1983 0
4102 1158 0
4347 4382 0
4583 839 0
1217 2036 1
1757 3189 0
1374 3308 1
3966 3137 0
4324 1357 1
1406 206 1
2206 4046 0
4749 3826 1
4159 217 0
4796 40 0
1572 4003 1
1357 2999 0
2394 1504 0
771 499 0
4673 4021 0
3503 4139 0
2027 288 0
3346 577 0
1860 874 0
4759 4751 0
3206 2873 0
3433 2209 1
4032 3963 1
1784 1546 1
888 1940 0
3224 4780 0
4235 4170 1
2157 3364 0
4544 507 0
2341 4962 0
140 963 0
2271 23 1
1036 422 1
2857 3062 1
843 3621 0
1868 1468 1
1684 287 0
2076 379 0
2491 4426 1
1123 2108 1
2275 4819 0
795 4948 1
4653 4307 0
4523 4692 1
3746 3716 1
2646 3231 1
19 2154 1
2185 65 0
4629 3312 0
4511 3096 1
3397 4502 0
306 2177 0
4549 999 1
565 4306 1
2647 2001 0
331 2525 1
262 2447 1
4777 404 1
229 3174 0
4837 188 1
3982 1968 1
4875 775 0
229 2874 0
3025 1809 0
1331 2643 1
3383 795 0
725 2868 1
4249 1976 0
414 2701 1
2106 4178 0
1650 2505 1
4389 2137 1
2754 3210 0
3390 4019 0
3829 3084 1
3389 197 0
4152 3698 0
2157 2570 0
3386 130 1
3963 3862 1
3083 1160 1
600 4184 1
587 901 1
2387 2357 0
569 163 0
4039 1369 1
1844 4305 1
3315 674 1
2829 4858 1
4109 2731 1
1419 3686 0
1541 97 1
2813 2483 1
4772 4265 1
2122 530 1
1964 4189 1
4128 423 0
2688 3855 0
4476 1472 0
3826 3558 0
2662 4805 1
4012 3342 1
196 3597 1
3715 2493 0
1148 6 1
304 4834 1
1012 3248 0
687 4768 1
3570 513 1
1695 469 1
2434 1835 0
3014 4366 1
752 4640 1
2001 2565 1
1595 1401 1
3708 3005 1
4960 845 0
4481 1999 1
1899 2773 1
4727 2627 1
3719 2893 1
1285 3216 0
4365 4270 1
3643 1936 0
718 3571 0
1970 3837 0
2721 3923 0
3929 651 1
4746 1325 0
1334 4739 1
2213 4880 1
1324 1021 1
2083 4109 0
3322 4014 1
3639 4511 0
4176 1760 0
1412 1284 1
582 618 1
4843 3104 0
3507 4028 1
1980 2008 0
1398 1077 1
4166 3037 1
4503 3321 0
4013 4121 0
3390 2252 0
4330 2163 0
4408 3624 1
4679 4403 0
1137 3079 1
2659 1573 1
4344 2573 0
1814 3867 0
1422 342 1
509 459 1
520 4113 1
3767 3164 1
2080 1551 1
2700 4495 1
2018 2935 0
4620 1149 1
4745 2932 0
4741 3245 1
4264 4987 1
5 4769 1
1749 338 0
1791 2135 0
4409 3560 0
3262 993 0
1751 332 0
2248 2734 1
1081 2841 1
4265 1925 0
621 1572 1
1371 4938 0
1788 3076 1
3948 3317 0
4571 1772 0
3687 4496 0
4801 4227 0
2398 951 1
689 2267 0
2637 601 1
2882 2939 1
1998 4669 1
955 3173 0
1958 624 0
967 4443 1
4780 1979 1
2448 4400 1
834 4174 1
1629 3264 0
200 2435 0
2571 841 0
1150 3170 1
4062 2903 0
130 3226 1
3489 2056 1
2256 4531 0
590 216 1
391 2714 0
3165 1636 0
4336 4358 0
4209 1494 0
2263 2955 1
1830 4458 1
530 1107 0
2402 56 0
1512 261 0
3168 1461 0
1931 4211 1
3291 3286 1
1904 4029 0
1703 4402 1
3432 4670 1
2295 2914 0
3652 3167 1
1682 396 0
2563 3091 0
4071 46 0
2038 2860 1
4475 2644 1
2703 726 0
2997 3162 1
4583 3533 0
2393 4643 0
4117 3950 1
2563 330 0
3201 1539 1
4693 493 1
24 1839 1
1033 4761 0
2494 4156 0
1965 3641 1
1940 2337 1
1773 2957 0
1586 1112 1
2431 4860 1
3026 3929 0
237 980 0
3864 234 1
4041 2816 1
4354 3154 1
3859 3634 1
35 2603 0
1227 762 1
3490 232 1
1637 4469 0
2485 1619 0
3165 3398 1
3016 2938 1
4434 2971 1
178 1237 0
3985 3975 1
2888 1915 1
832 3463 1
2472 2825 1
4580 3049 1
2510 1089 0
866 3222 0
3238 3655 0
3120 3290 1
1373 2911 0
1080 642 1
2860 2979 1
3068 803 0
115 1032 0
829 4140 1
3856 605 1
4354 3714 0
579 2402 1
3260 2292 1
1907 79 0
2075 3228 0
493 3755 0
1202 2968 0
4187 3589 0
692 4414 1
2610 1803 0
3961 2390 1
3721 4844 1
4536 2427 1
4355 4707 0
1733 211 0
3886 2383 1
4345 3594 0
2927 2472 0
3687 1281 0
838 1327 1
3621 3340 1
2532 3762 0
3386 380 0
1316 3118 1
522 1903 0
132 2543 1
4602 1616 0
3215 1330 1
1320 2112 0
2656 2608 0
3006 848 1
2866 1611 1
3811 3590 1
4839 4081 1
3441 3448 0
4546 1043 1
2779 809 1
1902 738 0
1736 1404 0
4992 2579 0
4230 3195 1
3371 1512 1
1824 3712 1
1169 526 0
3644 344 1
136 1114 0
2246 2988 1
2267 3239 0
29 2653 0
4005 1277 1
532 2877 0
1582 2642 1
2378 4854 1
4233 888 1
41 4324 1
153 2236 1
1397 3640 1
4055 2500 0
3874 976 0
1627 4148 1
882 2631 0
3946 2329 0
2776 1360 0
4413 4905 0
62 3337 0
230 1113 1
4245 2990 0
1994 2453 0
3619 4727 1
2617 863 1
4211 3676 1
4153 635 1
263 189 0
2590 3057 1
379 4686 0
843 1754 0
1059 2489 0
3291 4810 1
4329 486 1
2663 1618 0
120 4245 0
1855 2068 0
1415 4257 1
2451 3390 0
3697 3730 0
4039 1082 1
3046 3989 1
4849 4285 1
4922 636 1
4417 2389 0
2538 2254 1
1680 2065 0
956 1492 0
684 2494 1
3567 3025 1
4539 2096 1
3688 3391 0
4407 4114 1
4183 4968 1
1394 2739 1
3072 3496 1
637 3639 0
2507 2702 0
2301 1739 0
3003 4635 1
1146 2258 1
531 1530 0
616 4798 1
4453 896 0
1686 4892 0
250 1273 1
2597 277 0
1486 1134 0
2187 3746 0
541 321 1
4659 1489 0
3104 4655 0
3522 869 0
4815 4267 0
3327 2758 1
2805 4080 0
3492 2688 0
1727 215 0
3540 3763 0
2449 966 1
1153 2062 1
4056 3781 1
2289 3979 1
907 4722 0
3126 2748 0
2651 1746 1
630 661 0
807 1171 0
4916 2638 0
1673 836 1
3978 3000 1
606 904 1
3965 4490 0
2688 4175 1
1776 649 0
184 1058 0
2152 3897 0
4317 2336 0
3935 2364 0
428 1728 0
1691 1927 1
3052 3828 0
679 223 1
3265 2977 0
205 1972 1
4477 3356 0
3957 3252 1
3647 1988 1
2298 2304 0
521 3434 1
4492 2321 1
555 4127 0
1145 3294 0
3319 3161 0
638 4730 1
3871 3932 0
1402 837 1
1167 3323 1
1320 566 1
4141 4001 0
883 2220 0
2649 3675 0
2708 4071 0
1890 2469 0
544 4223 0
1262 4955 0
568 2287 0
1570 2316 1
3552 3688 0
4455 1844 0
218 3535 0
3029 4681 0
1554 514 0
1453 4432 1
4352 1697 1
4395 1061 1
1843 678 1
1741 2548 1
1731 2324 1
3073 1661 0
2972 2949 1
4607 2375 1
1971 2581 1
1838 2583 1
3176 4216 0
3910 4302 1
2513 115 0
2147 745 0
4979 38 0
2416 4904 1
2254 2277 1
2845 4876 0
3186 3521 1
4620 2414 0
2338 1162 1
4323 20 1
1804 1948 1
3145 3379 0
1122 3502 0
676 3165 0
4682 4837 1
1395 792 1
651 2561 0
4934 2425 0
3868 1706 1
2063 346 0
3306 3086 0
3772 2094 1
3152 1842 0
2938 4607 1
807 412 0
3103 1167 0
3058 3760 0
4776 4793 1
1486 3464 0
991 4524 1
3599 3372 1
2914 1248 0
1379 2512 0
1049 2887 0
1443 3383 1
1979 3779 1
2019 567 0
2961 2661 0
2831 1623 1
1530 1185 0
2099 3917 1
3200 3168 1
3746 299 1
97 2991 1
1336 254 0
636 525 0
4800 3913 1
417 1291 0
2782 4811 1
3110 2244 0
968 4549 1
1155 470 0
4478 1462 0
1614 4067 0
2678 475 1
2759 3319 1
3393 3268 1
3873 3354 1
4861 829 1
1207 521 0
1591 3933 1
1391 68 1
3362 110 0
755 2859 0
2096 934 0
1045 3609 1
1521 2686 1
4595 554 1
1863 2023 1
2987 3026 1
4542 88 1
4439 739 1
1996 2310 0
4545 2291 1
2664 947 0
4990 4821 1
3173 1191 1
602 4035 1
3415 4848 1
3998 317 1
3782 1683 1
722 1118 1
4099 2549 1
4395 1561 0
3255 2515 1
1079 2371 1
4116 3339 1
174 3612 0
4532 99 1
4405 1271 0
2531 663 1
592 940 0
4883 662 0
2521 1447 0
4825 4328 0
4946 763 0
656 2997 1
527 4917 1
3036 2585 0
3882 1083 1
3356 1106 1
4134 283 1
4733 4999 0
1362 4364 0
4339 3047 0
121 1074 1
4400 3847 0
376 3529 0
2216 3525 1
471 4125 0
4368 1054 0
3748 1249 0
2610 984 1
466 1645 1
391 4814 0
2152 4210 1
4664 806 0
2338 1306 1
3844 4864 1
4096 3416 1
522 1804 1
4874 1069 0
4867 4459 1
3525 828 1
433 1063 1
2650 1506 0
483 910 1
1662 4349 0
2936 4572 1
2895 967 1
482 5000 1
3430 890 0
2322 3902 1
364 741 0
1699 3338 0
2212 4106 1
51 4676 1
248 4571 0
4223 2422 0
4841 3483 1
4596 1679 0
3520 4512 1
300 4287 0
1538 1507 0
2772 4195 1
2416 238 0
4699 2284 1
3867 3987 0
1848 1184 1
2804 1055 1
1881 3035 1
290 4136 1
450 263 1
1660 1897 0
81 2162 1
2741 512 1
2907 1538 1
1909 2124 1
440 1548 0
3894 120 0
1733 199 1
1006 685 0
4396 3731 1
1979 2289 1
4929 2245 0
4185 337 1
3911 2002 0
4814 452 1
3035 4852 0
4976 1704 0
388 1810 1
816 2360 1
729 2156 1
1564 3756 0
428 2679 1
3676 3133 0
3938 2910 1
870 3474 1
1246 2039 0
61 3453 0
3105 1407 1
1857 939 0
1769 3283 0
3223 1831 0
1737 4130 0
872 1020 1
3115 3336 1
641 2419 0
1525 3426 1
1930 4790 0
2607 352 0
2988 3918 1
485 4593 0
265 899 1
538 1416 1
2417 1878 0
199 979 0
3984 1023 1
4694 1570 1
4164 4385 0
4696 1215 1
724 3484 0
683 480 1
4564 1480 0
1204 797 0
1675 4103 0
3376 4845 1
782 3678 1
2645 4497 0
3809 1825 0
615 1964 0
4941 4367 0
3458 3360 1
4758 3532 1
1141 2929 1
4864 3943 0
3807 3109 0
4138 4748 0
4305 2243 1
4765 418 1
4037 964 1
2282 2852 1
4195 4756 1
3058 1205 0
480 4296 0
1152 1388 1
1111 4699 1
964 3334 0
1900 3957 1
319 177 1
1363 2269 1
1842 2242 0
537 4983 0
4480 2827 1
3790 4407 1
4850 4177 0
28 4683 1
2189 18 0
4127 3556 0
2175 1081 1
3352 4599 1
760 269 0
3334 1629 0
1854 2824 0
4882 61 1
1765 1665 1
1755 2943 1
4289 4260 1
3514 4041 0
680 4687 1
1590 4773 0
1191 3754 1
512 1053 1
3762 640 0
2756 1064 0
2685 1876 1
3183 3130 1
618 2222 1
4781 909 0
3041 2510 0
2968 1808 1
2787 1923 0
4640 1525 0
2982 3257 0
1288 4341 1
4403 716 1
4665 3893 0
2813 1838 1
318 1863 0
4771 124 1
1664 4908 0
3709 1495 1
796 4714 1
3851 2265 1
2561 2885 1
1732 1156 1
1962 1855 1
707 4893 1
3167 3413 1
2192 1946 0
1078 3275 0
933 1498 1
472 3476 1
2858 3644 1
3881 2618 1
3413 245 1
2479 2031 0
3971 1866 0
2688 4015 0
1976 1597 0
2351 3456 0
3973 1276 0
4158 1363 0
326 1868 1
1551 488 0
4783 2996 0
3887 2693 1
1319 1818 0
316 2619 0
4963 1122 1
2095 351 1
4583 1104 1
3903 2164 0
4991 3700 1
798 496 1
4246 3864 0
180 3454 0
2877 3928 0
2977 758 0
2540 1351 1
1531 374 0
2288 4454 0
4955 210 1
1002 3401 0
4869 2302 1
3008 3905 0
3417 1287 0
1147 998 1
4760 2407 1
2277 1900 0
937 2716 1
3896 4961 0
138 844 1
3045 1402 1
1622 447 1
3867 3672 1
645 3615 0
1381 2747 0
3607 4108 0
219 616 0
1040 592 1
2839 104 0
661 3304 0
2918 3790 0
2766 937 1
2229 3052 1
4905 1117 1
777 3737 1
350 4387 0
2452 3384 1
1412 3878 1
3576 4742 0
777 1458 1
4371 1662 0
4643 2132 0
1102 2595 0
3695 4954 0
465 1316 1
4995 2393 0
312 2670 0
1656 3871 1
1884 2905 1
934 4563 1
4307 1471 1
4204 1957 0
2464 2599 0
2624 1737 0
3813 1669 0
419 2681 0
3573 3596 1
3787 3872 0
1197 4924 1
3651 2506 1
1305 3569 1
3733 1380 1
3245 4959 1
3170 832 0
4957 119 0
2478 823 0
2653 4800 1
4011 3201 1
640 349 0
1193 4310 0
3921 3074 1
877 3804 1
3880 604 1
4303 1405 0
3153 3433 1
1394 4752 0
2993 112 1
27 184 0
2644 3632 0
3565 55 0
4798 3150 0
3621 293 1
2623 2840 0
4952 4657 0
1839 990 1
1579 225 0
74 4729 0
623 3764 0
532 3642 0
1923 647 1
840 3625 1
2965 1523 1
475 3006 0
1717 2193 0
4401 4472 1
4488 4105 1
3483 3729 1
1082 383 1
138 799 0
919 4662 0
699 323 1
2086 274 1
3676 4055 1
3696 2986 0
3900 3129 0
580 4250 0
2970 3936 0
669 2706 0
2720 2444 1
3987 477 0
1646 3179 1
4748 1778 1
207 3259 0
1405 3208 0
3845 1700 0
1740 2944 0
4244 2975 1
1604 3673 1
4759 2912 1
322 2531 0
4554 1397 0
3411 3951 1
1345 2534 1
3825 1795 1
1653 2542 0
805 2202 1
3288 1437 0
3563 359 1
366 2381 1
1194 474 1
1617 680 0
389 3097 0
365 1207 0
3240 3887 0
420 4281 1
4948 4333 1
3331 1771 1
674 3341 1
4660 1519 0
3364 1588 0
3962 2155 0
4378 1870 0
4198 4849 1
333 1590 1
4178 2942 1
1748 1247 0
1782 3637 1
1901 4645 1
1214 3489 0
3343 31 0
3181 2072 1
2502 2713 1
3353 866 1
232 1569 1
755 3606 1
1956 518 0
4083 659 1
2536 1777 0
3179 2204 0
3625 3522 0
2145 135 1
2353 1741 1
820 1950 1
3440 1433 1
2625 3852 1
1506 2200 1
2238 1672 1
4997 2566 0
4175 2802 1
2012 3879 0
1119 4736 0
2361 2172 1
1470 699 0
3858 510 0
3848 3478 1
2113 2089 0
1809 876 1
2683 3511 0
2887 1733 0
3636 1102 1
1234 1883 0
1941 600 1
1329 1779 1
4314 1338 1
2767 1529 1
753 3430 0
2806 1543 0
1716 1905 0
60 2828 1
4541 3575 0
4293 4183 0
4243 118 1
3518 1787 1
83 4716 1
2354 4477 0
574 1464 0
3221 1027 1
2112 2063 0
3136 3953 0
1143 1344 1
864 1425 0
4181 2537 1
1030 1918 1
3623 2282 0
2678 3627 0
3222 2192 0
3124 4152 1
4468 1003 0
3657 1238 0
903 3012 1
3117 3155 0
4788 935 1
611 2872 0
2865 878 0
2141 1066 1
1053 1730 1
1502 1332 1
1625 985 0
1392 145 0
1026 782 0
3594 740 0
3818 3044 1
2965 495 1
307 2470 1
2209 2545 1
2562 4096 1
3267 1150 0
3554 587 1
4750 619 1
2732 1653 0
2867 2492 0
2802 4980 1
4459 4088 0
2223 2821 1
2748 1801 0
475 3819 0
1709 3393 1
3101 2797 0
150 3358 1
1129 3098 1
1906 4760 0
2726 3293 1
4967 268 0
1463 3669 1
435 731 1
4633 3439 1
4384 1540 1
4286 3159 1
1997 3586 1
2954 646 1
2793 3584 0
2197 1484 0
781 1536 0
3947 1782 0
3389 2313 0
3196 4289 1
43 4718 0
429 3382 0
4601 432 1
4658 3400 0
343 578 1
3020 3806 0
635 4757 0
2178 2111 1
3776 3786 0
1112 3823 0
935 1926 1
3134 3410 1
880 4594 1
4939 4785 1
769 3959 1
751 4774 1
4461 2541 1
3407 1689 0
1064 4567 1
2647 645 0
3339 1758 1
4858 1864 0
4188 2822 1
2044 3289 1
4852 2319 0
1608 1891 0
2148 1135 0
3712 2046 0
3154 1047 0
1164 3579 1
4076 4562 0
4113 1245 0
1678 2372 0
3188 4738 0
876 2655 1
1365 1657 0
2105 270 0
4710 3465 0
1894 4217 1
766 4337 1
2224 505 0
1389 965 0
1110 81 1
953 1613 1
4287 3999 1
988 1542 0
2130 3425 0
126 1356 1
952 4762 0
4804 28 0
2786 593 0
3729 4416 1
2039 4308 1
3679 1848 1
1116 4677 1
1881 2806 1
585 3396 1
4998 3961 1
3369 3691 0
4621 4870 0
2682 4759 0
940 1222 0
1454 4927 1
3325 4091 0
39 627 0
1574 1930 1
2389 4325 0
1789 944 0
4363 1251 1
2918 2478 0
1858 1168 0
610 4234 0
245 1000 1
1859 358 0
1793 366 0
2239 4601 0
3461 4935 1
1635 1955 1
4120 4815 1
2944 329 1
1725 855 0
4290 4604 1
1986 2578 1
4873 4300 0
17 4783 0
1337 3703 1
885 1136 1
2633 1073 1
868 4471 1
4525 4359 0
2724 2070 0
1589 3780 0
2878 1862 1
4461 572 0
2022 371 0
453 4255 1
1688 1586 1
1142 3582 1
3259 3831 1
2757 4339 0
509 2208 1
4742 2082 1
4453 4157 0
1061 3233 1
2068 4201 1
40 2223 1
1701 2491 1
4574 2058 0
3828 1228 1
430 1463 1
1130 2960 1
86 2624 0
2652 1817 1
2552 1678 0
3087 2081 0
4869 3588 1
2459 4351 1
725 4279 1
1479 540 0
2773 2738 1
1011 2101 0
4618 4149 0
888 3040 0
274 4439 0
219 3524 0
855 4197 1
2844 2139 1
2135 858 0
3030 2764 1
4252 3965 0
3451 2376 0
2915 3890 1
3455 1712 0
4781 4120 1
4360 4609 0
3460 2924 1
214 4696 0
3858 1241 1
1301 156 0
4466 2659 0
3061 4982 0
2052 4615 1
436 3149 1
2522 4386 0
3231 4099 0
102 1367 1
829 2395 0
2856 4418 0
3102 4775 0
2078 1206 0
1198 2459 0
1477 1978 0
3793 3348 0
1849 810 0
3346 2936 0
2687 1490 0
1851 1696 0
3311 2674 0
2053 808 0
3379 1680 0
4225 2856 1
4493 3450 0
4255 1522 1
191 2878 1
3374 1445 0
3595 4079 0
4237 272 1
2250 3136 1
1137 1087 1
1872 1532 0
220 4326 1
1151 2606 0
963 1748 1
1726 3190 1
3805 4708 0
1259 4922 0
2234 2086 1
160 1040 1
1333 4641 0
3080 393 1
3974 2635 1
4577 644 1
684 2551 0
576 1693 0
1388 736 0
774 62 0
3642 907 1
3431 1487 0
4250 812 1
2958 733 1
1135 166 0
2832 3515 1
1280 2575 0
4912 1226 0
1051 586 1
2089 3563 1
3237 2017 0
53 3209 1
3832 683 0
850 2386 0
751 2450 1
2773 2451 0
400 328 0
1756 622 0
2811 94 1
3913 2169 0
2403 4536 1
1133 200 0
3700 4575 1
2312 727 1
2930 4097 1
2551 1303 0
761 4312 1
4870 4396 1
927 4468 1
226 3888 0
4802 3898 1
4735 749 0
4828 3974 1
187 53 1
3427 765 1
3702 1375 0
1522 4380 1
3135 397 1
4528 1290 1
3819 849 1
4761 78 1
1742 1646 1
4057 2742 0
3923 987 0
4342 2808 0
14 4479 1
3912 3490 1
4202 1313 1
3346 893 1
2103 4538 1
1352 2883 0
4761 2227 0
715 3692 1
1747 3077 0
560 756 0
4584 1328 1
4085 3733 1
4859 4404 0
987 1743 0
358 4932 1
3330 781 0
4845 2564 0
1007 1496 1
3928 2882 0
997 4196 0
4462 4764 1
1609 2482 0
1519 256 1
4692 408 1
2054 356 0
3931 1065 0
4187 2110 1
1005 1780 1
2824 1242 1
391 1765 0
2837 1262 1
98 29 1
4827 819 0
1017 4441 0
4129 1336 1
1660 2818 1
2907 2621 0
4385 1851 1
3007 1331 0
2145 1164 0
4716 355 1
4693 1899 0
4993 3866 1
1645 3653 1
3993 3223 0
4950 2370 1
590 2536 1
2916 561 1
4266 892 1
4476 1476 1
4437 4735 1
2093 4 1
4 3458 1
3125 3370 0
3215 4212 1
4124 179 0
4751 91 0
2011 2897 0
874 715 1
2453 399 1
3654 4933 1
1822 4522 1
1076 3766 1
3692 559 1
3010 1773 0
3876 4634 1
3694 4371 0
2589 3994 1
106 3636 1
4499 4428 0
486 2778 1
2557 1275 0
4842 4717 0
4027 3654 0
257 4900 0
4213 3821 0
4579 3261 0
47 3665 1
234 4492 0
1389 709 0
622 3941 1
1281 3585 0
742 157 0
3320 757 1
4894 4565 1
2443 3858 0
198 2526 1
4851 1937 1
4142 515 0
392 413 0
978 1567 0
2660 3152 1
68 2481 0
3801 4330 0
1478 4251 1
3546 343 0
4261 4592 0
733 970 1
1075 4724 0
302 1908 1
513 3539 0
931 4438 1
1430 2576 1
4597 1650 0
2029 2504 0
2127 2088 0
3528 811 1
1105 1350 0
3995 92 1
4938 681 1
2618 4705 1
3130 3163 1
4229 1953 0
2574 4733 0
3565 152 0
155 850 1
4004 95 0
4507 1747 1
3332 3355 0
3685 2876 0
4890 2417 1
3436 2168 1
2761 1816 1
3009 2141 0
915 4282 0
3614 3613 0
1356 377 1
2100 415 1
2477 3270 0
3991 3656 1
2564 2486 1
3402 2612 1
4724 4205 0
979 4842 1
225 2361 1
3382 1996 1
724 794 0
3689 905 0
33 4514 0
2060 524 0
264 424 0
3564 3063 1
1880 1446 1
1915 2051 1
4569 556 1
4980 4614 0
2489 257 0
4509 2783 0
3284 265 1
2161 4871 1
1972 1469 0
4510 2660 0
3986 2113 1
2296 1014 0
2338 1656 0
2667 4488 1
2138 4482 1
4153 594 0
2522 1896 0
1354 962 0
1689 2053 0
3663 405 1
4023 1279 0
4137 3002 0
4464 1753 0
1303 4778 0
1569 134 1
4406 2501 1
4847 1378 0
1498 2941 1
56 1974 1
542 1984 0
295 2668 1
4978 2836 0
1222 2010 0
969 1860 1
4506 2299 0
1869 441 0
1246 2069 0
1418 150 1
2045 2196 0
3134 1197 0
42 3759 0
1396 1144 0
3994 989 0
4678 385 1
299 2464 0
1973 3982 1
2242 198 1
3099 1949 1
2954 4069 1
2294 4689 1
4379 1310 1
4926 1698 1
4930 4395 1
4075 3371 0
32 1339 1
3658 129 1
3174 3061 0
2453 4104 1
3291 3725 1
3127 2982 1
3944 927 0
2334 633 0
4008 1942 1
4228 11 1
3548 3726 1
4624 3938 1
1323 4476 0
1090 1720 0
3562 1049 0
3363 2159 1
3278 1460 0
1125 3797 0
2818 4389 0
2893 553 1
2349 1584 0
3093 2170 0
2150 527 1
4207 1419 0
4058 2964 0
2381 1985 1
2297 4629 0
3425 3089 1
1992 3010 1
1338 2637 0
4614 2917 1
2265 2318 1
2657 1072 0
4292 4129 1
1230 3711 0
2478 3914 0
1795 336 1
862 1626 0
4162 3142 0
3775 3829 0
2603 2351 0
2754 2253 1
3294 2066 1
4414 1502 0
335 3194 1
2418 111 1
3788 1642 0
1951 2945 1
2819 2260 0
1647 2907 1
575 2750 0
1057 2224 1
4217 168 1
4642 310 1
739 3017 0
206 2587 0
2376 4702 1
2064 1030 0
1094 1391 0
2945 3664 1
3159 3574 0
4077 4209 1
3954 3753 0
1752 468 1
1845 3013 0
917 2757 0
256 4581 1
1458 3536 1
3581 517 0
2874 2185 1
794 508 1
3827 591 0
1575 2891 1
3597 689 1
2790 4838 0
1077 3767 1
3588 4042 1
588 1449 1
473 1398 0
3889 407 1
2131 3648 0
2249 3353 1
4534 2724 1
2413 2 1
1713 4320 0
613 3988 0
4309 697 0
970 4056 0
791 2418 0
1808 2190 0
1763 1654 0
4175 4703 1
1634 1038 0
1131 4671 0
2743 241 1
3444 318 0
4981 3211 1
1299 1651 0
1554 411 1
20 1177 0
1423 4123 0
766 2671 1
4566 4560 0
716 4322 0
1373 3795 1
2121 4869 1
3847 4373 1
315 2594 1
773 679 0
4280 2518 1
1161 312 1
1031 4517 1
1526 4964 1
3098 89 1
1823 2328 0
1665 2555 1
3693 550 1
3912 3205 1
3737 802 1
59 3544 0
481 3741 0
3146 4142 0
4572 3196 0
4755 1142 0
4254 2498 1
2360 16 1
717 4020 1
2215 702 0
3693 608 1
149 1153 1
2699 2346 0
3427 3783 1
2635 74 0
2167 1430 0
2955 914 1
4028 1622 1
4763 4527 0
1201 1869 1
3095 4528 0
1215 3955 0
3857 3886 1
2156 3771 1
4906 801 0
914 2286 1
2778 2142 1
4768 341 0
3341 3131 0
3797 4554 1
1249 409 1
423 4173 1
3834 4401 0
2809 1365 0
2040 2298 1
3056 1188 1
4999 1387 0
1264 870 0
3202 1211 0
4331 3742 0
3603 221 0
1639 3552 1
4100 2625 1
3335 113 0
3867 175 0
15 4190 1
1429 3042 0
2492 3232 0
4144 161 1
3137 4094 0
4792 2433 0
823 4945 0
2219 4909 1
577 4569 0
2601 481 1
2582 779 0
732 2723 0
1812 4726 0
830 1172 1
1642 750 1
2981 2405 0
3004 4295 0
3704 4393 1
3028 4365 0
854 734 0
4238 3916 1
2836 1456 0
4308 4083 1
116 1161 1
2964 4981 0
3426 93 0
3251 2131 0
1199 1885 0
2715 1323 0
4764 838 0
26 2085 1
522 2607 1
236 3102 1
600 761 1
1626 3792 0
3557 1761 0
443 3078 1
3997 4357 1
4613 2413 0
676 2186 0
189 2604 0
153 2646 1
13 1707 0
3113 1240 0
1864 3361 1
3699 3833 0
839 1845 0
507 3330 1
4161 4979 0
2497 945 1
1367 884 1
2906 1280 1
1632 2232 1
2503 1283 0
563 4030 1
2613 4124 0
4203 3462 1
2191 4515 0
1497 4788 0
2946 4478 1
4711 442 0
2796 4618 1
2372 1971 1
2713 2920 1
648 4713 1
1009 500 1
2558 3158 0
152 158 1
3837 1920 0
82 4587 0
2055 1292 1
1652 3727 1
1540 160 1
2142 4534 0
2790 2145 1
4909 3835 0
3345 831 0
759 3554 1
1286 2833 0
415 1628 1
2317 2775 0
373 3177 1
3213 298 1
1668 1459 0
4838 259 1
893 3915 1
3649 1216 0
4485 2691 0
2799 4154 0
3234 2677 1
186 3537 1
3149 3814 0
1611 3540 0
767 4518 1
4563 2485 1
1203 880 0
3884 3785 1
4429 304 1
2006 2577 0
3768 4568 0
3587 1644 1
2440 3313 1
1746 2276 1
2794 2398 0
2116 1403 1
1455 3885 0
786 2037 1
2373 1827 1
3301 3738 1
4044 3844 1
2831 1967 0
4759 1293 1
2251 3690 1
87 1659 0
229 2568 0
4628 2437 0
2585 2895 1
53 2946 1
4433 2847 0
1799 2632 1
4465 1408 1
1697 4464 1
4973 3213 1
4046 2488 1
451 2665 1
1190 1997 1
1065 3100 0
1648 3920 1
4610 1414 0
1113 2633 1
1219 2392 1
2999 4213 1
4498 4529 0
502 4723 0
2876 1379 1
2009 3082 0
2964 3107 0
4807 1109 1
3759 3739 1
2470 4840 0
3682 3333 0
2369 4347 1
1884 3851 0
824 1182 1
3534 3580 0
3017 628 0
323 300 0
1952 942 1
1471 1709 0
1596 3316 1
2081 834 1
477 3876 0
2299 3516 0
1944 1527 0
3898 3925 0
757 4010 1
3450 2034 1
518 4591 0
3547 3027 0
243 50 1
380 1155 1
4919 776 1
4483 2150 0
2842 2728 1
4511 2922 1
254 4494 0
3176 698 1
1267 2520 0
1023 2125 0
2777 4166 1
2725 1418 1
3318 1837 1
2696 2517 1
3049 4259 0
4551 3327 1
2680 916 1
1322 2916 1
897 4619 1
787 1413 1
158 4453 1
3529 1939 1
2500 1513 1
1079 3221 0
239 852 0
943 4929 0
2059 3459 1
3690 4346 1
3207 2519 1
458 1314 0
2880 1179 0
655 1409 1
4928 1819 0
3094 3666 0
3204 138 1
3163 3954 1
243 1092 1
3050 3926 0
4501 570 0
1566 4807 1
2587 3696 0
3941 3863 0
382 3566 0
1651 924 0
4876 4646 0
4187 4674 0
4505 2356 1
3586 1479 0
2600 1722 1
1488 2188 1
301 2807 1
4512 4542 0
122 284 0
2801 3058 1
4136 2191 0
4332 2460 0
3764 2959 0
3491 2615 0
459 3599 0
2830 1759 1
3384 4286 0
1545 4070 1
1120 4636 1
708 2117 1
4821 3865 0
4891 1505 1
2392 2666 0
719 3978 0
2327 4284 1
3069 671 1
4639 3807 0
4651 2352 1
1667 487 1
4740 1022 0
923 4639 1
3765 1085 1
27 4345 0
863 3452 1
3164 1454 1
2408 3633 0
4648 4504 0
4608 886 0
4020 1764 0
1317 4519 0
3071 3331 1
735 302 1
1160 4348 1
4836 3977 1
3585 4977 0
1484 767 0
1870 25 0
3919 2762 0
1463 2032 1
2608 1740 1
4636 3375 0
926 3244 1
2815 2119 0
1835 155 0
2645 2930 1
1974 576 0
1758 4047 0
3836 4950 0
4214 4747 1
2909 106 0
1760 1078 0
549 296 1
3160 4555 0
2379 4835 0
4362 771 0
3231 1018 1
3896 2228 0
1750 4018 1
3239 639 1
1957 4194 0
449 3184 0
3572 4691 1
2569 4273 0
4496 1116 1
376 672 0
4743 1268 1
1982 4163 1
4667 2073 1
2640 3251 0
3709 1166 1
1227 3724 0
3742 1889 0
2455 2786 1
3927 2972 1
1189 953 1
1534 2221 1
2300 164 0
4713 3090 0
3142 3591 1
3779 19 1
1302 4712 0
171 2249 1
2709 2353 1
4163 4033 0
23 2350 1
4810 2123 0
2311 4853 0
3484 2074 1
2747 4872 0
3538 1094 0
179 4218 1
2735 977 0
2433 3295 1
3243 1562 0
619 1598 1
1913 2201 0
479 2591 1
289 2521 0
2605 1004 0
2854 3728 1
238 656 0
2240 2800 0
2419 1716 1
2235 4417 1
3845 2814 0
762 1856 1
1271 747 0
4657 3366 0
1452 4952 0
4253 3646 1
3023 770 1
946 325 0
921 516 0
4920 490 0
1212 1921 1
2566 3094 1
990 626 1
2008 3889 0
4312 2246 0
3720 2097 1
4968 4117 0
661 1528 0
4407 1583 0
4838 420 1
1956 4777 0
3711 4755 0
812 4192 1
3583 2091 0
395 2015 1
4168 2455 1
3834 1554 1
339 173 1
438 2940 0
3783 400 0
4003 276 0
3820 931 0
375 754 0
809 3526 1
898 290 0
2554 946 0
3708 778 0
3512 4419 1
63 3144 0
539 3699 0
4953 4421 1
3140 3028 1
69 3176 0
4949 675 0
4552 682 1
4381 1853 1
4680 4126 0
1108 708 0
3488 4415 0
464 1229 1
512 4873 0
2332 528 1
4375 4493 0
4038 1564 1
4532 3840 1
3430 4311 0
678 3545 0
4306 4179 0
437 1791 0
370 1933 1
4974 4043 0
3658 1511 1
1708 3811 0
990 4706 0
2450 4188 0
3604 3472 0
3241 1270 0
4171 3657 0
3193 3946 1
4857 1785 1
252 2962 1
4029 3740 1
3351 1821 1
3592 4484 1
784 4316 1
4388 2314 1
2011 3260 1
4754 2115 0
1234 1524 0
3664 1218 0
1493 1016 0
4426 1436 0
1630 2995 0
3217 12 0
2820 1970 0
753 26 1
4391 4429 0
3628 4540 1
3958 3880 1
896 3191 0
369 4122 0
418 1212 1
683 992 1
3496 202 1
3579 1938 0
4901 611 0
2436 4202 1
476 364 0
4335 1033 0
4540 621 1
1148 4750 0
4452 969 0
1821 4839 0
2992 1483 0
4890 75 1
3042 1311 0
2284 1627 1
2111 1392 1
698 1652 0
1092 704 1
2312 3247 1
4529 2558 1
671 4487 0
240 862 1
2650 777 1
860 1906 1
4890 2562 1
398 919 0
1195 2741 0
3666 4693 1
423 3392 0
4333 1641 1
840 1593 0
3169 4602 0
1275 695 1
3713 3967 1
986 4208 1
2429 4268 1
4995 1233 1
3446 3680 1
1540 1192 0
3357 3809 1
4066 1183 1
1446 1451 0
2486 536 1
3989 4465 1
3108 3046 1
2036 2217 1
4562 39 1
3179 2782 1
4121 956 1
2517 3424 1
1774 686 1
1916 4888 1
4702 2106 1
840 2823 0
1456 4499 0
1661 2342 1
163 1015 1
3493 3048 0
2066 1278 1
3632 804 1
3841 2662 1
1503 555 0
564 322 1
2433 1145 1
2231 4638 0
1417 101 1
2733 4539 0
1096 4896 0
734 5 0
2007 2712 1
1447 3033 1
3302 2255 1
3263 3658 1
1889 4169 1
4105 3565 0
1107 2853 1
337 3166 1
1879 4789 1
846 1501 1
227 1438 1
4629 1263 0
961 347 0
1637 3701 0
994 2729 1
4962 1214 1
4672 1934 0
3992 275 0
1018 3276 0
1950 1647 0
3505 3466 0
1435 3995 1
2030 1342 0
4678 4191 0
2980 57 1
2989 462 0
631 3801 0
4386 532 1
2681 2745 0
1335 2901 0
3756 3073 0
3178 1147 1
1330 4577 0
4862 4720 0
3736 4624 0
4807 542 1
496 3561 0
4228 2623 0
2986 2705 1
2444 3060 0
2738 3461 0
461 4544 0
1739 4447 1
4573 2362 1
1466 3099 0
2775 2049 0
4892 4957 0
1946 116 0
2923 3723 0
1114 3414 1
4422 1682 0
4582 3004 0
2524 1399 1
985 2033 0
3481 3499 1
2383 1582 1
2920 4065 1
4035 1634 0
2476 2770 1
2393 2881 1
3537 4075 0
788 3796 0
3457 1615 1
1162 2083 1
336 3966 1
1446 1231 1
4393 3971 0
4983 1424 0
1279 3512 1
2539 560 1
4670 3903 0
4088 590 0
2170 4335 1
2729 1517 1
2951 3305 1
2308 4652 1
1328 1928 0
3655 4256 1
3135 195 1
2057 4483 1
789 2114 1
1734 2798 1
4695 3019 0
149 4620 1
280 4813 1
2323 3200 1
1339 3442 1
3387 3296 0
4024 2256 0
1897 2038 1
3086 589 0
2424 419 1
2957 2151 0
3743 2071 0
3504 4215 1
386 4779 1
1536 1209 0
4001 1317 1
2454 975 0
3320 2740 0
1482 3106 1
2493 4448 0
123 2539 0
2749 4456 1
2994 4005 1
2781 1093 0
1807 2449 1
1292 2845 1
2171 2998 0
4461 4352 0
4977 1612 1
4367 1566 1
2202 1981 0
4215 4743 0
3979 4523 0
1791 1962 1
2719 2323 0
1739 3032 1
1436 4059 0
853 3067 1
4609 219 1
3961 4863 1
3814 1170 0
1234 1919 1
4085 1797 1
2993 1932 0
2811 4530 1
957 1210 1
84 4971 1
891 2426 1
3416 1239 1
3566 2641 1
2533 921 1
2812 3279 0
736 3894 1
1817 3541 1
3542 2978 1
1473 955 1
3419 2649 1
162 818 1
2062 3939 0
3097 879 1
1408 2675 0
3128 2339 0
1036 4167 0
3174 676 1
965 3053 1
2579 49 0
225 713 1
2264 1267 1
2751 580 0
3430 461 0
2204 3912 0
4721 1301 1
1883 2394 0
3480 4392 0
2118 1174 0
3286 2685 0
3938 1372 1
1413 2953 0
1359 353 0
3303 3307 0
2768 696 1
2822 3787 1
4739 1699 1
11 3284 1
4443 1322 0
3994 1008 1
2797 1005 0
1102 4832 0
4136 860 0
4216 1677 1
36 3827 1
4002 724 0
4797 2896 0
271 4044 1
730 3816 1
3634 2749 1
4358 4680 0
2527 719 1
3830 873 1
4697 37 1
355 3374 0
1514 3376 1
1711 4238 1
4567 2334 0
1465 1067 1
288 278 0
4561 3318 0
397 3770 0
2021 688 1
3466 3789 0
2695 1300 1
1405 3991 1
137 2571 0
4395 4508 0
154 3218 1
2899 1128 1
2621 463 1
344 4246 1
2125 295 1
4586 69 0
4066 4269 0
2330 1890 0
2630 84 1
1672 2535 0
4412 3054 0
4451 2559 0
2336 3148 0
4169 1286 1
3000 654 1
1943 1084 0
1643 4147 0
3943 3188 0
4473 1602 1
4217 4182 0
4045 2983 1
2676 10 0
2803 3471 0
47 131 1
633 311 1
778 2889 1
1988 2219 0
2197 2586 0
4186 1762 0
1747 1701 0
591 3227 1
3473 1664 1
4210 4771 0
1265 2238 1
402 4695 1
1641 4460 1
811 4237 0
2226 3069 0
2771 2948 0
2304 1381 1
4994 4144 0
65 4984 0
3441 2497 0
2137 2136 0
77 4061 1
1820 3697 1
4967 668 0
1834 574 1
95 2268 0
1505 1875 1
4239 4023 0
494 2767 1
1487 2495 1
815 3003 1
977 1493 0
131 3812 0
22 1127 1
4006 3945 0
4101 4877 1
4275 271 0
2853 3981 0
4172 384 0
3751 4299 0
1524 1909 1
287 4651 0
749 3059 0
2363 4912 0
448 735 0
3726 1012 0
4111 1499 1
1778 3486 1
33 4051 0
4820 3315 0
3892 3891 0
4878 2333 1
2120 4899 1
2706 3706 0
2392 2926 1
374 1681 1
3459 2348 1
548 4008 0
114 1874 1
2760 3805 0
628 4939 1
381 3429 1
2835 4112 1
4893 3255 1
2480 230 1
1816 280 1
2791 596 1
3001 4890 1
4830 3513 1
387 2248 1
3783 712 0
2067 4770 1
2463 2194 1
4578 2024 1
1999 3969 0
2407 1867 1
3409 4078 0
3933 3671 0
2288 3350 1
3812 231 1
2114 2984 0
4829 2769 0
3996 1219 0
2128 4062 0
2883 2095 1
4764 4219 0
3905 991 1
2117 4550 0
587 545 1
3723 4937 0
1126 751 0
1261 3562 0
3750 243 1
3611 4275 0
3434 930 0
916 1473 1
738 178 0
2252 392 1
3952 4949 0
1468 3803 0
1786 1663 0
576 4603 1
3977 1966 0
2555 3794 1
879 2385 1
2978 2533 0
918 1377 1
186 2126 0
285 3482 0
1472 2340 0
2629 439 0
1433 273 0
1426 2611 1
4297 2590 0
525 4278 0
978 4920 1
1306 2703 1
406 833 0
3256 1813 1
1277 1879 1
4470 1630 0
378 2079 1
2184 1457 1
3570 2954 1
4063 3734 0
3218 4151 1
1918 3830 0
3820 2026 0
282 4276 1
4687 4374 1
3989 4758 0
4823 3093 1
1158 2842 0
789 458 0
119 3367 1
3031 3404 1
750 471 1
602 3455 1
1311 2471 0
1083 4247 0
2598 541 0
1109 1046 0
4896 3328 1
2140 1648 1
948 235 1
571 4084 0
2468 3748 1
4805 1575 1
4662 3440 0
3272 2211 1
1406 4293 1
3749 816 0
920 4663 0
4667 2013 1
4526 3160 0
2318 861 0
598 3297 1
3520 3029 1
401 4503 0
1516 3638 0
3740 2355 0
2604 27 1
1731 4221 1
146 4452 1
1088 923 0
466 1509 1
2795 4022 0
3105 2871 0
2912 2090 0
2179 623 1
58 4894 0
1472 3267 0
753 4578 1
3598 2507 0
2193 1138 0
259 3157 0
2905 1724 0
3423 2626 1
3708 3071 0
2469 4665 0
4053 147 0
1486 2915 0
3464 428 0
354 2178 1
4089 2843 0
744 598 0
1580 1731 0
780 3659 1
2628 1770 0
4140 3134 1
4490 1688 1
2405 3128 1
1677 1400 0
4784 522 0
1104 2341 1
4565 4082 0
3630 2726 1
4051 1298 0
4297 1559 0
3840 3931 1
1681 3377 1
2911 2104 0
2811 3271 0
3838 3704 0
1200 4644 0
4175 3326 1
2852 4919 1
363 4802 1
2428 4868 0
3184 2673 1
902 2672 1
1817 4093 1
4809 4923 1
2985 4203 1
827 3436 0
3846 609 0
3872 3501 1
2166 180 0
3669 2165 0
2891 454 1
4313 1044 1
3635 3146 0
327 2218 0
993 2717 1
3982 3347 0
4372 1935 0
1782 565 1
1587 3507 1
1390 51 0
3878 1194 1
3717 4384 1
4956 4243 1
1715 3629 1
3059 1786 0
2412 1096 1
4435 4119 0
3645 1028 1
875 2664 0
3479 1666 1
2939 1694 0
4704 4679 1
1927 2857 0
3686 1 0
3075 2522 0
808 4792 0
2117 3836 0
46 2855 0
4236 1019 1
681 1881 0
3252 3418 1
423 1256 0
4425 2468 0
899 3884 1
2655 2992 0
907 4803 1
3404 2412 1
2983 36 0
799 2866 0
1840 4017 0
869 3892 0
4691 3141 0
4585 3045 0
4080 4089 1
167 4271 1
4170 3217 1
3226 142 1
3418 3778 0
547 960 0
224 4633 0
3380 1080 1
4449 251 1
801 4034 0
2108 4513 0
2280 3178 1
2054 2732 1
3556 4579 1
3990 1824 1
4112 4623 0
1405 4344 0
3172 4675 1
103 3306 0
210 1945 1
49 1671 1
1424 547 0
2331 1637 0
3795 3349 0
1856 4431 0
2952 3285 1
4940 3280 1
2025 3278 0
3086 128 1
1360 2369 0
1888 54 0
2514 1429 0
3158 2499 1
2016 4997 1
1152 4327 1
1341 617 1
566 2708 0
4030 4898 1
3219 1444 1
469 140 0
1563 3842 0
456 1126 1
408 1196 1
43 2850 1
2673 531 0
2606 3346 0
3803 2759 0
42 67 1
3381 3024 0
16 1960 1
1957 1056 0
208 1481 0
4518 3386 1
3543 2530 1
3722 2779 0
753 2719 0
52 3846 1
1967 4298 0
3939 4027 0
2810 1917 0
2969 4229 0
131 2400 0
1323 2240 1
2474 3399 0
4016 2613 0
2656 82 0
1826 4340 0
4962 2628 0
3171 2865 0
4118 1721 1
3395 2103 1
493 2598 1
187 4098 0
3514 4150 1
2040 1508 1
2279 3443 1
2814 1305 1
983 2925 0
3403 3224 0
1401 1596 1
2017 3343 1
2848 472 0
385 1982 1
4533 375 0
2484 4881 0
1881 2290 1
3076 224 0
3372 961 1
496 3451 0
4826 2601 1
3310 2456 1
3353 1259 0
2058 1708 1
2092 958 0
3720 4988 1
4224 3182 0
173 2021 0
3043 4903 0
2973 1497 1
246 2130 1
1724 494 0
2798 4159 1
2762 4667 0
298 2296 1
1674 3518 1
2457 2756 0
2773 146 0
4562 1442 0
3821 1537 0
2928 1333 1
2551 3121 1
2855 2262 1
3904 3258 1
1218 2676 0
432 4280 1
4274 2041 0
4447 1880 1
727 1312 1
4818 3420 1
5000 1272 1
3190 3016 1
2949 2834 1
3485 4486 0
543 1521 1
3937 1385 1
2760 4627 0
1524 4921 0
2583 2947 0
3665 3838 1
1434 2230 0
4009 2018 1
2735 4068 1
1777 2602 1
4149 3909 1
1599 2496 1
2480 320 1
937 1859 0
3141 2474 0
2364 4228 1
3970 3192 0
456 4141 1
3470 4709 1
138 3934 1
4152 1427 1
3471 1266 1
1573 1304 1
2266 1246 1
2004 2075 1
706 4808 0
176 2634 1
709 153 1
3502 2981 1
1810 386 0
2292 372 0
4486 4498 1
1898 3592 0
1912 165 0
3013 3242 1
3803 2918 1
3197 1887 0
695 489 1
2711 667 1
1640 2795 1
243 3578 0
4928 1159 1
139 1318 1
1166 3185 0
1896 1533 1
3559 3744 1
1360 2259 1
2924 1912 1
3879 3508 1
2808 3559 1
2697 1776 1
1815 3193 0
177 2965 1
3107 2516 1
2827 1893 0
317 52 1
4975 149 0
1510 2076 0
2134 721 0
3314 3020 1
2391 4291 0
4147 144 0
3915 1520 1
45 1563 0
2050 3241 1
4084 2448 0
3996 4377 0
2793 3051 0
3535 1705 0
2788 1695 1
2837 1181 1
2668 2902 1
4273 2043 0
1033 2875 0
1404 1204 1
3920 457 0
310 1667 0
325 154 0
2798 2636 0
2976 2431 0
4998 3477 1
107 4698 1
89 1025 1
1042 4521 0
1694 2307 0
4491 3551 1
4946 983 1
1180 1349 0
4410 1738 0
4663 3207 0
4494 957 1
1101 3445 1
922 3839 1
3598 840 1
2940 363 1
1184 315 1
555 1944 1
1903 3861 0
117 887 0
3915 4658 0
1486 187 0
2346 1541 0
4705 1589 1
2521 3856 1
833 3503 0
1714 3123 1
4069 3777 1
249 3357 1
1173 3972 1
3875 3793 1
1663 971 0
697 2720 1
1442 1176 0
980 2463 0
1707 1103 0
2825 43 0
848 1201 0
774 1199 1
677 1726 0
3021 1475 1
4817 2326 0
1533 4725 0
2966 1516 1
2881 3947 1
822 571 1
1313 373 1
4902 1288 1
4500 301 1
1229 4891 1
1347 2138 1
3357 402 0
2598 1592 0
1886 637 0
3368 2048 0
3400 4631 0
3539 1368 1
99 1175 0
1882 4911 1
642 3292 1
1780 549 1
2974 2804 1
1583 1045 1
1360 3598 0
4351 1115 1
4944 4573 0
4450 2404 1
4560 3021 1
2862 1621 0
4428 3039 1
3766 3514 1
959 506 0
1560 4672 1
1008 3853 0
1547 3229 1
4875 1345 1
1644 3095 1
2070 1257 1
4730 60 1
522 2886 0
942 4918 0
4474 3402 0
53 660 1
430 4354 1
4281 4969 0
3568 438 0
1492 4455 1
4778 105 0
3018 625 0
2840 1989 0
1801 830 1
3575 2266 1
857 2067 1
1475 4846 1
1720 2035 0
1044 335 1
1273 2892 1
4622 791 0
4295 3344 1
2712 3922 1
2631 289 1
1861 3750 0
3443 4728 1
1959 3254 0
367 3288 1
1983 4902 1
2679 3720 0
1179 4077 0
708 2295 1
533 3498 1
2894 305 0
4654 4087 1
2995 3543 1
412 2198 1
4963 3022 1
2286 253 1
4356 2812 1
4424 4526 1
3883 4622 1
3352 1009 1
4079 3105 1
3865 2144 1
1238 4516 0
1654 2480 0
1968 3517 1
4128 4356 1
912 2851 1
1451 2368 1
1829 4907 0
513 497 0
1929 4435 0
236 2475 1
501 941 0
3784 4843 1
1339 2153 0
4090 3643 1
2356 4480 1
4103 48 1
3934 3510 1
2364 1386 0
4456 2839 0
3770 4794 1
3549 3674 0
3245 994 0
1891 865 0
111 1902 0
2897 4776 1
4088 1814 1
1819 3138 1
1990 4710 1
703 785 0
280 1595 1
4686 2297 0
3453 2796 0
871 3630 1
293 2315 0
670 13 1
3773 4851 0
1260 2019 0
2739 4799 0
4196 314 1
2791 2810 1
3027 2060 0
3942 3187 0
2530 2529 0
1071 717 0
2492 1610 0
303 1961 0
2303 3183 0
2850 3475 0
2672 4064 0
4235 859 0
1754 3705 1
491 1139 0
1326 3303 1
3705 1871 0
4201 4413 0
4421 2171 1
1495 3848 0
2363 4214 1
4661 3996 0
1984 4796 1
1696 3034 1
3500 4946 0
4432 2934 0
1216 952 0
1938 3011 0
392 2547 1
4179 4388 1
4556 406 1
1854 4995 1
3002 2725 0
609 348 1
3330 3281 0
3814 902 1
3487 3663 1
4884 466 0
4706 2429 0
1690 1243 1
1247 1763 1
1504 3715 0
4683 3092 0
4910 233 0
321 3203 1
2239 3743 1
4854 2569 1
223 772 0
913 3385 1
524 136 1
608 90 1
1295 821 0
751 4731 1
1232 2000 0
3955 455 0
4548 4822 1
2563 1029 0
498 2630 0
2462 239 1
94 1348 0
3716 7 0
1922 1002 0
4639 8 1
1384 286 1
2674 1503 0
1387 1395 0
3169 306 1
1623 2454 0
1579 4953 0
2129 3505 0
4452 4951 0
1188 4427 0
3780 1877 1
3624 2937 0
2511 1165 1
3378 108 0
4738 539 1
93 4398 0
4004 1956 0
4227 2849 1
4953 4360 1
3013 814 0
4150 2424 1
583 2831 0
2328 4153 1
4336 1373 0
1245 2004 1
966 3491 0
3683 1638 0
4221 4991 0
614 309 1
3667 2251 0
2482 4249 0
1089 3718 0
25 151 0
4793 706 0
2709 4381 1
4873 1108 1
4368 291 1
1885 4913 0
772 3528 1
3817 2014 0
3110 1547 0
4715 416 1
2996 1954 0
2702 723 1
2123 768 1
4860 3359 1
3412 4264 1
3890 1668 0
2915 1132 0
2345 3808 1
4054 2359 0
1792 894 0
3582 2439 1
2890 3373 1
2701 3441 0
2186 3437 0
1536 3291 1
3524 883 1
1994 4551 1
3258 2735 1
175 509 0
2823 1423 0
156 4376 0
4353 4817 1
1186 3494 1
3352 66 0
4615 4784 0
1038 21 1
3106 4584 0
2723 1605 1
3405 1428 1
3600 3619 1
4300 2614 0
3275 453 1
3277 1393 0
3791 948 1
1407 209 1
3640 1452 1
2638 3115 1
299 2330 1
1350 634 0
4642 2777 1
2032 2994 1
1764 170 0
172 2966 1
3024 1354 1
4717 445 0
1511 3265 1
514 3421 0
30 4589 1
326 4076 0
2553 584 1
444 755 1
3752 3534 1
4007 324 0
4932 181 0
3907 1010 0
2858 4048 1
4010 1931 0
4844 854 0
4084 1836 1
4208 2879 1
4349 2761 0
1439 3924 0
4520 1577 0
678 2869 0
3287 742 0
4081 4473 0
1914 3595 1
11 425 0
2033 2197 0
688 1034 1
3369 4343 1
3839 1820 0
2693 1095 0
4393 139 1
4026 4317 1
1674 3038 0
639 2967 1
519 4024 1
819 986 0
851 1389 1
4019 2550 1
4769 451 0
745 4430 0
3327 4244 0
1243 4660 0
1633 1609 0
2163 4865 1
4840 913 1
3084 3993 0
110 4011 0
1018 2365 0
2295 2436 1
147 30 1
2737 1861 1
2746 2416 0
1866 4369 1
2217 796 1
3182 3570 0
3675 4160 1
442 1320 1
4313 3506 1
2871 3825 1
3531 4390 1
3968 1258 0
4144 4198 0
1544 4050 1
3230 1198 0
209 2974 1
352 1111 1
3291 3815 0
3495 2700 1
328 449 1
2274 4625 1
2253 4525 1
4018 1070 1
3949 4164 1
1783 3394 0
2232 2588 1
3274 2687 0
4803 4187 0
4122 2900 1
2467 3116 0
930 1553 0
3754 2616 0
1004 3041 1
725 1568 0
4684 2829 0
945 1828 1
3513 4801 1
2115 3314 0
2900 1467 0
3747 3204 0
1099 568 1
4352 2707 0
1368 1129 1
2236 2785 1
3055 1470 1
2861 1594 1
3091 2737 0
1025 4597 1
2056 3325 0
4328 1131 0
3409 4547 1
4115 650 1
4436 3397 0
281 3395 1
1953 2325 0
4619 3992 0
2658 381 1
1592 281 0
215 4383 0
2165 3573 0
2616 2789 1
2584 370 1
2552 3468 0
1088 2384 0
2404 3843 0
4434 1534 1
1612 2441 0
1747 24 0
1438 2378 0
308 3820 0
3312 552 1
1431 1604 0
643 824 0
2984 871 0
2515 3202 1
3329 214 0
3224 1362 1
894 1244 1
911 4262 0
1422 2332 0
2052 1674 1
2609 44 0
3668 433 0
1411 3199 1
4319 1335 1
1548 2540 0
297 911 1
4865 4049 0
1089 3883 0
2221 843 1
2283 4561 1
3656 4732 0
1024 3066 1
1185 4816 0
112 3212 0
1420 1673 1
3757 2640 1
3254 207 0
2406 1412 1
2570 3802 1
664 3997 1
3422 853 1
2740 1857 1
4108 1571 1
1668 389 1
3321 3538 1
3861 4855 0
3349 340 0
4036 900 0
1719 3234 1
4162 2279 1
570 4942 1
3877 2025 0
1528 2709 0
2863 2801 1
2950 1007 1
2140 3906 0
2834 4804 1
1537 4746 1
2458 3607 1
4822 3845 0
2559 4092 0
294 588 0
275 1500 0
837 4332 1
159 825 1
4121 1432 1
1304 4887 1
1948 1994 1
4484 308 1
4472 2743 0
4397 4630 0
1787 3135 1
4999 2300 1
1671 2044 1
4125 1544 1
3673 4715 1
2315 1617 1
4369 3875 1
576 2011 1
55 100 1
2473 2382 1
1841 2919 1
1393 1013 1
258 2830 1
3161 3409 1
1826 1603 0
1467 936 0
123 3435 1
305 906 0
4851 4248 1
3587 3299 0
360 1105 1
3608 780 0
4174 842 1
170 114 0
3679 1774 0
3057 1807 0
332 846 1
500 1130 1
3424 1260 0
2198 912 1
4936 1576 1
3515 3068 1
4825 4548 0
3253 658 1
1323 2826 0
4428 968 0
2420 3935 0
4656 4032 1
262 1904 1
53 212 0
995 4694 0
874 1448 1
4360 3175 1
4135 3547 0
517 2617 1
3092 3197 1
1920 1024 1
49 1340 0
4530 3085 0
2146 2181 1
4322 4226 1
1263 2317 0
2437 4095 0
4060 3122 0
3285 1585 1
4093 2854 1
4031 2973 0
1670 1894 1
791 2312 0
1926 786 0
356 264 1
3155 1062 1
4419 1455 1
1098 4744 1
726 2605 1
3792 1781 0
1370 3408 0
133 4580 0
1190 3088 0
4270 1037 1
1772 2658 1
1325 3761 0
1400 2596 1
1213 2597 1
195 1236 1
1416 9 1
2573 2793 1
2290 2016 0
2745 1686 1
3161 753 0
2384 3008 1
1052 4057 0
1373 1299 1
2005 4765 0
4283 692 0
3685 4294 1
2270 72 0
4081 3572 1
4313 70 0
3789 4606 1
804 1775 1
4445 376 0
3096 22 0
2512 4613 0
3057 2399 1
88 3626 1
2642 4520 0
1810 4412 1
4666 4668 0
594 2264 0
1676 533 0
1063 3262 0
606 4036 1
247 4617 0
330 1355 0
2248 3940 1
1934 83 1
3906 3320 1
4267 3713 1
1653 1124 1
1683 2663 0
612 1359 0
758 3495 0
3685 3427 0
4468 3986 1
3469 3956 0
3151 4013 0
1513 2237 0
4992 4394 0
4988 2430 0
4807 1826 0
1385 1518 0
3283 1006 0
1268 4254 0
634 548 1
3330 446 0
1796 2020 1
1457 557 0
3945 1873 1
3879 3695 1
2200 1140 1
485 249 1
1375 2285 1
4863 3687 1
2088 4956 1
4415 2553 1
2335 3617 0
1380 76 0
2245 4072 0
4471 2100 0
4627 3677 1
1025 464 0
4260 1324 0
421 3 0
627 2166 1
4106 354 0
216 2987 1
4072 1606 0
2159 1076 0
4117 148 0
2911 3075 0
799 1195 1
4047 127 0
2718 2327 0
1987 1001 0
244 2751 0
3279 2479 0
4022 3015 0
4886 2187 1
690 2059 0
842 926 1
1631 1727 0
2954 2805 0
3325 3460 0
1206 1252 1
2490 126 0
3660 1101 1
486 2546 0
277 3618 1
506 2374 0
4311 4240 1
1832 1466 1
2908 3500 0
3771 2281 1
235 4700 1
229 190 0
3725 891 0
4359 856 1
4377 4424 0
4749 3111 1
4326 3859 0
3891 4433 1
2465 943 0
214 316 1
3810 1422 1
3305 3237 0
394 1565 0
861 1850 0
3232 3530 0
4720 2152 0
3299 1922 1
785 368 0
4135 2913 0
1208 4466 0
2196 1485 1
1222 2487 0
4325 2503 1
4868 2699 0
407 3813 1
135 1234 0
2715 4053 0
2576 2774 0
1627 3215 1
311 410 0
2732 4986 0
4516 4836 0
4241 3567 1
4895 595 1
4153 3773 0
975 85 0
3922 434 1
615 3387 1
3589 1751 1
2014 1802 0
4411 1796 0
2953 3610 1
973 974 1
473 2574 0
1375 303 1
508 260 1
3204 2538 0
2348 2772 1
3714 327 0
867 4423 0
869 996 1
3610 4944 0
1378 2927 1
1824 3942 0
4073 2528 0
668 1557 0
2380 2445 0
2875 2022 0
4547 1823 1
455 1783 0
1747 1265 1
2779 2461 1
2415 3352 1
3078 3964 0
3445 997 0
3835 4766 1
776 826 0
1981 2134 0
990 1888 0
396 357 0
3849 707 0
92 2465 1
1286 4595 1
2716 4066 1
1893 1822 0
2935 2557 1
3824 229 1
3745 4926 1
4219 502 0
2849 1916 0
1279 345 1
4107 2552 1
2085 2420 1
541 1254 0
865 2899 0
3926 1635 0
44 2514 0
422 4297 0
192 208 0
1685 2544 0
2074 2838 1
399 3719 1
4223 2388 0
1314 4242 0
1532 1898 1
291 2657 1
347 2105 1
3781 4313 0
504 2721 0
2963 14 1
3149 2239 0
3571 2064 1
1533 4054 1
1035 2837 0
3467 3256 0
2505 4628 0
2084 196 1
2020 1725 0
961 4996 1
4982 204 0
1393 1491 1
3646 2958 0
1476 1958 0
1073 1217 1
125 3799 0
4625 3784 1
4853 2511 1
2305 677 1
1719 2278 1
3574 897 1
62 1253 1
273 1840 1
1205 3240 0
392 162 1
3198 1872 1
4327 1091 1
1978 1443 1
2046 1189 0
4112 4786 0
194 2174 1
3233 456 0
4448 1892 0
2447 3126 1
3823 2513 0
2785 4721 1
1037 2870 1
2736 2894 0
2381 1798 1
1233 1658 0
3925 1285 1
3054 3765 0
4664 732 1
21 2003 0
2358 2963 1
3918 4656 1
3242 2951 0
3560 3555 1
705 430 0
1411 4985 0
51 569 1
786 2556 0
154 2711 1
1785 96 1
1138 80 0
3414 2235 1
2337 2184 1
3304 1675 0
3155 4370 1
2368 1847 1
1165 246 0
2087 1474 1
1118 2229 0
4517 1341 1
2580 3253 1
3852 3230 0
1182 250 1
1382 3776 0
4551 1255 0
3519 2609 1
4706 3810 1
4908 4138 1
2257 4272 1
2295 3351 0
2034 882 0
3853 2645 0
4799 1060 0
1649 2157 1
2495 1090 0
2132 1011 1
96 3143 0
125 3868 0
463 2620 0
2455 3198 0
2543 3147 0
2400 3103 1
4933 2109 1
359 1723 0
1771 1882 0
3653 34 0
1924 3467 1
6 2820 1
4285 1713 1
982 3960 0
1722 995 0
4685 3984 0
1845 655 0
4570 1574 1
4184 2098 0
3842 3444 1
2326 4220 1
3269 3249 0
4707 1718 0
2107 4947 0
4698 3679 1
3506 4288 0
4806 3850 0
2272 4000 1
624 174 0
4731 4318 1
31 1051 0
452 820 0
4321 788 0
1977 1232 0
852 3732 0
4291 4610 1
2593 2776 1
3022 3557 0
1585 4897 1
2262 41 1
4466 3689 0
1421 519 0
2190 2158 1
286 334 1
2865 4749 0
452 448 0
1839 523 1
4129 3919 0
1705 1315 0
2000 3998 1
3741 102 1
2611 2696 0
100 2458 0
2153 2652 0
3215 3583 1
2330 1295 0
4639 851 0
4188 460 1
2838 3822 1
2002 2931 1
1235 3949 1
580 573 0
4942 4963 0
644 3651 0
2173 4368 1
1735 1614 0
2486 4960 0
3541 3081 1
113 2084 0
756 3180 0
3908 1811 0
2247 3667 0
4098 3661 1
3903 313 1
2082 1347 1
3602 2890 1
4316 1607 0
1538 3335 1
2490 501 1
2545 3908 0
1827 4301 1
98 1711 0
1599 4207 1
4879 498 0
2321 2160 1
1287 3332 0
3869 1969 1
1271 2794 0
3229 220 1
3638 2689 1
909 1624 1
4263 4405 1
108 2457 1
705 1832 1
553 1691 0
4272 2030 0
1179 599 0
3724 3911 1
603 285 0
1450 2087 1
3843 205 1
3812 3745 1
505 2120 0
1235 690 1
567 2343 1
3482 544 0
4374 4085 1
548 1510 0
4091 1633 1
2104 3043 0
1947 3749 0
3044 1834 1
4541 133 0
1244 564 1
492 1088 1
1753 2572 1
2239 1799 1
3278 1382 1
2385 2898 0
1459 2308 0
2310 857 0
4776 4642 0
64 4704 0
4083 478 0
3804 2867 0
1448 4168 0
3463 2387 1
1428 1631 0
353 1632 0
3730 87 0
4070 2880 0
2362 4583 1
595 895 1
2174 1995 1
4756 3030 0
858 3277 1
693 2440 1
1805 3417 1
2320 1434 1
2889 2680 1
4987 4436 1
2195 2722 1
947 117 1
1144 3378 0
499 2195 0
2783 807 0
4443 4914 0
1377 4545 1
3361 872 0
1939 121 0
557 612 0
704 652 1
4337 307 1
1481 581 0
3077 4355 1
620 4304 1
3129 77 1
1628 1120 1
1850 4329 1
4040 783 1
2661 1884 1
3047 1755 1
1241 3481 1
1410 2744 1
2922 3419 0
351 4611 1
1312 1148 0
1482 2648 1
1132 58 1
3011 171 1
1692 192 0
422 1854 0
3072 4754 1
2565 2985 1
4031 4967 0
38 3568 1
193 4132 1
3337 3758 1
2395 1600 1
3349 3485 1
1189 1137 1
4206 182 1
1624 294 1
548 4338 0
977 1806 1
2939 1337 1
3104 2367 1
791 3548 0
4499 3685 1
2124 4224 0
2648 3587 1
1149 4319 1
432 4410 0
4535 2366 0
2425 1187 1
1259 2815 1
1054 2462 0
3475 476 1
3244 2263 1
4793 4576 0
2291 4719 0
1625 1100 0
667 3246 1
4888 3635 1
2181 390 0
1031 710 0
441 2629 1
1086 4037 1
4845 4711 0
4958 436 0
2013 125 0
1546 2784 1
550 3406 0
4885 3509 0
4944 718 1
1729 3181 0
4133 3531 0
80 3899 0
884 2976 0
4971 1482 1
3330 938 0
3435 1146 0
2041 4745 1
528 218 0
2436 1465 1
867 1370 1
3427 2231 1
3477 4101 0
4681 2654 1
1177 1178 0
4259 1684 1
996 1913 0
4782 1952 1
2523 3769 1
4081 3139 0
2169 1224 1
3529 4225 0
2518 1309 0
3794 3628 0
840 1366 0
4747 2040 0
1598 3156 1
1712 2563 0
3198 1110 1
2987 504 1
772 4475 0
2577 629 1
4340 3611 1
4561 4258 1
562 4827 0
1917 1352 0
3601 401 0
152 1947 1
4081 4648 0
2110 1190 1
2026 3608 1
2306 3014 1
3738 4697 1
1833 4334 1
737 4236 1
3983 1735 1
1543 643 1
4708 2862 1
4789 2692 0
657 4833 1
1124 172 0
1562 247 0
345 4637 0
1192 3369 0
2397 1552 0
713 4882 0
1584 2055 0
391 3930 0
431 2344 0
1437 1057 0
3462 1050 1
3783 4570 0
3641 2403 1
1427 4781 1
3119 3527 1
701 86 1
1800 1440 1
3916 1406 0
3605 2683 0
3822 4797 0
2641 387 1
4848 414 1
1067 1550 1
4405 1784 1
487 3520 0
1067 2809 1
4123 2787 1
278 4809 0
4279 3900 1
1872 1732 0
2151 1075 1
1256 1143 0
1293 1841 1
4462 2338 0
1928 484 0
572 3684 1
1818 2118 0
4754 2667 0
340 244 1
1445 431 0
289 3301 1
510 3493 0
30 1911 0
2273 4409 0
802 3329 0
1431 3722 1
546 3423 1
3524 3113 0
404 2592 0
1861 603 0
2572 3272 0
3474 4553 0
1559 2128 0
3212 3983 1
2099 877 0
605 3649 1
1348 491 0
357 1151 0
1921 4510 0
253 237 0
3568 714 0
2043 1924 0
1196 1274 0
3824 1745 0
4145 2271 1
88 1121 1
4155 3944 0
4669 3683 1
4390 691 1
2102 1535 1
3429 881 0
1693 3124 0
2446 4290 1
4903 1794 0
2588 4532 0
2410 4915 0
508 3446 0
4568 1353 1
1277 3365 1
56 1531 1
2742 3140 0
37 3645 1
4787 2580 0
3132 403 1
484 3431 0
2622 1676 1
1798 2554 1
2429 427 0
179 2226 0
4235 339 0
2862 1426 1
672 4440 1
1636 4616 0
2441 898 0
2147 2610 0
377 2908 1
3523 766 1
3625 3447 0
2339 3036 1
4011 2803 1
3544 4664 1
666 4058 0
1013 3519 1
4398 2283 1
1913 1410 1
2383 1767 1
528 3023 0
3437 2270 1
4597 4406 0
274 2274 1
4927 4506 1
3565 2050 0
1556 2241 0
1549 3065 0
260 2584 0
91 3668 1
4189 632 0
2789 4331 1
2069 4134 1
4833 4934 1
4581 4180 0
3224 3564 1
1905 2057 0
203 620 1
4297 4974 0
849 191 0
1597 3782 0
4553 1261 1
4598 4165 1
4527 4102 1
2231 1975 0
3590 3576 0
965 4462 1
646 4181 1
1991 1202 0
1278 1346 1
3268 4928 0
3428 1729 1
3012 1035 0
1047 1227 0
3512 4841 0
2751 4588 0
3439 2288 0
4880 2909 0
2324 3958 1
4268 2736 0
4460 2199 1
188 350 0
3561 1789 1
2230 3834 1
2895 1752 0
925 2811 1
3040 226 1
1414 2704 1
1225 648 0
2261 15 0
2885 2442 1
134 360 0
3564 3311 1
682 3236 0
4524 3504 1
1250 3381 1
4652 1829 0
4072 2928 0
2883 3310 1
3555 918 1
341 3031 1
928 1703 1
924 1415 1
2278 3882 0
2414 922 0
4288 1307 0
1989 1334 0
90 4885 0
3180 4185 1
1181 109 1
1127 4850 1
3249 4408 1
1287 4930 1
3494 2320 0
3351 2080 0
1713 2225 0
939 186 1
4593 426 0
2101 929 0
2079 558 1
4926 867 1
3662 3127 0
4588 4039 0
1376 1702 1
1895 2490 0
2647 2213 1
540 228 1
3048 1223 1
4320 4060 0
581 3449 1
1030 2763 0
2538 3087 0
2546 903 0
4521 1608 0
3629 3708 0
3763 2452 1
2220 4128 1
3143 1685 1
55 123 0
3802 1545 0
1369 417 0
3304 1587 1
3344 4361 0
3701 4874 1
1565 4910 1
3511 1390 1
4706 3469 0
2375 3080 0
4538 2212 0
2061 2396 1
2028 3219 0
1985 3110 0
2926 4204 0
314 3952 1
3617 2309 0
4871 4574 0
2847 4111 1
2285 3921 0
4923 4857 1
212 1417 0
4370 4176 1
1461 4470 1
3350 45 0
3396 2303 1
168 694 1
4591 2275 1
2243 3488 0
1610 4673 1
1773 1439 1
4424 4541 0
476 543 1
1289 4193 0
1432 1710 0
4167 4682 0
2357 4437 1
658 2358 1
4231 3881 0
1779 2401 0
1224 4107 0
813 546 0
3313 4806 0
4015 959 1
2698 2143 0
2126 2718 1
4925 137 1
1318 670 0
195 2363 1
2784 3117 0
4927 2189 1
3527 1620 0
1658 2466 0
4504 2373 0
2094 534 1
4792 1788 1
4453 4556 1
906 4463 0
4726 3553 0
2925 4632 0
2780 3854 1
2293 2523 0
1949 2005 0
4445 3693 1
272 2107 0
202 950 1
371 928 0
2006 4647 0
4221 1790 0
743 4481 0
2388 3896 0
3779 1048 1
3753 3623 0
2501 143 1
1344 2589 1
3187 2423 0
1869 3736 1
3237 4444 0
503 529 0
1211 1221 1
2453 4925 0
4628 1514 0
3620 262 0
128 2952 1
3166 2771 0
4941 2261 1
1315 1041 1
3014 1719 0
4558 875 0
1557 1670 1
1297 4200 1
1399 2397 0
578 1800 1
4258 482 0
3373 42 1
4207 185 1
904 1990 1
1508 2813 0
2329 1371 1
4538 1068 0
2461 3735 0
4772 1640 0
3816 2760 1
88 4867 0
2031 333 1
4132 2650 0
4811 4546 1
2314 1230 1
2956 2391 0
3627 4767 0
535 744 1
2467 4115 1
2666 1580 1
1236 1715 1
334 764 1
4489 4026 0
3355 4582 0
242 3550 1
1846 759 0
3846 2710 0
3860 1163 1
2325 4825 0
1447 3577 0
3062 2752 1
723 982 1
4921 3775 1
1139 1079 1
4676 4566 1
1875 4372 0
4972 1200 0
4913 2443 1
2399 2861 1
4722 3055 0
1087 141 1
99 4074 0
4284 4824 0
2188 3007 0
529 743 1
516 361 1
1669 3849 0
3147 4612 1
938 790 0
1874 1965 1
2208 3083 0
3156 4321 0
1766 1744 0
4515 737 0
296 805 1
2341 583 1
2042 1980 1
4458 2600 1
1499 1717 0
1700 4866 0
1168 2042 1
1502 252 1
580 2560 0
3076 2765 0
2691 3652 1
1183 4856 1
1358 382 0
2525 3647 1
4933 467 0
4924 4734 1
3584 3056 0
1794 3710 0
3786 4379 0
2035 3694 0
1068 369 0
1845 2149 0
2086 2438 0
728 2980 1
4674 2746 0
3592 793 0
1657 3145 0
1351 2205 1
2222 4884 0
2205 4936 1
1253 132 1
4415 4605 0
1876 701 0
2233 2780 0
1093 665 0
1973 2567 0
2878 450 0
3316 3363 1
2401 4363 0
3406 3274 0
1079 3717 1
3060 2406 1
2004 4491 0
4599 3389 1
346 4315 0
2945 2755 1
276 1951 1
1100 1225 1
571 4397 1
1567 159 0
1868 2754 0
4688 331 1
2012 2788 0
3298 917 1
1571 3817 1
4050 4040 1
4444 3601 1
4061 4862 0
1831 227 0
101 4941 0
3146 610 0
184 3818 1
4248 1849 1
668 176 0
2355 1556 1
1258 2331 1
3999 687 0
3907 4992 1
4812 1941 0
66 4823 0
3953 4100 0
4550 1793 1
660 4399 1
1529 562 1
1221 4828 1
1332 1431 0
1251 3841 1
3812 2173 0
261 4653 1
989 3405 0
1050 4598 0
3355 35 1
2092 2846 0
2767 3120 0
4423 3985 1
2180 4253 0
171 4449 0
798 2183 0
2214 4375 0
1111 367 1
4163 2781 0
3843 2175 0
307 2753 1
3625 4133 1
1250 2791 1
4025 4451 0
821 3757 0
3088 3287 0
1323 3620 1
1896 4292 0
3461 2509 0
3015 3604 0
2 3411 0
3684 2678 0
775 2848 1
4947 1026 1
4631 2347 0
4199 3298 1
741 800 1
4641 1766 0
3172 2306 0
4600 4906 0
2602 1977 1
1620 4235 0
1170 1768 0
3185 4063 0
3901 3235 0
4536 1173 0
2020 1907 0
1322 4978 0
352 4467 1
3113 266 1
4737 17 1
4067 3050 0
793 1714 0
3440 4505 1
589 4559 0
4587 3895 1
4298 1319 0
4855 1282 1
2901 3593 1
1743 885 0
1190 1308 0
4691 3869 1
1068 242 0
895 4966 0
3807 3523 1
4297 4973 1
627 3774 1
1176 2012 0
4200 3153 1
390 103 0
3629 1203 1
4704 4737 1
836 2622 1
4366 440 1
951 3368 0
235 2216 1
3678 4972 0
4719 4772 1
4257 2956 0
3038 4626 0
3337 4457 1
3687 3101 0
3447 1690 1
3917 3018 0
873 1843 0
1019 2176 0
3492 267 0
1142 2009 1
2259 1558 1
2937 673 0
2269 167 1
4744 1914 0
3220 4162 0
4078 4621 1
4463 3605 1
4487 2697 0
1441 3973 1
1154 1123 0
670 3479 1
2488 378 0
2442 2028 0
221 4763 1
158 1450 1
181 1987 0
4663 4931 0
4156 1993 0
800 1059 1
3833 2799 1
4690 1296 1
942 1750 1
3855 1477 0
4296 1411 0
4835 4965 0
3281 693 0
4669 4685 1
2765 4889 0
4222 4787 0
2237 2970 1
3698 774 1
3340 4038 0
1409 2408 0
18 59 0
3956 2473 1
2594 2311 0
1223 63 0
2095 1526 1
2435 817 0
2729 169 1
4165 3791 1
803 4118 0
941 2989 0
468 1213 0
105 4989 0
4394 949 0
3111 3225 0
3625 2322 1
404 1031 1
454 3549 0
3205 3603 0
2632 1742 0
2592 4420 0
4877 4232 0
4701 746 1
512 4901 0
3426 988 1
2386 4608 1
2705 3542 1
1771 752 0
2864 3108 0
610 4434 0
892 4158 1
1106 4878 0
3200 4411 0
1349 1374 0
9 2527 0
2155 669 0
2971 2210 1
2371 728 0
351 3492 0
1046 2933 0
3985 3388 0
3300 4135 1
4984 4274 0
1270 2906 0
1135 2694 0
3214 1692 0
3476 3910 0
1016 4199 1
4420 1959 0
4873 3751 1
2892 2508 0
3356 3206 1
1321 4688 0
2541 282 1
4156 391 1
4907 1986 0
4623 3650 1
2086 4886 0
7 3300 0
145 1235 1
3606 3112 0
4315 722 0
222 465 0
2671 4993 1
3074 1364 1
3416 2116 1
797 657 0
408 3662 0
4721 1071 1
4052 297 1
3194 4596 1
3796 2410 0
4824 3907 1
4043 479 1
3198 4233 0
769 2280 0
1791 2078 0
2931 3238 0
2119 4350 1
1110 3824 0
1032 720 0
2520 3220 1
3808 4261 0
1706 1361 0
2201 4422 0
818 1792 0
1010 1297 1
1100 3832 1
4027 3800 1
825 1929 1
768 4450 0
859 1125 0
190 3309 1
976 2129 1
4442 2582 1
3799 773 0
4334 1099 1
4294 1555 0
1449 3263 1
1074 3412 1
4790 2146 1
3735 1625 1
3118 3968 0
2456 2077 1
1600 3070 1
1803 365 1
675 3480 0
297 827 0
910 1384 0
2636 3681 0
4988 813 0
217 4303 0
1007 3171 0
1226 2415 1
1539 3877 0
1174 4086 1
3037 3901 1
360 429 1
950 2434 0
3061 1208 1
203 954 1
3736 933 1
3208 4557 0
4616 3873 1
905 2006 1
2071 1815 1
696 2052 0
4668 2502 1
1353 2122 0
4431 2432 0
2717 4045 1
3172 4442 0
4770 4252 1
887 203 1
4514 4916 1
3235 444 1
4622 920 1
2722 3602 1
2974 71 1
662 3980 1
2347 585 0
2518 2858 0
1186 2593 0
4904 835 1
3076 2993 0
3189 1736 1
2957 769 0
3023 798 0
1058 435 1
1411 4812 0
2878 684 0
4180 2864 0
2679 3970 0
3472 194 0
4824 4875 1
746 3322 0
1377 1421 1
1993 4535 0
4402 2215 0
3323 492 0
2932 3119 0
1028 1943 1
3774 4425 1
368 2792 1
652 1749 0
4495 2167 0
3565 4847 0
856 3243 0
2763 4970 1
2934 653 0
3138 2206 0
1552 2092 1
889 4678 1
981 33 0
393 4474 0
2869 2715 1
4441 1264 1
3777 4831 0
2023 4883 0
2599 2961 0
1115 3768 1
901 915 1
3950 4537 0
2828 2651 0
3123 4161 0
3831 2467 0
2941 483 0
962 3747 1
1207 4230 1
3365 1757 0
3862 1769 0
1390 1830 0
4930 1036 0
228 1141 0
3342 183 1
2910 193 0
1283 4025 1
4881 4378 1
1496 2832 0
1703 2335 1
141 3266 1
3622 4012 1
2307 3962 1
2728 1488 0
4193 748 1
3 3432 0
4130 1649 1
3236 1886 0
353 638 0
4677 4342 0
3149 319 1
1621 2047 0
4387 1660 0
409 201 1
561 2969 1
1162 787 0
3896 973 1
3290 4753 0
1767 2863 0
2675 3927 1
2529 4073 1
3548 4795 0
1039 4782 0
3745 602 0
1027 3487 0
1606 4976 0
2072 4146 0
3177 388 1
2465 394 1
3341 4740 1
1838 925 0
3648 630 1
3868 1901 1
4543 3064 0
4889 2102 1
4695 4323 1
1616 2027 1
4773 2345 0
4973 4590 0
4183 4489 0
3789 597 0
1366 4004 0
2518 255 0
1517 822 1
4519 3937 1
554 4600 1
4833 1329 1
4858 4826 1
2258 1435 0
127 3302 0
1048 2730 1
4173 3169 1
2304 2377 1
3962 729 0
4341 4861 0
2146 2099 0
920 395 1
653 2684 1
698 1396 1
1056 1599 1
1975 2904 1
4920 4690 0
663 2029 1
3901 1453 1
3984 725 1
3593 889 0
1248 3600 1
497 1193 1
3766 4701 1
3866 3407 0
3363 4186 0
3751 2766 1
1008 2250 1
447 4007 1
3225 1639 0
2953 1186 1
3410 3860 1
4986 4661 1
4917 1910 1
1588 3470 1
971 2182 0
949 575 1
4766 4171 1
4914 2214 0
472 2446 0
3307 3403 0
3530 2121 1
823 3870 0
2411 326 1
255 4586 0
1084 2127 0
211 3380 0
4338 2045 0
4114 2054 0
1308 3438 1
422 98 0
4712 4859 0
182 3682 0
3270 2733 1
1070 2380 0
4722 3857 0
4585 4818 0
2567 3422 0
2619 4666 0
2506 4031 0
3199 789 1
3756 1376 1
4479 2273 1
2332 1152 1
4067 538 0
1811 2354 1
148 784 1
342 3072 1
4644 4791 1
2768 613 1
3631 1343 1
3452 398 1
3257 473 0
4141 443 1
1887 3721 1
660 3798 0
1937 607 0
3033 1991 1
1888 3114 1
4951 615 1
3871 1865 0
992 1250 0
267 3660 0
4279 932 1
414 4741 1
1835 1039 1
1140 511 0
2430 1833 0
2168 4830 0
2528 2207 0
2134 4446 1
3207 1643 1
4131 1220 0
4898 3707 1
3385 1180 0
2175 3622 1
2975 122 0
233 1560 1
632 1017 0
615 2349 1
1103 4391 1
4555 73 0
2744 4558 0
2160 3345 1
2752 3250 1
413 2148 1
3358 760 0
2627 213 0
2686 4222 1
