1000 1000
1008 1
1007 1
1006 2
1005 3
1004 4
1003 5
1002 6
1001 7
1000 8
999 9
998 10
997 11
996 12
995 13
994 14
993 15
992 16
991 17
990 18
989 19
988 20
987 21
986 22
985 23
984 24
983 25
982 26
981 27
980 28
979 29
978 30
977 31
976 32
975 33
974 34
973 35
972 36
971 37
970 38
969 39
968 40
967 41
966 42
965 43
964 44
963 45
962 46
961 47
960 48
959 49
958 50
957 51
956 52
955 53
954 54
953 55
952 56
951 57
950 58
949 59
948 60
947 61
946 62
945 63
944 64
943 65
942 66
941 67
940 68
939 69
938 70
937 71
936 72
935 73
934 74
933 75
932 76
931 77
930 78
929 79
928 80
927 81
926 82
925 83
924 84
923 85
922 86
921 87
920 88
919 89
918 90
917 91
916 92
915 93
914 94
913 95
912 96
911 97
910 98
909 99
908 100
907 101
906 102
905 103
904 104
903 105
902 106
901 107
900 108
899 109
898 110
897 111
896 112
895 113
894 114
893 115
892 116
891 117
890 118
889 119
888 120
887 121
886 122
885 123
884 124
883 125
882 126
881 127
880 128
879 129
878 130
877 131
876 132
875 133
874 134
873 135
872 136
871 137
870 138
869 139
868 140
867 141
866 142
865 143
864 144
863 145
862 146
860 147
859 148
858 149
857 150
856 151
855 152
854 153
853 154
852 155
851 156
850 157
849 158
848 159
847 160
846 161
845 162
844 163
843 164
842 165
841 166
840 167
839 168
838 169
837 170
836 171
835 172
834 173
833 174
832 175
831 176
830 177
829 178
828 179
827 180
826 181
825 182
824 183
823 184
822 185
821 186
820 187
819 188
818 189
817 190
816 191
815 192
814 193
813 194
812 195
811 196
810 197
809 198
808 199
807 200
806 201
805 202
804 203
803 204
802 205
801 206
800 207
799 208
798 209
797 210
796 211
795 212
794 213
793 214
792 215
791 216
790 217
789 218
788 219
787 220
786 221
785 222
784 223
783 224
782 225
781 226
780 227
779 228
778 229
777 230
776 231
775 232
774 233
773 234
772 235
771 236
770 237
769 238
768 239
767 240
766 241
765 242
764 243
763 244
762 245
761 246
760 247
759 248
758 249
757 250
756 251
755 252
754 253
753 254
752 255
751 256
750 257
749 258
748 259
747 260
746 261
745 262
744 263
743 264
742 265
741 266
740 267
739 268
738 269
737 270
736 271
735 272
734 273
733 274
732 275
731 276
730 277
729 278
728 279
727 280
726 281
725 282
724 283
723 284
722 285
721 286
720 287
719 288
718 289
717 290
716 291
715 292
714 293
713 294
712 295
711 296
710 297
709 298
708 299
707 300
706 301
705 302
704 303
703 304
702 305
701 306
700 307
699 308
698 309
697 310
696 311
695 312
694 313
693 314
692 315
691 316
690 317
689 318
688 319
687 320
686 321
685 322
684 323
683 324
682 325
681 326
680 327
679 328
678 329
677 330
676 331
675 332
674 333
673 334
672 335
671 336
670 337
669 338
668 339
667 340
666 341
665 342
664 343
663 344
662 345
661 346
660 347
659 348
658 349
657 350
656 351
655 352
654 353
653 354
652 355
651 356
650 357
649 358
648 359
647 360
646 361
645 362
644 363
643 364
642 365
641 366
640 367
639 368
638 369
637 370
636 371
635 372
634 373
633 374
632 375
631 376
630 377
629 378
628 379
627 380
626 381
625 382
624 383
623 384
622 385
621 386
620 387
619 388
618 389
617 390
616 391
615 392
614 393
613 394
612 395
611 396
610 397
609 398
608 399
607 400
606 401
605 402
604 403
603 404
602 405
601 406
600 407
599 408
598 409
597 410
596 411
595 412
594 413
593 414
592 415
591 416
590 417
589 418
588 419
587 420
586 421
585 422
584 423
583 424
582 425
581 426
580 427
579 428
578 429
577 430
576 431
575 432
574 433
573 434
572 435
571 436
570 437
569 438
568 439
567 440
566 441
565 442
564 443
563 444
562 445
561 446
560 447
559 448
558 449
557 450
556 451
555 452
554 453
553 454
552 455
551 456
550 457
549 458
548 459
547 460
546 461
545 462
544 463
543 464
542 465
541 466
540 467
539 468
538 469
537 470
536 471
535 472
534 473
533 474
532 475
531 476
530 477
529 478
528 479
527 480
526 481
525 482
524 483
523 484
522 485
521 486
520 487
519 488
518 489
517 490
516 491
515 492
514 493
513 494
512 495
511 496
510 497
509 498
508 499
507 500
506 501
505 502
504 503
503 504
502 505
501 506
500 507
499 508
498 509
497 510
496 511
495 512
494 513
493 514
492 515
491 516
490 517
489 518
488 519
487 520
486 521
485 522
484 523
483 524
482 525
481 526
480 527
479 528
478 529
477 530
476 531
475 532
474 533
473 534
472 535
471 536
470 537
469 538
468 539
467 540
466 541
465 542
464 543
463 544
462 545
461 546
460 547
459 548
458 549
457 550
456 551
455 552
454 553
453 554
452 555
451 556
450 557
449 558
448 559
447 560
446 561
445 562
444 563
443 564
442 565
441 566
440 567
439 568
438 569
437 570
436 571
435 572
434 573
433 574
432 575
431 576
430 577
429 578
428 579
427 580
426 581
425 582
424 583
423 584
422 585
421 586
420 587
419 588
418 589
417 590
416 591
415 592
414 593
413 594
412 595
411 596
410 597
409 598
408 599
407 600
406 601
405 602
404 603
403 604
402 605
401 606
400 607
399 608
398 609
397 610
396 611
395 612
394 613
393 614
392 615
391 616
390 617
389 618
388 619
387 620
386 621
385 622
384 623
383 624
382 625
381 626
380 627
379 628
378 629
377 630
376 631
375 632
374 633
373 634
372 635
371 636
370 637
369 638
368 639
367 640
366 641
365 642
364 643
363 644
362 645
361 646
360 647
359 648
358 649
357 650
356 651
355 652
354 653
353 654
352 655
351 656
350 657
349 658
348 659
347 660
346 661
345 662
344 663
343 664
342 665
341 666
340 667
339 668
338 669
337 670
336 671
335 672
334 673
333 674
332 675
331 676
330 677
329 678
328 679
327 680
326 681
325 682
324 683
323 684
322 685
321 686
320 687
319 688
318 689
317 690
316 691
315 692
314 693
313 694
312 695
311 696
310 697
309 698
308 699
307 700
306 701
305 702
304 703
303 704
302 705
301 706
300 707
299 708
298 709
297 710
296 711
295 712
294 713
293 714
292 715
291 716
290 717
289 718
288 719
287 720
286 721
285 722
284 723
283 724
282 725
281 726
280 727
279 728
278 729
277 730
276 731
275 732
274 733
273 734
272 735
271 736
270 737
269 738
268 739
267 740
266 741
265 742
264 743
263 744
262 745
261 746
260 747
259 748
258 749
257 750
256 751
255 752
254 753
253 754
252 755
251 756
250 757
249 758
248 759
247 760
246 761
245 762
244 763
243 764
242 765
241 766
240 767
239 768
238 769
237 770
236 771
235 772
234 773
233 774
232 775
231 776
230 777
229 778
228 779
227 780
226 781
225 782
224 783
223 784
222 785
221 786
220 787
219 788
218 789
217 790
216 791
215 792
214 793
213 794
212 795
211 796
210 797
209 798
208 799
207 800
206 801
205 802
204 803
203 804
202 805
201 806
200 807
199 808
198 809
197 810
196 811
195 812
194 813
193 814
192 815
191 816
190 817
189 818
188 819
187 820
186 821
185 822
184 823
183 824
182 825
181 826
180 827
179 828
178 829
177 830
176 831
175 832
174 833
173 834
172 835
171 836
170 837
169 838
168 839
167 840
166 841
165 842
164 843
163 844
162 845
161 846
160 847
159 848
158 849
157 850
156 851
155 852
154 853
153 854
152 855
151 856
150 857
149 858
148 859
147 860
146 861
145 862
144 863
143 864
142 865
141 866
140 867
139 868
138 869
137 870
136 871
135 872
134 873
133 874
132 875
131 876
130 877
129 878
128 879
127 880
126 881
125 882
124 883
123 884
122 885
121 886
120 887
119 888
118 889
117 890
116 891
115 892
114 893
113 894
112 895
111 896
110 897
109 898
108 899
107 900
106 901
105 902
104 903
103 904
102 905
101 906
100 907
99 908
98 909
97 910
96 911
95 912
94 913
93 914
92 915
91 916
90 917
89 918
88 919
87 920
86 921
85 922
84 923
83 924
82 925
81 926
80 927
79 928
78 929
77 930
76 931
75 932
74 933
73 934
72 935
71 936
70 937
69 938
68 939
67 940
66 941
65 942
64 943
63 944
62 945
61 946
60 947
59 948
58 949
57 950
56 951
55 952
54 953
53 954
52 955
51 956
50 957
49 958
48 959
47 960
46 961
45 962
44 963
43 964
42 965
41 966
40 967
39 968
38 969
37 970
36 971
35 972
34 973
33 974
32 975
31 976
30 977
28 978
26 979
25 980
24 981
23 982
22 983
21 984
20 985
19 986
18 987
17 988
14 989
13 990
12 991
11 992
10 993
9 994
7 995
6 996
5 997
4 998
1 999
458 337 847
462 329 551
237 288 956
537 57 734
296 61 752
239 276 896
17 1 997
442 190 569
924 1 193
37 1 991
306 379 952
759 98 374
663 54 910
891 106 643
142 571 884
389 52 920
655 1 483
405 208 850
339 1 966
149 692 870
487 363 642
998 5 243
224 50 822
273 535 959
535 9 883
977 3 956
156 629 987
785 137 626
173 1 934
320 1 702
682 68 658
401 570 992
807 1 903
485 172 596
186 392 843
833 93 355
646 251 455
341 381 916
976 8 881
904 48 598
111 680 945
227 267 824
563 440 971
293 239 830
326 523 839
520 352 641
237 344 862
629 300 528
535 346 745
745 211 858
802 74 389
989 16 555
490 1 579
158 204 967
497 501 646
668 57 534
832 1 870
174 286 960
204 1 908
502 493 920
847 33 236
25 717 1004
932 66 82
69 664 969
820 1 921
765 2 945
56 1 965
299 68 905
24 702 992
752 1 584
936 50 255
836 1 649
714 65 562
498 1 935
814 45 447
441 1 930
961 4 82
468 179 973
405 338 836
630 230 721
448 53 589
968 1 763
985 5 329
428 261 589
424 403 824
591 168 459
690 183 699
121 525 975
836 117 850
508 288 520
486 417 855
144 357 871
316 238 952
707 24 744
562 404 746
430 299 911
968 1 604
642 113 606
294 195 1000
448 355 917
199 301 866
322 619 768
519 474 629
557 17 618
93 770 992
746 204 607
312 227 937
51 1 963
697 65 927
519 356 886
341 481 849
445 238 573
294 429 854
902 76 244
196 107 860
141 123 894
739 177 785
272 542 859
332 81 939
293 412 942
865 132 480
232 1 866
773 1 925
145 334 988
632 307 881
769 35 290
175 665 859
766 120 320
938 28 730
248 492 795
377 401 943
306 83 981
47 57 989
438 1 618
838 93 217
792 113 249
677 1 413
408 248 790
984 1 910
670 102 931
65 634 957
880 81 311
696 1 490
193 3 899
291 307 807
773 149 928
780 212 552
14 836 996
93 631 982
248 433 825
402 13 681
376 607 751
868 21 512
511 496 715
857 42 279
467 316 659
707 1 346
682 270 733
43 1 995
80 588 996
913 1 112
519 380 503
884 1 765
466 375 896
127 146 996
825 105 894
810 98 699
576 12 543
690 304 578
868 1 587
188 1 941
427 137 705
966 18 209
788 1 993
39 1 999
832 126 560
855 1 810
101 552 961
247 759 761
803 186 825
885 47 765
409 499 697
326 666 853
187 550 905
990 11 529
176 675 895
677 199 490
606 354 789
775 165 383
837 110 284
944 38 458
666 125 1004
157 109 968
982 1 244
610 92 687
984 3 379
6 875 1008
352 499 846
73 1 987
369 538 995
287 148 773
724 79 643
570 1 679
264 726 902
877 35 859
283 703 799
487 257 959
303 1 789
733 259 348
659 1 816
662 216 608
403 225 823
99 671 989
821 77 771
442 461 912
720 1 962
645 299 823
435 187 997
903 5 121
807 1 730
979 22 677
935 49 384
904 15 768
29 579 991
103 1 989
549 7 761
279 232 774
35 973 976
242 338 826
705 148 696
352 319 826
585 120 501
158 77 952
701 220 653
381 207 757
414 217 761
442 394 778
268 245 758
221 407 987
103 413 996
949 58 857
441 542 923
197 522 889
857 35 576
659 48 894
999 1 213
642 1 500
463 123 580
396 332 825
256 712 935
490 388 636
958 47 190
943 1 470
391 1 664
795 118 725
514 50 812
562 122 453
526 171 815
696 112 389
121 486 989
550 382 1007
360 388 689
812 7 936
341 433 751
917 1 403
784 1 922
77 752 952
634 353 509
676 68 606
538 351 987
362 76 998
788 1 757
291 1 862
421 258 791
531 134 657
901 67 906
678 174 996
85 56 944
860 72 955
255 730 969
889 66 410
860 50 285
318 9 758
618 167 663
188 1 981
16 629 996
180 423 983
783 1 648
835 87 486
583 88 564
804 174 301
707 189 506
480 110 585
871 1 627
563 1 481
582 154 788
226 1 972
598 1 851
998 1 321
606 76 746
983 1 486
461 446 749
659 162 540
665 49 938
843 47 260
771 149 321
453 1 584
69 483 954
649 286 469
785 13 691
658 184 556
697 1 321
563 140 929
536 69 991
646 1 855
459 343 787
319 1 711
587 117 804
364 493 914
27 901 998
907 1 842
506 128 601
58 29 980
366 1 820
704 235 433
406 475 878
670 54 454
40 1 994
764 167 517
338 332 839
346 123 705
320 259 835
592 297 920
976 7 142
54 300 1007
135 152 967
941 42 236
1000 1 41
629 166 616
634 39 985
447 533 711
183 322 908
751 243 862
200 1 869
901 32 282
648 156 762
486 142 633
214 756 853
180 626 852
73 494 973
77 1 944
754 250 704
905 97 792
736 1 952
207 278 860
299 299 886
712 96 843
774 210 858
825 98 800
268 183 815
188 427 978
691 69 789
711 72 938
574 1 993
316 1 976
226 38 955
747 1 906
418 1 839
401 130 933
273 702 782
210 1 1000
163 95 954
269 1 1002
569 137 883
734 72 275
734 62 624
885 117 715
714 280 798
331 113 681
427 1 979
373 265 641
912 79 586
311 642 924
207 68 819
946 39 485
428 66 746
334 402 715
228 438 999
627 8 578
837 76 557
488 62 765
993 1 789
231 443 818
880 104 777
633 52 456
52 850 983
236 192 793
905 1 368
488 237 947
180 1 877
657 156 951
656 222 433
611 38 951
20 163 995
365 581 667
714 42 609
357 299 985
371 1 816
872 100 920
607 115 914
258 1 996
272 76 982
887 64 704
160 184 948
68 827 946
337 461 750
827 74 605
212 230 917
861 7 600
212 620 995
599 404 919
347 1 746
737 122 641
492 484 808
864 119 300
265 308 963
41 281 981
32 671 990
863 1 401
953 47 725
156 1 942
957 40 764
460 251 690
523 396 539
544 54 710
648 1 503
323 1 943
773 162 423
629 1 886
226 99 881
663 206 713
553 83 506
177 26 864
891 92 301
984 13 432
854 85 617
339 26 844
559 41 821
234 689 794
25 1 984
583 226 561
591 396 974
165 1 880
141 328 869
33 323 1002
853 41 257
411 326 863
887 11 229
766 228 324
773 54 441
966 13 520
385 1 923
187 764 964
789 21 347
204 641 905
213 521 979
388 538 1007
590 1 674
338 407 757
23 692 993
95 241 956
485 297 898
482 1 940
795 136 886
298 593 775
437 68 856
654 247 949
922 1 213
297 417 823
914 2 454
506 344 765
99 643 942
231 125 891
72 690 965
401 1 982
734 37 965
178 635 842
379 468 652
746 137 784
96 88 999
947 4 67
471 182 871
478 495 944
540 25 844
931 1 521
200 553 862
627 1 743
502 397 698
368 50 743
881 48 373
167 275 898
245 135 947
379 444 807
633 1 847
514 359 760
750 147 503
478 299 815
656 1 924
27 530 996
965 22 356
290 552 782
716 132 964
813 143 886
949 19 436
153 1 979
462 273 631
359 1 804
867 58 384
892 1 454
440 35 955
881 106 133
951 53 888
290 232 795
760 7 538
107 1 951
960 9 51
807 2 526
278 459 762
833 138 669
910 36 104
445 1 945
394 1 996
592 1 529
39 15 976
623 149 492
611 1 867
6 581 1007
42 826 1005
668 163 587
10 1 1001
944 55 440
100 1 930
575 1 865
964 12 232
776 139 645
75 1 950
522 109 756
822 65 424
861 1 864
703 205 541
597 3 552
740 224 348
53 844 967
518 481 633
444 58 663
497 458 969
853 55 555
752 32 984
114 327 937
437 519 853
604 383 971
502 1 584
617 217 782
596 1 619
420 378 715
950 13 65
829 70 395
915 11 818
797 114 230
18 1 1005
340 652 683
449 449 578
170 789 994
624 1 710
37 749 994
843 100 763
356 421 877
13 852 1008
742 208 318
491 214 673
161 43 906
116 656 988
224 703 876
236 365 849
435 142 611
635 205 464
246 101 915
509 1 977
237 486 980
302 1 997
399 1 794
935 16 913
103 891 982
328 664 888
102 636 946
466 141 982
990 2 765
530 33 625
274 557 794
518 303 879
790 191 430
467 506 665
904 1 1005
110 758 937
2 14 1007
850 1 749
725 178 590
620 281 944
819 22 1005
389 1 720
973 1 236
654 193 476
377 468 880
888 100 952
126 248 939
106 127 954
986 12 803
710 57 536
259 1 972
873 1 715
977 26 942
564 327 444
612 133 633
152 832 885
783 160 556
75 316 966
259 297 880
48 1 976
83 892 935
83 1 950
857 21 850
871 66 717
359 310 802
882 70 590
478 334 806
989 12 263
912 5 202
317 498 851
984 6 377
904 90 808
31 1 981
191 576 924
287 690 883
382 565 994
342 153 779
279 424 782
477 23 646
739 21 357
494 283 724
966 10 830
463 278 980
746 248 729
747 35 413
803 85 579
47 914 1000
891 92 580
156 244 938
78 602 932
425 1 679
879 111 625
700 209 592
392 172 996
205 141 953
552 255 707
475 337 584
780 143 609
856 62 774
750 196 748
97 662 942
459 140 763
630 266 958
686 172 843
949 59 336
323 291 846
681 219 766
695 80 351
795 72 781
725 46 962
409 255 724
428 397 692
193 248 975
523 111 959
393 1 666
40 815 994
210 204 865
416 279 881
841 1 938
945 52 957
299 376 781
834 1 191
113 585 953
36 564 985
458 30 901
239 483 920
691 1 324
652 148 484
494 1 715
581 1 625
318 357 998
223 499 873
715 206 394
349 408 949
28 177 984
832 13 416
388 584 649
710 126 383
237 1 929
149 520 871
860 80 840
700 1 1003
339 1 878
589 1 594
897 1 524
462 1 755
922 51 794
746 37 797
42 278 981
4 258 1006
202 395 874
667 1 539
912 65 382
423 273 872
923 1 196
577 306 745
149 790 860
663 60 656
107 196 923
121 1 934
536 1 688
768 45 857
460 118 624
467 315 740
530 353 492
599 238 665
23 969 999
536 94 996
131 654 919
867 42 978
506 1 812
38 109 985
845 113 255
373 221 829
928 1 382
251 711 997
454 435 753
352 1 970
274 656 894
191 1 891
880 109 953
501 1 887
413 541 607
59 800 971
391 1 798
355 160 728
947 6 861
600 315 792
855 21 339
85 331 983
668 216 931
153 189 957
396 241 922
656 161 958
715 41 342
535 320 973
668 76 412
655 105 426
607 90 535
484 1 627
815 1 551
579 245 502
727 129 405
184 586 872
31 168 995
30 1 1007
429 207 940
505 210 973
449 204 736
831 47 853
192 1 918
437 6 622
323 437 932
849 42 988
380 233 686
950 11 427
509 1 510
76 433 951
80 1 957
995 6 677
567 403 832
462 87 981
910 89 751
324 278 840
438 113 662
484 307 733
595 124 906
805 58 332
365 164 999
102 427 911
471 488 626
135 1 987
217 315 842
974 29 1002
96 1 965
923 1 787
157 1 902
296 268 724
932 16 942
376 325 665
388 56 692
397 163 710
415 399 897
965 2 399
832 162 463
571 1 882
247 612 846
692 174 941
90 787 986
227 109 921
919 10 484
200 764 932
743 145 697
139 1 988
557 1 556
104 690 1001
541 67 975
302 52 758
248 88 762
799 5 701
600 1 438
444 362 608
920 87 522
163 480 995
153 613 919
421 100 820
132 160 1006
348 563 897
690 1 775
511 62 662
750 137 719
413 481 916
377 518 673
478 1 774
287 414 738
337 1 962
795 37 497
592 87 519
130 452 961
262 22 853
410 596 913
636 223 520
995 3 691
800 133 805
273 1 778
619 117 908
523 234 544
79 65 958
339 154 694
623 199 881
13 327 997
809 181 399
985 13 751
994 4 1007
361 421 897
204 486 873
446 228 746
281 1 861
732 221 379
453 212 951
224 399 950
469 242 949
547 66 951
567 279 716
956 19 631
738 190 525
559 10 579
551 1 982
949 57 75
745 149 279
512 97 650
519 155 802
661 282 778
392 99 945
276 497 910
909 59 665
60 276 964
719 223 438
845 11 627
340 1 848
27 615 986
539 315 943
545 132 505
496 69 519
237 255 939
212 157 880
459 33 686
351 1 921
260 43 837
864 60 583
546 212 973
548 100 655
214 203 858
278 674 767
526 290 482
965 30 928
635 1 387
264 554 773
589 152 886
102 293 967
270 358 786
339 524 944
932 1 601
609 330 972
798 134 573
181 213 873
580 204 563
332 1 835
295 592 938
65 913 944
357 27 702
43 15 997
615 377 587
708 268 304
305 512 805
457 282 972
105 865 908
575 139 811
285 704 899
178 157 883
813 1 809
948 60 111
432 1 626
146 419 880
270 1 834
72 683 964
47 91 967
886 1 753
971 15 694
863 1 575
912 63 106
295 29 1005
365 561 748
716 148 687
612 362 611
26 942 984
715 270 306
252 268 933
956 15 689
99 1 989
361 162 818
164 285 905
570 159 461
936 1 413
691 1 915
105 257 953
375 382 929
960 1 614
810 1 671
337 481 743
813 113 758
1000 1 483
409 1 841
242 1 849
172 385 902
821 8 310
671 326 704
835 145 235
884 39 302
616 382 692
583 238 968
702 246 530
453 106 799
958 3 952
57 836 973
316 674 808
370 520 882
187 689 869
620 1 729
764 47 704
263 698 796
763 1 324
950 1 231
143 1 976
938 52 483
607 299 539
514 418 925
220 608 868
755 1 390
73 865 984
199 687 950
701 195 730
405 8 841
672 141 712
194 1 873
341 36 868
341 362 1001
662 9 579
458 56 824
284 184 806
573 1 560
970 3 791
