100 100
105 1
104 1
103 2
102 3
101 4
100 5
99 6
98 7
97 8
96 9
95 10
94 11
93 12
92 13
91 14
90 15
89 16
88 17
87 18
86 19
85 20
84 21
83 22
82 23
81 24
80 25
79 26
78 27
77 28
76 29
75 30
74 31
73 32
72 33
71 34
70 35
69 36
68 37
67 38
66 39
65 40
64 41
63 42
62 43
61 44
60 45
59 46
58 47
57 48
56 49
55 50
54 51
53 52
52 53
51 54
50 55
49 56
48 57
47 58
46 59
45 60
44 61
43 62
42 63
41 64
40 65
39 66
38 67
37 68
36 69
35 70
34 71
33 72
32 73
31 74
30 75
29 76
28 77
27 78
26 79
25 80
24 81
23 82
22 83
21 84
20 85
19 86
18 87
17 88
16 89
15 90
14 91
13 92
12 93
11 94
10 95
8 96
7 97
4 98
1 99
65 26 67
59 31 76
67 27 96
96 7 41
17 27 99
30 1 96
34 10 102
13 2 95
25 29 90
4 21 103
100 1 97
70 15 104
76 15 70
19 76 91
29 38 101
5 20 101
66 1 41
7 30 101
81 1 53
1 73 105
42 57 101
94 1 15
80 25 89
16 64 98
19 1 101
77 8 71
32 48 98
44 25 74
92 6 14
67 5 99
49 55 63
12 10 99
27 24 101
54 5 54
85 9 63
31 13 98
22 78 101
18 17 99
40 39 76
63 26 83
38 1 92
84 1 81
39 1 79
20 1 86
71 1 48
19 56 100
30 1 89
26 37 104
85 17 105
96 9 91
23 38 96
100 1 32
51 1 65
26 1 97
12 1 95
36 30 86
71 32 61
36 11 87
72 19 36
57 49 89
99 4 7
76 1 64
3 1 104
68 20 71
84 1 36
88 12 72
66 1 69
63 23 92
30 1 82
23 21 94
48 1 80
50 33 88
33 4 89
20 6 91
8 1 99
39 1 69
3 27 103
35 1 104
94 1 95
45 52 79
71 22 70
56 28 104
95 8 50
77 12 39
38 67 97
3 32 105
76 2 34
70 33 75
97 2 22
85 4 31
47 18 75
23 1 86
50 1 60
69 1 43
2 76 104
66 2 64
21 34 97
4 20 103
43 5 79
24 37 95
