701
0 6583
0 8545
0 4750
0 -4641
0 -3266
0 962
0 5144
0 -4956
0 -3912
0 -2266
0 -7050
0 8054
0 -638
0 -550
0 -308
0 -6941
0 8496
0 9684
0 -5164
0 7190
0 67
0 -4933
0 -1310
0 -3919
0 -1134
0 -1560
0 -5796
0 1008
0 -5078
0 -6988
0 4432
0 710
0 4511
0 4873
0 3256
0 -6142
0 5607
0 -5207
0 1503
0 -8007
0 9988
0 8319
0 -1752
0 3961
0 7516
0 -5873
0 -5446
0 6398
0 8466
0 -5720
0 -1772
0 4320
0 -2974
0 7858
0 -1115
0 -2247
0 6097
0 -2332
0 -5699
0 9285
0 -1156
0 -220
0 1273
0 -8015
0 7151
0 6428
0 -3537
0 7064
0 -5511
0 -1394
0 1115
0 -3144
0 2488
0 -2092
0 3730
0 -3863
0 -8535
0 7569
0 -35
0 -1535
0 6032
0 5566
0 -7622
0 -4673
0 4191
0 -137
0 7805
0 -7614
0 -6165
0 1197
0 8550
0 -4516
0 -6995
0 2694
0 -7909
0 3162
0 -7895
0 4837
0 9881
0 -6467
0 -9597
0 3682
0 15
0 -5601
0 -1161
0 2260
0 -9280
0 9613
0 3123
0 -1903
0 900
0 -6100
0 4693
0 -29
0 6678
0 973
0 -6643
0 7221
0 -1900
0 1505
0 -4292
0 -3050
0 4723
0 -27
0 -9961
0 5054
0 90
0 8408
0 2963
0 2221
0 -6333
0 9025
0 -7320
0 3242
0 -8335
0 3543
0 5526
0 -1094
0 -2753
0 -1509
0 2887
0 111
0 5727
0 9516
0 9968
0 -6220
0 -4044
0 -9601
0 8025
0 283
0 -3421
0 6551
0 6979
0 182
0 -5439
0 2175
0 780
0 981
0 -2810
0 8908
0 8710
0 -2558
0 -3146
0 3918
0 6586
0 8920
0 -5122
0 5021
0 -5477
0 -9828
0 -2987
0 -2469
0 4173
0 -3194
0 6298
0 -9382
0 7483
0 -3753
0 -1150
0 -758
0 -2372
0 3305
0 7464
0 4932
0 1274
0 -3465
0 1879
0 -8999
0 -5421
0 -2723
0 3581
0 -6705
0 -4876
0 9827
0 6058
0 2824
0 4600
0 7521
0 -8809
0 -46
0 8525
0 8597
0 6285
0 5312
0 -5906
0 -7020
0 -678
0 9940
0 8870
0 -9173
0 -2926
0 9754
0 -1793
0 8648
0 84
0 6788
0 6871
0 -5514
0 5446
0 6854
0 5154
0 7430
0 -5346
0 2505
0 7850
0 5691
0 -3149
0 3293
0 -7709
0 -2716
0 -5331
0 1390
0 -225
0 -2969
0 -4393
0 7055
0 -5532
0 -3717
0 -6319
0 -4931
0 -3462
0 456
0 -7769
0 4027
0 -954
0 1187
0 8733
0 -9551
0 -4075
0 -2944
0 -4322
0 -2366
0 2317
0 -2118
0 849
0 -2531
0 2191
0 9517
0 -9542
0 -1660
0 -807
0 245
0 3899
0 7990
0 8383
0 6232
0 520
0 6640
0 -8011
0 -3663
0 -2722
0 -3363
0 -4340
0 -4185
0 7660
0 -7105
0 -5973
0 -8755
0 -9713
0 9808
0 9695
0 -8196
0 881
0 9623
0 9177
0 -5365
0 4990
0 -8875
0 7806
0 234
0 9700
0 5177
0 -7745
0 -4180
0 6365
0 8709
0 1557
0 -5304
0 -5510
0 -251
0 5892
0 -5830
0 502
0 -6683
0 1090
0 -4912
0 -5716
0 8507
0 2288
0 -5524
0 799
0 889
0 601
0 -608
0 -536
0 9264
0 -7742
0 5754
0 -9490
0 -2905
0 396
0 -2183
0 8586
0 1367
0 -5819
0 -3226
0 4542
0 6663
0 -4756
0 -7610
0 8679
0 1295
0 -3437
0 -4694
0 -5160
0 8336
0 5524
0 7647
0 7278
0 -1282
0 -7354
0 -9895
0 9009
0 -4304
0 -5541
0 -2231
0 -8968
0 -9721
0 3953
0 3690
0 9839
0 192
0 8215
0 -1638
0 -5132
0 7929
0 2684
0 6902
0 6173
0 8451
0 1453
0 1544
0 8975
0 -8059
0 140
0 2275
0 5407
0 4489
0 -5051
0 7697
0 9301
0 -4655
0 -937
0 3129
0 5489
0 2623
0 4504
0 4129
0 4715
0 -7531
0 1437
0 -276
0 -6306
0 7216
0 -9745
0 2621
0 9034
0 -1267
0 -8501
0 -3687
0 -4446
0 -661
0 2604
0 5104
0 -3677
0 -5799
0 7809
0 2855
0 7178
0 7788
0 -7841
0 -4367
0 5890
0 -9717
0 3285
0 -8284
0 -2751
0 -9799
0 -1075
0 8334
0 6082
0 -5190
0 -7043
0 -8717
0 7219
0 761
0 -9926
0 -9613
0 4225
0 3706
0 -4741
0 6336
0 1288
0 -6231
0 -9024
0 -5183
0 6158
0 7906
0 6366
0 9630
0 5595
0 -9736
0 1330
0 6035
0 8103
0 7694
0 9253
0 -6190
0 5585
0 -5991
0 2403
0 5760
0 2817
0 7682
0 7370
0 8177
0 -3734
0 -5751
0 6736
0 8048
0 8450
0 -1195
0 9463
0 715
0 -9634
0 2046
0 -8433
0 8802
0 -8213
0 -4729
0 3134
0 -7658
0 -9735
0 -2884
0 -8918
0 1928
0 -6219
0 8233
0 -8045
0 3143
0 6593
0 6839
0 8534
0 -7697
0 5963
0 9787
0 9927
0 -9267
0 8347
0 9016
0 2713
0 503
0 5495
0 1897
0 -9052
0 1915
0 -606
0 -3754
0 -7473
0 -7631
0 -8189
0 9217
0 8868
0 4687
0 3012
0 -6656
0 -2292
0 9363
0 7590
0 -1065
0 -4578
0 6491
0 1415
0 8927
0 -2762
0 -4832
0 6738
0 -2862
0 -6402
0 1476
0 2326
0 -4463
0 8267
0 -4954
0 -8301
0 6310
0 6139
0 7635
0 -4678
0 1220
0 170
0 -4817
0 3138
0 2760
0 9493
0 7913
0 -7729
0 -9550
0 2767
0 5639
0 -5709
0 1861
0 -8365
0 2918
0 9090
0 -7552
0 -8936
0 -7137
0 201
0 7093
0 4218
0 -1580
0 -6341
0 3723
0 5412
0 -1352
0 7010
0 8922
0 -2891
0 -6843
0 2413
0 2103
0 1157
0 5714
0 1477
0 -8687
0 6337
0 7732
0 -7948
0 -3673
0 -1672
0 -1493
0 -9041
0 -8181
0 2098
0 -185
0 9022
0 9346
0 -2360
0 3956
0 -2690
0 8622
0 8171
0 1105
0 7031
0 -5533
0 -7849
0 5468
0 -6090
0 -1955
0 2415
0 3353
0 8911
0 -2729
0 3149
0 3623
0 -8065
0 -7523
0 3247
0 -3943
0 -4409
0 -6148
0 2127
0 -8339
0 5058
0 2891
0 -5523
0 -7851
0 3455
0 -4968
0 3911
0 -5060
0 9867
0 -9431
0 2922
0 440
0 8696
0 4835
0 -3234
0 -5932
0 4616
0 -9256
0 -957
0 3408
0 -469
0 7752
0 6505
0 -7087
0 -2375
0 2123
0 5354
0 -1483
0 -2010
0 60
0 -9270
0 137
0 9082
0 -2888
0 -3766
0 -7211
0 -9649
0 -9459
0 7767
0 3419
0 -7003
0 -442
0 -4329
0 -4598
0 9896
0 9689
0 9807
0 4905
0 -5904
0 -9686
0 7012
0 -370
0 -4184
0 -7803
0 -3193
0 -5269
0 -4550
0 -1553
0 6980
0 3556
0 4498
0 2435
0 422
0 -8417
0 -5877
0 8111
0 -2418
0 -3795
0 -9805
0 1533
0 1350
0 2708
0 6373
0 8834
0 7818
0 -6391
0 6998
0 -8281
0 -3484
0 2986
0 5311
0 -2966
0 -1308
0 3278
0 -8053
0 -7269
0 -9663
0 -7685
0 4856
0 3010
0 7722
0 -8222
0 -2878
0 5910
0 545
0 6534
0 2096
0 5744
0 7588
0 -1594
0 7845
0 9719
0 -4491
0 5161
0 -7374
0 6184
0 9055
