299
737 650
925 772
679 978
105 351
151 873
-231 -59
180 742
698 723
758 -779
946 -484
-574 781
728 -783
-835 938
-455 -585
109 -660
-488 -839
903 807
925 739
-318 540
184 -771
338 811
-537 -954
287 288
-350 -678
829 949
263 -452
431 -216
615 2
-518 -371
380 601
-927 479
-623 -171
643 -451
487 515
-216 361
-726 227
817 712
-310 267
-928 -224
-366 790
-494 -452
-898 370
-796 696
496 -198
655 -638
-447 -820
606 735
-465 -906
452 878
529 811
600 872
457 529
238 670
331 860
1000 -356
-853 -696
-746 839
-717 497
-116 -651
416 967
-521 746
419 871
751 -69
-885 445
905 -467
430 180
-583 -836
-915 -878
434 286
-320 -878
-686 -205
836 -427
803 -40
-996 -446
-435 -954
-473 -536
998 420
164 793
-523 940
572 898
-998 559
292 -588
886 -835
74 -762
-699 268
207 -771
-12 -746
-223 398
-485 -778
232 831
-517 -963
60 896
484 -81
-191 -944
401 -26
111 -814
-683 -53
-797 717
-590 -290
-195 753
558 -342
685 590
-993 346
-932 -715
113 502
192 343
-556 683
308 457
831 306
-158 352
-737 972
532 97
904 535
40 833
-871 -829
68 142
-651 397
-129 964
-739 462
310 21
121 376
-1 -921
913 642
57 -387
142 549
108 -260
135 925
-240 -663
-636 -987
249 -219
67 452
-884 -781
-186 865
503 -827
-327 867
-603 -115
256 940
-568 545
71 -424
610 22
799 -486
-248 -561
-810 -875
68 745
638 -499
-304 882
572 226
-791 -455
565 -741
-381 946
-67 494
-32 -342
997 -800
428 -983
749 -321
417 -114
336 130
170 -865
-687 692
-984 650
-187 288
808 -845
429 -250
834 833
922 937
-250 -273
965 -761
407 -863
655 -209
-484 -808
-574 701
-134 191
-814 714
823 -816
791 131
-202 -436
16 544
-262 -814
440 129
-250 -812
321 49
-375 -619
-2 657
-17 16
267 -856
-906 -446
16 883
-645 822
-643 646
-117 -673
133 -79
129 -207
528 389
871 853
-895 -638
658 851
217 95
21 530
34 -847
149 365
-288 -955
285 832
-525 821
-922 -396
473 789
26 -815
-1000 -524
101 -692
-2 -522
-572 -285
-136 965
696 -525
-737 942
965 -272
-84 -288
-540 -143
606 772
724 -652
673 424
501 308
252 91
-747 -165
-962 -57
353 152
856 -176
-118 -320
749 817
-648 -599
-471 712
-233 -97
-555 985
623 -507
-681 -203
-925 -504
-575 634
-206 981
103 -369
-195 213
-783 -915
61 -889
120 499
-991 -294
652 -883
-550 -917
-400 856
429 -54
845 286
180 295
-44 -678
33 -420
932 -443
776 249
-267 946
726 -738
-876 375
-682 152
865 288
13 -934
-252 959
-839 -860
-756 -604
-946 -384
497 578
-453 -596
-108 443
577 163
-788 -239
351 935
-628 -197
687 787
-49 973
507 -378
-73 -693
581 81
227 -644
-642 -665
-624 722
-288 -256
833 90
455 -777
-845 646
691 -307
469 598
44 209
-205 311
500 553
318 -307
632 654
-683 -963
-415 401
672 -429
-965 596
-44 382
1000 -574
-497 387
-640 466
675 54
951 165
-90 -466
