92
849 431
183 468
627 -269
-695 -867
12 394
735 -901
409 -21
-250 -983
-407 -243
870 -42
23 234
864 -86
511 -640
153 -229
396 -51
-952 812
745 932
-117 -315
460 -150
-496 982
854 -973
-490 -4
-276 -318
-751 -376
734 346
-55 528
811 691
-896 -619
-349 -569
-980 -97
-662 -61
-591 -819
180 70
-302 590
-715 -982
536 640
-141 747
576 -413
446 -796
-845 -145
783 850
-92 654
87 464
358 566
335 855
877 206
-736 -408
-987 994
-492 -878
-253 734
195 -783
732 351
-756 1000
-959 639
683 20
-736 421
-947 179
-558 -818
-856 -924
-960 551
277 918
-587 4
-851 -486
-70 808
-912 847
112 -723
-757 -559
-172 -10
132 -331
-183 -805
638 908
-44 141
415 832
505 203
196 807
34 227
301 -748
-19 -242
-684 863
403 10
411 0
967 477
-447 878
-790 925
86 -419
592 -272
934 764
271 202
-992 -50
195 -381
-775 673
623 92
