87
99 329
522 435
-200 -85
907 282
173 746
957 671
-330 -603
-255 -387
586 829
762 9
-32 -423
801 -368
-210 -240
658 469
-83 397
118 936
900 740
-122 192
-658 703
606 -867
-193 -477
-887 261
744 607
787 -821
287 363
882 62
884 168
177 -205
741 -216
-799 717
352 -633
-537 -519
-513 881
-222 327
-147 -678
489 568
811 -348
-766 390
-335 802
997 -274
-158 490
987 775
913 803
-477 -998
-87 780
197 252
250 73
-843 -34
-978 -290
787 -240
-704 -848
937 558
904 -371
-515 158
-352 113
-870 289
-164 -686
-420 214
290 28
840 -602
-75 -453
-682 560
674 -437
622 760
-522 -528
-420 -949
467 -138
-941 489
756 -845
-4 355
476 982
161 274
14 528
99 332
896 -131
115 -491
782 519
13 418
720 -883
739 -712
689 -84
253 -780
-327 808
248 939
618 -902
-658 -481
532 469
