100 1
2 1
3 1
4 1
5 3
6 3
7 6
8 2
9 7
10 3
11 2
12 4
13 4
14 2
15 9
16 2
17 5
18 6
19 11
20 12
21 3
22 19
23 9
24 23
25 1
26 8
27 24
28 8
29 6
30 26
31 21
32 5
33 21
34 2
35 17
36 23
37 13
38 23
39 8
40 14
41 25
42 4
43 41
44 17
45 34
46 38
47 41
48 35
49 32
50 40
51 19
52 16
53 35
54 42
55 17
56 12
57 26
58 19
59 39
60 29
61 15
62 40
63 30
64 47
65 9
66 5
67 15
68 42
69 18
70 44
71 6
72 24
73 8
74 11
75 6
76 14
77 34
78 15
79 50
80 71
81 36
82 6
83 60
84 24
85 10
86 38
87 32
88 30
89 4
90 40
91 52
92 26
93 67
94 77
95 37
96 54
97 90
98 65
99 84
100 10
0
1
0
0
0
1
1
1
0
0
1
1
1
1
0
0
0
1
1
0
1
0
0
1
0
0
0
1
1
1
1
1
0
1
0
1
0
1
0
1
0
0
1
1
0
1
0
1
1
0
0
0
1
1
0
0
0
1
1
1
0
0
0
1
0
1
0
0
1
0
0
0
1
1
1
0
0
0
1
1
1
0
1
1
1
1
1
0
0
1
1
1
0
1
0
0
1
0
1
0
100
70 76
72 20
1 98
89 49
97 21
6 30
22 4
3 22
45 96
66 16
48 63
28 97
46 43
73 99
13 32
47 52
72 59
58 34
53 19
61 77
80 83
91 9
56 18
82 78
47 30
12 98
24 60
36 97
29 31
65 79
75 85
75 81
67 35
93 73
7 100
56 63
5 34
86 96
10 43
83 49
97 4
50 48
93 76
63 89
8 66
45 59
40 3
86 17
97 78
62 43
14 18
88 21
43 42
52 44
30 35
39 32
99 40
34 56
50 7
11 61
59 52
40 62
9 27
28 74
71 88
40 69
10 13
64 66
9 82
18 16
89 39
18 93
71 61
72 33
55 74
26 84
46 86
97 38
27 68
11 20
16 52
24 89
74 3
18 78
90 46
85 87
96 37
47 11
32 79
43 87
22 39
93 66
29 42
11 74
63 18
74 48
48 28
37 19
53 84
18 40
