100 1
40 16
16 61
61 47
47 14
14 19
19 53
53 31
31 24
24 22
22 93
93 69
69 15
15 38
38 52
52 13
13 76
76 56
56 86
86 33
33 23
23 88
88 59
59 32
32 64
64 83
83 97
97 39
39 65
65 29
29 95
95 5
5 10
10 42
42 99
99 35
35 44
44 72
72 46
46 17
17 51
51 11
11 1
1 6
6 8
8 36
36 55
55 66
66 78
78 7
7 67
67 68
68 20
20 25
25 2
2 79
79 43
43 63
63 34
34 81
81 73
73 87
87 90
90 54
54 30
30 82
82 3
3 94
94 27
27 28
28 74
74 37
37 50
50 48
48 4
4 92
92 91
91 89
89 26
26 85
85 18
18 58
58 84
84 80
80 70
70 77
77 75
75 12
12 62
62 21
21 57
57 100
100 49
49 98
98 96
96 45
45 60
60 41
41 9
9 71
0
0
1
0
0
1
0
1
1
0
0
1
1
1
1
1
1
1
0
1
1
0
1
0
0
1
0
1
0
1
1
1
0
1
1
0
1
1
1
1
0
0
1
0
0
1
0
1
1
0
1
1
1
0
0
0
1
0
1
1
0
1
1
0
1
0
0
1
0
1
1
0
1
0
0
0
1
1
1
0
1
1
1
0
1
1
0
0
1
1
1
1
0
0
0
0
0
1
0
1
100
23 40
21 16
27 61
69 47
5 14
21 19
38 53
97 31
16 24
13 22
64 93
97 69
21 15
4 38
73 52
77 13
92 76
96 56
11 86
33 33
98 23
16 88
20 59
55 32
67 64
81 83
92 97
23 39
57 65
11 29
95 95
56 5
71 10
63 42
45 99
86 35
6 44
26 72
95 46
5 17
100 51
20 11
35 1
22 6
21 8
74 36
48 55
91 66
43 78
40 7
77 67
72 68
1 20
62 25
44 2
15 79
34 43
4 63
42 34
84 81
52 73
25 87
71 90
71 54
49 30
49 82
9 3
28 94
50 27
56 28
16 74
74 37
53 50
84 48
83 4
8 92
29 91
39 89
5 26
20 85
63 18
87 58
9 84
50 80
38 70
67 77
3 75
9 12
74 62
1 21
9 57
10 100
55 49
13 98
29 96
29 45
92 60
23 41
20 9
19 71
