1000 1
2 1
3 2
4 3
5 3
6 5
7 6
8 6
9 3
10 2
11 1
12 11
13 7
14 9
15 9
16 8
17 6
18 1
19 4
20 8
21 15
22 5
23 8
24 22
25 15
26 20
27 8
28 26
29 25
30 13
31 13
32 1
33 9
34 29
35 7
36 20
37 28
38 17
39 25
40 31
41 14
42 34
43 20
44 11
45 30
46 34
47 34
48 13
49 1
50 8
51 19
52 24
53 44
54 53
55 31
56 3
57 29
58 55
59 34
60 37
61 38
62 4
63 56
64 41
65 63
66 59
67 11
68 58
69 63
70 60
71 39
72 66
73 25
74 4
75 25
76 5
77 28
78 17
79 23
80 68
81 77
82 58
83 1
84 3
85 21
86 10
87 11
88 74
89 68
90 84
91 57
92 10
93 42
94 39
95 75
96 72
97 46
98 7
99 13
100 50
101 52
102 7
103 10
104 83
105 68
106 67
107 77
108 69
109 101
110 106
111 106
112 5
113 96
114 47
115 1
116 19
117 37
118 88
119 89
120 80
121 30
122 62
123 43
124 48
125 96
126 56
127 99
128 58
129 98
130 9
131 89
132 44
133 23
134 128
135 51
136 60
137 43
138 103
139 8
140 23
141 96
142 123
143 2
144 73
145 140
146 134
147 97
148 53
149 117
150 11
151 98
152 101
153 99
154 15
155 32
156 148
157 41
158 95
159 28
160 3
161 69
162 3
163 161
164 19
165 92
166 26
167 127
168 19
169 90
170 15
171 120
172 119
173 156
174 96
175 34
176 77
177 111
178 161
179 42
180 54
181 60
182 74
183 112
184 82
185 50
186 83
187 162
188 11
189 139
190 163
191 149
192 109
193 55
194 147
195 72
196 78
197 27
198 86
199 184
200 143
201 184
202 76
203 86
204 65
205 191
206 54
207 105
208 2
209 157
210 204
211 148
212 99
213 203
214 193
215 64
216 128
217 147
218 173
219 170
220 194
221 9
222 199
223 155
224 92
225 151
226 47
227 6
228 227
229 184
230 110
231 212
232 19
233 203
234 180
235 150
236 71
237 52
238 157
239 165
240 229
241 207
242 123
243 50
244 18
245 97
246 136
247 137
248 141
249 134
250 193
251 226
252 97
253 8
254 31
255 121
256 41
257 56
258 106
259 83
260 123
261 78
262 130
263 2
264 207
265 158
266 187
267 217
268 77
269 193
270 151
271 26
272 126
273 40
274 246
275 55
276 38
277 21
278 87
279 9
280 101
281 245
282 114
283 161
284 170
285 111
286 199
287 4
288 84
289 16
290 141
291 101
292 206
293 243
294 133
295 273
296 260
297 170
298 134
299 271
300 230
301 62
302 65
303 59
304 6
305 153
306 59
307 221
308 5
309 209
310 146
311 303
312 264
313 132
314 27
315 122
316 308
317 302
318 224
319 276
320 306
321 151
322 188
323 13
324 220
325 11
326 130
327 285
328 236
329 257
330 195
331 217
332 127
333 321
334 122
335 219
336 181
337 108
338 272
339 154
340 34
341 37
342 37
343 207
344 1
345 118
346 302
347 49
348 316
349 271
350 297
351 197
352 281
353 343
354 123
355 52
356 277
357 346
358 218
359 56
360 186
361 167
362 138
363 15
364 312
365 6
366 300
367 171
368 117
369 262
370 357
371 4
372 280
373 157
374 190
375 232
376 251
377 144
378 198
379 203
380 218
381 11
382 59
383 141
384 365
385 157
386 115
387 13
388 173
389 214
390 75
391 253
392 13
393 381
394 101
395 68
396 7
397 43
398 252
399 374
400 62
401 203
402 57
403 386
404 53
405 274
406 294
407 63
408 41
409 20
410 314
411 285
412 147
413 75
414 27
415 209
416 38
417 334
418 255
419 149
420 92
421 215
422 174
423 232
424 343
425 84
426 219
427 422
428 206
429 32
430 399
431 19
432 137
433 398
434 328
435 319
436 401
437 219
438 53
439 230
440 405
441 400
442 298
443 210
444 264
445 202
446 179
447 111
448 317
449 101
450 447
451 142
452 101
453 34
454 95
455 259
456 211
457 151
458 281
459 227
460 82
461 283
462 346
463 42
464 302
465 35
466 129
467 251
468 266
469 454
470 445
471 18
472 386
473 210
474 50
475 238
476 467
477 457
478 21
479 81
480 269
481 315
482 454
483 236
484 37
485 284
486 449
487 439
488 109
489 141
490 446
491 216
492 476
493 195
494 2
495 319
496 427
497 441
498 438
499 241
500 6
501 159
502 326
503 367
504 124
505 449
506 130
507 156
508 386
509 102
510 195
511 471
512 322
513 509
514 131
515 330
516 466
517 131
518 503
519 467
520 308
521 505
522 384
523 252
524 151
525 504
526 464
527 316
528 220
529 382
530 425
531 461
532 423
533 447
534 265
535 454
536 261
537 41
538 75
539 39
540 445
541 183
542 196
543 509
544 167
545 526
546 128
547 320
548 408
549 474
550 112
551 147
552 472
553 462
554 207
555 531
556 258
557 354
558 212
559 29
560 488
561 310
562 194
563 68
564 495
565 100
566 415
567 153
568 421
569 457
570 477
571 52
572 437
573 435
574 357
575 446
576 273
577 414
578 199
579 414
580 451
581 418
582 482
583 387
584 82
585 111
586 163
587 581
588 126
589 244
590 346
591 551
592 503
593 49
594 136
595 166
596 218
597 80
598 532
599 361
600 558
601 207
602 14
603 335
604 223
605 137
606 584
607 32
608 345
609 92
610 486
611 107
612 282
613 289
614 319
615 552
616 217
617 315
618 105
619 185
620 446
621 493
622 596
623 280
624 615
625 130
626 261
627 225
628 362
629 552
630 538
631 210
632 253
633 548
634 390
635 45
636 299
637 339
638 265
639 290
640 401
641 79
642 584
643 62
644 27
645 392
646 35
647 539
648 472
649 279
650 150
651 194
652 430
653 95
654 294
655 217
656 3
657 502
658 371
659 334
660 500
661 111
662 633
663 309
664 15
665 441
666 548
667 527
668 8
669 482
670 200
671 182
672 404
673 385
674 58
675 116
676 353
677 192
678 61
679 375
680 3
681 516
682 568
683 455
684 535
685 256
686 239
687 415
688 587
689 46
690 335
691 510
692 362
693 348
694 266
695 178
696 44
697 252
698 303
699 407
700 169
701 532
702 667
703 646
704 386
705 603
706 275
707 304
708 282
709 37
710 268
711 228
712 160
713 684
714 150
715 286
716 689
717 661
718 418
719 486
720 516
721 169
722 258
723 722
724 289
725 364
726 332
727 317
728 633
729 147
730 219
731 213
732 192
733 99
734 160
735 9
736 719
737 568
738 347
739 444
740 79
741 627
742 135
743 511
744 293
745 17
746 368
747 213
748 29
749 235
750 613
751 656
752 553
753 21
754 704
755 739
756 518
757 563
758 210
759 230
760 236
761 253
762 29
763 516
764 49
765 606
766 274
767 470
768 145
769 740
770 363
771 239
772 106
773 481
774 449
775 689
776 528
777 357
778 771
779 267
780 71
781 721
782 106
783 496
784 342
785 678
786 27
787 734
788 37
789 729
790 288
791 487
792 467
793 5
794 233
795 350
796 784
797 711
798 770
799 409
800 21
801 605
802 741
803 641
804 796
805 182
806 60
807 408
808 301
809 329
810 488
811 377
812 767
813 665
814 767
815 711
816 24
817 149
818 566
819 576
820 777
821 14
822 596
823 136
824 690
825 693
826 791
827 318
828 318
829 284
830 719
831 116
832 507
833 378
834 264
835 266
836 234
837 339
838 190
839 688
840 317
841 365
842 329
843 88
844 238
845 55
846 7
847 177
848 587
849 582
850 699
851 119
852 546
853 492
854 617
855 631
856 213
857 569
858 837
859 108
860 231
861 668
862 95
863 632
864 522
865 614
866 368
867 246
868 322
869 823
870 807
871 126
872 840
873 15
874 788
875 755
876 357
877 299
878 870
879 26
880 34
881 724
882 136
883 424
884 169
885 283
886 877
887 651
888 133
889 45
890 72
891 35
892 744
893 755
894 424
895 440
896 152
897 758
898 890
899 817
900 11
901 851
902 349
903 696
904 874
905 332
906 665
907 88
908 21
909 14
910 345
911 678
912 716
913 525
914 551
915 902
916 822
917 174
918 748
919 341
920 578
921 583
922 219
923 423
924 131
925 276
926 278
927 10
928 783
929 35
930 207
931 376
932 623
933 8
934 97
935 373
936 594
937 927
938 86
939 639
940 342
941 27
942 405
943 719
944 343
945 792
946 312
947 715
948 269
949 715
950 726
951 546
952 840
953 442
954 906
955 93
956 541
957 181
958 789
959 841
960 780
961 502
962 25
963 386
964 816
965 917
966 667
967 368
968 305
969 142
970 425
971 564
972 604
973 55
974 561
975 320
976 733
977 584
978 571
979 258
980 457
981 88
982 360
983 543
984 603
985 718
986 29
987 24
988 362
989 746
990 153
991 175
992 959
993 839
994 279
995 324
996 954
997 51
998 461
999 849
1000 619
1
1
1
1
0
0
1
0
1
0
1
0
1
0
0
1
0
0
1
0
1
0
0
0
0
0
1
0
0
0
0
0
0
0
0
0
0
0
1
1
0
1
1
0
1
1
1
1
0
0
0
1
1
1
1
1
1
1
1
0
1
0
1
0
1
0
0
1
1
1
1
0
0
1
0
1
1
0
0
1
0
1
0
1
1
0
1
0
0
1
1
1
0
0
1
0
0
1
1
0
0
0
1
1
1
0
0
1
0
1
0
0
0
1
0
1
0
1
0
1
0
1
1
1
1
0
1
0
0
1
0
0
1
0
0
0
0
0
1
1
0
1
0
1
1
0
0
1
0
0
1
1
1
1
0
1
1
1
1
1
0
1
1
1
0
1
1
0
0
1
1
0
1
0
0
1
0
1
1
0
1
1
0
1
1
1
1
0
1
0
1
1
0
1
0
0
1
0
1
1
1
0
1
1
0
1
0
0
1
1
1
1
1
0
1
1
0
0
0
1
0
1
0
0
1
1
1
0
1
1
1
0
0
1
1
1
0
0
1
1
1
0
1
0
1
0
1
1
0
0
1
0
0
0
0
0
1
0
0
1
0
1
0
1
1
1
1
0
0
1
0
0
1
0
1
0
1
1
1
0
0
0
1
0
0
0
0
1
1
1
1
0
0
1
0
0
1
0
1
1
1
1
0
0
1
1
1
0
0
1
1
1
0
1
0
0
1
1
0
0
1
1
1
0
0
1
0
1
0
1
0
0
0
0
0
0
1
0
1
0
0
0
1
1
1
0
0
1
0
0
1
0
1
1
0
1
0
1
1
0
0
0
1
1
1
0
0
0
0
1
1
1
0
1
0
0
0
0
1
1
1
1
0
0
1
0
0
0
0
0
1
1
0
0
1
0
1
0
1
1
1
0
1
0
0
0
1
0
1
1
0
0
1
1
1
1
1
0
0
1
1
0
1
0
1
0
0
1
1
0
0
1
1
1
1
0
1
0
1
1
0
1
0
1
1
0
1
0
1
0
0
1
1
0
1
0
1
0
1
0
1
1
1
1
0
1
0
0
0
0
1
0
0
1
0
0
1
0
1
1
0
0
0
1
0
1
0
0
0
0
0
1
1
0
0
1
1
1
0
1
1
0
0
0
1
1
1
1
1
1
1
1
0
1
1
1
0
1
0
1
0
0
0
0
0
1
0
0
1
1
1
1
1
0
1
1
1
1
1
1
0
1
0
1
0
0
1
0
1
1
1
0
1
1
1
1
0
0
1
1
1
0
0
1
1
1
0
0
0
0
1
1
0
1
1
0
0
0
1
1
1
0
0
0
1
1
0
0
0
1
1
1
0
1
0
0
0
1
0
0
1
1
1
1
0
1
1
1
1
1
0
1
0
0
0
1
1
1
0
0
0
1
1
0
0
0
1
0
1
0
0
0
1
0
1
1
0
1
1
1
0
1
1
0
0
0
0
0
0
0
0
0
0
1
0
0
1
0
0
1
0
0
1
0
1
0
1
0
0
0
1
1
0
0
0
1
1
1
0
1
1
1
1
0
1
0
0
0
1
0
1
0
1
0
1
0
1
1
0
1
1
1
1
0
1
1
0
1
0
1
0
1
0
0
0
1
0
1
0
0
0
1
1
0
1
1
0
1
0
1
1
1
1
1
1
1
0
0
1
1
0
0
1
0
0
1
0
0
1
1
0
0
0
1
1
1
0
1
0
0
1
1
1
0
0
0
1
1
1
1
1
0
1
1
1
1
0
1
0
1
0
1
0
1
1
0
0
1
0
1
1
0
0
1
1
1
0
1
0
1
1
1
1
1
1
0
0
0
1
0
1
0
0
0
1
0
0
1
0
0
1
1
0
0
0
0
0
0
0
0
0
1
1
0
0
1
0
0
0
0
0
1
1
1
1
1
1
1
1
1
0
0
1
1
1
0
1
1
1
0
1
0
0
0
0
1
0
1
0
0
0
1
1
1
0
1
1
1
0
1
0
1
0
0
1
0
0
1
1
1
1
1
0
1
0
0
0
0
1
1
0
0
1
1
0
1
1
1
1
0
0
1
0
0
0
0
1
0
0
1
1
0
1
0
1
0
1
0
0
0
0
0
0
1
0
0
1
0
1
1
1
0
1
0
1
0
1
1
1
0
0
0
1
0
1
1
1
1
0
0
1
1
1
0
1
0
1
0
0
0
0
0
0
0
0
0
0
1
1
0
0
0
0
1
1
0
0
1
1
0
1
1
1
1
0
1
0
0
0
0
1000
600 430
894 154
394 862
735 821
999 321
424 867
418 876
431 72
527 925
726 106
441 553
678 304
344 214
682 167
340 424
5 136
622 28
807 39
141 167
217 844
695 892
239 369
463 594
479 777
525 452
146 469
463 384
135 346
509 358
883 15
706 740
52 798
528 856
589 68
526 682
127 278
807 418
705 122
101 109
637 675
873 192
943 168
931 4
696 411
730 80
352 954
96 987
975 282
187 325
454 21
144 483
4 689
710 447
653 458
21 867
596 135
631 489
833 504
486 378
150 818
770 385
486 365
286 360
218 322
661 565
204 256
677 822
984 827
726 237
52 583
946 360
383 759
467 732
193 176
219 242
442 851
950 383
742 49
651 415
853 345
915 848
687 202
297 264
239 41
712 387
160 49
806 80
812 923
493 812
600 167
511 909
32 353
605 383
835 923
97 490
764 627
12 76
423 623
469 383
513 780
457 840
542 472
191 918
377 420
918 370
802 16
841 896
531 935
990 904
480 785
28 108
65 504
971 677
491 982
830 988
854 633
410 762
434 919
879 151
232 635
133 299
680 418
483 928
250 298
15 351
39 987
108 463
227 873
873 189
84 231
522 371
555 33
877 4
519 745
78 40
542 204
46 261
606 687
534 216
392 85
826 460
798 349
708 126
866 770
243 700
125 533
152 712
298 936
174 320
200 363
80 37
852 960
686 585
332 630
141 766
11 961
683 794
575 592
262 188
360 741
460 929
583 674
589 699
224 799
728 345
995 589
941 448
567 858
858 773
190 33
896 454
67 707
120 726
627 448
482 61
944 931
427 823
882 446
245 503
925 246
19 482
496 944
899 828
246 966
471 672
115 338
795 706
761 956
772 963
898 974
863 652
132 164
501 442
795 896
191 186
844 932
916 19
862 535
706 178
126 649
920 168
55 485
607 313
551 529
21 656
670 533
45 295
910 909
296 927
169 126
444 753
534 557
546 913
146 64
258 668
511 882
335 240
540 283
782 564
177 373
921 568
598 202
457 240
217 941
916 386
264 48
467 163
134 753
638 645
540 426
21 341
90 837
430 41
878 17
869 989
597 398
241 890
847 545
432 618
354 393
340 73
527 995
701 557
951 847
255 738
235 657
187 877
618 307
521 503
826 86
958 923
113 982
301 819
7 337
915 878
438 944
118 232
350 285
712 668
276 71
193 32
61 750
459 39
749 154
501 688
418 530
944 886
392 159
84 497
427 503
182 791
392 805
265 135
282 85
927 364
345 435
45 534
855 112
526 859
906 159
253 230
731 697
125 505
752 7
986 581
402 459
305 596
152 351
556 455
436 785
83 708
961 640
661 393
288 649
614 233
651 462
869 771
433 754
132 930
604 303
838 30
740 736
473 507
190 196
867 67
428 185
454 766
637 554
140 943
998 182
826 466
328 55
380 356
824 500
819 321
466 450
350 813
902 717
993 885
237 364
350 144
41 981
995 399
747 161
425 12
591 853
642 374
706 243
158 161
636 647
379 174
863 660
255 793
922 537
467 507
880 721
551 816
550 776
533 455
216 194
195 762
27 271
469 250
974 503
219 372
497 676
95 708
553 624
527 464
459 377
273 254
171 454
254 752
322 842
267 497
419 724
630 359
517 971
180 906
667 651
72 943
726 236
356 139
281 526
480 959
451 82
298 546
436 25
806 851
383 157
268 722
114 876
866 15
285 880
366 819
446 531
677 411
683 624
315 644
991 690
641 178
656 648
856 416
81 396
23 785
316 56
402 988
676 986
112 938
368 778
319 651
481 255
903 781
56 507
364 825
129 335
159 938
147 657
178 264
594 93
744 808
596 812
876 375
374 899
26 294
551 461
825 310
561 706
941 557
441 963
213 753
583 829
843 510
4 990
629 774
398 384
703 29
55 391
864 60
413 789
63 374
672 762
693 851
800 574
510 355
368 316
245 360
355 7
657 242
400 260
657 123
678 819
460 933
238 295
697 217
803 205
229 420
961 189
838 146
374 196
914 178
793 775
850 831
755 230
743 283
105 433
799 634
239 425
879 899
301 326
422 849
521 254
388 717
65 916
459 632
79 890
62 308
801 691
492 135
188 758
691 688
949 561
884 295
228 856
927 267
195 19
432 950
316 991
994 455
504 819
958 443
629 730
954 367
517 46
160 23
63 909
480 570
19 955
647 350
408 630
390 459
319 544
490 42
984 604
747 768
976 899
62 596
184 564
920 509
887 397
518 638
295 501
538 324
208 25
412 716
556 327
23 81
111 594
139 365
94 273
428 555
95 561
891 161
263 400
839 665
872 840
159 60
69 6
854 740
28 42
166 894
458 927
785 866
546 72
126 879
592 812
394 452
79 922
604 924
408 534
920 420
916 222
102 815
973 665
85 1
667 366
742 155
261 428
708 79
270 237
749 979
576 291
552 893
312 343
903 250
477 46
812 100
553 973
701 396
323 642
794 946
703 303
125 662
331 43
379 815
485 812
213 60
834 502
376 575
816 289
290 926
338 8
336 802
683 559
6 668
915 573
794 771
256 647
937 185
600 896
449 796
44 706
542 808
914 659
902 581
52 621
509 723
279 97
679 173
218 90
284 387
912 60
488 282
726 965
88 379
808 84
275 431
828 580
262 681
338 539
749 585
172 782
248 476
892 668
212 718
36 215
125 546
17 889
434 630
80 33
579 690
696 133
251 166
640 885
334 242
188 392
450 373
221 488
782 579
329 490
828 302
148 112
299 784
267 907
563 681
253 103
428 193
160 725
176 131
458 753
479 639
997 770
770 127
219 584
880 851
181 309
287 42
158 289
55 171
828 960
581 149
923 212
837 487
240 60
915 754
132 110
474 947
1 21
777 586
378 542
727 484
516 122
66 579
666 974
789 289
522 777
788 277
649 462
261 65
979 165
126 320
901 852
54 46
240 498
414 843
770 31
352 787
946 488
698 381
391 766
426 892
202 596
327 562
602 798
776 38
369 850
318 568
462 76
527 13
595 689
663 696
193 383
576 435
878 515
588 431
634 269
386 661
371 837
72 259
355 136
135 10
944 254
172 918
169 119
494 575
803 647
705 512
779 926
741 170
285 895
709 902
473 360
233 877
908 372
588 874
412 162
390 51
855 759
760 958
638 263
45 648
26 524
906 171
169 704
974 670
538 692
364 86
180 85
352 197
253 303
430 504
17 807
575 179
825 794
536 648
938 606
817 369
801 782
802 450
918 123
611 70
919 239
154 860
800 515
797 835
554 811
225 887
558 918
82 846
672 78
4 411
839 730
995 162
788 848
368 554
46 65
819 857
83 612
943 703
351 521
894 820
739 261
717 682
371 546
421 914
803 292
986 700
302 461
429 863
500 611
998 206
366 446
807 50
58 574
424 101
205 509
905 409
342 741
440 861
803 123
17 749
237 389
930 381
716 802
232 865
117 512
300 849
775 305
149 905
180 231
207 672
70 275
25 627
316 948
289 98
361 264
696 515
5 506
282 391
527 50
840 411
189 125
103 83
856 629
840 26
997 486
454 214
673 84
91 113
829 416
158 785
577 300
177 980
815 219
185 624
979 580
434 572
547 278
716 980
495 291
45 114
380 643
107 288
5 634
982 149
616 496
107 489
659 173
610 910
117 877
312 743
664 851
67 452
424 558
525 699
246 820
762 527
493 496
450 492
116 475
109 724
885 35
184 885
952 387
979 424
155 880
926 521
976 106
322 970
817 984
945 741
298 993
651 416
875 331
147 458
569 833
54 700
218 930
855 588
95 437
781 684
555 583
198 278
317 933
64 294
565 183
72 457
321 718
521 459
252 311
464 930
142 931
814 940
555 185
662 572
540 634
78 274
930 411
870 796
265 41
906 817
765 49
270 306
957 127
187 391
904 664
659 217
749 680
740 726
529 248
788 20
704 424
610 464
888 938
441 460
291 617
336 478
221 763
494 442
317 658
532 914
769 279
896 161
17 613
641 755
114 944
355 943
255 323
211 158
744 184
207 270
345 709
489 607
140 410
67 994
484 473
135 54
78 161
882 871
354 673
376 336
201 625
796 185
423 110
984 409
46 843
638 292
599 119
381 597
945 196
241 256
141 704
809 451
889 295
539 639
23 595
260 816
566 318
825 416
141 377
731 397
965 635
691 4
195 372
605 69
402 329
298 910
539 985
607 545
384 833
822 967
760 844
148 806
880 616
858 440
785 922
109 962
815 932
662 903
538 37
874 757
847 240
988 370
763 547
364 22
147 430
739 641
156 889
192 378
411 514
951 280
232 794
475 446
897 277
976 886
454 762
32 580
217 557
882 823
227 305
20 792
930 436
558 249
801 589
450 176
518 927
785 930
499 338
617 481
779 680
345 199
858 101
908 680
859 199
107 665
861 374
653 211
223 925
615 376
726 134
189 662
969 670
33 266
912 663
566 872
401 852
191 249
262 996
518 827
162 493
740 665
255 215
119 979
868 859
579 50
788 1000
709 477
189 431
785 284
113 949
404 532
322 346
697 854
292 340
955 504
303 801
906 189
49 247
933 130
134 149
