1000 1
216 121
121 224
224 93
93 538
538 111
111 681
681 599
599 465
465 444
444 223
223 817
817 996
996 234
234 578
578 259
259 77
77 238
238 510
510 895
895 953
953 519
519 723
723 219
219 173
173 725
725 104
104 653
653 349
349 661
661 633
633 482
482 346
346 316
316 975
975 803
803 716
716 556
556 596
596 511
511 582
582 312
312 48
48 827
827 785
785 635
635 79
79 288
288 656
656 948
948 102
102 472
472 580
580 619
619 280
280 527
527 256
256 753
753 995
995 892
892 669
669 513
513 129
129 514
514 410
410 947
947 744
744 991
991 935
935 961
961 279
279 733
733 218
218 56
56 491
491 800
800 636
636 665
665 457
457 278
278 806
806 768
768 364
364 374
374 42
42 584
584 267
267 588
588 357
357 602
602 809
809 721
721 441
441 194
194 767
767 746
746 373
373 529
529 931
931 891
891 41
41 979
979 853
853 878
878 98
98 832
832 2
2 671
671 998
998 38
38 620
620 984
984 447
447 156
156 348
348 295
295 570
570 380
380 294
294 673
673 871
871 640
640 781
781 625
625 73
73 262
262 61
61 761
761 110
110 642
642 413
413 144
144 489
489 989
989 720
720 361
361 434
434 16
16 939
939 576
576 182
182 130
130 395
395 816
816 836
836 737
737 901
901 233
233 4
4 214
214 515
515 966
966 520
520 143
143 299
299 161
161 417
417 105
105 773
773 120
120 828
828 1000
1000 936
936 524
524 572
572 535
535 318
318 440
440 172
172 425
425 432
432 200
200 496
496 849
849 793
793 254
254 377
377 846
846 997
997 485
485 139
139 799
799 189
189 963
963 667
667 27
27 581
581 408
408 175
175 484
484 512
512 609
609 508
508 335
335 114
114 101
101 805
805 539
539 337
337 108
108 967
967 169
169 376
376 11
11 615
615 478
478 5
5 823
823 639
639 326
326 229
229 221
221 741
741 941
941 759
759 775
775 734
734 825
825 47
47 628
628 553
553 638
638 594
594 347
347 795
795 154
154 94
94 537
537 358
358 764
764 356
356 902
902 662
662 188
188 861
861 983
983 751
751 960
960 874
874 260
260 35
35 564
564 203
203 204
204 291
291 462
462 933
933 704
704 45
45 649
649 541
541 862
862 424
424 543
543 915
915 265
265 643
643 858
858 112
112 167
167 274
274 231
231 30
30 190
190 977
977 980
980 418
418 25
25 191
191 900
900 644
644 533
533 217
217 978
978 20
20 696
696 153
153 414
414 911
911 383
383 677
677 378
378 493
493 722
722 392
392 323
323 63
63 387
387 626
626 443
443 603
603 304
304 314
314 945
945 830
830 132
132 298
298 839
839 760
760 528
528 409
409 136
136 616
616 922
922 196
196 7
7 883
883 988
988 435
435 929
929 198
198 655
655 540
540 494
494 53
53 879
879 784
784 80
80 604
604 109
109 946
946 937
937 852
852 736
736 128
128 237
237 821
821 743
743 717
717 157
157 359
359 34
34 574
574 632
632 351
351 951
951 864
864 296
296 854
854 990
990 959
959 293
293 838
838 739
739 384
384 703
703 46
46 460
460 812
812 480
480 783
783 19
19 860
860 711
711 882
882 180
180 490
490 623
623 59
59 411
411 430
430 381
381 534
534 618
618 317
317 660
660 193
193 957
957 423
423 428
428 956
956 433
433 898
898 350
350 568
568 163
163 13
13 68
68 54
54 476
476 474
474 505
505 807
807 65
65 187
187 422
422 456
456 548
548 921
921 58
58 732
732 897
897 765
765 728
728 517
517 67
67 360
360 532
532 934
934 52
52 955
955 987
987 815
815 12
12 726
726 621
621 591
591 792
792 992
992 235
235 393
393 333
333 801
801 464
464 78
78 516
516 483
483 707
707 887
887 236
236 403
403 631
631 240
240 993
993 531
531 614
614 252
252 770
770 26
26 689
689 14
14 863
863 442
442 666
666 127
127 286
286 776
776 57
57 985
985 40
40 890
890 184
184 149
149 917
917 789
789 762
762 856
856 884
884 886
886 126
126 646
646 429
429 888
888 549
549 518
518 774
774 307
307 500
500 206
206 152
152 691
691 683
683 573
573 165
165 420
420 18
18 324
324 95
95 924
924 150
150 477
477 940
940 919
919 791
791 837
837 611
611 740
740 857
857 140
140 328
328 713
713 249
249 336
336 124
124 24
24 771
771 579
579 851
851 889
889 742
742 469
469 338
338 261
261 779
779 930
930 943
943 75
75 571
571 679
679 241
241 896
896 850
850 585
585 164
164 970
970 400
400 634
634 116
116 471
471 651
651 450
450 701
701 436
436 566
566 909
909 320
320 117
117 225
225 521
521 885
885 866
866 10
10 976
976 648
648 363
363 367
367 629
629 699
699 174
174 90
90 745
745 197
197 264
264 944
944 72
72 981
981 222
222 829
829 664
664 686
686 171
171 257
257 438
438 339
339 708
708 246
246 205
205 507
507 455
455 542
542 738
738 244
244 705
705 331
331 873
873 690
690 297
297 682
682 712
712 427
427 772
772 192
192 74
74 486
486 593
593 81
81 657
657 306
306 177
177 645
645 814
814 663
663 402
402 185
185 552
552 43
43 449
449 906
906 9
9 610
610 227
227 39
39 824
824 475
475 281
281 84
84 670
670 818
818 899
899 70
70 459
459 263
263 495
495 654
654 913
913 598
598 750
750 641
641 710
710 23
23 21
21 97
97 71
71 91
91 133
133 559
559 523
523 49
49 565
565 752
752 404
404 461
461 245
245 756
756 385
385 700
700 406
406 550
550 777
777 345
345 166
166 44
44 561
561 778
778 820
820 344
344 627
627 674
674 179
179 698
698 83
83 847
847 158
158 567
567 202
202 398
398 207
207 624
624 467
467 589
589 37
37 451
451 881
881 950
950 718
718 730
730 804
804 675
675 334
334 55
55 69
69 284
284 904
904 118
118 251
251 208
208 253
253 938
938 103
103 271
271 201
201 273
273 848
848 782
782 282
282 880
880 590
590 835
835 788
788 503
503 22
22 555
555 183
183 748
748 396
396 115
115 798
798 859
859 688
688 749
749 719
719 303
303 419
419 170
170 341
341 213
213 613
613 437
437 714
714 697
697 266
266 968
968 50
50 560
560 586
586 912
912 481
481 488
488 601
601 844
844 305
305 287
287 612
612 994
994 375
375 630
630 869
869 470
470 210
210 676
676 421
421 999
999 313
313 15
15 276
276 684
684 622
622 76
76 452
452 834
834 242
242 692
692 787
787 415
415 766
766 308
308 925
925 530
530 135
135 843
843 319
319 650
650 248
248 155
155 258
258 617
617 709
709 186
186 309
309 569
569 416
416 448
448 446
446 226
226 468
468 230
230 66
66 575
575 876
876 340
340 969
969 386
386 868
868 412
412 758
758 497
497 86
86 724
724 28
28 431
431 554
554 964
964 592
592 371
371 275
275 877
877 1
1 33
33 605
605 729
729 522
522 145
145 330
330 270
270 808
808 702
702 608
608 370
370 250
250 131
131 445
445 439
439 211
211 819
819 875
875 17
17 134
134 982
982 199
199 82
82 354
354 607
607 893
893 727
727 952
952 903
903 487
487 536
536 405
405 637
637 504
504 526
526 232
232 355
355 910
910 401
401 658
658 918
918 715
715 668
668 458
458 85
85 986
986 845
845 813
813 162
162 453
453 160
160 96
96 399
399 239
239 289
289 920
920 949
949 678
678 64
64 209
209 810
810 916
916 147
147 687
687 545
545 60
60 362
362 841
841 547
547 731
731 327
327 932
932 562
562 394
394 974
974 142
142 454
454 353
353 51
51 811
811 685
685 652
652 151
151 763
763 269
269 283
283 923
923 672
672 502
502 577
577 99
99 865
865 506
506 390
390 106
106 365
365 32
32 754
754 647
647 826
826 372
372 302
302 159
159 833
833 31
31 780
780 972
972 786
786 659
659 499
499 243
243 352
352 797
797 228
228 388
388 587
587 119
119 606
606 122
122 802
802 215
215 6
6 473
473 141
141 583
583 195
195 285
285 89
89 867
867 794
794 220
220 62
62 407
407 914
914 463
463 796
796 926
926 368
368 146
146 92
92 466
466 790
790 168
168 321
321 342
342 855
855 755
755 962
962 842
842 942
942 123
123 397
397 148
148 300
300 310
310 301
301 822
822 973
973 311
311 426
426 247
247 389
389 322
322 268
268 212
212 479
479 546
546 138
138 600
600 329
329 694
694 181
181 958
958 870
870 292
292 379
379 563
563 831
831 315
315 544
544 954
954 272
272 325
325 595
595 927
927 557
557 498
498 905
905 597
597 107
107 747
747 176
176 680
680 525
525 88
88 255
255 369
369 366
366 8
8 558
558 908
908 840
840 137
137 343
343 551
551 928
928 3
3 706
706 290
290 113
113 178
178 757
757 509
509 693
693 87
87 769
769 501
501 36
36 382
382 100
100 971
971 907
907 872
872 125
125 894
894 332
332 735
735 277
277 492
492 695
695 965
965 29
29 391
1
0
0
0
1
1
0
1
1
1
0
0
1
0
1
1
1
1
0
0
1
1
1
0
1
0
1
1
0
0
1
1
1
1
1
1
1
0
1
0
0
0
1
0
1
1
0
1
1
0
0
0
1
0
1
1
1
0
0
0
0
1
0
1
1
1
0
0
0
0
0
0
1
0
1
1
1
1
1
1
0
0
0
1
0
0
1
0
1
1
0
0
0
0
0
1
0
0
1
0
0
0
0
1
0
0
0
1
1
0
0
0
1
1
0
1
0
1
1
0
0
0
1
1
1
1
0
1
1
1
1
1
1
1
0
1
1
0
1
0
1
0
1
1
1
1
1
1
1
1
0
0
0
1
1
0
0
0
1
0
0
1
0
1
1
0
1
1
0
0
1
0
1
0
1
0
1
0
0
0
0
1
0
1
1
0
1
0
0
1
1
1
1
1
0
1
0
1
0
0
1
0
0
0
1
0
1
0
1
1
0
0
0
1
0
1
1
0
1
0
0
0
0
1
0
1
1
1
0
1
0
0
0
0
0
1
1
1
0
0
1
0
0
0
1
1
1
0
1
0
1
0
1
1
0
1
1
1
0
1
1
1
0
1
1
0
0
1
1
1
1
1
1
0
1
1
1
0
0
1
1
1
1
1
1
0
0
0
0
0
1
0
1
0
0
0
0
0
0
0
0
1
0
1
1
0
0
1
0
0
0
1
1
0
0
1
1
1
1
0
0
0
1
1
0
1
0
1
0
0
0
1
0
0
0
1
0
1
0
1
0
1
0
0
1
0
0
1
1
1
1
0
0
1
1
1
0
1
0
1
1
0
1
0
1
1
1
1
1
1
1
1
1
1
0
1
0
1
0
0
0
0
0
1
0
0
1
1
1
0
0
1
1
1
1
0
0
0
1
0
0
1
1
1
0
1
1
0
1
1
1
0
1
1
1
0
1
1
0
1
1
1
0
1
0
1
1
1
0
0
0
0
0
1
1
0
0
1
1
1
1
1
1
0
1
0
0
0
1
1
0
1
1
0
1
0
1
1
0
1
1
0
0
1
0
1
1
0
0
1
0
0
0
1
0
1
1
1
1
1
1
0
0
1
0
1
1
1
0
1
0
0
1
1
0
1
1
0
0
1
0
0
0
1
0
1
0
1
0
1
0
1
0
0
1
1
1
0
0
0
0
1
0
0
1
0
0
0
1
0
1
0
0
0
0
1
0
0
1
1
0
1
1
1
0
1
1
1
0
1
1
0
0
1
1
0
0
0
0
0
0
1
1
0
0
0
1
0
1
1
1
1
0
1
1
1
1
1
1
0
1
0
1
1
1
0
1
1
1
1
1
1
0
0
0
0
0
0
0
1
1
0
0
0
0
1
1
1
1
1
1
0
1
0
1
0
0
0
1
0
0
0
0
1
0
0
0
1
0
0
1
1
0
0
1
1
1
1
1
0
1
1
0
0
0
1
1
1
0
1
0
0
1
0
1
0
0
0
1
1
1
1
0
0
1
0
1
0
0
1
0
1
0
1
0
1
1
0
0
0
0
0
1
1
0
0
1
0
0
1
1
1
0
1
0
1
1
1
1
0
0
0
0
1
1
1
0
1
1
1
0
0
1
0
0
1
1
0
1
1
1
0
0
0
1
1
0
0
1
1
0
1
0
0
1
1
1
1
1
1
1
1
0
0
0
0
1
1
0
0
1
1
1
1
1
1
1
0
1
1
1
0
1
0
1
1
1
1
1
1
1
0
1
0
1
1
1
0
0
1
1
0
0
0
0
1
0
0
1
1
1
1
1
0
1
1
0
0
0
1
0
1
1
0
0
1
1
1
1
0
0
1
1
0
0
1
0
1
0
1
1
1
1
1
1
1
0
1
1
1
1
0
0
1
1
0
0
1
0
1
1
1
1
1
1
0
1
0
0
1
0
1
0
0
0
1
1
1
0
0
0
1
0
1
1
1
0
1
0
1
1
0
0
1
0
0
0
1
0
0
0
0
0
0
1
0
0
0
0
1
1
1
0
0
0
0
1
1
0
1
0
1
1
1
1
0
1
1
0
1
1
0
0
0
0
0
1
1
0
0
0
1
0
1
1
0
1
1
1
0
1
0
1
0
0
0
1
0
0
0
0
0
1
0
1
0
0
1
0
0
0
1
1
1
0
1
0
0
1
1
0
0
1
1
1
1
1
0
1
0
1
0
1
1
1
0
0
1
0
1
1
0
1
1
1
0
1
0
0
0
0
1
0
1
1
1
0
0
0
1
1000
511 216
768 121
767 224
511 93
519 538
513 111
602 681
588 599
725 465
584 444
809 223
665 817
733 996
267 234
48 578
256 259
556 77
280 238
635 510
346 895
219 953
357 519
79 723
93 219
721 173
529 725
256 104
278 653
267 349
895 661
346 633
79 482
410 346
312 316
121 975
267 803
584 716
465 556
947 596
373 511
800 582
935 312
102 48
48 827
219 785
961 635
316 79
42 288
602 656
527 948
482 102
767 472
93 580
259 619
491 280
102 527
580 256
800 753
48 995
596 892
56 669
527 513
768 129
744 514
465 410
482 947
491 744
278 991
77 935
234 961
234 279
733 733
744 218
280 56
374 491
316 800
996 636
223 665
223 457
42 278
582 806
129 768
947 364
733 374
800 42
482 584
653 267
991 588
619 357
93 602
661 809
280 721
895 441
975 194
721 767
580 746
457 373
953 529
948 931
723 891
465 41
280 979
316 853
588 878
465 98
527 832
219 2
669 671
681 998
809 38
995 620
996 984
953 447
267 156
935 348
280 295
491 570
129 380
895 294
653 673
482 871
556 640
514 781
619 625
457 73
716 262
809 61
173 761
457 110
357 642
238 413
129 144
633 489
827 989
267 720
312 361
259 434
744 16
224 939
465 576
527 182
768 130
514 395
681 816
256 836
602 737
457 901
895 233
596 4
121 214
218 515
806 966
935 520
218 143
746 299
216 161
349 417
93 105
633 773
768 120
767 828
596 1000
527 936
513 524
102 572
661 535
373 318
280 440
410 172
665 425
104 432
513 200
669 496
948 849
472 793
104 254
410 377
538 846
111 997
444 485
219 139
219 799
349 189
514 963
491 667
519 27
267 581
753 408
733 175
364 484
961 512
514 609
785 508
538 335
357 114
441 101
935 805
457 539
491 337
465 108
633 967
746 169
77 376
278 11
995 615
578 478
173 5
588 823
931 639
93 326
529 229
373 221
357 741
975 941
279 759
768 775
441 734
465 825
556 47
364 628
733 553
56 638
947 594
948 347
410 795
79 154
809 94
465 537
744 358
194 764
895 356
279 902
457 662
806 188
895 861
465 983
444 751
42 960
653 874
961 260
947 35
580 564
588 203
259 204
948 291
102 462
357 933
216 704
806 45
93 649
79 541
465 862
513 424
510 543
102 915
556 265
374 643
42 858
669 112
527 167
48 274
961 231
465 30
991 190
578 977
223 980
538 418
357 25
716 191
725 900
511 644
817 533
817 217
669 978
280 20
669 696
373 153
219 414
800 911
599 383
580 677
77 378
753 493
364 722
121 392
346 323
582 63
173 387
511 626
809 443
661 603
716 304
975 314
224 945
346 830
79 132
234 298
278 839
785 760
948 528
716 409
472 136
346 616
681 922
556 196
935 7
665 883
527 988
223 435
77 929
104 198
267 655
948 540
111 494
444 53
346 879
635 784
527 80
223 604
223 109
753 946
472 937
56 852
104 736
173 128
681 237
599 821
953 743
892 717
716 157
374 359
121 34
635 574
681 632
216 351
947 951
513 864
129 296
278 854
991 990
803 959
102 293
767 838
223 739
56 384
948 703
279 46
725 460
278 812
953 480
280 783
280 19
56 860
129 711
578 882
316 180
465 490
753 623
767 59
619 411
357 430
619 381
129 534
223 618
584 317
975 660
753 193
633 957
827 423
578 428
803 956
234 433
653 898
374 350
681 568
111 163
596 13
491 68
716 54
975 476
472 474
457 505
947 807
991 65
827 187
991 422
785 456
636 548
104 921
656 58
996 732
256 897
173 765
218 728
768 517
312 67
580 360
288 532
582 934
256 52
669 955
653 987
996 815
578 12
364 726
364 621
661 591
527 792
803 992
364 235
633 393
635 333
234 801
596 464
374 78
491 516
79 483
803 707
194 887
349 236
803 403
768 631
580 240
216 993
806 531
482 614
931 252
374 770
56 26
996 689
996 14
373 863
669 442
111 666
219 127
817 286
510 776
721 57
444 985
312 40
991 890
441 184
599 149
582 917
129 789
538 762
947 856
219 884
288 886
410 126
104 646
584 429
316 888
129 549
346 518
224 774
661 307
457 500
785 206
238 152
93 691
746 683
582 573
744 165
803 420
681 18
803 324
800 95
529 924
288 150
102 477
721 940
56 919
891 791
661 837
891 611
259 740
753 857
935 140
656 328
588 713
256 249
491 336
744 124
681 24
721 771
374 579
800 851
961 889
173 742
588 469
218 338
513 261
346 779
219 930
665 943
444 75
602 571
79 679
48 241
580 896
725 850
948 585
410 164
238 970
77 400
721 634
373 116
588 471
991 651
216 450
753 701
104 436
102 566
806 909
948 320
529 117
817 225
173 521
800 885
619 866
931 10
975 976
194 648
578 363
491 367
947 629
519 699
602 174
891 90
800 745
56 197
948 264
716 944
288 72
584 981
767 222
588 829
410 664
410 686
935 171
224 257
948 438
935 339
93 708
104 246
996 205
580 507
288 455
104 542
93 738
975 244
56 705
961 331
216 873
410 690
513 297
256 682
681 712
892 427
653 772
723 192
578 74
316 486
77 593
256 81
364 657
472 306
111 177
599 645
661 814
661 663
514 402
316 185
538 552
56 43
514 449
669 906
584 9
104 610
491 227
991 39
809 824
636 475
410 281
602 84
665 670
223 818
256 899
636 70
785 459
806 263
444 495
465 654
346 913
482 598
373 750
102 641
947 710
279 23
410 21
482 97
48 71
238 91
733 133
953 559
349 523
482 49
803 565
716 752
538 404
582 461
931 245
357 756
316 385
953 700
529 406
234 550
465 777
746 345
661 166
472 44
767 561
223 778
892 820
472 344
538 627
580 674
216 179
538 698
77 83
948 847
803 158
238 567
931 202
721 398
349 207
364 624
218 467
280 589
259 37
721 451
472 881
173 950
513 718
238 730
681 804
346 675
511 334
173 55
991 69
996 284
316 904
975 118
373 251
892 208
364 253
373 938
111 103
267 271
961 201
681 273
995 848
636 782
721 282
223 880
935 590
768 835
753 788
93 503
219 22
744 555
223 183
259 748
746 396
800 115
953 798
656 859
491 688
635 749
584 719
234 303
578 419
892 170
79 341
716 213
636 613
619 437
259 714
931 697
785 266
619 968
827 50
374 560
279 586
785 912
56 481
312 488
267 601
472 844
578 305
619 287
373 612
653 994
817 375
961 630
346 869
892 470
578 210
513 676
173 421
817 999
357 313
892 15
596 276
280 684
584 622
510 76
79 452
961 834
42 242
529 692
529 787
519 415
48 766
357 308
527 925
216 530
121 135
42 843
93 319
56 650
238 248
733 155
357 258
364 617
373 709
373 186
596 309
580 569
721 416
511 448
661 446
56 226
267 468
961 230
77 66
173 575
665 876
374 340
619 969
48 386
93 868
681 412
721 758
768 497
373 86
975 724
256 28
599 431
278 554
218 964
111 592
510 371
895 275
725 877
975 1
77 33
357 605
511 729
931 522
79 145
278 330
596 270
121 808
56 702
991 608
669 370
975 250
529 131
827 445
800 439
892 211
767 819
511 875
996 17
582 134
410 982
441 199
817 82
753 354
961 607
947 893
995 727
79 952
279 903
584 487
827 536
636 405
219 637
635 504
316 526
767 232
511 355
935 910
346 401
725 658
519 918
349 715
267 668
441 458
669 85
441 986
129 845
996 813
827 162
129 453
768 160
312 96
491 399
556 239
681 289
279 920
410 949
746 678
947 64
580 209
224 810
653 916
947 147
316 687
653 545
995 60
280 362
809 841
457 547
721 731
288 327
56 932
234 562
961 394
441 974
746 142
806 454
975 353
349 51
633 811
800 685
744 652
580 151
619 763
892 269
721 283
602 923
635 672
457 502
129 577
223 99
961 865
975 506
716 390
194 106
635 365
373 32
410 754
656 647
588 826
280 372
580 302
767 159
827 833
364 31
584 780
785 972
744 786
129 659
580 499
280 243
223 352
803 797
519 228
234 388
511 587
599 119
93 606
519 122
669 802
364 215
312 6
510 473
373 141
279 583
953 195
669 285
219 89
827 867
895 794
194 220
129 62
803 407
56 914
892 463
588 796
48 926
111 368
79 146
725 92
588 466
931 790
716 168
349 321
947 342
785 855
596 755
578 962
721 842
817 942
803 123
661 397
482 148
224 300
768 310
635 301
529 822
723 973
527 311
947 426
725 247
948 389
892 322
580 268
827 212
102 479
588 546
42 138
827 600
953 329
279 694
48 181
267 958
733 870
364 292
947 379
753 563
267 831
817 315
48 544
947 954
42 272
472 325
173 595
635 927
746 557
234 498
444 905
364 597
723 107
892 747
948 176
93 680
513 525
121 88
280 255
77 369
316 366
785 8
588 558
744 908
527 840
316 137
510 343
895 551
219 928
895 3
288 706
194 290
529 113
223 178
279 757
373 509
538 693
102 87
511 769
891 501
975 36
995 382
661 100
527 971
444 907
102 872
312 125
256 894
346 332
578 735
580 277
806 492
223 695
410 965
596 29
357 391
