1000 1
2 1
3 2
4 3
5 3
6 2
7 4
8 5
9 5
10 6
11 4
12 10
13 1
14 9
15 8
16 15
17 14
18 12
19 14
20 18
21 17
22 4
23 12
24 11
25 12
26 7
27 24
28 24
29 8
30 25
31 20
32 12
33 14
34 33
35 17
36 22
37 27
38 37
39 30
40 28
41 34
42 12
43 25
44 4
45 39
46 18
47 8
48 28
49 17
50 40
51 44
52 21
53 3
54 16
55 31
56 49
57 51
58 41
59 1
60 19
61 24
62 61
63 27
64 13
65 23
66 58
67 52
68 6
69 17
70 19
71 53
72 29
73 29
74 7
75 40
76 20
77 57
78 32
79 35
80 74
81 36
82 77
83 67
84 24
85 84
86 39
87 80
88 69
89 88
90 43
91 9
92 2
93 71
94 67
95 31
96 29
97 22
98 46
99 15
100 56
101 46
102 61
103 87
104 32
105 73
106 94
107 80
108 44
109 86
110 16
111 76
112 100
113 40
114 31
115 28
116 75
117 28
118 27
119 117
120 1
121 17
122 1
123 11
124 107
125 13
126 17
127 85
128 51
129 95
130 48
131 37
132 35
133 1
134 128
135 91
136 114
137 64
138 19
139 39
140 90
141 98
142 120
143 60
144 137
145 19
146 95
147 11
148 102
149 130
150 2
151 142
152 56
153 125
154 42
155 97
156 38
157 61
158 143
159 147
160 67
161 33
162 141
163 93
164 17
165 104
166 20
167 81
168 147
169 59
170 154
171 86
172 145
173 153
174 162
175 65
176 47
177 84
178 22
179 66
180 85
181 145
182 48
183 144
184 104
185 151
186 55
187 114
188 18
189 15
190 71
191 52
192 44
193 170
194 128
195 147
196 3
197 63
198 124
199 36
200 43
201 83
202 48
203 186
204 76
205 86
206 136
207 189
208 3
209 100
210 202
211 189
212 173
213 191
214 122
215 40
216 158
217 193
218 181
219 61
220 5
221 189
222 14
223 177
224 3
225 222
226 118
227 96
228 27
229 190
230 116
231 101
232 158
233 50
234 228
235 45
236 226
237 183
238 236
239 116
240 209
241 230
242 18
243 130
244 61
245 35
246 163
247 228
248 169
249 106
250 115
251 166
252 107
253 246
254 234
255 197
256 82
257 247
258 255
259 67
260 5
261 231
262 114
263 11
264 72
265 66
266 17
267 27
268 157
269 34
270 119
271 185
272 75
273 81
274 169
275 220
276 231
277 52
278 144
279 239
280 92
281 236
282 224
283 210
284 241
285 223
286 21
287 256
288 142
289 273
290 99
291 210
292 17
293 287
294 27
295 34
296 131
297 233
298 134
299 173
300 264
301 215
302 228
303 2
304 236
305 91
306 13
307 162
308 91
309 203
310 264
311 192
312 73
313 237
314 150
315 190
316 209
317 66
318 186
319 148
320 310
321 225
322 64
323 140
324 156
325 108
326 105
327 138
328 280
329 261
330 247
331 91
332 98
333 99
334 111
335 28
336 325
337 258
338 187
339 156
340 249
341 44
342 179
343 174
344 169
345 338
346 259
347 345
348 38
349 46
350 312
351 118
352 126
353 267
354 153
355 143
356 237
357 24
358 297
359 85
360 171
361 232
362 297
363 73
364 209
365 219
366 229
367 191
368 360
369 334
370 216
371 366
372 325
373 277
374 359
375 303
376 243
377 131
378 123
379 251
380 187
381 58
382 136
383 96
384 343
385 26
386 22
387 184
388 13
389 22
390 116
391 370
392 158
393 255
394 387
395 229
396 294
397 222
398 322
399 333
400 353
401 37
402 163
403 210
404 138
405 185
406 376
407 395
408 121
409 214
410 339
411 120
412 63
413 339
414 133
415 81
416 357
417 207
418 38
419 326
420 375
421 163
422 4
423 133
424 4
425 101
426 4
427 127
428 114
429 109
430 4
431 323
432 128
433 247
434 352
435 384
436 223
437 43
438 237
439 45
440 119
441 294
442 411
443 405
444 299
445 224
446 221
447 402
448 287
449 95
450 31
451 394
452 438
453 366
454 100
455 290
456 109
457 82
458 19
459 91
460 375
461 227
462 82
463 63
464 336
465 351
466 337
467 392
468 192
469 145
470 129
471 195
472 326
473 6
474 323
475 171
476 75
477 374
478 406
479 335
480 2
481 317
482 382
483 236
484 56
485 142
486 134
487 212
488 199
489 449
490 363
491 125
492 207
493 302
494 342
495 188
496 216
497 453
498 137
499 149
500 395
501 273
502 267
503 279
504 172
505 350
506 437
507 137
508 55
509 262
510 408
511 377
512 429
513 313
514 176
515 189
516 239
517 29
518 318
519 77
520 105
521 182
522 308
523 285
524 344
525 465
526 185
527 365
528 400
529 71
530 144
531 98
532 448
533 221
534 436
535 404
536 230
537 280
538 512
539 156
540 81
541 529
542 196
543 179
544 2
545 222
546 244
547 338
548 328
549 179
550 475
551 210
552 74
553 547
554 450
555 510
556 99
557 136
558 132
559 28
560 57
561 421
562 22
563 137
564 10
565 416
566 484
567 10
568 50
569 12
570 550
571 245
572 111
573 340
574 85
575 332
576 331
577 422
578 224
579 304
580 207
581 283
582 321
583 199
584 179
585 330
586 268
587 163
588 62
589 409
590 52
591 386
592 490
593 86
594 535
595 221
596 148
597 142
598 213
599 128
600 292
601 415
602 145
603 261
604 405
605 367
606 480
607 8
608 335
609 502
610 277
611 603
612 588
613 115
614 65
615 26
616 498
617 204
618 472
619 540
620 39
621 426
622 224
623 330
624 395
625 233
626 476
627 282
628 542
629 569
630 507
631 102
632 129
633 296
634 147
635 250
636 151
637 498
638 401
639 509
640 576
641 141
642 526
643 387
644 424
645 494
646 119
647 594
648 591
649 523
650 647
651 109
652 184
653 608
654 600
655 240
656 390
657 210
658 547
659 569
660 559
661 403
662 404
663 644
664 610
665 460
666 655
667 489
668 248
669 582
670 205
671 353
672 207
673 364
674 39
675 235
676 287
677 51
678 152
679 610
680 675
681 539
682 86
683 254
684 681
685 202
686 612
687 370
688 242
689 512
690 352
691 248
692 275
693 636
694 281
695 131
696 295
697 557
698 230
699 176
700 65
701 531
702 203
703 681
704 150
705 301
706 399
707 615
708 696
709 62
710 128
711 109
712 105
713 518
714 455
715 43
716 592
717 166
718 678
719 357
720 440
721 469
722 370
723 541
724 101
725 585
726 245
727 269
728 56
729 313
730 690
731 115
732 105
733 645
734 247
735 381
736 428
737 454
738 636
739 419
740 714
741 656
742 707
743 440
744 597
745 597
746 76
747 615
748 500
749 241
750 189
751 13
752 457
753 727
754 141
755 408
756 260
757 576
758 619
759 539
760 87
761 39
762 723
763 479
764 97
765 524
766 53
767 461
768 67
769 460
770 35
771 451
772 524
773 137
774 125
775 249
776 389
777 630
778 131
779 36
780 256
781 239
782 524
783 738
784 750
785 60
786 8
787 700
788 783
789 581
790 316
791 270
792 460
793 194
794 244
795 531
796 536
797 643
798 693
799 70
800 752
801 49
802 324
803 776
804 553
805 371
806 105
807 193
808 556
809 354
810 506
811 456
812 807
813 192
814 318
815 18
816 19
817 463
818 227
819 737
820 612
821 388
822 378
823 622
824 453
825 516
826 210
827 241
828 548
829 806
830 71
831 642
832 408
833 575
834 694
835 820
836 765
837 394
838 48
839 563
840 722
841 807
842 454
843 246
844 575
845 784
846 737
847 787
848 735
849 197
850 342
851 127
852 400
853 62
854 728
855 283
856 579
857 596
858 794
859 190
860 710
861 473
862 562
863 413
864 423
865 630
866 824
867 274
868 343
869 579
870 305
871 59
872 270
873 2
874 553
875 102
876 14
877 865
878 224
879 702
880 128
881 855
882 147
883 796
884 383
885 434
886 761
887 750
888 752
889 548
890 252
891 395
892 683
893 584
894 237
895 875
896 635
897 790
898 741
899 158
900 864
901 318
902 774
903 257
904 497
905 527
906 341
907 440
908 37
909 683
910 695
911 727
912 740
913 41
914 584
915 286
916 74
917 195
918 541
919 496
920 401
921 64
922 203
923 421
924 34
925 837
926 407
927 638
928 617
929 926
930 295
931 38
932 909
933 439
934 848
935 350
936 917
937 435
938 106
939 652
940 596
941 137
942 865
943 358
944 559
945 31
946 117
947 354
948 247
949 680
950 623
951 182
952 236
953 242
954 729
955 752
956 189
957 896
958 77
959 308
960 263
961 935
962 757
963 628
964 423
965 312
966 103
967 638
968 858
969 531
970 914
971 455
972 333
973 163
974 574
975 206
976 119
977 77
978 620
979 379
980 430
981 699
982 55
983 37
984 210
985 275
986 159
987 709
988 78
989 262
990 310
991 332
992 715
993 8
994 519
995 77
996 912
997 987
998 298
999 559
1000 570
0
1
1
1
0
0
1
0
1
0
0
0
0
1
0
0
1
0
1
0
1
1
0
1
1
0
0
0
1
0
1
1
1
1
0
0
0
0
0
0
0
0
1
0
1
1
0
1
1
0
0
0
0
1
0
1
0
1
0
0
0
0
0
0
0
1
1
1
0
1
1
0
1
0
0
0
0
1
1
0
1
0
0
0
1
0
0
0
0
0
0
1
1
1
0
1
0
0
1
0
1
1
1
1
0
0
0
0
0
1
1
0
1
0
1
0
1
0
1
0
0
0
1
0
1
0
1
1
1
0
0
0
0
1
0
0
1
1
1
1
1
1
0
1
1
0
0
0
0
0
0
0
1
0
1
1
0
1
1
0
1
1
1
0
0
1
1
1
1
1
0
0
1
0
1
1
1
1
0
0
0
0
1
1
0
1
1
1
0
1
0
0
1
0
1
1
1
1
1
1
1
1
1
1
0
1
0
0
0
0
0
1
0
1
0
1
1
0
1
1
1
0
1
0
0
0
0
1
0
1
0
0
1
1
1
0
0
1
0
0
0
1
1
0
0
1
1
0
1
1
0
1
0
0
1
0
1
1
0
1
0
1
1
0
1
1
0
1
1
1
0
1
1
0
0
0
0
0
0
1
1
0
1
0
0
0
0
0
1
1
0
0
0
0
1
0
0
0
0
1
0
0
0
0
1
1
1
1
0
0
0
0
0
0
0
1
0
0
0
1
1
1
0
1
0
0
1
0
1
1
0
0
1
1
0
1
0
0
0
0
0
1
1
0
0
1
0
1
0
0
1
0
1
1
0
1
1
0
1
1
0
0
0
0
0
0
0
0
0
1
0
0
1
1
1
1
0
1
1
0
0
0
0
0
1
1
0
0
0
1
0
1
1
0
0
0
0
0
0
1
1
1
0
1
1
0
1
1
1
1
1
1
0
1
0
1
0
1
0
0
0
0
1
0
0
1
0
1
0
1
0
0
1
0
0
1
0
0
0
0
1
0
1
0
0
0
1
0
0
0
1
0
0
0
1
0
1
0
0
1
1
0
1
0
0
1
0
0
0
0
1
1
0
1
1
1
1
0
0
0
1
0
1
0
0
1
0
0
0
0
0
1
0
1
0
1
1
0
0
0
1
0
1
1
0
0
0
1
0
0
1
1
1
1
1
1
1
1
0
1
0
1
1
0
0
1
1
1
0
1
0
1
0
0
0
1
1
1
1
1
1
0
1
0
0
0
1
0
1
1
1
0
1
1
1
1
1
0
0
1
1
0
1
0
1
0
0
1
1
0
0
1
0
0
1
1
1
0
1
1
0
0
0
1
0
0
0
0
0
0
1
0
1
1
1
1
0
0
1
1
1
1
1
1
1
0
1
1
0
0
0
1
1
1
1
0
0
0
1
0
0
1
1
0
1
1
0
0
1
1
1
0
0
0
0
0
0
1
1
1
1
1
1
1
1
1
0
1
0
0
0
1
0
0
1
1
0
1
1
1
0
0
0
1
0
1
1
1
0
0
0
1
1
1
1
0
1
0
0
0
1
0
0
0
1
0
0
1
0
0
1
1
0
1
1
1
0
1
0
1
0
0
1
0
0
0
0
1
1
0
1
0
1
0
1
0
1
0
1
1
1
1
1
0
0
0
1
1
0
0
0
1
1
0
0
1
0
0
1
0
1
1
0
1
1
0
1
1
0
0
0
1
0
0
1
1
1
0
1
1
1
0
0
0
1
1
0
0
1
1
0
0
0
1
1
0
0
1
1
1
1
0
0
1
1
0
1
1
1
0
1
1
1
0
1
0
0
1
0
0
0
0
1
1
1
0
1
0
0
0
1
1
1
0
1
0
1
0
1
1
1
0
0
1
0
1
0
1
0
0
1
1
1
1
0
1
0
1
1
1
1
1
1
0
0
1
0
1
0
1
0
1
1
0
0
1
0
0
1
1
1
1
0
1
0
1
1
1
0
0
0
1
1
0
0
0
1
0
1
1
1
0
0
1
1
1
1
0
1
0
1
1
1
0
0
0
1
0
0
1
0
0
1
0
1
1
0
1
1
0
1
1
0
1
1
1
1
1
0
0
0
1
0
1
1
0
1
0
1
0
0
1
1
1
0
0
0
1
0
1
1
1
1
1
0
0
1
1
1
1
1
0
1
0
1
1
1
0
0
1
0
1
0
0
1
1
1
1
1
0
1
0
1
1
0
0
0
0
1
0
1
0
1
0
1
1
1
1
0
0
0
0
0
0
1
1
1
0
0
0
1000
677 588
447 685
536 558
651 449
622 483
757 866
32 692
500 959
268 518
993 455
268 869
294 349
26 597
268 144
78 81
840 251
709 548
590 196
387 35
824 652
359 39
323 98
568 119
808 755
39 881
780 440
393 526
890 94
536 516
326 439
596 762
577 243
748 505
58 1000
291 841
567 95
574 864
805 395
644 769
247 509
953 333
330 823
617 77
702 49
379 809
306 235
810 842
588 738
759 58
97 339
555 596
218 848
850 972
773 789
844 49
90 485
606 397
688 1
31 723
48 452
70 442
755 263
807 70
813 99
144 561
787 998
804 50
104 802
577 947
432 745
761 394
251 566
783 79
351 1000
936 6
877 840
527 429
643 548
844 82
81 560
511 845
657 514
77 104
582 879
253 758
625 203
997 39
723 491
627 839
9 369
379 195
631 308
19 730
88 102
822 765
646 304
83 189
547 66
885 136
126 111
621 715
48 807
438 254
458 187
405 322
631 826
999 757
203 344
933 738
914 972
474 850
582 550
102 750
100 917
253 189
752 977
528 520
219 141
666 635
957 367
664 700
316 537
816 194
537 315
45 719
342 237
460 458
96 842
338 397
248 483
305 363
766 700
652 794
916 378
488 777
147 271
823 27
640 656
839 133
860 962
440 707
70 688
709 497
799 860
853 799
36 508
112 141
162 497
494 242
765 905
263 369
253 299
949 47
481 757
218 550
772 929
445 507
842 989
419 83
695 307
395 54
999 322
2 103
544 914
908 488
517 402
521 413
245 557
813 685
555 456
108 943
196 930
232 799
405 195
675 274
117 77
25 595
761 163
508 714
963 908
696 150
583 485
407 796
631 970
99 399
696 543
234 402
695 997
280 789
60 802
79 161
187 147
139 114
861 168
50 447
781 402
226 870
942 823
1000 911
759 770
580 17
567 604
303 740
406 7
306 738
256 608
602 568
318 143
671 371
205 572
768 314
806 19
714 470
177 359
59 764
133 426
724 936
19 692
804 240
353 327
93 326
644 463
8 69
49 357
313 124
580 624
820 31
204 839
114 35
389 769
496 955
495 835
266 327
72 303
430 893
277 390
566 952
863 654
720 21
242 233
891 200
149 910
822 93
554 568
936 48
916 78
392 561
484 912
859 953
772 406
420 70
269 644
68 688
7 763
305 137
98 788
274 97
201 874
42 316
401 176
297 192
375 417
982 879
285 100
627 251
500 809
414 719
149 737
422 716
53 168
872 236
751 11
320 689
268 84
192 133
49 894
455 883
860 305
557 31
927 222
976 413
858 157
929 180
66 966
202 190
455 657
791 8
183 665
552 304
399 601
953 746
743 108
403 186
108 996
386 260
681 581
798 770
616 490
48 956
482 279
480 435
318 135
312 721
322 546
568 368
224 496
436 62
199 125
976 907
604 68
310 154
772 594
215 635
188 223
464 35
314 950
462 570
828 971
86 400
755 842
302 576
849 640
17 624
140 851
982 747
748 917
755 322
750 204
45 176
970 777
932 926
367 337
749 55
642 862
363 218
860 27
863 904
710 755
599 550
694 995
23 719
518 48
305 941
982 18
839 36
620 155
850 144
510 988
287 286
769 519
476 607
905 559
63 649
355 550
778 305
722 195
697 804
134 955
620 714
755 583
407 800
858 165
187 778
963 451
815 307
658 957
211 791
373 246
36 141
873 72
735 634
576 48
483 36
498 967
533 723
803 960
936 244
895 928
297 177
942 674
425 817
280 263
556 243
680 513
901 272
697 794
982 663
515 931
138 431
230 765
163 413
230 261
751 470
211 737
356 247
621 486
825 452
181 214
693 838
389 19
340 285
39 493
33 959
330 271
4 327
36 978
713 542
977 269
437 882
944 756
719 689
126 550
331 314
751 671
718 503
414 65
86 811
733 539
548 88
203 897
161 996
855 24
823 497
140 492
846 551
651 984
823 924
733 848
707 491
544 586
469 670
740 762
313 686
643 389
745 875
458 884
640 813
787 364
599 722
239 591
900 814
893 308
872 53
836 336
580 679
562 709
963 308
653 700
521 987
586 212
466 168
492 10
872 440
691 49
816 523
376 355
625 965
322 235
657 160
221 829
694 605
131 628
48 755
900 650
318 454
886 379
323 988
94 504
633 842
110 954
342 957
385 818
551 238
230 909
102 347
575 211
368 605
353 220
403 76
808 510
960 997
611 935
290 172
580 668
786 855
33 567
517 731
8 420
189 646
269 288
771 954
255 696
178 918
594 29
960 51
669 655
616 407
132 223
130 518
468 153
914 883
788 575
239 32
456 805
756 519
176 585
810 831
589 75
965 808
408 911
167 126
786 829
959 558
612 405
977 874
303 996
896 542
831 828
746 446
793 636
359 647
700 722
558 382
628 860
454 423
936 164
374 727
576 612
300 328
880 378
935 706
132 6
311 271
858 69
673 916
301 374
840 724
284 626
73 871
766 177
452 222
572 18
852 283
378 443
675 501
594 845
769 432
401 873
632 55
416 350
711 716
566 63
293 27
967 121
804 940
13 828
458 331
213 725
308 248
792 342
863 626
589 380
857 9
481 384
160 761
307 77
470 10
723 60
870 154
806 419
426 65
774 364
572 645
294 660
710 55
227 769
205 875
532 352
773 712
572 965
241 778
704 522
879 142
857 678
282 917
185 197
777 990
310 594
753 245
456 89
324 790
801 560
972 591
51 742
871 262
808 714
355 33
318 650
17 79
830 582
122 610
842 972
53 894
951 894
571 450
547 556
979 331
543 450
278 190
281 803
664 734
548 117
679 181
34 235
745 895
747 2
495 390
826 401
119 419
755 800
960 882
466 708
881 512
66 70
305 829
128 588
595 946
224 737
983 967
127 384
219 31
374 444
364 506
766 165
654 286
908 360
329 238
154 476
943 226
368 384
648 365
53 987
839 793
726 332
81 932
341 451
182 565
794 987
623 667
633 159
914 29
962 814
243 200
557 259
669 642
211 685
881 446
524 254
653 394
61 141
871 243
249 220
845 455
919 487
213 646
562 426
530 104
908 754
842 732
206 887
31 236
407 758
632 221
551 651
927 411
836 407
45 232
5 258
774 591
52 428
821 447
87 20
189 340
310 614
130 407
997 682
867 660
627 884
393 166
706 587
377 201
850 193
607 571
152 185
455 731
642 930
616 324
717 355
156 563
506 353
928 841
891 729
766 273
220 563
49 333
462 851
348 606
86 342
599 155
183 635
514 598
600 632
264 590
104 321
537 919
101 897
585 8
413 721
170 998
421 203
797 602
500 1000
138 1
168 55
802 387
562 192
360 46
145 153
888 469
537 817
65 561
685 863
422 518
775 384
60 281
783 569
424 446
617 492
352 184
678 619
358 754
421 879
824 721
779 233
893 258
827 188
244 581
471 650
537 326
719 824
519 762
152 353
242 750
942 143
580 719
974 827
912 602
830 81
953 327
210 165
610 533
408 223
190 561
906 97
852 467
724 333
208 741
191 231
154 456
437 202
282 588
703 425
213 761
804 792
213 752
277 182
835 382
752 830
677 49
391 643
389 740
376 547
247 295
819 637
418 470
35 266
121 291
468 280
14 175
769 887
669 542
110 380
4 452
76 353
892 328
245 643
177 673
194 494
430 473
394 973
76 995
826 190
121 960
174 759
964 34
937 841
405 490
909 436
963 250
184 244
229 325
4 538
550 869
599 997
247 815
322 419
702 186
45 775
880 683
450 947
728 928
351 955
163 22
357 159
597 992
105 499
485 610
340 997
562 779
717 52
485 39
369 756
826 577
381 956
48 697
54 252
352 130
800 171
878 245
300 690
6 940
352 553
491 967
918 675
44 505
369 287
148 285
574 358
793 356
12 100
656 223
54 953
192 625
102 502
352 713
831 782
293 474
430 457
1000 822
542 595
274 915
851 630
536 776
951 213
544 461
857 521
404 754
863 577
643 780
937 172
158 510
38 540
332 996
96 807
813 322
348 629
151 657
297 260
8 49
721 965
566 926
769 610
119 822
423 819
313 673
427 782
426 454
772 30
543 8
930 871
616 677
98 942
849 370
500 367
937 848
141 716
171 339
473 399
418 856
856 549
643 514
348 920
438 261
558 852
585 395
794 842
539 827
653 967
527 310
198 284
42 938
700 190
515 27
569 711
538 541
543 85
147 368
973 508
421 287
669 532
825 31
940 727
858 655
131 888
793 625
217 368
873 531
254 52
135 930
822 931
523 160
18 319
80 53
401 963
172 821
373 650
255 104
230 923
196 964
746 251
176 140
548 287
304 801
28 152
713 61
929 676
118 474
885 799
660 136
371 546
994 677
576 36
54 110
34 600
70 126
40 454
816 976
990 422
743 83
679 626
306 55
314 854
587 189
978 424
730 973
594 287
700 519
882 923
297 48
351 867
655 398
607 708
175 690
536 666
343 461
779 409
995 543
688 165
792 882
69 893
489 382
548 522
292 435
90 567
909 143
621 131
13 869
14 38
989 469
50 58
1 130
348 971
333 822
752 305
148 585
522 854
455 380
599 595
763 563
288 556
