1000 1
2 1
3 1
4 3
5 4
6 3
7 4
8 6
9 1
10 7
11 9
12 1
13 11
14 9
15 7
16 3
17 2
18 8
19 8
20 9
21 11
22 2
23 11
24 21
25 17
26 9
27 21
28 14
29 5
30 2
31 17
32 16
33 10
34 22
35 34
36 8
37 2
38 15
39 37
40 4
41 32
42 30
43 40
44 34
45 43
46 26
47 9
48 22
49 20
50 44
51 37
52 1
53 20
54 45
55 2
56 9
57 51
58 11
59 19
60 14
61 36
62 39
63 48
64 3
65 39
66 60
67 35
68 5
69 50
70 28
71 55
72 30
73 52
74 69
75 67
76 13
77 8
78 57
79 39
80 52
81 49
82 1
83 40
84 1
85 47
86 37
87 1
88 60
89 86
90 63
91 57
92 18
93 26
94 57
95 56
96 27
97 1
98 16
99 52
100 39
101 78
102 70
103 65
104 19
105 18
106 50
107 85
108 91
109 100
110 105
111 4
112 45
113 40
114 107
115 73
116 42
117 112
118 47
119 6
120 40
121 57
122 101
123 52
124 113
125 14
126 52
127 45
128 18
129 108
130 105
131 107
132 98
133 54
134 44
135 65
136 123
137 89
138 123
139 95
140 116
141 85
142 32
143 86
144 87
145 36
146 90
147 137
148 106
149 132
150 6
151 119
152 20
153 136
154 132
155 1
156 51
157 77
158 30
159 13
160 115
161 111
162 61
163 22
164 14
165 95
166 96
167 140
168 79
169 125
170 19
171 118
172 132
173 27
174 144
175 41
176 43
177 155
178 104
179 20
180 149
181 10
182 91
183 148
184 148
185 92
186 64
187 184
188 71
189 134
190 115
191 27
192 110
193 12
194 101
195 157
196 63
197 191
198 105
199 120
200 50
201 123
202 141
203 28
204 90
205 102
206 77
207 131
208 88
209 128
210 76
211 82
212 37
213 37
214 37
215 1
216 164
217 183
218 200
219 155
220 200
221 82
222 74
223 58
224 222
225 48
226 30
227 58
228 147
229 38
230 225
231 154
232 206
233 101
234 224
235 223
236 84
237 8
238 229
239 122
240 20
241 47
242 45
243 115
244 195
245 196
246 9
247 107
248 124
249 22
250 82
251 20
252 69
253 3
254 53
255 2
256 173
257 118
258 226
259 133
260 112
261 144
262 198
263 28
264 82
265 104
266 81
267 137
268 61
269 220
270 198
271 257
272 131
273 236
274 100
275 100
276 6
277 259
278 14
279 205
280 258
281 153
282 22
283 157
284 200
285 101
286 181
287 37
288 174
289 45
290 98
291 220
292 291
293 199
294 86
295 283
296 153
297 90
298 102
299 243
300 94
301 26
302 203
303 114
304 149
305 42
306 302
307 3
308 64
309 73
310 9
311 289
312 289
313 11
314 259
315 238
316 211
317 108
318 284
319 135
320 205
321 171
322 312
323 238
324 138
325 235
326 109
327 293
328 155
329 98
330 207
331 34
332 89
333 57
334 325
335 175
336 307
337 93
338 251
339 123
340 136
341 291
342 48
343 216
344 87
345 341
346 184
347 249
348 285
349 347
350 279
351 40
352 291
353 133
354 83
355 114
356 336
357 305
358 184
359 336
360 236
361 187
362 57
363 46
364 132
365 105
366 192
367 82
368 113
369 78
370 79
371 7
372 87
373 48
374 235
375 138
376 108
377 136
378 155
379 271
380 368
381 237
382 361
383 112
384 11
385 306
386 191
387 49
388 262
389 98
390 265
391 3
392 194
393 97
394 235
395 181
396 75
397 329
398 309
399 292
400 31
401 161
402 386
403 5
404 228
405 59
406 308
407 255
408 406
409 114
410 103
411 65
412 13
413 42
414 29
415 277
416 245
417 336
418 378
419 414
420 364
421 215
422 252
423 146
424 150
425 354
426 75
427 399
428 418
429 82
430 346
431 103
432 55
433 292
434 345
435 188
436 222
437 218
438 155
439 209
440 92
441 362
442 296
443 105
444 363
445 339
446 249
447 211
448 254
449 47
450 428
451 170
452 275
453 169
454 418
455 20
456 392
457 245
458 250
459 306
460 179
461 355
462 296
463 366
464 347
465 442
466 368
467 4
468 403
469 152
470 188
471 282
472 412
473 306
474 252
475 323
476 28
477 8
478 345
479 352
480 156
481 423
482 370
483 418
484 57
485 336
486 328
487 304
488 72
489 254
490 323
491 409
492 276
493 320
494 474
495 144
496 199
497 211
498 91
499 313
500 488
501 161
502 445
503 193
504 125
505 477
506 310
507 303
508 1
509 445
510 473
511 320
512 454
513 315
514 184
515 147
516 105
517 379
518 287
519 148
520 320
521 219
522 116
523 69
524 500
525 178
526 31
527 425
528 304
529 283
530 497
531 91
532 376
533 242
534 273
535 63
536 384
537 18
538 294
539 3
540 101
541 96
542 260
543 421
544 211
545 104
546 92
547 163
548 254
549 339
550 44
551 189
552 288
553 133
554 127
555 99
556 158
557 507
558 511
559 100
560 47
561 248
562 443
563 465
564 138
565 402
566 484
567 45
568 303
569 450
570 350
571 424
572 259
573 72
574 74
575 160
576 286
577 286
578 389
579 377
580 348
581 193
582 160
583 281
584 445
585 521
586 68
587 578
588 332
589 497
590 267
591 315
592 63
593 153
594 520
595 255
596 253
597 347
598 418
599 433
600 474
601 458
602 147
603 303
604 233
605 531
606 358
607 472
608 178
609 48
610 327
611 545
612 189
613 43
614 612
615 288
616 527
617 208
618 89
619 226
620 3
621 461
622 428
623 530
624 122
625 68
626 390
627 539
628 263
629 60
630 490
631 147
632 554
633 194
634 246
635 420
636 113
637 109
638 633
639 100
640 83
641 443
642 139
643 348
644 373
645 295
646 109
647 255
648 320
649 158
650 39
651 597
652 520
653 434
654 534
655 375
656 107
657 50
658 546
659 91
660 639
661 254
662 202
663 184
664 489
665 150
666 143
667 218
668 39
669 223
670 164
671 261
672 543
673 248
674 396
675 316
676 88
677 357
678 456
679 674
680 350
681 635
682 304
683 634
684 652
685 85
686 24
687 100
688 223
689 600
690 440
691 26
692 439
693 606
694 458
695 145
696 625
697 146
698 279
699 76
700 434
701 73
702 85
703 502
704 59
705 28
706 24
707 388
708 293
709 361
710 581
711 380
712 327
713 313
714 530
715 466
716 467
717 77
718 448
719 705
720 601
721 262
722 424
723 160
724 563
725 3
726 715
727 608
728 34
729 438
730 639
731 418
732 490
733 210
734 542
735 1
736 702
737 613
738 457
739 630
740 434
741 128
742 298
743 75
744 404
745 658
746 429
747 119
748 496
749 230
750 435
751 227
752 504
753 21
754 743
755 155
756 366
757 690
758 47
759 565
760 244
761 205
762 509
763 250
764 185
765 444
766 368
767 272
768 161
769 309
770 590
771 361
772 455
773 164
774 269
775 527
776 520
777 409
778 340
779 577
780 556
781 76
782 594
783 753
784 245
785 65
786 444
787 627
788 665
789 597
790 415
791 652
792 121
793 512
794 160
795 99
796 302
797 683
798 586
799 268
800 461
801 62
802 286
803 614
804 775
805 209
806 650
807 14
808 749
809 664
810 36
811 142
812 145
813 650
814 319
815 573
816 305
817 9
818 152
819 716
820 348
821 532
822 233
823 598
824 615
825 129
826 249
827 720
828 150
829 229
830 185
831 624
832 474
833 608
834 821
835 774
836 153
837 173
838 417
839 756
840 565
841 721
842 584
843 325
844 315
845 615
846 603
847 215
848 778
849 562
850 120
851 641
852 426
853 269
854 679
855 339
856 484
857 501
858 65
859 503
860 713
861 858
862 498
863 856
864 73
865 330
866 106
867 249
868 690
869 476
870 248
871 368
872 807
873 684
874 90
875 572
876 453
877 382
878 521
879 852
880 7
881 399
882 878
883 773
884 59
885 131
886 40
887 525
888 457
889 257
890 704
891 74
892 376
893 650
894 612
895 883
896 617
897 325
898 169
899 273
900 407
901 335
902 859
903 515
904 367
905 231
906 900
907 513
908 390
909 15
910 530
911 889
912 890
913 650
914 798
915 840
916 663
917 797
918 226
919 2
920 794
921 447
922 415
923 246
924 531
925 370
926 514
927 50
928 720
929 847
930 423
931 849
932 6
933 758
934 270
935 922
936 701
937 269
938 914
939 518
940 664
941 891
942 818
943 265
944 590
945 944
946 625
947 430
948 202
949 338
950 337
951 933
952 853
953 817
954 607
955 179
956 450
957 581
958 584
959 487
960 553
961 561
962 23
963 803
964 166
965 315
966 195
967 224
968 871
969 515
970 420
971 430
972 881
973 543
974 643
975 150
976 762
977 934
978 257
979 214
980 319
981 326
982 109
983 393
984 327
985 764
986 479
987 645
988 841
989 617
990 366
991 512
992 973
993 510
994 69
995 921
996 804
997 995
998 957
999 606
1000 49
0
1
0
0
0
1
1
0
0
1
1
1
0
1
1
1
0
0
0
0
0
1
1
1
1
0
1
0
0
1
1
0
0
1
1
1
1
1
1
1
1
1
1
1
0
0
1
0
0
1
1
1
0
0
0
0
1
1
1
0
1
1
1
1
0
1
1
1
0
0
0
1
0
0
0
1
1
0
1
0
0
0
1
0
1
0
0
1
0
1
1
1
0
0
0
1
1
1
0
1
0
0
1
1
1
1
1
0
1
1
1
1
0
1
0
0
0
1
0
0
1
1
1
0
0
0
1
1
1
1
1
1
0
1
1
1
0
0
0
0
0
1
0
1
1
0
1
0
0
0
1
0
0
0
1
1
0
0
0
0
0
1
1
1
1
0
0
1
1
0
0
1
1
0
0
0
0
1
0
0
1
0
1
0
1
1
0
1
1
1
1
1
0
0
1
0
0
1
0
0
0
0
0
1
0
1
1
0
0
0
0
0
1
1
1
1
1
0
1
1
1
1
0
0
0
0
1
0
0
1
1
0
0
0
0
1
1
0
0
1
1
0
0
1
0
0
0
1
0
0
0
0
0
1
1
1
1
1
1
1
0
1
0
1
1
0
1
0
1
1
0
1
1
0
1
1
1
0
0
1
1
0
0
1
1
0
0
1
1
1
0
1
1
0
0
0
0
0
1
0
1
0
1
0
1
1
0
1
0
1
0
1
0
0
0
0
1
0
0
0
0
1
0
1
1
0
1
1
1
1
0
0
0
0
0
1
1
0
1
1
1
1
1
1
1
0
0
0
0
0
1
1
0
0
1
1
0
1
0
1
1
0
1
0
0
0
0
1
0
1
0
1
0
0
0
0
1
0
0
0
1
0
0
0
0
1
0
1
1
0
1
1
0
1
0
0
1
1
1
0
1
0
0
0
0
0
1
0
0
1
0
1
0
0
1
1
0
1
1
1
1
1
1
0
0
1
1
0
1
0
0
1
1
1
0
1
1
1
1
1
1
1
1
1
1
1
1
1
1
1
1
0
0
0
1
0
1
0
0
1
0
0
1
0
1
0
1
0
1
0
1
0
1
0
1
1
0
1
0
0
0
0
0
0
0
0
1
0
0
0
0
1
0
0
0
1
0
1
1
0
1
0
0
1
1
0
0
1
1
1
1
0
0
1
0
0
0
1
1
1
1
1
1
1
1
0
1
0
1
0
1
0
0
1
0
0
1
0
1
0
1
0
1
1
1
1
0
0
0
0
1
0
0
0
0
1
1
1
0
1
1
0
0
0
0
0
1
1
1
0
1
1
1
1
1
1
1
0
1
0
0
1
0
1
1
1
1
1
0
1
0
1
1
0
0
1
0
0
1
1
1
1
1
1
0
1
1
1
1
0
0
0
0
1
0
0
1
0
0
1
0
1
1
0
0
0
0
1
0
0
0
1
1
0
1
0
1
1
1
0
1
0
1
0
0
0
1
1
0
0
0
0
0
0
0
1
0
0
0
0
1
1
1
0
0
0
0
0
1
0
0
1
1
1
0
0
1
1
1
1
0
0
0
0
1
1
1
1
0
1
1
0
1
1
1
1
0
1
0
0
0
1
1
0
1
1
0
1
0
0
0
1
1
1
1
0
1
1
1
0
1
0
1
0
1
0
0
1
1
1
0
1
0
1
1
1
1
0
1
0
0
0
0
1
1
1
0
0
1
1
1
1
0
0
0
0
0
1
1
0
1
1
1
1
0
1
0
0
0
1
1
0
0
1
1
1
1
0
1
0
0
1
1
1
0
1
0
0
0
0
0
0
0
0
1
1
0
0
1
0
1
1
1
1
1
1
0
0
1
0
0
0
0
1
0
0
1
0
0
0
1
1
1
0
0
0
1
0
0
0
1
0
0
1
0
1
0
0
1
0
1
1
1
0
0
0
1
1
1
1
1
1
0
0
0
1
1
0
1
1
0
1
1
0
0
0
0
1
1
1
1
1
1
0
1
1
0
0
0
1
0
0
0
1
0
0
0
0
1
1
0
0
0
0
1
1
0
1
1
0
1
0
1
1
0
1
1
0
0
0
0
1
0
1
1
0
0
1
1
0
1
0
1
1
1
0
0
0
1
1
1
1
0
1
0
1
0
0
0
0
1
1
1
0
0
1
0
0
0
1
0
0
1
1
0
1
1
0
0
1
1
1
0
1
0
0
0
0
1
1
0
0
1
0
1
0
0
1
0
0
0
0
1
0
0
0
1
0
0
1
0
0
0
1
1
1
1
1
1
0
1000
72 175
766 826
779 621
16 976
717 348
658 865
50 869
607 724
268 462
562 440
476 872
243 481
784 941
577 680
680 820
364 133
530 591
205 733
435 100
348 218
659 625
49 476
322 1000
643 713
150 326
371 663
860 281
710 559
322 28
55 99
401 327
52 163
389 409
653 834
431 467
319 193
446 79
66 823
638 323
629 387
375 604
431 630
152 615
409 183
18 777
987 25
636 731
672 31
281 996
706 160
600 167
801 970
781 179
380 531
656 777
582 931
715 742
53 563
992 319
910 153
784 275
309 341
28 279
380 277
502 647
673 268
631 484
970 963
432 503
858 722
263 760
759 136
151 655
771 675
318 581
977 340
74 120
645 854
803 738
858 208
848 327
92 685
999 354
791 835
635 561
749 560
752 862
153 400
780 797
396 232
405 686
993 7
26 627
80 825
546 861
345 222
95 285
717 869
794 425
811 158
824 447
357 88
764 453
175 830
970 994
620 193
451 344
899 994
703 880
220 350
846 764
725 264
367 868
100 515
218 87
50 594
516 211
439 113
237 222
416 660
642 240
989 812
425 101
139 895
37 678
749 659
496 170
816 464
919 68
55 897
42 794
460 145
364 169
750 328
210 504
839 364
221 101
930 882
418 537
567 146
336 12
493 654
127 617
817 646
368 762
863 82
687 154
222 857
750 953
130 230
309 916
690 380
113 108
206 175
508 300
840 152
991 529
222 264
118 375
57 912
984 439
511 759
914 985
41 450
479 527
611 46
313 778
974 140
646 302
393 794
858 851
928 987
299 182
266 144
101 800
800 857
820 460
663 874
610 412
522 673
775 386
182 615
591 802
787 755
786 356
148 866
745 731
723 153
825 558
753 356
440 42
151 437
635 190
872 797
617 315
227 471
698 626
258 724
713 311
355 298
932 908
661 597
385 546
808 572
990 281
460 759
582 833
452 791
847 354
832 886
557 558
49 819
735 455
379 829
722 359
254 974
250 636
22 188
757 865
970 851
52 660
820 235
21 421
159 284
140 999
34 938
561 807
751 852
492 110
599 226
222 894
530 336
979 891
879 156
569 703
805 771
221 734
864 518
522 191
386 704
564 780
91 148
440 754
639 387
835 139
789 394
473 9
185 637
279 526
417 509
844 297
555 1000
138 555
606 385
246 266
579 350
310 601
543 253
554 123
579 53
263 460
292 792
693 964
878 954
912 217
709 221
746 925
177 930
659 238
650 675
425 276
994 440
547 89
612 106
1000 952
698 426
321 555
314 442
157 188
919 975
998 947
69 532
958 895
308 516
144 763
170 690
858 951
960 150
113 435
462 544
758 291
9 397
969 621
509 360
431 551
329 609
27 533
169 856
543 686
592 665
755 414
926 840
396 700
613 809
29 918
253 143
612 334
672 602
300 17
783 189
761 889
97 862
765 195
608 917
590 702
61 31
482 992
673 705
262 170
429 580
44 772
395 895
534 585
486 399
74 577
37 526
692 6
808 292
403 241
459 303
646 881
180 846
817 363
643 544
780 87
55 856
856 261
184 113
458 945
448 360
660 798
25 183
560 559
912 316
198 665
824 541
185 114
585 982
895 597
658 362
583 724
94 307
220 694
913 390
726 354
759 370
594 597
968 609
27 83
276 770
500 180
678 366
595 906
150 484
777 575
110 976
889 92
872 328
756 915
819 300
899 600
256 748
607 773
248 532
380 611
462 853
513 949
823 477
413 3
48 459
818 882
42 694
394 717
538 153
305 700
555 143
452 363
446 667
987 637
122 214
963 90
360 524
798 966
800 472
192 360
861 463
651 153
81 845
39 257
930 773
760 216
142 598
674 504
307 647
97 140
223 462
284 26
666 361
314 96
407 93
693 683
467 556
849 245
906 392
946 236
299 869
890 22
808 839
598 538
154 510
80 117
970 689
64 987
913 569
760 404
918 144
209 998
853 435
648 699
58 303
141 60
64 521
13 925
62 804
306 248
97 494
490 215
601 918
466 870
577 828
247 622
811 904
134 901
656 740
587 972
366 215
510 527
440 984
141 283
3 520
769 913
344 925
718 151
485 651
91 196
44 725
442 278
563 397
522 435
620 539
618 941
320 254
515 279
788 155
829 591
478 617
449 953
97 205
996 78
212 124
26 458
980 462
520 657
947 613
319 434
924 627
239 340
695 303
311 220
22 252
499 276
965 806
702 517
348 889
306 11
795 420
761 807
777 961
443 583
879 631
931 710
106 54
720 81
782 400
378 970
653 16
725 210
457 59
169 511
124 705
868 303
73 691
847 216
229 137
272 206
424 746
736 954
528 943
489 48
589 731
584 547
705 333
877 76
64 766
204 663
66 317
344 984
864 197
277 551
994 21
26 414
165 419
396 197
629 978
560 861
779 50
804 205
75 729
39 13
299 906
382 374
665 230
5 801
889 261
936 747
260 355
321 904
900 116
845 263
687 908
161 336
361 155
319 859
953 68
124 687
205 971
103 112
126 231
355 580
82 54
960 105
775 678
851 533
55 158
557 526
641 718
649 68
319 84
652 599
718 897
885 472
111 888
746 451
763 910
602 917
144 159
3 417
116 739
635 750
568 909
274 979
216 613
101 694
75 620
360 758
821 434
383 20
724 933
611 180
998 971
456 192
612 502
5 524
128 178
662 881
907 525
965 1
24 111
282 31
144 278
187 622
980 894
690 906
659 331
367 939
629 897
646 468
80 813
832 113
893 347
796 868
985 339
165 362
195 98
722 535
859 458
105 768
161 787
241 773
661 569
619 489
556 702
152 8
681 378
886 544
908 207
28 993
225 329
975 654
580 115
787 732
690 892
52 851
589 131
540 260
120 227
880 523
362 96
457 264
135 548
975 193
545 637
280 27
839 559
206 74
150 982
945 584
77 430
436 59
571 670
573 509
16 965
654 630
636 504
457 169
595 299
972 444
828 311
964 906
848 280
370 54
976 617
731 206
16 465
865 666
121 875
365 786
91 338
497 782
388 104
537 561
928 83
37 215
230 284
935 989
762 295
282 256
28 774
327 788
90 953
393 465
384 832
387 940
943 819
376 683
757 543
135 716
914 232
357 671
660 155
818 588
991 683
829 60
8 101
29 562
732 67
867 59
580 379
700 796
518 233
557 1
533 676
793 235
45 358
403 12
195 870
576 758
161 741
790 556
401 232
431 564
4 699
187 954
451 55
865 431
876 77
916 142
965 181
851 791
885 866
595 879
300 183
975 745
914 787
57 421
743 999
186 210
330 647
600 67
81 244
529 481
958 278
545 103
673 543
189 486
958 749
651 365
789 892
460 903
574 852
605 88
522 911
602 26
226 174
895 287
698 712
2 977
121 991
13 637
450 926
793 983
25 407
928 423
670 601
143 448
512 647
828 614
419 684
555 665
365 736
898 573
375 537
917 425
742 620
462 935
36 945
947 494
424 714
586 20
306 406
848 617
210 780
929 586
918 237
437 558
580 954
430 896
338 414
995 907
606 548
652 20
73 734
579 697
774 313
449 266
915 660
53 700
994 428
49 28
625 672
346 384
294 627
212 790
156 888
383 446
355 375
134 569
204 570
313 762
838 626
415 192
993 838
42 889
372 789
52 723
850 836
596 856
697 124
414 47
528 298
189 986
812 265
343 194
715 999
665 402
770 510
268 330
704 220
185 441
294 124
94 755
216 554
465 385
848 811
241 992
359 494
421 523
401 801
84 460
380 495
793 51
558 673
296 206
6 906
438 297
229 287
935 576
860 388
571 669
379 918
444 583
608 692
12 277
24 838
330 398
315 664
874 474
899 737
277 979
434 662
170 429
699 612
395 738
198 285
443 649
583 698
917 777
67 970
651 232
598 589
605 878
587 643
607 13
105 784
878 226
177 172
330 792
249 733
602 379
847 128
568 409
17 165
403 892
823 223
217 274
477 39
732 216
781 278
649 168
58 993
918 132
869 219
65 737
709 678
727 428
59 837
770 724
6 964
911 894
82 13
333 896
974 50
308 921
877 551
631 503
177 94
135 845
380 847
377 264
776 227
470 448
186 357
169 125
482 247
861 56
325 136
790 508
968 273
348 43
160 564
324 629
458 100
302 842
634 198
693 648
624 420
196 271
307 564
15 37
171 168
216 40
330 287
145 531
633 362
219 378
890 930
725 657
134 84
233 277
94 764
520 610
532 854
74 750
128 544
973 900
931 168
965 129
582 199
597 106
700 447
361 922
188 653
477 689
387 3
626 194
298 224
232 224
792 592
478 21
524 384
72 348
985 753
343 997
118 729
625 469
657 456
28 122
104 538
696 892
657 701
197 701
728 648
780 544
352 426
162 310
992 794
47 329
208 128
273 439
351 489
710 509
842 510
526 505
514 845
795 674
690 453
442 502
575 698
275 971
822 22
287 273
988 716
269 600
894 270
400 177
32 460
957 406
472 127
948 284
177 408
448 482
267 882
823 603
911 402
342 510
525 436
545 82
714 278
242 734
147 811
742 265
534 254
94 276
295 431
230 763
629 451
235 829
544 398
89 272
116 537
