100 1
102 1
99 91
88 72
76 54
54 59
54 24
4 65
63 67
40 41
67 43
70 86
7 57
27 2
95 46
35 100
85 78
21 13
38 72
75 53
35 51
34 15
14 73
45 53
79 28
1 72
32 16
58 11
80 54
24 13
77 91
62 53
21 46
91 2
57 46
52 6
3 16
6 59
52 33
31 28
7 33
41 63
3 50
68 73
11 15
5 1
96 53
27 95
87 54
6 55
16 16
85 53
79 33
97 54
101 1
44 53
23 67
48 91
15 57
56 34
30 57
51 38
51 100
42 55
94 14
80 76
7 17
66 53
77 46
46 57
26 13
7 85
89 33
72 46
20 32
19 84
81 98
16 27
87 14
4 99
93 64
76 68
18 73
44 8
84 51
74 19
71 84
77 84
75 4
8 59
69 84
100 54
35 96
8 4
77 52
30 91
36 34
12 47
83 84
23 54
61 31
63 27 82
