91
1 505
1 514
1 516
1 517
1 520
1 527
1 532
1 538
1 561
1 566
1 568
1 568
1 578
1 579
1 581
1 593
1 604
1 620
1 627
1 649
1 650
1 656
1 676
1 686
1 688
1 699
1 701
1 712
1 714
1 716
1 726
1 733
1 735
1 739
1 742
1 745
1 750
1 757
1 759
1 759
1 764
1 778
1 779
1 784
1 786
1 789
1 792
1 794
1 796
1 799
1 802
1 808
1 813
1 823
1 832
1 833
1 837
1 852
1 878
1 880
1 880
1 882
1 883
1 887
1 887
1 892
1 900
1 902
1 908
1 915
1 923
1 924
1 924
1 925
1 934
1 934
1 939
1 946
1 948
1 952
1 955
1 955
1 957
1 957
1 963
1 978
1 984
1 987
1 988
1 990
1 992
0
