9142
251
386
94
562
567
983
385
153
10
254
210
608
706
623
367
886
341
173
385
54
972
745
825
530
931
231
276
691
799
540
272
776
573
408
277
605
78
622
271
884
766
195
121
192
776
732
771
628
654
646
367
210
3
699
557
546
45
745
96
834
465
205
793
449
768
150
125
913
240
594
191
985
969
439
631
238
316
323
980
260
150
840
55
353
413
111
733
109
858
78
522
590
887
832
476
739
887
523
912
45
477
933
789
358
249
17
154
938
928
843
909
573
145
245
150
902
230
971
178
60
369
294
540
716
86
938
161
1000
135
1000
193
49
321
21
676
14
742
715
816
985
137
737
18
771
216
400
233
138
870
330
550
443
70
977
215
718
104
925
862
8
465
256
355
486
550
444
467
702
578
392
687
824
920
68
17
853
536
529
384
973
76
247
95
846
70
480
94
211
456
139
378
206
972
657
126
538
534
549
906
993
492
808
410
343
886
544
635
110
880
854
30
940
503
471
41
287
79
104
778
550
447
400
173
889
566
874
599
185
962
789
473
411
301
299
285
222
526
424
987
785
749
379
205
796
568
24
449
151
474
759
812
337
515
65
373
413
944
139
846
57
853
720
288
439
123
164
448
449
869
852
761
136
331
277
126
512
993
522
422
937
692
230
937
294
450
838
792
48
764
228
8
936
754
373
284
98
123
212
619
324
380
168
506
882
840
264
954
644
662
803
663
974
335
360
891
561
804
784
865
750
908
663
948
337
849
264
786
6
448
741
583
455
150
59
605
836
480
539
308
92
642
893
874
218
213
284
386
944
137
930
562
460
665
586
656
390
877
404
4
694
919
102
916
980
8
791
777
802
647
727
805
85
691
238
339
891
343
886
68
372
600
751
292
62
202
523
233
540
177
598
456
998
714
71
46
886
200
698
402
115
321
943
576
125
11
818
583
154
114
979
489
455
241
962
501
297
573
66
825
856
549
881
433
837
213
202
273
249
41
583
865
555
888
869
537
427
27
261
324
568
727
420
256
548
947
988
652
497
58
459
129
801
652
896
970
82
27
210
113
971
811
239
52
204
828
800
454
536
535
138
837
269
814
282
702
959
653
916
208
48
940
7
139
422
18
208
706
698
665
144
50
302
510
410
92
882
23
406
276
353
726
500
220
495
299
851
574
232
73
632
473
444
974
253
20
171
959
484
104
770
74
67
796
107
430
227
233
951
221
676
648
153
754
515
571
574
870
970
843
291
141
478
208
373
746
39
187
161
383
832
369
148
617
125
735
981
85
208
457
601
720
246
252
997
579
752
34
487
393
337
419
815
983
986
621
814
506
408
906
606
360
516
654
176
81
207
89
376
65
823
149
98
221
574
766
802
7
651
362
662
847
714
33
387
658
484
915
962
577
475
9
58
183
150
508
819
997
639
900
748
755
148
242
431
993
224
166
184
309
872
917
911
696
169
815
601
38
752
355
739
169
557
508
410
560
420
24
261
711
344
344
150
121
272
311
205
745
805
986
400
843
881
151
786
610
315
717
196
812
826
300
117
386
915
713
144
597
551
449
351
963
572
278
887
177
39
450
288
40
567
440
33
281
900
420
71
55
743
448
116
670
195
84
301
563
916
444
743
717
660
34
709
603
734
944
806
493
506
343
127
713
414
344
80
739
501
242
162
727
20
346
913
209
878
291
21
177
361
965
910
719
832
873
838
173
933
635
824
47
940
537
957
627
270
417
440
505
593
629
741
923
375
585
403
79
191
921
329
596
522
962
10
579
60
84
160
514
220
635
266
434
417
944
729
673
154
601
8
948
114
722
320
366
85
61
101
660
672
29
526
212
215
451
814
847
856
764
913
266
219
860
501
906
846
30
501
406
827
864
388
748
117
242
383
240
463
922
364
209
842
579
379
318
128
14
858
780
545
602
168
787
959
286
710
764
507
673
301
160
829
632
306
314
849
879
49
612
133
526
20
714
352
47
512
646
903
958
901
867
580
616
299
973
777
456
198
237
181
734
594
869
449
737
933
80
124
216
89
935
984
73
508
34
951
642
974
638
628
641
413
783
606
96
386
96
791
259
419
305
48
461
355
555
512
96
242
566
455
616
721
765
363
363
861
854
978
164
396
484
236
250
371
503
940
482
160
396
735
227
318
455
612
858
338
895
326
439
995
773
768
374
607
283
927
390
629
682
29
78
577
924
90
999
960
352
361
259
503
661
887
622
233
962
385
881
10
520
705
112
488
641
596
140
160
957
914
527
210
166
766
285
103
163
209
664
601
641
492
563
40
299
753
885
824
223
620
49
692
827
867
39
982
220
48
897
322
63
109
478
850
935
567
723
961
750
327
455
834
136
652
683
406
124
591
400
58
587
781
590
926
986
785
258
715
160
614
730
556
486
976
124
649
414
140
931
835
266
49
259
908
805
692
460
207
866
885
600
962
950
195
64
838
342
283
31
350
273
81
910
445
16
160
390
630
575
617
97
671
309
355
841
671
602
825
488
348
387
560
930
261
175
188
702
525
246
371
918
744
562
818
301
257
412
423
582
50
959
14
289
630
545
526
177
174
58
636
691
927
207
964
63
918
166
439
202
267
718
529
225
456
596
798
483
391
949
214
20
153
119
897
387
464
439
989
108
838
988
102
408
586
995
236
369
680
875
191
534
67
422
207
790
304
583
234
644
211
193
812
172
325
114
137
770
882
741
569
675
782
654
82
420
458
926
665
299
907
64
53
294
133
16
268
570
530
249
962
670
625
8
563
212
829
134
526
183
144
160
629
69
513
967
981
804
53
574
887
62
120
687
309
765
952
324
953
306
180
236
321
483
733
600
149
693
30
132
643
438
177
94
506
523
604
496
108
562
799
266
301
989
428
134
333
271
273
122
596
499
444
318
380
619
618
920
72
786
767
395
563
438
247
723
524
205
549
722
122
618
933
123
302
434
89
306
763
677
35
385
42
166
303
319
712
619
479
196
272
178
30
254
70
962
600
575
992
69
261
967
338
155
474
156
741
114
832
751
704
221
377
529
74
272
67
442
349
980
371
833
566
975
542
412
561
495
589
896
918
499
238
717
565
47
411
126
250
343
61
322
339
57
792
523
466
537
96
520
25
75
712
927
117
53
972
456
65
682
291
839
576
345
893
396
968
472
545
75
41
763
408
622
472
794
426
729
115
542
657
945
541
714
809
309
817
745
229
623
898
897
359
71
488
814
715
657
519
914
273
593
921
55
339
884
552
550
716
518
906
992
714
164
599
119
724
185
255
702
852
819
731
435
79
290
192
564
622
696
952
985
967
691
562
561
911
453
767
160
838
212
731
859
889
7
896
432
889
820
371
113
934
320
960
562
498
457
971
68
606
942
394
496
418
602
917
643
698
721
113
118
293
324
613
998
159
39
396
588
418
331
665
957
24
355
624
843
59
897
617
878
701
355
81
583
407
980
375
707
139
454
375
890
252
243
474
159
565
19
469
597
12
330
961
872
736
802
341
56
175
347
215
977
27
748
99
781
611
706
952
474
290
562
804
687
581
581
37
328
723
541
147
471
342
822
159
46
831
725
120
299
398
260
417
823
496
958
481
133
723
863
207
714
180
976
321
733
922
137
165
565
202
485
472
240
743
316
304
891
343
262
191
597
141
522
785
94
636
655
803
3
566
336
757
704
248
225
691
17
591
729
348
947
167
122
17
699
643
102
525
611
27
934
173
583
387
767
679
278
59
32
868
917
2
904
285
358
950
427
213
840
788
899
467
896
30
765
958
15
500
708
59
733
949
140
716
874
756
510
261
735
646
354
344
93
305
826
30
53
290
125
758
607
631
147
474
364
180
928
121
192
650
145
74
24
244
600
786
722
678
515
282
188
121
964
870
681
172
498
238
865
273
815
988
703
865
846
595
25
181
917
688
765
984
917
118
860
568
601
462
761
257
866
564
165
749
234
967
656
883
891
529
133
290
819
52
103
549
480
765
371
880
708
367
941
617
972
796
735
71
629
953
909
12
827
828
94
11
576
541
753
975
248
968
881
208
414
196
684
904
642
943
895
181
55
975
85
468
107
832
406
612
249
591
633
817
765
951
400
723
433
302
627
633
190
141
77
5
423
807
918
60
621
974
46
872
450
546
840
23
680
257
206
999
123
432
719
873
951
992
797
760
745
958
252
85
819
872
485
201
85
8
744
555
823
957
108
450
262
859
871
677
675
742
658
596
875
384
664
483
176
998
694
264
344
696
881
944
371
462
340
204
792
298
888
78
230
916
302
172
470
363
367
940
800
227
18
425
612
28
666
550
731
877
120
561
619
646
831
9
36
633
366
372
319
723
652
698
444
591
118
716
403
276
524
963
382
511
383
163
49
737
43
564
148
553
408
679
600
650
720
509
428
287
436
283
103
899
469
616
624
174
472
982
787
578
401
918
415
971
219
361
721
54
206
653
110
918
993
367
629
629
757
971
268
349
570
347
890
124
154
371
97
547
621
256
410
110
55
854
527
400
848
62
385
758
480
463
408
465
293
859
558
279
357
610
618
31
911
51
299
952
113
747
145
506
226
782
410
974
446
191
712
750
531
301
835
748
951
326
120
395
179
437
768
766
682
77
486
677
477
271
748
936
76
925
531
52
393
609
881
807
388
442
55
535
410
9
96
170
155
160
26
768
183
115
695
56
80
600
663
900
912
499
215
253
959
836
436
483
268
89
669
36
61
415
582
387
403
39
316
648
139
401
895
884
407
633
934
780
590
40
507
428
226
208
553
279
321
628
230
470
188
961
153
839
617
889
873
55
897
320
742
960
128
424
536
48
463
332
490
108
441
991
899
138
855
958
971
367
696
980
572
664
434
832
789
378
761
943
317
120
323
548
768
979
727
847
470
424
730
996
67
719
140
278
255
296
343
584
583
194
795
835
503
193
880
103
370
871
139
556
179
747
396
430
247
94
248
23
522
815
87
515
563
201
199
133
506
792
419
980
503
216
173
370
379
842
183
760
510
709
195
103
857
509
663
518
24
186
307
12
539
679
772
659
404
82
779
771
45
367
374
65
32
763
236
342
123
635
362
632
802
72
395
764
193
301
438
595
638
426
209
729
635
675
721
907
859
377
999
969
755
433
666
72
974
789
528
126
122
583
470
777
119
886
894
801
365
953
483
108
326
89
176
96
561
814
736
425
642
673
165
560
987
860
894
451
879
857
647
99
177
693
115
48
926
662
742
395
274
100
662
269
485
513
12
269
159
523
785
163
932
940
428
723
852
305
291
939
611
422
905
569
407
100
83
896
73
175
934
814
720
156
130
182
341
854
379
321
730
488
220
891
292
89
617
229
26
522
632
54
170
16
632
139
588
294
816
908
351
688
578
183
667
809
544
911
14
530
692
66
940
542
308
409
445
350
27
614
24
372
214
610
647
822
873
705
62
761
50
587
754
420
712
993
349
270
155
591
22
126
774
442
808
809
846
719
173
969
264
189
281
662
477
981
623
771
829
12
51
281
612
20
315
765
387
718
100
700
192
601
930
887
132
491
565
329
322
299
48
830
666
866
989
174
508
526
121
441
930
636
771
926
642
851
693
999
408
545
887
480
807
570
944
168
769
971
572
122
705
396
957
693
244
218
316
599
228
812
185
91
913
824
613
401
342
761
986
956
869
409
289
407
577
989
345
157
297
414
539
386
207
185
553
752
519
998
359
966
945
840
317
513
855
726
701
621
419
335
71
256
1000
880
587
571
196
696
304
479
505
93
771
759
450
57
77
290
878
98
736
343
253
298
67
224
180
677
188
582
184
524
861
789
184
382
525
178
847
876
830
998
106
363
853
955
648
663
62
265
832
670
454
224
704
131
16
105
446
976
655
865
188
796
232
695
598
197
609
534
428
404
550
345
979
63
613
968
665
581
541
985
83
650
419
809
358
198
655
775
281
62
787
491
798
1
721
867
680
549
231
906
306
447
977
81
631
347
946
295
292
50
545
182
103
395
135
15
131
293
959
402
822
264
522
437
22
592
19
847
877
190
200
990
418
160
777
30
255
28
551
817
460
900
257
286
76
299
249
440
865
139
224
37
427
389
812
847
24
514
767
733
219
624
359
909
390
816
486
649
791
869
997
811
214
812
756
87
413
852
251
261
408
863
305
333
407
626
59
236
61
741
640
515
30
842
281
65
712
625
472
587
114
327
190
973
27
277
178
199
470
885
427
998
492
91
212
545
117
623
338
467
501
333
117
253
832
887
86
870
155
905
357
801
950
886
672
122
610
101
848
419
893
466
262
221
763
944
111
899
251
304
635
343
237
161
684
547
549
772
52
39
886
139
865
926
951
334
342
196
147
51
24
323
400
757
666
722
308
575
818
615
644
419
88
778
445
16
888
43
507
398
140
341
797
642
750
216
816
891
632
317
287
299
466
296
355
544
72
289
771
916
495
168
878
558
980
8
138
318
174
347
899
710
472
128
561
402
409
894
751
987
400
897
967
894
301
796
782
698
132
620
41
826
936
265
852
226
6
13
299
442
658
818
39
430
140
527
630
637
575
513
380
249
727
615
263
327
839
634
239
274
816
263
960
355
440
916
777
276
973
650
531
120
701
747
982
463
416
952
846
320
550
368
676
219
573
449
286
940
944
663
540
248
652
94
808
255
363
272
292
594
57
863
867
654
455
179
895
915
109
444
931
438
207
432
789
347
589
881
49
992
18
864
633
785
101
588
387
604
732
389
100
756
576
966
529
161
536
784
656
254
257
122
782
669
615
373
2
805
735
680
614
503
272
999
103
41
223
139
467
18
563
653
760
348
156
640
780
316
422
309
399
914
230
898
10
525
520
975
378
73
807
383
655
681
341
228
526
701
598
254
941
259
255
339
43
533
379
595
699
509
47
488
269
99
918
703
862
74
956
744
976
179
380
266
677
754
686
20
432
246
719
857
396
131
496
500
825
226
822
435
812
19
661
919
13
710
700
246
972
427
343
975
194
838
633
185
152
425
406
52
85
915
202
860
107
934
523
135
171
482
603
171
253
463
711
471
647
263
717
881
889
602
669
76
780
417
952
67
214
892
953
159
161
695
526
351
607
573
32
302
620
819
276
336
746
643
734
206
688
364
792
50
85
239
404
561
554
417
439
85
327
62
182
217
980
845
353
768
516
572
788
339
468
653
443
678
922
853
410
923
222
763
506
51
256
703
824
734
477
100
744
315
416
989
467
248
730
567
920
389
838
839
393
199
784
416
368
461
631
388
408
784
319
284
963
612
607
792
788
695
275
156
364
930
603
825
211
148
192
352
203
70
276
668
616
394
991
462
729
649
17
178
411
274
320
644
759
752
962
250
251
915
154
492
293
393
213
446
152
778
829
721
369
163
851
187
748
69
557
114
456
226
568
43
676
455
227
634
345
979
431
329
867
869
448
590
690
453
53
125
603
154
802
596
25
260
830
743
716
79
385
438
164
263
902
452
424
896
457
650
898
779
473
740
544
159
298
888
233
820
925
69
848
4
293
836
354
435
601
387
928
907
783
650
111
664
994
883
319
918
866
979
295
822
937
338
358
928
54
59
427
18
537
891
944
92
77
701
769
408
288
257
175
933
626
211
428
886
587
966
799
545
118
214
656
647
388
897
506
808
555
380
161
299
944
372
562
197
605
60
732
952
162
413
505
889
456
873
509
943
118
536
155
237
774
973
136
647
26
101
139
830
648
740
272
809
305
427
450
133
320
280
240
884
800
90
786
270
182
644
142
427
49
776
631
841
688
189
857
545
415
776
361
31
444
949
820
230
993
397
806
583
779
164
294
563
365
443
589
343
530
318
725
545
499
850
471
410
438
302
901
766
845
115
139
105
772
854
287
701
482
101
818
265
625
898
727
814
678
891
315
745
843
273
295
653
534
856
792
696
758
927
71
255
917
687
314
486
993
16
440
46
21
744
212
730
830
537
454
281
715
123
354
573
636
172
286
62
893
643
698
499
160
34
268
628
781
107
881
750
408
262
878
548
812
733
322
969
358
681
717
144
617
825
472
444
348
606
825
332
724
912
667
924
844
876
325
419
476
668
788
953
438
52
648
890
341
690
17
25
69
590
480
214
260
802
251
528
17
223
477
276
362
341
189
847
140
67
448
830
191
525
904
620
125
677
251
765
328
395
586
767
943
215
851
106
806
970
930
773
212
532
953
681
904
68
288
374
223
925
873
203
558
740
402
776
836
63
629
373
650
921
2
738
5
510
273
798
696
556
974
56
388
305
269
141
199
923
116
208
97
411
576
641
919
170
962
82
624
371
668
690
120
487
743
139
960
986
449
361
548
114
249
587
385
682
959
247
994
407
869
600
687
908
944
705
478
125
417
640
791
867
498
966
345
909
628
754
234
769
701
919
132
819
869
762
55
747
723
80
309
607
197
379
77
755
729
275
675
998
452
513
675
187
583
239
769
612
864
727
239
118
918
489
568
503
565
324
461
451
386
363
727
748
296
649
347
61
923
752
124
946
216
220
459
293
199
543
530
985
892
892
164
676
407
181
215
175
443
135
639
526
356
477
852
552
33
966
858
617
139
587
800
789
944
677
781
558
856
226
134
593
371
979
723
992
575
503
431
108
450
990
502
660
661
981
231
397
124
467
636
879
457
519
16
264
632
456
224
288
997
417
136
980
379
872
508
721
446
560
430
443
725
278
438
376
358
600
434
235
888
795
86
509
313
416
906
102
575
557
67
903
349
960
620
382
600
546
323
671
989
22
161
980
680
142
240
810
3
349
483
42
880
175
119
159
181
731
422
372
237
601
533
571
685
18
986
476
353
333
838
279
815
683
341
83
941
124
500
226
178
894
917
142
232
72
440
814
709
777
167
42
286
269
475
169
371
822
790
507
255
192
897
94
812
294
353
696
184
729
855
961
473
206
388
245
709
309
332
718
326
838
529
430
587
720
90
680
954
872
651
264
586
609
285
74
524
895
376
272
435
474
848
846
567
18
598
751
982
253
761
484
590
951
956
988
282
584
589
475
58
111
826
626
941
25
225
595
630
376
356
9
695
831
634
591
329
337
84
273
273
279
737
281
211
41
983
737
565
705
298
602
260
113
77
598
936
784
407
848
628
211
828
190
497
801
309
533
186
971
644
85
599
269
820
566
60
427
909
918
585
147
331
295
728
924
873
396
76
720
476
711
406
120
450
393
317
515
648
326
450
188
978
30
642
250
898
190
752
342
582
76
900
277
646
360
58
681
804
863
931
417
324
831
187
190
620
947
637
208
374
58
947
455
968
244
579
929
56
151
166
254
835
352
844
239
350
161
934
217
559
914
724
438
883
525
105
68
749
498
287
511
173
584
721
297
476
139
849
864
135
726
625
402
379
4
924
184
672
357
321
295
521
569
752
946
46
668
686
703
253
314
78
606
136
106
850
112
505
54
421
98
284
166
70
735
367
8
6
515
767
633
947
542
297
254
608
753
170
62
643
492
3
993
219
471
556
483
988
856
274
307
702
910
54
649
320
298
257
809
964
47
471
513
78
995
254
960
271
879
598
531
851
669
475
688
436
892
39
164
28
988
798
206
811
34
631
661
926
876
394
143
190
144
320
423
814
327
969
343
290
266
242
858
10
294
770
485
329
811
114
663
992
441
716
875
664
375
717
294
253
456
119
142
811
884
812
57
715
558
811
977
629
436
761
385
64
8
527
902
376
160
310
368
467
287
896
785
620
503
713
590
130
367
50
831
532
833
195
613
436
862
281
81
768
5
953
243
413
986
786
392
409
713
452
270
594
98
319
707
940
765
767
892
570
269
792
912
588
749
765
78
271
364
663
671
933
746
976
454
88
274
670
560
96
836
901
378
348
907
733
660
1000
621
538
583
41
315
428
643
548
930
764
120
698
143
908
671
45
976
817
936
487
497
847
12
176
816
758
989
71
363
70
600
94
470
461
416
508
166
97
485
431
987
705
125
401
397
237
29
53
735
2
401
750
178
696
518
792
11
163
849
391
223
253
626
495
768
198
631
603
593
781
399
46
781
954
965
510
169
890
552
345
357
368
226
781
149
229
338
914
458
379
335
406
593
100
115
26
114
473
431
203
867
567
969
137
570
577
178
179
751
646
766
952
707
294
725
239
784
399
754
122
963
513
221
450
876
478
910
691
332
105
556
186
11
772
363
14
298
563
93
392
149
635
651
126
945
800
760
155
397
881
574
248
283
243
376
77
541
312
687
39
93
22
42
500
263
665
333
315
621
979
693
714
486
762
109
6
24
8
517
896
357
282
652
241
422
831
896
963
846
636
446
877
50
781
25
279
409
653
568
220
418
523
760
798
935
625
482
973
363
329
352
326
579
16
849
808
565
759
237
162
912
303
30
297
245
15
975
226
183
828
233
269
144
360
408
710
32
157
51
42
942
581
858
927
192
880
386
539
740
634
626
417
153
565
212
101
58
700
527
474
242
761
945
209
765
270
626
129
792
914
782
356
859
482
45
366
624
591
132
210
63
228
486
834
340
979
217
489
527
600
383
296
448
978
239
400
950
701
589
409
911
597
915
677
88
725
437
131
212
589
328
21
760
318
681
181
895
516
814
910
370
125
875
224
112
214
272
691
160
391
81
767
107
636
88
191
99
681
556
889
81
655
645
167
719
558
904
702
155
645
805
19
456
218
349
686
891
324
703
476
124
865
8
641
798
901
294
929
303
863
927
681
736
157
173
324
831
663
282
127
974
773
44
485
989
416
306
814
586
935
548
744
716
265
225
327
91
918
312
356
671
904
525
530
861
751
799
598
625
860
656
451
232
462
485
516
415
175
239
984
741
129
527
468
748
799
268
251
161
894
615
206
239
94
735
991
928
962
777
298
158
114
560
524
315
707
672
284
692
959
941
871
751
598
405
55
36
244
951
207
368
898
569
547
911
395
319
698
862
926
752
643
414
827
336
256
373
501
2
372
928
747
798
539
538
78
765
47
386
580
656
549
825
669
446
382
437
827
458
813
473
471
89
650
448
568
615
478
682
929
555
739
975
961
985
820
361
557
66
398
958
185
362
91
851
184
936
823
410
5
482
267
745
446
224
704
330
849
9
633
71
661
291
2
452
529
323
187
907
336
890
480
476
122
287
541
628
334
367
701
484
177
160
83
589
955
862
762
494
122
719
309
893
52
548
458
995
844
702
45
862
532
815
628
578
523
765
235
976
23
844
958
863
590
505
754
344
127
990
744
903
143
264
540
767
311
677
842
112
383
386
478
909
965
631
868
502
877
999
759
802
534
564
774
62
671
504
980
264
567
313
845
49
614
216
856
56
857
166
195
650
347
261
768
807
984
335
1000
279
773
805
72
687
960
349
786
241
755
290
349
216
546
950
640
81
472
811
523
594
158
471
49
364
270
158
716
518
327
912
464
781
936
556
334
584
913
846
972
752
367
769
640
459
205
711
927
193
219
670
127
266
858
97
675
121
566
519
278
424
548
261
436
145
108
607
192
934
1000
649
968
970
305
687
269
403
789
457
972
828
51
267
538
668
212
442
37
607
958
659
796
518
220
107
57
407
656
421
696
907
495
683
363
364
168
172
600
895
195
697
249
912
987
809
53
809
163
402
190
888
577
576
646
892
992
44
706
385
829
461
24
249
831
787
167
616
608
872
474
352
499
321
888
784
462
895
815
640
231
432
663
492
80
101
6
564
855
946
181
541
361
757
996
738
1
474
268
8
502
225
502
467
860
162
612
292
293
493
218
948
267
642
279
431
217
717
369
94
348
587
152
277
276
129
835
731
898
746
369
706
427
717
266
481
983
676
317
602
134
9
312
509
993
874
240
983
950
255
56
941
616
349
290
327
461
27
668
971
424
106
268
457
906
880
100
218
84
733
397
724
430
419
972
597
900
293
645
582
358
441
442
298
278
84
610
962
673
616
231
787
400
597
599
194
701
147
149
508
488
436
387
834
882
466
274
681
533
844
966
475
158
88
846
493
44
125
193
91
40
512
493
932
592
579
619
246
335
534
760
244
302
112
523
244
242
795
728
850
732
790
590
655
528
488
579
352
460
403
524
577
651
373
632
391
961
594
304
318
88
636
938
851
174
664
957
25
760
142
950
808
885
128
964
961
114
287
748
666
615
691
793
321
513
735
733
457
832
928
156
374
12
696
496
753
279
568
429
753
45
339
655
806
940
154
196
248
816
318
876
632
163
752
210
990
871
691
55
893
644
601
204
586
15
667
755
973
827
116
224
599
716
66
630
379
567
53
298
353
644
254
788
948
29
657
583
666
391
260
401
928
603
438
936
147
49
376
749
625
293
603
580
678
872
371
887
602
118
687
869
794
295
155
73
295
101
745
294
444
431
937
350
132
634
955
780
935
355
523
309
526
924
237
808
768
975
614
900
138
589
453
185
297
429
930
174
956
400
916
159
946
253
962
207
631
69
702
923
727
142
493
918
592
478
41
109
786
418
897
514
805
497
389
602
215
734
979
953
467
627
194
857
587
506
546
505
248
325
95
144
66
996
113
315
941
986
906
406
635
263
771
394
875
275
719
983
850
855
954
829
866
570
328
508
113
505
179
630
507
324
209
14
944
181
381
475
373
248
621
801
173
326
38
36
894
278
195
552
610
324
951
905
164
115
140
14
68
755
262
368
978
364
338
380
124
120
437
40
348
921
45
241
259
895
951
539
21
277
672
593
38
480
273
927
109
646
789
521
859
684
329
628
918
214
940
133
633
707
897
854
190
8
46
538
256
844
33
134
562
18
411
511
110
567
893
144
293
774
195
986
476
50
427
363
989
823
777
706
700
691
642
325
415
445
169
878
189
105
587
889
102
193
750
760
845
79
27
841
38
190
556
71
500
956
306
331
548
757
135
865
905
109
247
953
486
740
938
293
440
320
605
453
481
151
398
482
745
721
715
315
754
416
848
420
748
907
277
309
472
970
57
651
190
774
795
122
372
308
319
41
334
7
803
87
112
831
333
314
420
857
425
225
580
206
968
173
725
150
636
572
967
991
737
906
390
790
951
653
102
98
844
704
90
651
456
413
949
389
706
654
641
988
543
339
560
586
766
877
187
670
771
584
267
468
313
885
446
75
785
716
216
792
6
594
864
552
998
77
574
457
955
807
643
258
569
550
395
962
941
524
734
743
725
881
501
764
12
422
753
20
685
310
290
208
298
614
141
425
574
786
222
265
661
176
417
404
317
986
298
872
377
215
277
356
232
820
846
394
898
467
2
301
986
519
228
546
282
657
736
53
99
219
58
350
301
380
547
452
757
841
970
303
678
506
623
443
813
737
953
850
166
952
199
427
708
375
14
650
385
343
112
187
856
448
752
506
185
166
478
221
974
594
325
968
856
418
618
774
313
737
710
726
250
806
271
430
342
882
497
221
220
103
163
538
435
944
447
801
762
78
870
191
379
871
886
999
770
871
530
461
944
922
572
407
775
749
910
834
612
429
262
851
38
929
109
946
91
623
655
489
45
28
134
573
625
98
62
192
818
980
347
784
865
879
251
743
523
546
903
677
683
108
404
232
774
622
746
781
465
889
96
907
452
571
97
389
426
859
326
732
918
100
750
574
270
658
991
240
57
883
799
933
764
74
368
382
252
40
597
881
48
532
659
137
150
200
794
942
811
927
517
291
291
467
531
565
825
944
705
214
822
775
608
980
849
362
538
860
253
693
472
595
836
302
320
909
866
785
571
581
607
39
295
659
751
446
283
462
233
994
90
706
408
251
323
596
110
631
622
228
920
287
311
399
734
708
762
316
110
499
882
794
524
667
185
842
663
262
660
645
48
332
820
351
973
939
919
457
692
48
918
232
965
971
941
517
857
575
767
462
101
785
291
317
442
886
279
500
882
715
244
16
479
783
53
207
295
882
541
733
478
169
95
906
471
730
949
210
642
286
577
589
177
557
158
637
405
819
888
565
8
659
518
239
871
613
344
285
595
757
860
791
140
916
831
595
33
775
36
250
814
748
961
727
80
315
699
671
779
949
451
290
564
59
313
468
871
209
577
924
648
942
653
366
642
687
566
283
488
339
415
346
128
388
160
595
226
606
126
941
344
386
412
520
946
746
487
173
184
531
476
951
918
164
485
261
742
744
8
643
781
526
858
364
746
707
978
542
626
363
992
144
762
176
425
272
689
106
463
897
518
137
810
618
442
695
871
757
905
886
314
921
447
636
257
765
927
213
76
290
498
597
455
50
117
958
881
765
257
263
62
762
414
190
91
381
299
34
637
65
522
159
956
544
990
228
229
237
314
972
536
47
119
376
861
331
76
134
215
702
219
2
745
221
275
892
180
213
759
775
629
571
856
369
333
708
605
239
918
159
76
423
362
782
250
202
799
632
278
587
380
38
840
563
647
418
183
962
326
393
887
204
552
959
934
224
29
894
93
984
693
267
514
323
313
595
545
782
813
938
460
159
417
110
373
590
371
336
242
865
750
297
696
86
500
240
971
328
998
951
766
756
65
570
480
464
19
2
567
499
922
773
193
655
753
754
542
551
893
228
776
453
568
135
984
974
699
294
526
12
85
83
126
845
905
646
761
231
699
396
492
818
699
698
218
166
543
134
729
19
517
323
750
248
226
839
472
296
800
563
866
433
900
440
185
949
35
304
885
288
744
391
179
623
328
416
551
790
229
754
12
147
773
964
326
144
39
346
726
104
194
141
960
987
500
220
574
110
900
32
607
767
437
623
354
919
435
429
989
28
989
62
251
953
294
14
384
296
700
121
365
233
397
799
260
861
964
850
277
194
547
616
14
109
864
55
653
427
122
480
895
932
88
23
365
132
914
163
692
998
267
95
541
461
900
604
611
540
747
34
871
861
154
99
628
943
967
310
877
735
351
73
529
947
95
517
683
267
759
318
17
758
491
218
949
625
584
55
619
520
169
131
722
228
386
324
673
998
509
759
466
421
767
722
870
905
980
160
850
445
202
248
723
88
681
365
741
486
610
703
55
853
608
87
869
753
878
735
934
557
998
352
293
587
138
19
298
220
107
953
719
105
837
915
606
276
541
414
629
735
984
115
884
540
920
667
4
103
419
134
237
831
119
941
689
905
235
870
350
582
397
496
515
997
853
93
867
752
69
131
737
711
523
688
438
468
16
911
374
153
719
401
548
165
462
674
629
430
919
194
476
633
684
300
410
323
347
513
191
359
164
956
864
944
508
36
469
151
451
189
22
620
501
969
74
175
786
757
160
316
285
534
336
258
917
391
434
41
642
341
531
240
522
624
8
68
374
964
253
500
679
403
818
557
688
215
674
81
769
583
5
869
509
715
851
861
534
465
408
726
752
279
892
969
471
759
27
535
784
267
434
659
164
901
150
544
363
373
516
141
607
135
349
420
315
731
419
479
128
790
488
688
421
524
478
145
378
44
175
58
754
700
887
460
601
626
392
339
265
894
724
226
691
220
201
942
916
98
68
566
440
379
576
474
5
274
96
335
490
372
354
254
282
535
901
558
174
652
609
333
248
170
167
186
315
765
285
726
640
407
864
549
699
540
264
889
464
776
431
290
947
953
322
973
172
565
879
730
562
546
134
355
399
195
19
637
296
223
345
196
331
834
742
752
454
765
666
727
659
48
479
241
645
231
54
181
288
33
530
893
670
558
546
39
568
641
101
587
113
59
251
650
381
782
113
448
38
18
848
487
873
938
571
195
804
136
740
364
819
931
423
329
219
679
105
874
272
379
233
460
337
101
952
565
756
734
766
590
995
235
219
999
601
245
299
823
797
747
833
126
981
306
227
813
392
632
580
413
340
895
968
21
797
106
404
350
502
749
967
147
82
30
781
944
557
688
176
860
680
952
654
502
856
1000
415
298
816
700
411
518
808
353
635
53
511
964
115
896
505
495
390
842
542
870
880
969
545
273
161
691
669
338
659
575
987
311
290
512
460
168
294
439
956
757
79
3
502
341
550
393
634
457
632
248
603
949
791
75
583
968
794
512
906
623
719
750
303
516
337
769
414
56
546
788
455
98
694
317
396
14
391
599
752
621
941
886
786
717
767
978
797
932
880
765
87
655
41
884
224
116
351
537
161
498
863
590
980
712
913
368
256
863
232
459
533
148
723
303
937
582
622
262
457
359
349
375
649
777
314
511
45
440
895
689
76
626
108
577
643
792
251
260
943
547
597
349
429
175
31
682
437
238
667
399
400
332
174
595
277
407
532
257
226
788
221
401
393
406
639
955
332
822
1000
903
563
690
296
248
701
689
18
803
649
652
898
847
132
322
845
420
63
228
949
731
898
755
45
223
181
79
43
242
149
721
65
322
103
692
334
4
758
52
651
651
309
336
371
389
328
286
400
313
181
180
337
10
499
461
324
533
792
321
797
28
706
213
464
686
197
990
879
778
282
745
665
136
328
771
979
57
716
840
652
944
884
506
370
235
503
910
786
152
53
248
66
151
558
172
626
799
628
247
254
557
916
545
78
750
293
487
19
815
934
359
103
301
504
265
879
769
416
842
782
916
424
20
591
381
645
767
33
324
450
17
675
275
887
777
74
192
377
36
401
538
295
966
129
103
787
988
298
636
541
197
133
513
83
514
123
176
896
380
484
853
930
741
142
553
990
203
540
468
515
675
229
335
244
573
913
293
247
244
939
560
25
961
102
858
548
130
424
881
971
167
525
393
459
848
955
485
451
494
237
90
768
88
998
495
134
46
434
558
130
734
173
933
494
837
909
472
549
738
678
26
331
201
288
245
366
133
984
828
533
693
27
691
130
79
975
105
466
6
372
667
344
440
985
912
1
408
396
877
922
547
816
250
101
894
380
181
40
372
322
927
529
674
603
864
559
257
858
8
985
85
217
539
383
751
852
493
41
231
393
185
238
251
436
923
111
843
571
436
885
924
852
757
587
401
204
174
640
202
654
407
997
19
693
533
227
622
832
693
178
44
175
363
693
759
364
874
582
771
985
134
293
200
542
595
216
264
47
657
347
847
204
206
234
52
687
81
560
210
396
707
717
732
758
335
573
886
457
647
47
215
363
309
674
162
167
729
484
322
140
491
527
672
377
225
387
530
41
636
561
391
734
908
328
815
626
510
133
963
847
174
817
84
200
364
159
625
501
422
172
881
591
604
188
791
110
770
531
904
18
160
845
795
860
781
446
370
440
990
8
406
266
744
265
874
125
176
180
253
516
92
731
942
993
158
139
893
365
426
213
501
190
441
662
122
969
42
168
531
438
485
738
421
927
142
852
512
325
327
583
913
811
960
136
434
205
779
474
964
427
879
190
6
370
403
481
643
320
594
332
729
614
250
214
522
31
679
424
931
467
831
987
286
527
496
18
828
524
879
725
441
91
247
514
173
183
81
226
334
233
255
895
611
937
102
287
658
391
374
871
561
549
565
898
972
937
72
526
548
868
789
48
885
415
123
730
644
275
58
739
995
121
108
412
755
658
251
466
780
540
862
468
650
305
950
41
452
765
361
446
145
907
830
133
808
981
394
361
961
377
515
895
370
536
6
789
574
203
802
85
490
100
665
844
184
970
211
232
839
458
859
856
664
994
118
945
380
54
634
445
552
951
126
697
776
5
121
47
101
382
968
570
492
457
24
227
482
205
759
950
274
562
543
414
435
771
811
88
648
245
242
561
335
598
59
696
804
745
878
848
293
34
499
818
166
880
586
972
401
379
674
479
966
15
71
378
944
496
502
610
596
982
173
890
851
77
460
120
64
600
253
359
383
532
354
28
407
165
336
527
523
640
120
284
230
208
489
781
570
846
878
825
130
611
714
209
134
477
197
828
67
974
625
216
645
321
844
909
757
573
272
694
311
560
508
441
614
206
878
920
355
139
614
543
276
347
108
865
889
285
526
153
558
649
675
45
779
200
474
228
773
480
19
332
242
672
572
603
286
22
567
216
929
707
320
850
29
98
802
890
881
188
514
518
531
551
433
12
169
346
484
616
344
212
573
31
402
543
218
901
779
817
524
159
307
539
118
844
612
170
154
885
194
209
236
581
938
756
666
923
810
673
437
178
276
764
448
326
520
167
139
830
224
710
2
350
783
161
14
186
891
558
136
511
544
50
276
193
681
610
786
21
171
237
379
995
643
142
633
325
573
973
824
747
523
564
415
859
470
276
403
676
580
105
880
120
112
11
15
942
200
79
2
511
42
760
429
954
7
239
946
639
171
822
817
832
797
105
524
171
299
716
201
658
763
770
112
214
26
224
893
800
373
750
186
897
609
128
588
83
316
175
191
574
216
55
145
950
675
611
919
59
972
884
400
833
207
324
824
304
337
528
549
848
696
34
845
567
621
938
450
197
28
982
219
649
260
635
443
879
9
331
412
373
19
717
458
426
134
724
433
259
723
959
23
829
723
890
798
746
958
315
861
67
63
342
692
618
910
326
295
243
811
515
758
285
873
669
786
502
335
176
320
826
726
211
912
734
802
457
782
297
105
593
597
39
572
749
306
226
54
781
312
696
607
576
522
307
984
335
163
786
331
495
1000
377
201
941
956
105
419
929
152
538
389
335
15
601
263
463
298
369
43
120
763
162
616
618
257
544
886
125
614
886
551
885
767
43
495
783
119
487
463
707
974
388
88
788
307
799
197
414
337
620
884
492
365
201
561
699
200
530
249
59
418
159
424
95
310
546
558
278
826
179
930
85
543
126
993
194
414
740
45
166
141
735
765
909
693
174
28
834
213
524
997
62
438
396
877
487
739
614
836
426
233
328
744
956
394
209
861
536
299
177
77
930
309
766
261
816
681
161
505
572
24
338
458
177
586
807
721
843
523
574
647
833
376
848
764
214
89
521
426
587
483
431
503
271
219
588
211
856
127
754
33
478
116
726
898
327
407
599
915
545
83
190
730
191
165
610
800
906
501
358
424
157
738
988
511
535
191
276
810
97
674
443
131
971
570
334
430
868
717
308
291
348
447
988
823
577
756
919
937
228
168
283
158
139
56
919
654
762
361
206
475
332
369
254
689
3
456
63
146
66
183
134
402
103
399
142
323
365
91
219
725
786
475
472
916
766
468
330
485
260
295
527
707
680
508
512
537
554
460
331
369
850
712
270
781
229
912
175
20
983
136
696
351
855
332
583
850
761
22
447
625
546
232
350
324
999
345
276
525
40
375
484
893
673
963
454
314
642
750
71
185
503
61
542
346
296
404
988
815
328
16
756
963
846
901
131
38
223
418
578
106
442
798
33
462
495
879
950
79
364
989
186
785
1
469
518
48
786
995
373
256
851
982
8
968
229
45
514
314
634
301
443
194
634
927
640
686
579
97
341
278
442
685
821
821
361
87
961
539
398
519
109
614
176
608
697
985
368
715
821
75
360
583
543
779
792
349
253
693
644
666
102
4
47
597
844
727
276
595
587
925
936
271
300
813
531
768
840
438
256
840
190
703
693
574
590
410
902
367
81
40
532
735
992
697
479
323
321
359
384
609
589
22
147
69
281
481
17
36
272
778
919
49
523
442
123
207
475
114
122
608
122
346
318
42
380
155
619
853
795
136
598
759
919
637
478
439
360
634
676
156
357
132
404
32
302
812
241
877
415
525
38
655
386
782
810
868
182
423
161
691
401
671
841
323
53
129
27
836
512
804
613
245
396
487
749
810
584
428
386
152
804
557
557
244
575
860
437
573
625
953
835
915
231
668
801
454
253
40
753
402
131
480
233
363
824
738
698
671
642
740
959
256
552
799
180
383
848
362
543
865
917
720
892
744
640
292
34
353
549
723
195
657
190
238
716
519
664
322
872
594
256
477
406
143
228
800
524
388
164
110
363
592
879
643
330
273
164
719
677
810
399
635
692
324
788
798
771
505
493
517
882
916
685
436
590
94
183
228
770
689
515
599
971
649
826
780
233
483
636
272
547
501
750
147
114
530
818
807
996
659
394
531
458
63
398
560
258
20
151
264
25
539
918
35
462
548
864
517
812
890
955
712
467
141
866
349
296
993
530
939
18
985
580
142
857
957
319
21
554
571
924
171
697
922
495
137
360
45
645
761
376
854
318
765
984
226
743
764
190
750
98
201
828
231
194
67
950
397
814
643
92
63
857
653
665
145
728
184
212
200
419
195
697
300
376
191
38
806
806
322
381
377
578
463
618
290
190
360
570
805
113
638
391
999
782
659
800
866
642
95
700
238
14
747
396
581
716
886
445
70
221
425
560
938
68
234
85
302
909
766
573
307
300
416
416
796
797
1000
477
887
28
468
42
648
758
801
992
484
493
751
674
7
692
257
780
948
950
321
136
442
871
774
739
867
954
933
887
249
61
472
193
712
435
571
255
163
124
325
906
406
411
923
892
329
554
787
618
203
655
291
309
211
133
967
340
603
366
776
59
663
405
42
163
438
75
20
846
165
585
194
319
158
530
919
420
550
318
441
420
713
779
313
329
349
280
866
144
571
810
232
259
458
225
333
851
756
735
795
993
806
317
734
878
1
817
900
9
74
108
536
113
912
301
396
307
882
621
338
338
128
656
899
607
576
53
639
349
68
899
780
67
241
291
817
721
668
559
824
999
242
794
124
302
187
821
951
538
29
959
638
288
69
473
970
86
441
229
174
412
368
37
353
12
314
180
234
424
570
337
908
205
621
969
220
191
24
253
905
531
914
577
809
462
45
44
861
129
661
881
88
29
209
434
537
631
135
666
885
2
573
887
413
691
445
13
519
416
44
265
754
124
698
931
374
89
490
890
725
332
467
316
248
788
576
668
