6114
603
988
666
204
392
13
285
721
837
151
139
429
527
150
407
13
825
97
304
85
87
932
84
499
30
491
968
295
253
382
326
553
856
940
761
847
130
763
501
648
564
508
440
35
194
761
667
765
48
657
497
685
508
908
439
729
402
737
119
13
96
162
1
588
733
132
282
498
822
3
580
23
881
78
674
757
996
342
883
398
225
116
358
99
302
350
735
495
221
130
915
346
522
399
939
991
953
205
960
478
78
624
702
512
968
692
796
280
446
524
613
103
134
598
972
204
245
131
826
623
712
564
54
2
758
22
259
795
348
367
663
707
329
884
265
972
979
313
426
905
449
656
690
93
613
577
448
279
536
78
780
880
327
390
335
396
856
982
37
458
234
418
649
499
120
596
319
115
869
916
843
349
676
247
582
397
674
430
952
293
125
68
396
278
367
405
794
594
293
102
918
994
99
391
835
720
393
854
211
727
714
130
571
847
870
474
818
205
686
61
255
743
504
853
270
665
336
89
903
676
837
496
861
206
22
626
221
947
136
177
156
954
600
464
573
189
982
528
41
107
42
130
591
877
186
767
214
529
287
306
768
787
738
622
981
485
840
88
991
511
580
703
365
190
203
388
460
994
872
872
407
354
820
780
773
766
704
356
754
832
261
281
99
610
668
534
519
837
705
624
371
39
946
575
831
640
197
603
629
134
931
789
644
538
512
871
921
652
644
271
608
172
182
710
892
960
965
202
176
971
97
225
237
661
778
291
316
890
853
480
312
840
154
753
910
285
425
962
135
839
752
117
345
457
152
905
796
318
658
644
276
412
616
926
348
858
516
314
457
206
703
443
813
373
327
470
10
853
896
958
407
49
198
228
190
48
531
1
921
76
611
956
37
228
671
996
125
440
954
918
506
995
639
793
115
684
984
213
640
404
613
475
794
798
200
412
674
943
826
109
937
189
976
176
43
80
644
160
180
958
557
239
521
386
796
374
421
53
265
571
387
278
908
4
276
579
296
75
848
951
8
6
684
699
416
469
837
937
462
60
71
137
764
116
386
162
469
883
44
598
631
324
692
433
652
532
390
170
484
182
496
634
740
996
776
514
541
151
207
157
33
729
275
36
946
710
533
150
911
902
597
720
720
49
290
618
196
129
324
993
47
395
799
277
237
261
769
272
931
732
509
56
781
619
49
661
584
619
850
289
369
106
568
328
517
163
732
661
776
629
26
529
597
952
443
959
589
545
804
5
453
644
384
811
537
676
12
268
601
624
813
207
531
776
240
604
171
393
206
955
254
235
953
127
90
512
941
879
616
898
136
945
121
576
157
652
1
68
916
870
537
784
866
198
966
232
366
404
642
30
410
559
45
297
438
940
328
614
974
553
668
664
898
928
980
452
138
383
86
6
339
109
48
384
326
562
538
396
547
78
381
80
918
374
120
678
269
571
72
252
805
686
59
965
746
25
156
405
763
182
857
587
107
676
77
976
553
513
193
420
288
533
565
85
345
832
159
231
432
80
675
76
625
170
429
545
493
492
948
241
296
566
110
517
793
813
707
723
634
430
302
482
72
589
892
182
499
872
493
902
233
749
466
325
543
280
150
240
490
171
818
50
711
869
466
700
193
659
404
569
150
124
880
600
934
279
518
434
414
392
516
192
482
909
165
587
683
216
627
737
775
584
548
131
292
872
543
722
18
873
459
159
350
436
482
663
911
985
155
273
227
466
608
399
477
25
559
660
254
31
491
107
796
148
130
506
343
410
774
511
297
973
69
837
861
319
29
992
85
745
561
25
432
160
333
556
592
388
163
550
847
215
625
827
914
763
300
931
416
809
893
867
901
943
849
352
917
365
287
419
926
858
837
991
66
810
699
503
152
128
684
283
572
470
878
587
440
768
815
895
674
799
739
581
54
31
217
858
186
774
383
825
261
294
378
674
356
231
179
146
460
362
315
343
703
313
944
848
605
800
852
678
166
472
132
68
870
520
642
497
824
600
915
495
501
393
841
540
551
452
668
979
181
485
169
301
199
470
472
225
6
398
288
407
220
110
682
12
533
20
131
424
745
59
144
427
616
870
675
811
756
583
625
212
134
333
634
497
567
421
162
342
343
761
822
751
898
724
17
214
157
213
524
601
315
340
793
186
58
807
708
104
25
201
236
39
127
228
278
605
298
233
267
188
476
787
30
950
416
752
655
459
861
832
435
704
289
66
429
491
409
629
656
975
928
131
656
640
485
913
111
657
290
648
293
320
574
783
974
27
2
141
50
924
558
926
56
856
617
416
424
279
663
230
415
262
935
135
701
666
855
279
523
142
118
740
488
363
425
342
7
217
991
351
29
760
186
839
493
953
572
165
445
338
669
757
293
63
685
87
424
121
252
470
672
843
181
172
260
473
414
92
195
685
650
243
257
817
115
5
20
642
205
802
878
615
428
575
342
395
999
495
618
356
566
958
985
710
764
19
337
954
722
174
148
572
731
904
955
114
495
709
375
973
518
124
606
244
723
566
4
619
774
716
714
945
5
980
226
665
505
693
124
791
66
719
581
264
721
836
752
997
150
629
371
105
575
168
42
680
730
854
820
665
809
641
601
609
399
345
753
671
805
425
44
493
47
995
765
513
621
167
24
535
701
692
904
443
962
211
111
430
468
242
202
797
650
401
418
210
990
870
233
378
172
585
128
285
557
610
695
497
215
995
23
591
853
579
677
862
88
819
215
546
37
828
828
278
94
584
876
644
683
784
408
185
184
529
64
524
8
167
521
41
114
209
774
756
369
58
305
491
926
428
402
549
418
892
691
443
844
130
594
965
579
971
699
776
516
873
24
321
462
898
853
801
304
246
130
714
84
106
4
106
206
370
933
954
925
439
78
130
607
740
14
147
366
572
107
343
647
955
211
737
415
360
366
865
564
864
877
134
288
459
730
599
765
346
248
553
429
396
233
455
449
546
59
115
192
758
657
869
214
289
369
425
805
497
604
342
644
945
842
772
99
714
903
371
548
81
297
983
561
57
873
326
630
444
832
682
617
37
636
956
731
649
534
482
32
373
323
236
612
937
606
612
40
680
362
194
661
87
241
892
882
447
791
279
363
344
386
375
142
362
14
899
485
601
240
661
815
44
962
681
134
995
383
871
58
880
712
328
367
584
791
190
442
95
646
68
141
129
322
364
185
777
439
898
587
342
370
5
867
988
889
272
449
471
66
742
689
796
536
162
534
875
893
493
220
877
658
386
705
454
254
151
563
905
794
613
167
98
306
219
752
401
847
281
251
421
317
757
344
884
770
748
77
725
11
956
449
524
961
883
680
182
136
195
116
985
185
118
397
931
987
155
483
863
640
774
854
411
272
744
815
663
317
850
756
712
344
957
642
673
464
177
435
227
534
815
660
74
23
78
180
349
340
534
156
426
318
276
267
251
426
686
972
844
861
230
456
708
726
118
873
978
290
872
708
390
17
847
528
466
856
668
999
235
382
148
232
977
602
778
408
208
954
509
904
121
70
121
299
564
767
902
635
257
152
366
509
879
631
733
458
729
459
652
379
550
397
67
445
466
697
805
705
491
770
991
708
714
760
85
476
31
131
795
200
729
497
228
443
70
341
16
642
979
44
121
332
897
815
430
254
353
507
980
178
213
201
850
406
157
180
543
431
745
389
527
848
683
398
245
52
195
364
43
908
256
859
344
804
134
979
901
585
715
521
321
849
831
303
862
303
853
866
450
21
487
510
681
654
748
117
83
616
130
566
80
875
704
823
714
28
82
753
566
575
873
352
965
881
319
407
216
370
272
594
70
247
150
214
891
46
320
56
347
653
995
989
220
125
797
771
953
432
47
401
264
762
834
674
715
942
431
193
851
344
393
537
969
668
295
45
28
199
567
643
403
35
613
450
843
805
559
21
550
615
470
962
210
564
394
780
164
944
242
109
155
142
254
308
611
385
265
89
86
344
817
279
77
591
715
499
748
673
599
180
504
58
170
297
137
256
639
646
910
782
504
259
691
410
906
856
174
201
279
431
768
982
903
249
711
146
777
613
730
812
792
773
729
123
76
791
211
997
240
850
611
862
317
233
317
56
546
339
562
648
636
869
687
655
851
180
526
745
102
221
795
19
528
718
929
481
654
68
130
677
455
431
416
785
596
716
476
419
399
180
348
99
22
180
609
673
970
773
852
862
940
362
812
285
797
799
759
722
896
416
43
881
824
300
288
652
372
35
217
800
175
658
873
694
97
744
15
382
286
915
875
778
507
455
314
719
941
207
847
77
838
651
505
547
644
460
581
837
297
573
271
799
261
374
313
335
23
7
265
305
230
390
573
226
526
702
230
641
601
918
641
657
356
717
896
64
984
700
647
335
413
261
754
829
688
157
85
288
536
138
73
308
901
992
29
795
2
978
720
753
538
125
281
11
199
648
420
380
283
447
268
258
827
704
210
964
641
505
331
610
163
908
592
400
206
766
53
857
485
420
102
619
583
162
197
872
415
798
968
863
938
389
808
341
940
395
794
842
739
565
219
491
652
928
523
255
186
684
359
122
71
71
236
886
465
504
560
779
853
779
355
432
98
692
151
303
401
871
504
173
530
116
471
120
395
9
629
851
3
534
912
830
183
249
592
34
630
676
14
677
994
528
416
846
328
709
102
331
826
998
31
503
79
140
126
703
236
670
148
587
453
625
634
742
650
762
61
350
750
463
850
357
591
669
389
740
683
401
283
149
562
683
697
402
267
278
566
654
688
79
141
972
30
267
601
444
730
316
504
121
175
177
603
836
795
975
184
655
550
483
343
806
238
172
910
460
935
197
989
114
28
117
769
395
697
373
443
295
230
644
148
884
148
986
875
271
274
683
247
252
376
302
509
480
914
570
156
882
458
568
489
70
252
286
41
459
33
559
39
740
97
281
751
360
302
642
36
315
934
394
544
435
575
750
113
41
485
593
43
128
214
112
418
749
569
696
381
754
18
633
858
496
157
751
798
134
223
551
342
422
142
184
136
157
366
417
490
183
56
48
323
893
244
259
997
505
412
187
931
805
151
885
750
26
432
367
341
615
667
373
997
8
926
322
146
35
590
935
269
542
850
141
953
708
995
539
870
1000
176
177
750
51
800
11
290
341
919
71
221
669
426
51
748
552
28
586
941
52
443
95
578
232
293
27
880
438
586
790
544
927
73
463
372
980
476
269
396
378
346
370
563
885
444
256
25
220
456
426
532
886
929
467
492
333
84
667
809
790
55
215
976
927
120
625
507
611
585
212
13
156
880
236
190
489
912
585
968
344
792
941
510
159
603
312
292
406
950
120
822
874
769
736
371
15
51
467
693
195
649
567
46
274
241
801
78
828
725
26
808
943
793
574
844
122
51
323
988
31
556
897
142
818
820
437
873
50
998
333
424
53
782
890
827
882
960
873
992
861
507
862
618
202
4
962
783
32
191
252
637
386
769
968
120
886
204
540
142
749
512
911
271
694
32
40
421
894
527
560
27
504
216
395
141
692
644
779
598
196
951
143
56
307
100
723
56
294
639
763
666
740
601
797
291
455
363
234
319
141
698
814
162
99
938
604
660
801
742
571
436
840
941
86
828
409
406
585
249
563
972
257
170
642
685
976
784
461
255
836
857
411
160
951
949
164
921
772
805
595
163
474
282
839
838
437
726
141
419
718
86
818
275
122
479
113
646
613
422
641
388
568
611
685
872
60
665
822
943
20
625
855
675
98
251
466
638
43
697
708
53
747
208
505
666
274
30
648
109
501
16
637
858
883
37
357
74
406
590
242
146
1
731
10
243
264
859
449
524
753
191
120
761
734
992
60
186
158
771
339
50
243
376
267
399
134
556
740
726
348
428
158
497
778
137
927
731
564
751
390
48
831
973
571
861
461
160
472
414
777
207
180
398
684
382
414
735
123
546
433
946
985
212
957
76
417
536
834
493
406
329
14
151
16
382
815
66
328
349
317
716
748
519
924
551
833
415
461
721
448
601
101
359
244
174
988
754
810
554
334
623
397
593
135
373
917
635
549
35
233
567
88
112
380
671
707
209
346
403
784
955
920
823
82
178
721
765
113
631
903
715
994
428
268
828
762
811
670
732
239
46
284
463
884
434
246
524
494
740
225
966
409
230
99
317
285
414
607
710
849
839
144
315
762
568
499
281
51
810
860
661
156
404
836
522
895
97
305
231
957
728
691
967
325
927
742
638
189
116
122
265
403
55
35
767
789
598
54
88
275
209
337
392
868
855
396
311
472
663
992
813
21
206
985
938
662
303
352
962
678
590
319
502
985
287
107
995
681
2
799
264
856
592
600
566
826
716
322
822
527
477
482
204
61
927
892
640
261
643
677
800
676
657
632
355
59
428
423
757
879
165
749
60
303
503
321
893
521
6
694
789
965
460
255
907
654
240
787
637
301
221
247
296
28
707
694
989
662
990
748
129
264
84
346
329
730
615
557
968
547
121
502
185
547
736
383
405
78
352
691
707
427
403
851
342
441
126
516
5
519
588
174
47
738
193
128
786
106
959
109
845
926
739
536
690
301
811
816
348
983
10
855
254
425
324
888
957
6
681
171
272
603
566
39
510
797
631
298
523
389
468
256
896
780
313
350
524
480
612
840
984
158
569
361
541
277
236
928
175
844
890
879
976
687
878
429
693
170
718
902
394
260
236
536
596
202
826
393
984
742
643
586
293
897
287
519
496
851
530
220
226
425
948
399
537
381
164
683
643
311
517
626
603
254
120
11
881
975
843
581
563
163
437
896
262
632
933
929
807
466
550
320
514
52
661
30
189
2
857
501
401
109
336
616
383
851
552
154
62
915
23
581
294
315
784
882
474
359
277
233
207
264
379
205
49
746
320
579
690
500
307
806
405
212
994
101
758
405
319
258
80
973
165
236
18
609
253
511
50
741
682
374
840
822
724
542
693
55
443
957
911
59
391
2
766
212
557
40
179
803
397
656
767
810
611
106
20
239
710
591
144
195
224
783
698
181
777
167
768
923
398
606
369
778
499
55
215
660
18
823
83
972
104
447
193
641
801
173
773
225
875
26
446
489
644
173
459
974
146
353
880
276
725
43
955
380
955
54
544
694
149
604
162
104
2
423
992
518
973
60
415
890
470
422
143
895
894
930
180
603
322
649
720
32
145
6
530
506
292
460
925
48
140
438
348
287
792
784
108
185
428
480
327
699
504
809
678
953
577
706
146
989
988
554
989
899
127
912
888
98
557
803
425
40
379
558
985
879
188
758
900
220
30
72
554
859
760
942
233
807
303
986
565
692
442
729
165
606
281
367
815
259
376
681
92
471
134
530
164
893
468
632
892
190
472
492
577
229
567
841
708
802
848
484
156
216
413
457
991
936
229
855
520
239
882
587
608
344
359
785
491
8
416
145
660
753
370
979
213
235
668
764
287
119
499
917
5
646
575
885
748
471
732
469
437
526
533
122
263
329
622
438
696
56
841
679
977
90
313
540
731
947
38
647
605
56
352
360
464
435
292
272
123
548
182
742
229
735
517
790
617
355
376
549
648
525
232
839
501
641
263
592
646
658
199
314
167
545
755
167
37
209
951
524
388
358
69
854
550
99
898
483
668
906
739
88
927
129
10
481
623
697
788
810
588
650
652
510
315
156
976
507
840
511
894
773
435
523
860
56
757
792
393
422
795
832
281
124
895
874
871
201
668
818
639
414
1
210
813
286
389
277
313
380
327
152
355
584
291
344
606
15
631
839
226
387
533
67
30
493
465
380
122
206
263
885
228
343
824
915
642
714
570
614
83
305
694
820
735
790
910
612
755
445
53
179
381
377
281
322
7
596
259
470
408
47
1
934
705
356
836
399
206
90
460
720
240
542
750
628
856
384
507
213
79
561
198
328
448
964
710
193
968
24
519
385
5
694
74
865
839
888
20
811
642
348
882
850
445
227
280
578
730
252
476
900
264
400
405
490
279
992
686
479
691
805
30
338
192
978
270
307
102
334
841
505
370
70
574
180
231
234
377
336
657
193
586
625
183
936
110
224
473
958
295
341
709
176
239
889
999
368
28
931
826
404
217
268
610
775
163
58
157
308
20
818
29
162
492
361
823
754
152
319
931
477
620
538
814
931
233
582
931
341
390
429
462
356
789
12
126
610
362
848
937
977
883
761
709
488
20
569
720
217
472
848
838
569
432
234
88
599
914
101
529
124
869
193
262
963
828
104
534
685
311
499
959
939
454
484
908
877
944
882
982
204
820
911
725
376
749
678
85
45
604
699
303
837
801
907
144
152
663
88
735
585
718
309
541
681
167
254
587
528
148
160
859
393
934
736
713
931
283
836
285
746
252
702
592
592
891
191
246
698
322
513
151
347
792
528
583
895
517
217
807
35
377
266
144
267
41
172
252
785
946
167
318
246
36
880
434
208
357
544
437
666
561
48
372
120
819
572
416
758
627
873
198
198
925
947
305
170
992
49
242
325
853
835
584
475
273
119
52
43
147
668
35
825
821
290
798
48
655
516
398
449
455
319
162
430
889
90
812
381
571
248
579
131
845
819
840
855
751
727
650
857
228
317
278
737
194
331
645
291
303
250
570
890
480
127
967
362
499
415
844
440
396
316
536
558
913
625
909
265
967
754
190
683
595
576
460
708
60
422
536
648
755
691
572
555
288
302
557
609
287
983
867
526
113
554
488
200
305
178
595
911
216
18
75
459
121
803
504
958
558
746
650
491
222
937
3
846
535
906
652
35
229
615
767
589
857
818
532
185
22
887
184
268
937
758
762
231
465
815
867
477
934
850
513
846
902
447
551
443
389
318
167
235
414
53
41
360
267
409
271
625
580
431
459
399
759
7
756
132
935
799
332
488
211
917
300
766
302
472
981
334
823
627
877
269
825
929
590
389
180
997
225
918
210
685
43
121
343
154
295
377
68
905
398
69
941
521
474
159
847
467
684
163
592
813
45
671
700
76
641
23
2
633
363
367
220
91
427
86
163
380
380
690
619
102
183
651
359
391
837
245
156
144
952
328
349
989
197
661
18
568
391
922
826
744
307
956
266
299
166
578
600
199
329
111
676
978
68
462
676
578
569
117
157
649
705
684
525
442
278
225
502
336
454
834
909
752
774
147
840
553
971
772
783
78
355
568
749
834
680
424
894
563
40
254
888
78
803
703
163
313
589
627
409
465
735
471
213
114
832
394
477
822
295
591
493
645
299
837
219
106
896
909
823
245
619
576
997
944
473
747
909
190
422
536
694
251
882
332
807
523
2
499
115
485
107
692
827
423
722
76
419
315
825
95
932
737
78
566
732
790
39
29
454
457
11
574
971
866
552
869
439
896
432
743
669
713
200
904
724
54
240
293
10
204
603
752
356
317
665
989
553
323
49
200
267
917
944
719
646
742
626
492
30
857
518
850
371
951
640
179
245
80
182
528
211
672
519
789
191
551
95
903
524
912
501
927
220
986
313
484
754
623
420
333
791
954
693
631
309
635
141
524
415
729
621
713
228
772
350
979
63
708
311
295
61
521
757
505
450
380
686
809
107
404
477
120
35
46
597
670
450
613
454
879
504
952
68
20
356
440
554
956
575
15
180
269
653
397
683
786
587
603
66
277
948
906
212
383
225
531
29
94
638
669
452
230
706
325
760
459
28
667
469
93
603
420
110
331
91
173
327
541
106
720
845
876
762
783
259
943
647
319
685
316
405
267
984
661
902
45
946
548
481
643
515
850
713
278
867
78
688
304
613
288
886
436
589
472
955
920
811
525
898
990
751
234
398
861
262
950
415
444
513
692
168
282
793
594
815
118
740
766
135
299
39
409
469
606
580
973
542
520
332
86
505
957
941
560
696
4
139
421
611
562
490
821
188
498
1
762
641
777
752
528
776
837
606
4
803
627
118
55
962
9
112
122
156
729
413
250
159
453
54
86
671
295
733
855
932
888
89
464
933
92
82
661
356
957
914
43
360
185
321
378
414
454
471
369
205
223
189
934
376
437
934
131
687
502
395
418
848
276
169
832
132
975
499
683
663
489
18
90
645
210
451
91
697
263
449
359
373
635
347
54
48
430
763
719
124
203
694
457
958
943
139
390
736
494
79
131
786
334
206
266
49
650
299
824
48
784
288
324
322
405
555
828
329
884
367
766
867
247
416
222
525
927
870
104
635
144
867
355
73
295
925
846
919
100
687
390
36
993
59
95
972
117
798
120
394
192
314
891
221
879
487
350
686
873
20
11
828
229
335
145
403
1
139
814
240
974
820
907
949
680
832
421
47
11
629
445
920
103
544
716
341
116
189
573
137
326
471
430
628
470
676
519
56
92
939
206
363
18
480
927
858
797
914
911
117
485
896
827
45
856
444
141
730
271
398
531
731
553
506
10
161
708
724
653
439
495
40
401
483
740
797
858
557
142
148
835
669
425
959
533
881
353
9
989
400
937
461
794
67
48
373
833
682
79
686
19
244
510
298
84
871
476
321
54
725
812
746
260
727
441
698
409
605
796
591
151
285
915
827
704
662
418
9
972
912
329
384
909
199
368
529
591
101
619
476
802
478
990
357
523
890
646
41
668
954
957
381
331
642
372
343
638
504
682
367
469
18
67
893
185
391
409
666
412
346
810
649
752
777
864
800
521
136
441
720
370
499
471
297
916
955
939
966
729
585
719
323
594
350
817
223
800
524
91
326
624
375
849
49
94
256
978
652
151
562
471
554
785
532
385
599
668
478
144
655
699
858
301
295
400
453
279
51
142
905
938
645
614
663
944
851
450
389
917
753
553
874
795
452
981
332
396
852
106
38
877
524
280
643
853
379
541
953
262
298
830
399
119
564
744
13
771
200
586
730
618
205
299
521
174
828
350
608
210
327
911
641
420
504
974
232
393
224
818
982
409
412
28
726
280
133
419
392
384
590
345
880
568
546
42
129
251
719
685
172
334
471
658
514
249
520
641
455
106
191
232
691
67
611
621
123
676
939
457
192
716
265
98
947
351
302
337
965
989
623
681
487
749
859
979
245
377
876
353
982
6
698
266
473
145
13
281
504
199
79
828
914
200
130
813
350
482
657
116
826
93
497
766
244
688
945
933
627
327
529
866
547
10
528
447
943
652
108
314
735
61
801
658
181
806
495
353
674
965
958
522
785
417
881
301
551
581
500
886
91
129
747
671
891
936
232
372
720
90
165
956
987
76
841
267
864
795
421
322
682
528
571
808
6
998
81
788
762
896
412
413
214
114
789
682
136
464
173
887
979
175
51
28
116
782
818
765
968
271
417
785
744
151
249
548
185
599
158
55
124
193
266
131
71
339
798
737
227
796
309
680
228
415
843
351
769
131
406
332
912
240
987
555
237
977
311
452
743
795
129
65
401
255
397
26
516
851
111
446
868
996
813
247
280
608
23
693
825
540
576
366
315
736
822
239
125
308
612
643
554
762
923
567
662
27
672
608
963
144
82
308
743
348
960
645
392
850
296
962
291
220
420
68
32
792
483
90
469
122
601
397
493
512
298
888
745
708
250
579
785
887
931
82
306
73
438
60
424
747
975
100
847
293
887
702
333
745
380
172
115
783
540
95
725
675
538
684
239
457
365
350
162
381
534
541
639
80
65
386
62
464
286
208
512
825
219
740
650
391
765
158
985
158
996
191
751
437
889
946
740
695
269
158
460
528
861
231
420
901
94
940
586
141
20
802
70
684
480
3
886
132
169
501
12
382
851
659
904
245
653
279
149
503
863
816
419
126
463
768
591
758
984
402
283
178
324
661
341
216
508
836
630
673
999
372
237
456
464
374
554
939
457
15
347
338
867
436
359
406
408
646
614
176
653
576
345
343
907
198
583
237
499
621
41
104
479
674
435
804
538
507
279
498
77
827
908
517
868
601
350
426
528
438
142
752
255
395
701
454
757
721
209
15
130
250
954
677
578
791
997
974
709
444
794
630
323
334
241
455
642
763
428
904
830
251
147
285
478
515
348
815
254
829
440
208
291
138
124
192
870
641
144
545
593
511
795
457
519
888
56
591
544
768
611
98
985
663
740
608
576
374
566
732
16
529
352
386
123
749
560
179
183
167
851
211
765
459
215
774
980
474
827
269
983
311
952
882
282
885
435
848
591
152
224
475
791
76
176
608
659
462
678
779
312
393
295
981
493
741
513
24
960
4
647
260
728
526
993
178
394
567
423
460
657
874
808
73
304
576
138
510
735
289
534
470
728
27
706
469
842
41
111
172
732
171
30
790
372
438
588
546
230
713
40
459
826
595
87
343
505
376
777
622
610
137
806
980
133
567
926
331
696
748
763
883
956
478
362
655
172
691
416
74
992
128
162
295
851
197
29
873
783
584
16
582
896
591
922
445
905
907
822
536
281
20
355
182
958
175
884
102
725
528
715
206
163
129
292
535
718
684
953
917
416
683
879
621
859
130
154
169
903
698
719
819
827
33
291
52
200
176
39
204
318
454
635
639
157
539
704
113
916
961
973
908
489
209
991
771
198
635
532
318
254
382
422
508
946
276
129
625
164
705
319
249
139
844
376
185
637
303
716
245
662
122
379
121
632
807
575
184
574
633
645
683
446
496
925
461
501
251
975
557
301
563
206
686
894
333
794
526
602
546
281
980
253
757
422
927
349
584
468
897
60
942
423
89
287
792
744
4
66
313
495
815
223
440
321
226
985
761
440
620
706
508
983
845
709
806
693
381
929
446
892
929
274
215
860
70
637
644
404
928
855
355
141
36
257
780
203
721
547
139
668
607
420
506
821
170
790
544
280
191
998
879
881
123
314
269
562
246
298
695
128
997
835
641
857
693
523
554
494
495
268
467
488
636
998
932
238
862
519
146
435
755
283
189
890
990
901
59
956
271
566
748
854
343
423
848
649
156
971
868
942
362
695
368
836
963
974
839
946
607
437
616
38
730
153
105
220
268
396
818
12
867
52
7
664
379
524
299
303
975
836
676
117
123
121
871
853
295
684
19
96
125
5
684
481
362
883
937
422
188
469
875
934
570
246
667
437
902
367
384
990
593
345
300
769
651
731
103
215
572
678
355
405
254
447
629
34
201
191
617
299
31
107
690
146
907
744
470
19
530
903
751
802
12
784
416
61
417
857
642
278
192
791
728
612
865
606
877
16
470
771
38
683
377
156
739
852
173
534
942
27
991
929
620
303
765
191
531
984
968
394
936
644
549
916
994
455
951
982
55
516
451
240
800
829
32
226
357
297
251
46
953
250
786
582
661
902
652
17
674
608
831
781
501
107
170
890
481
247
146
251
666
768
400
831
48
1000
468
439
629
583
505
961
205
816
169
736
440
738
588
850
651
516
636
763
826
811
958
852
877
867
891
851
80
876
503
802
956
392
910
830
603
847
670
931
218
164
751
353
904
125
276
614
419
206
926
77
191
631
319
10
903
495
151
697
917
80
211
261
428
312
89
740
356
778
912
793
66
722
891
213
795
975
168
985
531
273
521
287
601
557
918
514
487
30
176
77
522
4
927
35
312
703
921
173
716
744
631
911
422
140
47
360
865
689
565
177
120
940
867
944
978
836
156
580
691
124
448
924
633
146
594
739
406
133
124
119
53
327
551
234
952
319
677
285
713
340
578
147
602
777
620
977
137
547
232
481
836
383
742
759
10
673
684
590
85
804
288
982
624
472
388
568
925
984
569
882
887
198
202
432
853
300
384
530
245
797
491
323
580
994
871
600
897
119
374
967
325
909
359
628
900
607
72
126
871
857
528
176
621
96
673
358
381
89
565
970
398
473
488
973
514
136
736
511
737
132
15
501
998
254
624
400
518
490
648
126
52
190
350
45
725
678
423
762
444
419
669
756
324
469
784
246
182
166
67
272
456
215
