100 478
69 57
71 5
23 43
93 23
98 70
47 23
45 96
82 36
63 57
33 8
64 50
57 26
30 24
9 46
68 69
43 6
37 80
50 74
79 84
19 70
99 65
20 3
4 45
66 100
30 94
26 17
69 63
13 25
7 62
4 96
15 12
96 45
15 42
60 98
45 4
91 37
55 39
90 60
13 36
47 99
63 68
86 90
57 49
17 68
4 32
32 45
59 82
60 44
42 45
45 42
30 63
53 13
90 98
49 94
13 82
23 65
8 67
10 75
53 36
78 25
66 72
15 32
12 4
25 53
26 57
93 6
63 24
67 71
30 68
43 93
36 13
71 33
49 69
74 29
71 8
26 49
69 24
41 37
33 71
93 99
69 94
72 100
87 71
12 42
27 10
84 29
82 53
57 30
80 97
71 7
30 69
63 30
94 30
49 30
99 35
62 8
26 94
31 72
27 75
5 87
83 74
24 68
24 63
24 94
55 73
70 86
75 2
27 2
29 83
64 79
74 64
30 17
22 56
59 25
44 98
18 37
78 59
18 80
72 66
87 33
6 65
45 12
29 74
69 68
30 57
3 22
1 80
84 64
12 96
66 31
97 1
62 7
91 97
83 84
97 37
9 58
78 53
23 6
17 24
75 27
94 24
24 57
82 13
67 8
44 19
46 9
94 26
37 91
43 23
1 37
23 93
19 60
5 71
94 49
57 24
84 74
90 19
62 33
6 99
43 99
56 20
28 53
12 15
29 50
93 47
57 17
13 28
45 15
96 12
13 59
91 80
19 86
97 18
28 25
62 71
10 2
79 29
33 67
8 71
15 4
73 55
47 35
49 26
50 79
4 15
3 56
65 93
24 26
17 57
74 83
86 70
36 82
65 6
32 42
47 6
40 9
23 35
41 18
90 44
84 50
53 59
96 15
23 47
41 97
79 83
93 35
99 6
70 90
7 67
33 87
7 71
65 47
57 69
26 30
82 78
42 32
98 90
80 37
8 33
57 94
98 86
93 43
24 17
62 67
63 17
7 5
64 29
70 44
42 96
8 62
74 79
31 66
82 25
10 27
70 19
4 12
25 78
15 45
28 82
63 49
99 93
67 62
65 99
65 35
80 91
41 1
6 43
87 8
68 30
86 98
17 49
6 93
71 67
44 86
84 79
3 20
25 59
50 64
29 64
49 68
13 53
64 83
83 64
59 36
26 69
100 66
9 40
50 84
4 42
63 94
59 53
35 65
71 87
100 31
33 5
25 28
37 41
18 97
94 57
83 50
65 43
67 7
37 97
35 99
18 1
50 83
19 44
87 62
65 23
2 75
32 4
49 24
35 47
50 29
80 1
7 8
30 49
80 18
22 20
45 32
23 99
64 74
5 7
1 41
5 33
90 70
25 82
26 68
62 87
49 17
7 87
99 43
97 91
83 29
2 10
46 40
24 30
90 86
91 41
35 43
67 87
53 78
86 44
74 50
58 46
70 98
20 56
82 28
74 84
12 32
35 6
60 90
35 23
42 12
15 96
69 17
60 86
56 22
49 63
47 43
78 28
6 47
75 10
59 28
73 39
68 57
53 28
8 7
99 47
35 93
58 9
94 69
59 78
72 31
78 13
28 13
36 25
68 63
33 7
96 42
37 1
6 35
58 40
7 33
53 82
44 60
6 23
13 78
41 80
69 30
37 18
78 82
84 83
78 36
94 17
25 13
18 41
28 36
24 69
43 35
64 84
5 8
24 49
28 78
67 5
32 96
44 70
17 30
5 62
68 17
69 26
39 73
42 4
2 27
33 62
44 90
60 19
8 5
36 53
36 28
94 63
56 3
26 63
57 68
32 12
18 91
40 46
47 93
100 72
42 15
80 41
86 60
94 68
1 97
31 100
26 24
29 79
97 41
96 32
68 49
12 45
28 59
60 70
49 57
36 78
25 36
17 63
57 63
67 33
22 3
19 98
63 69
82 59
41 91
47 65
17 69
30 26
43 47
93 65
87 7
79 50
59 13
36 59
79 74
79 64
98 19
68 26
87 67
63 26
17 26
96 4
62 5
53 25
83 79
71 62
1 18
29 84
46 58
87 5
39 55
20 22
68 24
17 94
5 67
32 15
91 18
69 49
19 90
8 87
40 58
98 60
97 80
43 65
98 44
86 19
68 94
70 60
99 23
