1000 2664
8 264
811 2
117 17
600 692
639 132
483 610
1000 983
374 13
579 837
350 819
295 552
799 181
896 33
743 394
16 691
389 730
460 296
460 338
288 295
611 854
255 278
441 184
58 464
935 984
576 501
515 453
373 762
943 343
361 589
912 759
681 85
748 434
420 216
512 816
825 475
510 249
365 569
594 963
788 325
858 25
116 717
620 333
290 783
221 298
187 397
650 921
390 971
710 909
64 715
152 960
774 971
968 948
379 594
134 651
101 906
198 480
349 228
372 875
750 533
750 312
615 649
902 882
805 370
392 938
585 833
79 22
101 788
233 652
15 268
287 681
739 611
598 707
330 553
119 624
908 173
774 390
426 439
651 418
695 144
249 152
264 8
358 892
827 29
973 916
151 534
156 254
692 600
479 290
491 119
111 650
663 362
783 290
82 950
601 818
676 135
398 392
879 54
52 913
65 869
557 821
341 757
894 796
964 78
496 850
332 622
708 927
967 527
539 357
135 328
223 887
423 157
488 997
605 963
728 98
122 338
830 257
130 186
693 270
500 8
8 941
715 64
738 791
310 622
477 481
871 535
2 727
612 284
591 321
470 721
559 621
299 718
719 559
625 409
58 231
472 658
551 655
839 224
490 851
992 211
389 890
83 819
557 359
259 97
616 3
289 374
698 851
692 602
546 684
728 330
772 555
308 905
792 599
361 437
666 823
968 300
848 328
894 831
182 804
290 586
200 255
250 589
580 241
756 928
777 938
802 534
734 649
230 119
600 129
898 982
447 87
634 706
204 700
582 635
574 164
143 973
49 795
858 10
631 317
61 993
252 809
193 386
905 308
372 768
241 816
344 394
117 688
458 910
604 151
400 867
213 549
192 268
263 552
362 663
789 706
681 287
914 7
706 789
862 566
959 463
906 325
114 640
18 841
8 500
11 592
223 484
17 117
11 662
6 191
957 364
414 599
37 514
113 24
651 954
723 401
944 273
918 355
278 255
684 370
736 804
98 330
445 97
437 361
283 548
739 525
828 378
628 178
816 580
549 567
24 717
560 841
919 861
559 719
420 364
932 425
992 32
227 557
916 143
515 905
895 221
821 227
300 570
920 87
570 300
541 863
288 263
686 317
326 876
958 820
253 244
225 297
879 275
651 134
971 774
808 526
471 13
861 86
205 656
962 204
740 601
965 507
355 918
353 235
977 326
688 297
336 1000
871 644
457 655
372 543
237 653
651 845
853 400
618 246
586 783
430 826
577 864
830 754
713 941
666 278
554 244
896 47
1000 444
167 377
502 404
242 612
359 821
121 797
247 94
907 394
841 560
835 806
590 510
138 438
253 554
449 930
152 590
246 44
355 53
845 651
562 298
91 897
258 891
440 239
772 980
741 523
68 93
531 75
414 792
552 966
85 287
324 746
231 464
66 663
815 272
758 556
15 192
742 381
397 187
972 635
251 910
200 278
403 965
105 519
488 697
1000 462
801 718
598 268
993 424
136 522
343 943
842 303
749 726
850 496
594 605
552 295
539 154
415 354
931 860
174 702
845 954
688 17
887 484
939 222
147 990
173 212
890 217
774 619
219 950
439 88
676 328
370 805
796 831
641 153
460 122
26 935
446 805
955 386
338 122
958 872
499 92
887 223
680 523
67 897
591 243
411 782
226 667
957 420
128 151
659 808
202 751
584 429
436 940
348 656
842 770
938 572
808 659
602 129
861 919
771 458
505 603
114 56
859 387
391 213
940 436
161 985
980 810
157 755
439 426
580 512
398 777
444 336
60 357
559 587
196 120
831 894
287 85
164 574
498 982
500 713
215 503
616 815
276 100
66 162
623 933
433 756
925 504
69 509
162 663
392 777
238 448
832 762
778 539
927 95
154 357
525 331
161 142
562 981
412 586
777 572
949 630
807 906
495 231
335 881
853 99
615 734
536 124
491 230
804 329
19 868
104 742
323 612
546 446
916 973
783 412
11 775
783 586
702 174
361 250
424 110
467 305
224 838
578 273
475 825
572 938
864 827
984 935
509 69
821 62
12 953
432 767
552 288
844 341
769 385
336 444
543 372
976 385
366 165
249 590
993 917
180 118
910 458
758 395
764 609
61 917
667 226
861 285
433 928
506 355
823 255
500 264
353 209
700 962
603 990
949 466
801 478
964 922
931 340
895 298
956 636
179 679
665 792
756 433
196 503
872 958
66 362
353 763
490 319
796 419
112 704
325 807
979 114
274 905
545 115
802 128
597 363
979 56
230 491
654 307
47 74
610 899
957 216
648 673
110 917
491 624
566 536
630 949
906 101
126 206
267 508
181 265
170 473
959 545
229 767
103 733
816 241
563 889
294 881
565 45
453 274
560 18
857 303
364 420
146 244
765 775
194 836
228 930
148 702
3 272
81 215
182 736
878 797
930 228
456 494
851 698
181 46
512 580
164 451
408 932
754 830
652 233
73 383
672 679
32 211
684 546
719 621
790 77
779 74
692 129
522 696
102 150
83 350
822 834
249 510
673 648
833 585
466 399
243 28
138 995
241 512
700 204
326 977
886 241
342 736
245 352
601 721
95 708
421 475
662 775
357 539
364 957
986 888
324 764
697 997
925 755
663 162
233 532
273 944
867 382
888 986
912 710
531 50
100 276
928 677
923 726
159 847
927 720
743 344
180 654
720 95
418 954
354 415
749 923
767 432
10 25
311 408
918 506
154 60
733 103
855 32
214 716
383 240
526 865
576 595
688 225
12 613
386 193
13 289
394 907
770 303
864 577
462 336
775 662
478 794
481 773
723 262
806 547
337 809
574 753
111 961
111 921
655 457
689 869
38 488
473 709
255 200
47 896
659 526
283 516
395 556
909 710
546 805
708 95
724 234
628 965
590 249
169 848
867 99
971 619
420 957
90 752
921 650
523 176
685 327
378 647
327 427
818 470
56 114
782 884
153 744
385 769
410 531
791 738
975 745
4 555
739 331
985 142
229 929
36 521
690 279
722 987
90 158
261 819
226 177
806 486
347 80
308 453
471 289
921 961
828 647
15 707
718 299
563 411
322 379
4 772
75 531
726 749
62 557
917 993
148 174
613 12
498 123
933 281
577 827
498 627
296 338
551 55
432 929
116 113
237 367
291 271
653 14
497 27
827 864
680 741
421 824
683 832
127 646
789 634
157 925
984 435
241 580
878 199
80 347
646 127
765 662
374 289
55 457
611 525
661 752
199 878
417 311
970 35
48 230
835 486
787 773
969 358
303 405
189 68
312 750
470 601
104 863
814 840
35 422
304 168
382 853
800 600
330 728
534 128
628 507
109 422
224 839
412 783
386 356
622 332
497 614
265 799
106 828
588 7
503 120
121 731
234 724
540 924
216 957
915 407
895 562
424 917
229 432
855 992
624 48
173 908
897 91
475 682
819 83
41 641
347 203
987 722
461 492
641 41
14 653
715 727
435 26
835 547
18 254
611 331
669 262
35 970
602 600
880 940
585 977
776 997
335 294
269 252
610 483
865 659
677 756
820 872
18 560
847 846
356 386
767 229
276 142
386 955
38 776
726 149
649 734
46 181
630 399
185 749
248 9
331 525
961 921
374 471
195 279
63 494
485 275
451 164
666 200
321 28
30 43
298 981
30 872
135 676
809 337
296 122
512 241
195 690
25 858
370 546
848 676
815 3
308 515
506 918
54 275
417 932
974 945
952 558
232 175
821 557
209 351
579 441
201 991
297 117
129 800
854 611
822 436
390 619
738 538
383 73
780 953
998 404
619 774
873 102
624 491
82 219
567 391
735 302
519 561
991 201
88 439
39 197
187 293
384 93
743 907
412 290
449 349
77 790
873 513
822 940
119 491
68 189
491 48
108 364
192 598
210 176
176 210
981 895
834 822
821 359
712 141
613 953
449 228
447 920
26 984
222 550
851 319
518 483
251 771
630 31
808 903
706 634
578 489
156 841
44 368
876 326
770 405
65 183
244 253
826 714
757 314
516 283
951 220
702 148
125 40
315 908
621 587
25 10
393 511
875 372
3 616
28 591
50 410
903 526
811 727
854 739
691 16
216 108
70 166
182 329
382 400
338 460
710 912
211 32
242 323
234 695
33 47
236 131
948 968
399 31
229 705
863 104
106 647
716 339
177 524
857 842
359 62
351 763
782 889
807 788
435 984
854 331
684 446
561 21
696 136
618 368
34 786
717 113
60 539
437 250
762 832
655 551
373 683
450 37
825 682
86 919
848 169
344 743
689 183
321 591
461 318
855 211
856 711
502 42
903 659
899 483
883 132
427 685
429 584
74 896
782 563
370 446
328 169
392 398
132 883
974 670
935 26
381 742
327 685
120 196
539 60
797 878
547 486
843 799
520 568
627 498
841 156
973 143
742 541
574 306
479 412
162 362
851 490
65 689
5 581
926 273
718 794
121 199
371 664
355 506
780 12
250 361
15 598
390 774
767 929
633 455
705 767
600 800
97 259
800 692
451 574
805 446
869 689
306 164
775 592
707 192
87 447
640 114
554 253
400 382
742 104
209 235
775 765
627 982
108 420
404 42
331 854
382 867
93 384
368 618
196 81
183 689
464 58
797 121
985 276
857 405
905 274
322 594
907 344
572 777
983 1000
285 861
932 408
376 870
548 283
504 423
54 485
980 772
717 24
911 1
759 909
721 740
185 149
397 293
779 33
967 678
609 764
553 98
842 405
32 190
252 269
278 200
592 11
57 167
751 202
183 869
110 61
29 864
557 227
179 672
768 372
46 265
325 906
721 818
144 724
143 916
938 777
686 631
731 878
176 741
795 239
577 29
792 665
549 213
446 370
46 799
2 64
253 146
454 494
147 603
682 824
381 863
718 478
957 108
656 205
898 123
129 602
101 807
831 796
262 401
778 357
778 154
140 703
215 196
477 773
512 886
998 502
262 723
647 378
638 354
49 239
842 857
185 923
282 989
909 912
889 411
525 739
513 102
123 498
936 126
832 683
463 115
863 541
776 697
279 195
886 512
175 232
178 965
677 433
912 909
494 63
547 806
878 121
33 74
867 400
950 219
837 579
53 918
843 181
197 39
713 8
433 677
93 68
108 216
679 179
909 759
28 321
787 481
43 30
644 871
863 381
727 64
74 33
121 878
67 91
478 299
126 936
199 121
4 980
769 292
736 329
555 772
368 246
889 782
923 185
308 274
599 792
991 529
997 38
961 111
483 899
344 907
654 180
2 715
883 813
414 665
534 151
840 388
189 93
478 801
831 937
928 756
529 201
570 948
589 361
165 366
981 221
884 782
462 1000
922 964
813 883
993 61
370 684
992 190
865 903
646 301
578 944
605 322
884 889
75 410
417 408
708 720
379 605
419 831
721 470
989 493
940 822
716 214
724 695
432 229
190 211
981 562
629 362
120 215
963 379
240 383
163 849
983 336
259 445
94 247
33 896
263 288
351 235
526 808
490 698
144 695
27 497
960 590
948 300
412 479
906 807
571 904
893 522
658 472
244 554
525 854
736 182
269 337
401 723
225 688
569 784
824 825
982 898
966 263
284 612
889 884
273 489
297 688
595 576
295 966
804 182
590 960
936 206
904 657
452 967
357 154
796 894
945 974
28 243
3 815
802 604
356 193
330 98
231 495
239 49
663 66
933 623
178 507
562 895
922 78
571 657
977 833
920 975
453 905
142 100
712 89
698 490
824 421
203 80
381 104
560 156
346 817
359 557
707 268
770 842
323 284
329 182
246 368
730 389
668 864
720 927
41 153
463 959
27 614
305 606
16 406
918 53
454 456
857 770
127 301
56 640
464 231
860 340
87 745
612 84
60 154
161 100
211 992
432 705
484 223
647 106
809 252
636 956
968 570
117 225
272 3
384 189
481 787
505 147
206 936
518 899
907 743
541 742
212 315
557 62
122 460
506 53
84 323
10 858
572 392
485 879
796 937
31 466
107 82
342 329
610 518
485 54
966 288
914 588
466 31
436 834
815 616
385 976
745 975
158 90
447 745
846 159
186 130
468 499
503 196
843 265
389 803
680 176
49 440
845 418
211 190
995 438
118 180
113 116
79 694
421 682
880 834
814 388
795 440
213 567
977 876
239 440
798 413
619 390
828 106
772 810
336 983
635 972
841 254
417 425
217 803
925 157
326 585
265 46
662 592
803 217
190 992
292 769
699 203
411 884
954 418
92 468
878 731
135 169
123 898
740 818
873 150
826 430
120 503
960 152
227 821
604 534
880 822
541 104
26 435
786 34
192 707
762 683
838 839
585 876
18 156
810 980
151 128
807 325
362 162
314 757
745 87
468 92
938 398
293 397
995 138
903 865
543 768
21 519
753 574
884 411
697 776
823 278
558 952
475 824
424 993
556 758
647 828
181 843
927 708
930 449
834 436
671 10
105 21
659 903
340 860
979 640
137 287
535 871
331 739
714 826
587 719
182 342
854 525
221 895
159 846
742 863
822 880
963 322
640 979
168 96
181 799
606 467
810 772
818 601
727 715
867 853
724 144
572 398
311 425
510 152
503 81
362 629
430 714
589 250
436 822
295 263
38 697
300 948
804 736
975 87
889 563
46 843
653 367
467 606
809 269
513 150
678 527
25 671
938 392
622 310
276 161
664 371
447 975
949 31
959 115
970 422
90 661
387 859
21 561
78 922
714 430
810 4
176 680
463 545
201 529
153 41
754 257
48 491
471 374
596 781
535 644
222 729
281 933
775 11
779 47
470 818
169 135
678 967
580 816
425 408
404 998
31 949
530 343
44 246
965 403
852 761
536 566
756 677
347 699
37 450
200 823
629 663
950 82
9 248
11 765
770 857
955 193
998 42
367 237
152 249
759 710
444 1000
217 890
115 545
243 591
100 985
562 221
881 335
215 81
456 63
989 282
68 384
629 162
240 73
35 109
926 489
268 598
917 424
328 848
318 461
917 110
939 729
555 810
285 86
799 843
437 589
711 856
800 602
707 598
362 66
846 847
318 492
832 373
323 84
923 149
881 294
403 507
128 802
892 358
87 975
768 543
797 199
813 132
578 926
408 425
561 519
289 13
388 840
441 837
696 522
262 669
910 251
552 263
243 321
844 757
329 342
13 374
523 210
367 14
389 217
507 403
480 198
691 406
252 337
797 731
274 453
147 505
880 436
669 401
671 25
976 769
43 820
514 450
953 12
753 451
319 698
29 668
53 355
295 288
507 628
954 845
169 676
563 782
398 572
820 30
108 957
470 740
731 121
215 120
811 715
874 360
746 324
513 873
773 477
550 729
30 958
452 527
682 475
319 490
401 669
886 816
178 628
78 964
306 574
210 523
504 925
605 379
602 692
603 505
107 950
997 488
405 770
488 776
653 237
205 348
794 299
975 920
782 411
759 912
926 944
529 991
876 833
879 485
430 71
314 844
824 682
81 503
848 135
715 811
269 809
827 577
161 276
410 75
635 582
99 867
193 356
277 407
357 778
720 708
676 848
257 754
898 627
685 427
453 308
462 983
755 423
423 504
883 639
230 624
64 2
862 124
967 452
836 194
761 852
423 755
586 412
156 560
697 38
784 365
594 322
268 15
566 862
209 353
616 272
555 980
132 639
81 120
555 4
699 347
378 106
570 968
326 833
744 41
228 449
210 741
824 475
156 18
531 410
816 886
250 437
342 182
364 108
270 693
58 495
151 802
177 667
910 771
726 185
807 101
226 524
336 462
864 29
87 920
937 831
137 681
99 853
638 415
481 477
585 326
426 88
444 983
524 667
493 989
969 892
741 176
381 541
864 668
84 284
385 292
820 43
567 213
73 240
479 783
932 417
961 650
779 896
30 820
778 60
524 177
264 713
118 654
980 555
820 958
906 788
456 454
282 493
930 349
953 613
943 530
230 48
8 713
640 56
455 633
587 621
167 57
42 502
717 116
241 886
203 347
730 803
532 652
428 946
353 351
445 259
745 920
315 173
299 794
728 553
85 681
317 631
963 605
506 207
869 65
84 612
746 609
406 691
890 389
98 553
829 396
941 500
63 456
752 90
591 28
462 444
628 403
489 578
929 432
838 224
190 855
106 378
33 779
239 795
280 674
601 740
740 470
425 311
64 811
348 205
983 444
354 638
795 49
885 286
897 67
929 767
405 303
350 83
730 890
668 577
944 578
656 348
155 870
305 467
563 884
982 123
788 807
83 261
804 342
825 421
649 615
808 865
119 230
329 804
800 129
411 563
682 825
124 536
837 441
342 804
514 37
47 33
960 249
642 313
98 728
153 641
590 152
665 599
713 264
603 147
264 941
731 199
709 170
592 775
48 119
263 295
42 404
550 939
96 304
137 85
299 478
592 765
844 314
43 958
554 146
806 835
614 27
1 911
284 242
581 5
446 546
146 253
242 84
438 995
56 979
355 207
118 307
489 944
405 842
929 705
757 844
621 559
527 967
898 498
489 273
726 923
543 875
207 918
166 70
115 959
862 536
149 726
865 808
667 524
307 180
893 696
763 209
705 229
17 297
663 629
630 466
158 752
729 222
825 824
538 738
937 419
228 349
579 184
492 318
413 798
727 2
966 552
965 178
776 488
183 65
302 735
454 63
265 843
981 298
567 549
212 908
420 108
64 727
399 630
955 356
890 803
151 604
55 655
457 55
474 218
921 111
875 543
319 851
400 99
503 215
350 261
88 426
893 136
710 759
62 227
972 582
518 610
444 462
997 776
180 307
489 926
483 518
623 281
213 391
152 510
53 506
339 716
723 669
116 24
705 929
285 919
689 65
401 262
396 829
965 628
101 325
154 778
176 523
875 768
919 86
525 611
928 433
7 914
338 296
860 931
944 926
865 526
939 550
80 699
827 668
331 611
32 992
624 119
681 137
469 947
363 597
54 879
627 123
905 515
614 497
419 796
777 392
276 985
839 838
272 815
441 579
890 730
294 335
773 787
422 35
329 736
740 721
547 835
97 445
281 623
32 855
292 385
466 630
288 966
553 728
377 57
772 4
306 753
100 161
650 961
154 539
48 624
422 970
495 464
872 30
752 661
947 469
438 138
654 118
337 269
62 821
217 389
22 694
177 226
29 577
624 230
498 898
268 707
301 646
670 945
234 144
115 463
611 739
50 75
599 414
214 339
80 203
553 330
843 46
303 842
311 932
853 382
128 604
298 221
312 533
950 107
324 609
142 985
63 454
212 173
328 135
191 6
150 102
869 183
206 126
144 234
96 168
418 134
876 585
900 785
992 855
816 512
337 252
22 79
162 66
753 164
831 419
780 613
697 488
45 565
507 178
453 515
263 966
639 883
141 89
275 54
834 940
423 925
960 510
339 214
908 315
486 547
677 928
495 58
718 801
990 603
297 17
235 209
12 780
661 158
876 977
403 178
300 968
721 601
602 800
135 848
379 963
913 52
158 661
704 112
150 513
511 393
358 969
435 935
618 44
394 344
915 277
343 530
332 310
727 811
169 328
755 504
415 638
134 418
222 939
207 53
929 229
109 970
803 730
670 974
29 827
207 506
519 21
408 311
43 872
985 100
688 117
95 720
548 516
612 242
105 561
527 678
85 137
53 207
533 750
14 367
403 628
74 47
365 784
242 284
923 749
192 15
89 712
475 421
24 116
434 748
204 962
819 350
941 8
119 48
587 559
791 538
695 234
536 862
805 546
538 791
425 417
847 159
896 74
261 83
2 811
983 462
360 874
970 109
870 155
357 60
966 295
279 690
274 515
216 420
310 332
450 514
609 746
904 571
110 993
530 943
762 373
451 306
436 880
84 242
504 755
219 82
855 190
21 105
107 219
203 699
102 873
255 823
196 215
932 311
794 718
601 470
314 341
286 885
894 937
668 827
545 463
349 449
317 686
66 629
38 997
109 35
62 359
784 569
479 586
235 351
394 743
746 764
741 210
731 797
71 430
287 137
849 163
110 424
763 351
104 381
667 177
7 588
841 18
494 456
124 566
44 618
752 158
694 79
328 676
157 504
990 147
293 187
304 96
586 290
273 926
580 886
278 823
894 419
905 453
545 959
609 324
899 518
321 243
566 124
788 906
41 744
794 478
993 110
220 951
399 949
271 291
227 359
129 692
93 189
899 610
935 435
200 666
886 580
418 845
549 391
120 81
500 941
131 236
619 971
676 169
407 277
765 592
768 875
207 355
801 794
870 376
556 395
425 932
216 364
586 479
1000 336
235 763
523 741
311 417
892 969
823 200
211 855
325 101
606 305
378 828
31 630
895 981
837 184
225 17
174 148
284 84
755 157
659 865
599 665
149 923
605 594
661 90
184 579
162 629
976 292
763 353
440 795
102 513
99 400
340 931
264 500
679 672
492 461
526 659
184 441
399 466
573 660
521 36
669 723
937 796
546 370
833 977
274 308
595 501
40 125
657 904
971 390
129 600
477 787
997 697
771 910
896 779
199 731
925 423
680 210
395 758
367 653
792 414
190 32
289 471
71 714
142 161
787 477
516 548
298 562
771 251
458 251
408 417
662 11
251 458
920 447
284 323
384 68
872 820
421 825
682 421
765 11
193 955
924 540
683 373
551 457
799 46
714 71
604 128
272 616
560 254
74 779
764 746
486 806
729 939
749 149
451 753
840 814
810 555
715 2
377 167
526 903
764 324
755 925
231 58
464 495
424 61
903 808
919 285
823 666
391 567
164 306
277 915
141 712
405 857
122 296
977 585
507 965
89 141
519 105
81 196
803 890
674 280
612 323
753 306
86 285
221 562
142 276
254 156
146 554
60 778
568 520
382 99
819 261
730 217
613 780
268 192
757 341
963 594
246 618
783 479
368 44
891 258
882 902
941 713
629 66
210 680
199 797
634 789
71 826
666 255
695 724
168 304
24 113
501 576
505 990
773 481
411 889
306 451
10 671
364 216
534 802
155 376
767 705
298 895
478 718
641 744
351 209
92 499
275 485
409 625
884 563
522 136
946 428
569 365
515 274
763 235
833 876
254 560
522 893
744 153
290 412
834 880
713 500
940 834
100 142
799 265
128 534
982 627
980 4
458 771
349 930
117 297
594 379
639 813
650 111
527 452
407 915
303 857
621 719
502 998
31 399
99 382
273 578
652 532
504 157
352 245
868 19
805 684
313 642
696 893
539 778
665 414
719 587
419 894
359 227
257 830
217 730
261 350
334 988
499 468
863 742
484 887
510 590
577 668
801 299
61 424
655 55
486 835
953 780
794 801
50 531
985 161
333 620
541 381
734 615
532 233
299 801
315 212
254 841
322 963
296 460
592 662
136 893
42 998
550 222
941 264
493 282
418 651
813 639
954 651
17 688
872 43
781 596
410 50
574 451
598 192
698 319
325 788
249 960
227 62
515 308
341 844
678 452
818 721
297 225
275 879
769 976
588 914
237 14
776 38
452 678
660 573
940 880
600 602
749 185
292 976
136 696
510 960
278 666
132 813
672 179
692 800
265 181
736 342
703 140
388 814
990 505
123 627
668 29
777 398
75 50
473 170
466 949
400 853
817 346
845 134
671 858
95 927
55 551
427 327
684 805
448 238
958 43
534 604
124 862
627 898
604 802
962 700
178 403
235 353
908 212
802 151
440 49
373 832
149 185
948 570
561 105
307 654
61 110
662 765
945 670
446 684
533 312
937 894
457 551
254 18
589 437
858 671
123 982
91 67
256 632
818 740
184 837
392 572
853 867
221 981
982 498
788 101
322 605
494 454
82 107
988 334
406 16
255 666
488 38
508 267
598 15
926 578
219 107
833 326
134 845
707 15
741 680
307 118
209 763
917 61
341 314
149 749
683 762
303 770
657 571
918 207
944 489
244 146
288 552
170 709
351 353
524 226
391 549
376 155
356 955
632 256
47 779
4 810
709 473
984 26
739 854
920 745
785 900
958 30
57 377
811 64
323 242
189 384
422 109
803 389
631 686
17 225
290 479
113 717
114 979
419 937
157 423
301 127
404 502
523 680
185 726
705 432
173 315
582 972
949 399
699 80
379 322
164 753
729 550
218 474
13 471
398 938
644 535
694 22
744 641
14 237
826 71
225 117
150 873
104 541
501 595
86 861
690 195
975 447
745 447
