1000 12344
744 106
422 315
19 695
881 146
803 824
794 4
174 560
356 279
278 195
695 537
657 691
269 992
770 116
325 523
820 276
968 272
846 333
265 127
858 467
220 512
157 231
544 706
857 810
122 692
754 303
676 196
970 234
723 148
329 102
961 645
170 373
853 974
273 121
26 224
789 567
52 580
507 318
60 763
119 612
475 45
999 943
498 99
673 572
634 118
548 411
123 89
248 3
439 969
602 438
530 182
684 913
124 768
352 999
523 547
736 465
108 278
807 147
128 696
45 713
859 415
158 804
509 390
705 288
274 397
889 629
639 943
902 658
30 287
742 226
320 190
14 638
710 567
989 756
161 745
53 796
829 445
418 187
808 371
999 639
304 759
566 756
344 297
706 103
634 544
790 669
60 782
817 134
956 276
221 9
407 670
519 893
760 430
474 420
89 520
939 915
29 618
592 817
948 326
839 91
619 815
474 613
138 432
257 566
705 747
576 633
185 356
764 674
764 868
588 915
963 905
474 150
284 677
425 815
489 877
903 105
246 710
121 273
531 913
590 172
913 113
624 50
905 870
596 916
465 906
642 132
176 544
261 46
171 877
858 40
634 591
457 300
120 612
814 813
459 95
712 115
368 308
659 608
515 693
964 149
125 168
165 896
101 342
217 585
137 587
733 629
327 430
390 382
843 787
298 900
51 819
10 927
162 754
977 724
578 479
352 419
661 432
842 533
877 180
293 811
663 895
246 217
122 719
383 647
901 821
829 623
521 199
20 145
365 240
702 379
853 864
902 691
650 68
624 140
430 760
516 407
919 643
437 85
871 660
402 206
623 143
443 808
568 288
644 222
764 850
668 548
788 92
136 398
678 203
341 230
511 395
85 744
107 386
125 379
836 208
332 535
638 927
706 350
763 325
180 347
62 98
374 84
941 604
904 778
994 366
655 903
91 476
62 319
540 797
950 427
574 911
55 520
895 869
345 801
925 308
204 637
131 68
261 848
913 470
169 143
989 396
639 812
245 108
699 485
471 595
968 853
395 571
509 714
951 196
284 251
889 169
59 75
414 611
366 912
470 651
481 918
52 620
168 492
16 545
127 996
990 937
253 428
554 380
5 407
460 448
625 355
287 425
151 48
379 87
547 853
540 333
197 61
15 85
727 313
387 288
356 463
370 308
694 937
11 904
616 105
585 180
415 632
793 244
441 63
347 22
532 202
506 23
527 893
288 845
411 278
635 852
607 102
695 970
428 825
974 462
10 685
281 930
279 911
256 361
7 190
683 622
975 104
503 137
251 820
367 307
156 304
777 491
474 921
52 48
768 103
845 387
957 113
57 58
554 877
140 768
441 457
830 394
744 790
164 677
187 947
915 626
125 954
886 254
568 20
584 66
219 746
625 655
420 150
119 851
645 926
936 316
199 521
664 96
178 911
110 158
921 775
46 935
417 874
634 350
676 175
839 476
74 204
615 464
806 277
935 261
782 462
357 468
103 890
140 483
301 206
339 88
147 694
362 162
201 796
39 288
948 865
378 33
599 148
614 610
412 980
706 50
901 36
33 192
461 633
623 100
702 87
944 8
82 44
597 449
864 547
626 588
277 603
43 476
608 475
191 637
251 719
799 987
869 351
728 563
949 894
175 662
721 245
896 766
273 900
832 726
738 168
625 286
198 313
869 18
402 7
555 660
44 564
676 951
21 800
287 770
268 436
376 931
702 817
901 632
775 29
754 614
990 137
119 160
962 254
553 945
492 126
255 400
589 466
48 735
819 514
250 241
371 872
137 741
768 646
259 67
290 11
556 212
506 491
449 987
391 788
766 720
492 592
777 831
653 714
871 331
52 760
140 706
833 648
605 816
541 975
724 19
598 3
56 698
985 742
669 660
59 877
193 199
203 306
883 134
825 428
990 472
301 320
965 771
618 613
766 982
548 502
67 637
358 193
241 564
620 762
55 826
863 398
520 874
689 849
882 249
603 277
130 55
911 178
242 69
272 60
542 895
68 220
538 553
61 12
405 712
959 607
355 922
641 691
791 436
142 389
513 264
773 732
277 81
762 760
503 937
717 222
967 584
874 716
901 281
740 799
456 740
723 649
297 486
260 205
256 758
527 108
242 520
182 322
604 199
81 598
172 590
845 204
498 71
186 64
775 723
263 873
545 185
945 254
211 40
865 444
809 756
562 477
731 598
465 998
762 42
766 296
5 670
875 455
115 607
759 736
257 809
75 246
52 735
826 417
379 492
946 378
666 761
863 818
947 969
40 731
502 846
739 603
346 217
799 287
958 142
798 557
694 945
982 17
987 597
973 522
855 998
521 159
159 193
413 44
469 754
912 36
503 990
504 57
282 191
227 558
495 100
900 421
496 148
720 165
839 378
67 204
855 679
609 515
308 977
907 666
494 208
512 250
922 800
248 323
380 844
605 166
747 67
446 512
726 892
829 179
192 43
485 699
540 527
545 221
719 677
45 533
997 737
670 407
651 913
241 131
397 196
918 133
279 574
576 648
636 470
109 229
220 900
720 53
801 772
661 976
733 179
948 522
818 214
930 360
201 720
794 754
532 696
380 171
591 140
799 456
14 422
72 205
549 758
29 432
81 806
292 23
327 735
53 751
904 389
327 580
463 513
40 277
131 220
790 331
547 974
28 8
844 710
566 676
564 446
991 154
880 532
202 880
759 465
420 599
107 974
400 422
658 479
446 220
710 346
767 917
543 783
446 241
626 139
88 913
377 237
700 697
898 315
853 60
750 235
700 970
534 795
281 912
637 845
823 297
274 951
878 569
594 636
244 816
732 773
469 200
969 698
393 131
104 975
502 527
546 601
512 273
767 696
397 809
620 760
830 678
504 231
380 59
927 14
999 426
991 598
604 193
278 502
296 780
605 928
809 676
278 333
904 142
61 757
185 466
402 414
689 120
983 672
288 74
18 601
598 431
156 855
30 815
346 844
772 935
853 272
568 204
517 601
631 940
329 711
196 257
833 99
108 797
258 581
401 101
25 793
583 961
621 741
402 879
890 176
363 819
6 891
667 751
126 592
305 793
578 31
121 241
417 173
469 776
380 862
720 896
485 689
837 248
983 781
398 818
744 871
971 765
814 636
447 485
96 975
400 14
240 608
819 803
649 976
504 291
592 78
976 474
317 569
25 244
3 731
237 167
487 511
680 526
22 489
864 853
607 405
115 711
838 285
71 690
860 775
380 489
818 136
314 656
23 106
802 920
538 990
657 658
631 712
739 238
115 329
444 948
479 902
696 631
84 374
697 308
703 18
783 429
900 273
712 329
185 264
711 405
651 113
71 338
502 278
17 766
777 15
9 513
977 308
292 744
598 837
275 946
197 49
23 15
747 385
78 129
358 199
474 432
685 372
145 259
779 379
895 663
510 237
304 465
922 21
598 467
484 361
610 754
800 223
179 143
203 457
303 362
366 360
548 519
848 90
333 108
850 764
374 47
989 609
483 140
70 825
454 329
897 52
229 224
255 372
185 221
75 986
673 689
625 34
289 61
411 834
998 304
195 668
564 298
37 615
561 283
718 764
464 590
575 6
862 180
775 618
786 576
649 138
143 582
311 779
890 50
546 542
532 454
925 537
143 169
693 274
949 286
264 356
568 259
747 145
489 862
173 359
577 792
598 731
217 246
311 168
783 543
386 974
661 496
270 568
421 446
665 92
116 740
77 794
329 959
82 650
610 847
126 817
221 450
259 191
544 118
582 179
599 743
298 220
396 257
2 900
597 740
885 711
246 346
782 107
493 753
885 102
255 315
548 797
108 502
98 473
897 675
277 858
539 170
69 520
457 678
349 1
883 492
990 147
35 176
56 969
970 688
323 238
712 767
506 669
181 539
29 474
855 237
7 414
40 837
568 387
523 853
705 568
217 877
306 640
156 998
468 69
57 157
363 13
972 110
786 71
559 469
4 610
911 545
786 498
520 826
831 555
231 58
270 145
142 958
355 105
987 216
271 992
984 424
754 794
528 223
809 196
741 886
500 190
166 816
329 532
476 946
19 537
635 881
501 353
556 533
883 125
227 61
241 2
200 614
94 369
636 501
838 224
326 973
151 735
486 892
271 978
397 257
100 495
651 470
869 535
823 952
606 824
775 138
692 284
254 503
206 803
180 171
768 910
238 211
163 164
532 885
659 45
838 480
674 868
823 726
246 75
283 590
464 283
151 760
913 636
251 207
893 721
566 274
313 473
943 93
238 603
273 298
19 970
316 952
84 47
898 638
775 432
722 236
628 638
237 998
309 144
377 750
734 183
50 768
218 349
882 931
641 902
283 1
414 206
362 847
20 387
483 634
70 488
927 628
248 991
285 480
715 817
609 566
417 130
993 948
4 847
411 519
423 828
106 555
739 248
925 234
577 262
847 362
186 612
385 387
282 20
711 454
329 202
71 99
647 47
874 417
899 997
242 89
926 808
901 360
93 343
515 175
988 1000
329 128
661 613
208 975
99 461
461 690
343 639
478 967
283 375
693 676
971 695
287 987
962 990
125 592
979 745
223 21
844 75
910 890
246 171
434 299
486 936
691 479
103 624
975 888
415 859
226 985
171 246
806 603
67 403
675 151
154 81
618 876
604 941
259 145
198 891
718 54
591 890
175 617
719 820
989 676
82 709
249 674
973 865
598 248
260 335
657 424
866 5
598 211
965 215
122 956
689 612
962 472
806 858
861 17
578 785
751 896
580 48
462 864
351 18
793 166
856 201
442 746
519 540
781 672
851 849
435 170
434 909
6 41
973 326
368 234
46 24
40 806
234 765
491 15
731 858
173 242
361 627
954 779
408 524
542 988
81 603
870 632
804 972
168 702
611 879
824 363
42 897
960 801
234 537
838 317
769 461
44 2
77 469
363 51
96 687
939 139
539 672
300 63
468 716
737 267
293 947
223 34
831 292
185 574
320 819
564 421
370 234
777 23
486 316
47 312
156 510
464 561
842 45
103 350
414 7
149 6
139 626
741 472
29 613
688 700
246 347
726 823
946 43
20 282
833 461
342 487
813 913
999 812
551 25
77 610
690 576
531 470
720 751
669 777
994 905
848 801
327 151
276 122
652 214
672 236
689 851
69 563
139 588
394 63
2 220
496 432
66 32
278 548
879 514
168 704
333 502
912 798
421 2
489 217
502 108
148 29
455 226
355 528
803 13
153 945
469 610
337 971
129 817
954 715
450 589
704 311
803 7
201 296
23 744
604 907
398 938
2 121
190 7
366 930
706 910
221 185
895 703
693 196
326 158
930 415
800 903
353 913
835 902
910 591
285 38
402 13
110 993
527 668
625 528
758 340
886 147
323 806
815 740
436 268
332 663
237 235
90 364
908 713
633 786
34 800
659 556
352 93
303 4
468 357
479 424
22 246
917 115
88 353
885 880
998 235
225 232
627 256
595 471
611 13
691 902
735 620
36 360
659 713
699 572
101 571
523 968
486 344
806 739
837 603
137 147
949 625
993 804
732 836
395 101
833 576
318 909
22 59
916 79
991 837
728 417
49 810
866 749
81 837
705 385
50 176
894 616
561 1
89 774
962 945
147 587
138 723
869 703
113 957
124 706
326 972
411 540
46 345
317 229
808 926
906 998
687 732
808 583
585 171
778 958
302 10
942 165
663 332
245 333
983 722
752 157
846 834
413 393
284 276
34 903
826 563
597 799
512 900
594 353
304 736
195 392
662 951
407 516
134 817
454 885
463 185
789 217
254 886
885 696
774 520
911 463
494 888
77 614
267 299
964 727
292 506
417 728
207 122
924 295
496 420
168 817
645 961
837 739
549 161
320 803
147 937
622 258
487 73
825 579
532 128
130 359
82 446
18 351
172 283
623 445
387 67
716 69
714 795
446 250
711 767
896 942
650 421
102 115
545 463
743 661
757 857
648 786
894 34
881 840
7 819
109 224
681 674
75 171
667 232
235 237
71 955
363 402
187 969
328 258
799 597
490 517
164 163
690 648
152 889
410 602
519 411
669 506
905 798
596 132
520 123
826 468
544 35
701 187
600 336
242 563
154 3
589 545
210 999
928 573
957 814
364 848
668 333
567 346
846 893
817 379
780 861
467 603
399 152
134 125
567 217
363 206
949 655
836 96
467 3
264 9
720 232
450 356
355 616
467 731
39 20
822 194
339 501
489 789
19 308
8 28
689 160
1000 703
116 770
863 214
849 851
181 373
118 624
201 53
177 244
267 899
616 528
272 968
164 692
901 994
575 964
202 696
48 762
82 131
656 524
553 254
102 631
751 667
637 20
92 43
59 986
708 49
17 861
613 496
803 500
409 626
926 961
649 723
956 719
912 360
260 992
525 209
130 874
24 345
485 120
928 177
319 198
299 737
702 738
352 812
674 718
229 878
268 717
498 769
686 167
125 492
200 559
402 301
204 67
397 566
592 379
216 597
521 907
548 668
747 204
790 831
75 489
489 347
302 638
177 605
691 984
585 877
269 367
850 718
20 288
528 355
242 359
549 189
694 990
88 113
20 845
369 63
92 275
771 215
228 581
868 882
710 22
289 857
368 971
235 998
347 59
539 435
928 793
667 296
68 273
580 620
866 65
380 554
499 268
158 972
921 496
479 785
762 52
432 613
883 779
372 315
356 450
966 321
718 822
617 566
796 856
554 862
9 279
718 681
663 1000
98 62
678 406
719 284
646 768
235 906
491 660
55 357
342 395
585 789
132 209
887 135
968 547
624 103
622 328
37 561
538 962
327 675
564 413
953 335
807 962
153 587
278 540
352 639
328 622
763 272
924 458
532 631
815 770
395 73
838 109
882 764
601 332
431 739
415 798
965 536
952 316
138 860
146 635
275 839
402 514
561 172
724 308
123 728
1000 535
15 23
721 846
826 123
189 627
412 670
291 157
610 559
373 539
930 36
283 561
262 341
250 273
963 557
170 983
467 81
709 564
831 744
962 694
961 443
291 57
405 940
444 972
788 192
321 183
121 413
769 633
908 212
268 644
610 77
116 216
829 143
697 977
991 603
785 671
527 392
395 487
476 192
618 976
79 642
776 162
128 102
670 980
205 307
140 50
279 178
945 886
754 4
303 162
345 508
822 882
885 532
134 126
213 973
470 814
357 242
715 78
596 79
422 628
756 566
100 629
909 318
908 556
641 835
484 256
201 861
198 923
839 275
686 998
589 450
454 128
90 24
859 870
833 338
531 339
186 447
185 911
255 898
542 663
933 309
81 154
860 599
626 939
360 557
758 484
748 919
907 761
726 344
535 663
78 125
272 853
3 739
263 442
570 880
235 759
421 220
267 434
804 110
469 730
356 513
283 349
405 128
350 35
453 936
616 903
973 993
434 899
286 34
219 263
233 452
823 486
954 87
362 303
613 138
587 553
467 141
505 801
612 851
994 798
115 880
962 538
360 905
540 548
518 438
313 62
89 563
682 307
803 514
292 331
591 634
495 169
212 713
967 32
886 621
1 283
501 813
544 890
963 36
872 961
245 548
16 264
147 990
747 705
206 606
921 432
255 14
927 315
960 46
514 13
759 998
610 776
52 675
230 577
284 207
838 26
73 243
667 17
469 362
190 206
13 803
339 651
620 52
751 225
1 349
563 774
692 122
702 129
248 238
779 78
931 194
486 453
186 120
779 738
490 663
716 826
974 272
437 491
726 832
974 853
260 72
625 949
897 48
803 414
264 16
9 16
836 975
357 774
552 163
856 667
546 895
53 17
305 25
510 304
299 586
943 426
695 234
885 454
447 689
270 74
798 632
570 115
14 315
135 188
603 323
98 149
816 593
720 942
173 728
715 954
878 433
592 126
622 423
948 973
990 254
775 474
224 480
468 242
990 553
700 19
736 167
469 847
820 677
282 385
67 20
947 293
842 388
789 347
566 175
143 100
878 317
291 231
473 313
567 789
641 31
196 397
892 316
79 209
416 356
141 323
190 803
833 786
389 958
61 227
696 959
742 985
940 885
171 180
140 634
911 264
414 879
883 704
89 173
379 817
391 378
366 281
30 456
457 306
569 38
96 208
941 666
248 431
849 120
799 449
880 696
890 646
245 411
480 224
804 444
679 759
993 326
366 632
876 723
40 858
603 739
350 103
138 876
909 507
811 439
819 611
842 212
442 787
305 816
312 647
774 123
444 213
68 298
414 301
658 641
979 340
420 976
223 355
466 264
587 538
197 289
303 610
392 668
463 416
607 940
441 394
447 699
249 194
261 345
554 346
824 819
795 714
431 598
198 473
240 212
339 470
30 449
888 732
15 555
24 90
896 720
789 877
877 986
796 780
710 347
959 570
374 295
286 355
904 958
514 803
57 291
708 558
558 757
575 98
552 207
474 976
476 33
713 533
513 16
496 775
29 150
816 25
436 791
44 241
864 763
446 900
171 75
961 934
741 587
925 368
636 957
546 703
971 308
876 743
232 296
269 260
353 594
64 160
63 203
361 758
288 191
851 447
384 481
6 575
268 499
173 826
858 598
340 484
538 807
699 689
293 439
213 110
837 598
34 949
36 632
64 485
637 145
33 665
704 87
214 818
515 609
199 941
814 651
806 238
621 153
743 599
679 237
296 53
594 684
140 646
118 483
174 182
865 110
458 312
242 173
46 801
260 269
337 970
241 273
271 269
179 889
740 597
485 64
660 292
478 584
120 699
528 894
439 701
807 741
674 249
940 631
538 472
212 533
64 673
472 694
427 854
613 150
790 555
837 211
457 394
745 256
495 829
332 988
318 899
723 661
120 186
506 106
416 264
121 250
347 585
951 566
421 250
422 302
553 741
91 839
575 313
868 931
754 162
847 754
264 574
168 78
350 483
868 249
572 851
326 993
116 987
72 367
248 858
72 682
623 629
668 411
489 246
426 999
563 874
613 743
227 197
466 185
692 163
92 497
928 166
492 779
223 286
785 479
338 690
890 35
8 944
338 576
758 161
801 505
115 570
98 313
637 568
599 976
679 686
855 465
913 339
926 443
961 583
891 964
87 715
856 780
1 37
803 206
514 301
358 907
81 3
344 832
733 152
824 51
697 337
876 618
665 476
468 89
700 765
170 236
849 572
926 934
831 777
286 903
184 771
898 685
835 671
901 912
874 130
611 363
300 394
44 250
211 731
633 71
574 545
815 425
948 213
968 107
254 137
131 44
653 795
148 860
772 960
834 540
345 90
86 881
951 397
959 917
360 798
1000 351
514 879
871 491
371 808
352 239
279 463
810 558
248 81
436 644
450 221
192 946
413 220
987 799
332 351
175 693
606 7
302 315
26 317
134 592
900 393
803 301
711 885
274 662
164 207
688 971
23 292
200 754
992 953
255 302
125 704
709 900
19 765
618 921
683 328
991 431
158 948
9 221
196 175
684 814
317 838
282 270
431 731
210 239
494 836
720 861
73 395
156 759
860 976
439 187
363 301
628 898
271 404
606 611
275 476
64 699
705 20
282 204
698 56
511 571
943 999
231 504
690 338
472 945
445 399
381 181
547 107
516 749
690 498
712 711
866 407
731 3
296 165
686 855
49 289
99 955
78 492
384 565
710 180
871 669
501 470
48 151
491 669
855 156
636 651
475 365
621 147
847 730
368 970
910 140
320 206
631 202
324 579
781 373
185 513
891 727
414 514
406 300
171 346
81 731
58 504
610 200
532 959
831 85
20 385
276 284
339 113
990 807
511 243
419 210
329 940
702 704
711 102
787 263
282 747
362 77
35 124
857 95
620 897
60 523
60 386
141 277
921 613
985 310
575 198
413 512
459 227
218 172
611 51
271 953
782 968
91 946
50 483
747 191
396 693
523 974
691 641
311 954
804 213
445 623
338 633
860 661
195 797
881 635
826 359
586 909
267 318
177 551
450 513
165 942
363 879
815 987
892 823
746 843
814 531
551 793
311 87
178 589
972 326
780 53
402 320
662 809
898 10
319 41
688 370
682 271
383 47
872 934
256 484
733 582
75 380
502 721
105 625
530 322
171 554
646 890
301 611
40 991
954 126
26 38
651 531
431 248
564 241
935 364
483 706
659 388
858 3
845 705
17 232
12 227
851 699
988 703
856 225
225 751
943 239
893 548
768 35
69 774
807 990
938 451
156 736
837 238
254 538
29 661
800 655
208 104
62 41
421 393
760 620
154 837
832 344
885 940
649 432
264 463
185 545
225 53
501 651
415 366
857 49
293 187
324 253
2 44
31 658
775 613
81 211
880 607
722 155
223 922
66 805
954 817
318 586
941 761
148 613
398 214
693 662
461 955
124 35
45 365
557 930
651 339
380 180
163 251
695 688
703 542
638 628
650 298
959 631
565 384
923 313
837 858
42 735
225 780
450 178
180 380
555 871
804 158
1 375
581 622
163 677
124 634
547 782
33 391
695 925
758 745
249 681
646 544
104 732
168 715
44 650
278 527
696 329
618 496
257 196
276 956
129 738
759 235
514 402
628 315
473 891
532 767
152 623
776 794
60 325
77 730
704 492
663 351
623 889
390 714
598 81
54 931
955 769
548 540
906 855
729 622
645 583
648 769
128 880
124 118
28 509
305 244
936 823
399 179
589 185
710 171
11 142
325 386
154 598
119 849
106 831
34 616
955 633
371 961
984 31
385 74
844 246
335 269
65 866
835 479
232 751
446 82
168 87
705 67
627 340
403 204
421 413
388 475
614 776
502 548
518 602
628 927
320 402
768 118
225 667
242 728
709 413
92 476
981 428
465 167
78 168
210 426
613 723
59 789
4 162
938 136
365 908
840 635
668 245
567 862
264 589
288 403
34 355
862 22
696 885
877 75
804 973
484 189
765 971
661 420
378 91
567 877
660 15
976 29
665 275
681 868
849 119
601 546
376 868
704 129
684 88
382 534
54 681
136 818
757 12
261 508
744 506
189 549
814 684
497 378
704 125
393 650
971 970
535 703
716 417
670 5
706 768
888 104
556 365
519 846
361 340
90 960
793 177
646 624
272 547
489 59
735 327
62 891
974 60
407 749
369 300
599 921
713 908
940 532
120 447
313 575
476 92
81 431
879 7
991 81
163 276
819 206
9 178
181 722
304 156
780 201
731 739
136 652
423 328
681 249
36 281
395 342
368 695
128 454
991 806
413 650
256 745
32 967
978 260
673 119
577 341
739 211
879 803
261 772
955 461
797 411
859 963
630 919
191 282
618 661
298 44
447 673
767 712
930 963
257 609
86 146
147 553
851 64
424 671
334 682
355 223
4 776
95 227
629 179
145 568
800 949
311 129
662 989
240 475
416 589
634 483
63 369
118 706
241 512
715 129
699 673
313 891
656 408
354 294
554 585
378 788
606 320
13 206
461 576
24 364
137 254
99 338
1000 895
592 704
711 532
277 837
261 24
51 606
566 397
704 883
259 288
545 178
886 694
780 17
690 786
200 77
245 668
473 575
712 607
594 957
897 42
907 521
412 866
189 340
503 587
331 106
180 585
19 688
255 685
440 525
489 844
964 923
831 437
879 51
129 954
415 360
281 798
912 905
863 914
541 664
900 446
138 29
707 448
684 594
311 883
155 181
76 47
958 904
780 225
406 203
29 420
190 13
217 22
732 687
589 356
360 859
334 992
508 24
634 706
245 519
207 276
868 822
60 462
860 921
755 827
900 241
68 131
703 895
869 895
594 470
586 434
388 533
89 826
238 154
646 140
337 19
538 153
650 220
474 723
539 983
702 883
903 286
671 641
396 662
886 990
570 454
204 385
648 633
518 784
82 512
323 837
580 151
7 611
253 488
901 930
305 605
631 532
365 45
345 960
930 994
759 510
502 540
629 143
453 726
31 424
623 495
259 270
454 712
728 874
84 924
713 45
917 202
426 352
550 932
874 468
978 72
516 980
119 64
308 368
810 289
666 907
118 140
962 886
556 713
870 859
901 905
671 479
885 712
455 985
370 368
368 724
686 465
393 273
733 445
969 56
437 790
836 773
304 235
617 662
948 110
540 846
31 641
664 104
776 77
792 577
657 641
69 242
351 542
807 587
682 992
750 156
154 603
317 109
706 544
352 210
905 557
582 169
376 882
207 820
682 334
606 206
365 388
772 24
896 856
22 554
138 743
585 844
776 754
716 359
404 992
552 677
945 472
195 846
449 116
634 50
901 557
667 856
639 93
679 750
847 559
576 955
94 678
660 331
909 299
456 770
756 676
213 993
940 696
805 32
155 672
549 745
779 311
819 414
70 981
122 820
736 377
113 814
882 868
977 370
363 190
621 472
892 832
685 10
245 392
376 764
447 849
148 775
359 55
901 963
899 909
648 99
370 337
243 401
826 130
621 137
845 403
301 414
335 367
166 177
248 806
75 877
593 166
735 48
782 523
479 31
994 930
574 16
751 861
257 617
911 279
534 944
464 375
359 123
727 319
208 494
516 5
149 575
855 510
554 22
979 758
789 59
21 655
311 78
413 564
100 445
867 822
151 620
373 181
857 12
240 533
998 377
700 925
13 824
57 231
855 235
81 323
782 547
555 790
619 216
271 335
496 29
824 206
570 128
809 175
801 364
110 865
621 503
387 385
404 307
949 355
302 927
389 142
315 422
749 407
579 253
628 685
220 650
51 206
180 567
223 903
696 712
378 665
509 534
162 847
69 468
424 691
889 179
393 82
500 819
557 360
301 606
62 149
361 745
217 347
709 446
58 752
786 338
850 882
115 128
741 694
377 510
721 797
277 739
736 156
770 740
351 1000
243 73
197 12
542 517
50 591
27 299
67 74
505 848
165 201
599 474
513 9
864 60
35 624
409 588
735 52
221 545
372 302
430 327
956 251
799 815
563 55
138 148
988 546
128 607
848 505
410 784
160 119
585 346
424 641
467 238
338 786
718 931
100 829
121 131
629 399
571 395
472 886
103 544
272 325
752 291
983 236
432 723
40 248
57 752
675 735
830 640
329 712
609 175
371 443
372 898
374 312
57 504
194 850
879 824
150 976
308 970
463 16
294 354
548 721
857 757
544 140
367 978
980 749
2 650
35 50
566 809
286 105
316 486
23 491
640 300
957 501
519 527
609 809
974 968
218 375
166 573
311 704
819 7
149 964
166 244
44 446
254 153
822 681
418 439
549 256
917 329
237 510
446 68
296 796
909 899
176 124
154 238
788 665
380 75
319 6
796 751
91 665
248 603
238 431
512 564
909 997
528 655
324 428
631 696
113 813
402 363
308 695
75 346
973 158
747 387
51 803
1000 663
544 103
770 449
715 126
109 569
147 472
492 702
777 437
165 751
859 798
377 686
989 809
411 108
82 298
970 19
702 779
547 864
84 647
488 324
495 629
164 284
303 847
382 714
728 716
601 869
364 935
140 544
250 82
714 509
67 259
751 296
437 292
578 424
345 935
294 550
279 545
912 821
688 695
463 356
986 22
310 455
292 660
613 432
949 616
508 801
640 203
807 553
116 425
243 487
797 108
693 566
963 859
837 731
145 282
548 527
312 84
669 790
69 89
571 342
964 891
847 610
476 378
629 829
694 538
224 26
286 616
801 935
806 141
925 700
614 200
749 866
207 677
587 254
833 955
458 374
445 582
103 124
277 323
698 187
253 324
520 173
606 803
497 665
853 547
469 614
699 447
492 129
840 86
695 700
31 902
675 48
331 491
944 382
416 279
123 173
216 425
311 738
541 96
242 826
360 994
71 786
475 713
800 21
637 259
675 897
433 480
170 435
359 728
669 437
559 4
601 351
416 463
424 902
406 394
154 40
905 415
595 184
126 129
394 406
814 113
257 515
500 363
821 557
199 666
541 687
533 475
617 693
227 810
475 533
676 662
204 74
379 134
360 901
733 495
503 538
738 702
616 625
150 649
742 455
256 549
876 661
774 130
548 108
444 865
55 417
221 463
472 137
407 866
997 434
830 457
95 810
798 930
983 155
449 216
175 676
103 768
23 871
465 235
196 609
220 241
173 55
931 882
777 555
900 68
676 693
945 621
491 106
535 18
82 250
604 521
601 895
190 514
813 113
120 572
727 964
71 498
913 88
747 259
397 515
198 575
667 861
54 718
89 716
573 793
837 323
782 386
917 454
364 90
264 466
587 962
685 422
893 668
206 500
268 222
953 367
377 465
696 917
888 773
675 580
968 864
143 152
17 896
479 658
423 258
706 176
10 302
312 383
546 663
31 785
865 326
833 71
630 643
342 511
56 811
768 483
421 298
813 814
110 972
736 235
646 124
295 84
360 415
364 772
970 925
774 728
536 595
3 858
622 228
239 352
118 646
853 763
569 285
150 432
647 374
826 89
371 583
68 250
664 494
777 660
650 512
167 998
626 409
363 824
893 502
234 977
439 293
424 835
88 814
129 126
715 134
534 714
793 816
43 33
473 198
787 873
229 838
651 353
713 556
582 733
819 606
945 587
101 395
286 949
951 662
741 945
168 738
216 287
593 573
422 685
234 695
984 578
921 876
927 255
131 393
161 340
430 735
238 991
466 416
622 729
456 216
864 462
156 679
849 612
838 878
122 251
603 211
329 570
474 496
705 259
979 189
662 617
259 705
335 992
909 586
487 395
801 848
414 819
631 128
632 870
297 892
662 274
971 925
223 625
787 442
984 902
312 374
648 71
387 705
189 361
476 43
447 120
510 377
982 896
697 724
360 870
331 437
645 872
404 271
558 810
145 288
536 471
94 640
13 611
810 61
291 58
115 712
711 202
876 474
756 989
468 417
525 132
575 149
193 604
108 411
600 233
160 64
172 218
760 52
846 797
857 558
917 128
858 211
870 557
930 821
349 561
844 380
186 851
508 772
392 502
189 484
646 350
505 772
147 503
472 153
610 162
281 415
8 382
957 684
224 569
877 171
814 353
221 513
14 685
130 520
532 329
936 486
368 688
871 790
350 176
104 836
869 1000
754 469
379 702
122 207
504 247
722 181
251 677
153 503
376 718
761 521
218 37
258 729
731 806
700 695
572 849
552 251
502 333
831 790
411 245
333 668
403 568
450 545
592 715
217 554
164 956
20 74
138 976
782 763
13 363
687 664
7 363
462 325
760 735
603 858
863 652
984 785
906 679
779 125
921 599
411 548
372 422
667 720
627 549
208 541
789 75
473 923
617 756
901 798
100 733
693 515
955 338
674 931
520 359
403 845
53 201
145 387
739 598
789 710
662 396
809 693
374 647
131 900
858 837
719 956
609 951
501 339
168 592
11 958
160 699
203 369
797 540
191 747
103 646
403 67
323 248
839 43
655 625
418 293
971 688
249 822
867 850
104 541
47 458
798 905
564 900
254 147
386 325
824 414
393 241
496 661
204 568
357 359
248 154
632 557
859 557
907 358
931 764
46 364
417 563
259 568
517 490
231 247
51 824
712 696
50 103
239 210
541 888
553 937
360 930
100 169
618 860
12 289
353 470
443 961
566 662
588 626
298 413
776 847
867 718
796 982
832 936
187 418
247 231
488 428
395 243
661 29
664 687
356 416
895 601
924 312
125 129
819 320
523 462
123 520
510 998
416 221
254 962
123 242
431 81
880 570
246 554
434 586
681 850
102 570
288 270
16 356
612 186
990 962
648 498
679 906
255 927
116 456
607 202
244 305
393 512
905 963
468 55
582 445
244 793
611 514
286 655
895 988
767 570
883 311
50 118
361 161
774 359
23 777
304 998
465 377
198 319
574 450
168 126
415 901
470 594
254 621
393 2
296 982
51 611
876 420
963 632
585 986
300 441
740 987
879 819
89 357
368 765
305 593
30 770
730 754
551 605
652 818
927 302
405 454
971 697
237 906
649 474
416 16
70 324
765 695
684 957
232 861
953 404
688 765
553 503
446 393
358 761
246 789
141 154
849 64
619 799
620 42
917 532
837 141
616 949
598 739
157 58
569 109
59 567
964 98
540 502
315 927
207 552
797 278
203 678
204 39
4 303
527 278
495 623
633 461
902 578
812 999
733 623
279 589
387 747
172 349
438 602
402 190
68 512
380 246
789 554
403 259
126 779
864 968
273 44
411 893
944 714
239 93
67 387
817 702
624 124
811 56
607 712
364 960
116 30
353 501
304 237
102 202
637 74
164 820
441 203
479 641
88 594
953 260
716 89
180 489
334 269
752 504
721 108
750 304
251 122
284 552
710 986
796 165
325 853
838 229
485 186
229 317
173 468
365 713
466 589
211 323
272 523
209 525
485 160
692 956
460 707
563 89
927 372
739 323
879 190
504 157
126 134
678 441
285 317
862 217
325 974
585 347
964 473
872 926
40 3
871 15
844 171
512 298
378 497
734 966
171 862
729 683
99 690
860 496
953 334
115 767
521 604
912 870
674 822
969 418
365 842
357 69
289 757
828 683
413 68
42 675
765 970
466 221
750 686
792 230
87 817
738 492
973 804
480 433
320 606
962 137
40 211
762 430
28 714
468 130
798 859
277 991
306 94
217 489
782 974
311 715
557 994
886 945
403 191
845 288
494 773
650 44
836 104
237 377
912 366
930 366
855 906
650 900
485 612
694 962
799 619
98 923
100 143
118 50
897 430
566 396
770 216
210 943
282 259
798 901
359 69
829 169
157 291
665 788
408 656
282 387
353 814
366 994
138 420
801 46
669 831
659 533
364 801
378 275
447 160
195 502
811 969
949 223
611 803
275 92
741 254
912 859
506 85
109 26
372 400
147 621
173 123
947 439
894 903
400 628
858 991
347 217
358 941
241 421
16 466
700 977
260 978
92 391
743 29
165 766
343 419
583 872
337 700
90 935
669 744
844 567
738 779
15 871
951 809
657 835
713 212
329 631
2 446
319 473
468 874
216 987
973 213
134 702
240 365
411 721
883 168
869 546
234 700
650 131
889 829
308 688
971 977
67 282
756 397
766 861
197 95
819 190
603 598
860 649
661 775
339 913
228 622
335 205
298 650
767 405
5 866
405 102
226 310
173 874
133 481
26 878
726 316
196 951
533 365
428 579
772 261
803 402
741 147
737 997
960 935
308 370
821 415
524 656
692 164
677 692
776 303
43 378
120 849
608 908
292 555
259 403
360 821
983 539
772 848
137 153
968 325
29 860
559 362
756 257
452 233
143 733
763 974
609 693
467 323
789 380
149 473
350 890
539 722
840 852
991 731
996 265
865 973
564 650
597 425
45 388
745 979
731 837
126 715
817 311
450 185
627 745
291 247
631 767
485 447
105 223
914 451
899 737
431 806
304 679
719 251
646 103
290 389
644 717
923 891
43 92
283 218
609 662
994 36
894 105
706 483
880 405
702 78
316 936
38 838
940 102
672 722
831 506
224 838
767 329
827 755
58 291
496 150
41 319
350 634
687 494
856 896
515 196
319 923
14 927
387 568
433 838
721 411
66 478
12 558
150 860
4 559
527 721
867 674
9 450
665 33
538 137
250 68
893 540
91 192
319 727
496 921
899 27
150 29
211 238
860 420
917 607
479 657
803 819
774 55
662 566
731 277
238 81
668 797
51 363
551 928
425 30
334 307
269 72
172 464
547 523
158 973
446 44
855 750
877 789
790 871
470 636
186 673
528 922
141 598
283 172
19 368
724 925
731 238
377 759
396 617
778 11
123 357
250 446
853 968
446 709
732 494
955 498
500 611
338 461
941 521
788 391
48 52
254 807
223 655
859 281
14 628
844 585
435 539
201 667
940 959
710 844
72 953
567 986
20 67
519 548
885 631
483 910
278 846
605 573
378 839
694 503
119 699
990 503
131 709
851 673
469 4
657 902
826 728
42 762
937 587
894 655
7 13
35 118
176 483
703 1000
731 248
510 686
348 841
914 938
633 99
468 563
496 613
201 165
652 863
759 237
180 710
743 138
7 879
644 791
858 277
196 756
711 128
999 239
225 942
994 415
797 893
222 717
160 186
352 343
162 610
994 912
697 368
421 512
113 353
906 167
117 920
592 954
490 332
369 441
715 168
430 580
85 23
699 160
472 503
438 518
715 738
217 171
997 299
905 901
660 491
271 682
211 431
116 815
131 564
704 134
63 830
704 592
603 40
815 449
703 869
379 126
175 951
582 889
67 288
515 566
646 50
987 287
235 304
905 360
414 402
279 466
387 191
61 49
463 911
855 377
72 307
820 163
749 65
632 821
44 82
50 624
537 19
786 99
797 527
836 732
387 20
696 570
98 6
148 432
442 873
130 357
304 906
786 833
616 355
696 940
992 260
681 54
406 94
8 795
42 760
655 223
963 901
560 174
617 175
658 578
301 500
688 19
78 704
671 657
1000 988
767 532
224 109
47 924
619 116
282 74
249 868
93 943
36 930
678 394
26 569
7 51
12 197
181 983
888 687
576 498
278 411
452 600
497 946
244 573
592 87
646 35
150 876
665 91
126 704
387 204
968 763
846 502
405 329
212 388
207 719
913 814
157 752
90 505
890 483
862 585
555 106
141 731
937 694
412 749
385 191
246 59
651 594
691 785
709 2
553 807
154 248
224 317
988 542
829 733
107 325
118 544
987 449
574 416
298 131
710 75
939 409
759 686
779 592
532 917
217 59
712 959
976 496
624 910
16 589
347 180
311 126
591 910
465 759
386 782
495 399
333 846
821 994
781 381
12 61
533 45
559 794
728 826
85 506
876 649
697 370
818 652
756 196
754 776
281 963
946 788
607 329
82 121
613 148
570 712
833 498
44 273
570 711
863 938
53 296
375 349
22 585
234 971
814 501
205 367
613 921
867 249
39 747
129 87
514 320
42 327
333 519
402 803
180 844
709 298
99 576
227 708
631 711
392 245
247 58
860 876
905 366
590 375
724 765
212 908
113 531
490 895
774 173
502 668
704 78
206 824
356 185
209 916
449 287
103 634
750 237
82 421
189 161
421 68
474 599
519 721
132 916
420 29
326 804
141 81
211 248
159 907
862 171
424 984
200 730
19 370
782 325
361 484
765 700
712 885
894 949
797 548
240 659
520 774
770 619
387 74
630 748
921 148
279 185
676 274
108 834
102 917
947 698
661 876
944 390
982 751
224 878
281 821
421 241
500 7
936 453
82 241
281 905
349 375
207 692
573 177
807 937
186 699
334 271
208 687
158 213
655 894
221 574
103 910
259 385
533 842
889 495
564 273
769 833
953 271
817 704
274 257
232 165
540 108
644 499
599 150
147 538
291 752
783 280
673 186
13 7
443 926
94 300
312 76
807 153
1 172
597 815
107 853
727 198
876 775
494 687
292 831
540 245
483 591
351 869
29 723
347 346
523 386
313 41
534 382
362 754
285 109
712 405
738 883
788 946
344 316
267 737
446 131
847 200
96 773
105 286
828 622
714 390
489 75
695 971
631 570
870 821
619 740
168 379
553 538
966 734
63 94
607 959
454 202
870 963
570 607
584 967
54 868
342 73
608 556
713 365
766 942
711 570
95 61
898 628
512 44
574 264
333 527
149 41
733 169
878 224
176 591
735 760
657 479
232 667
325 968
303 614
604 358
104 773
3 238
559 754
382 795
691 578
775 976
368 697
396 951
380 567
922 616
145 403
606 363
497 33
990 741
820 692
705 204
885 202
754 559
179 629
363 514
286 223
63 406
170 781
954 702
21 223
49 95
62 923
337 695
785 984
327 620
598 277
909 267
42 151
766 225
101 243
775 150
721 548
633 690
565 133
686 750
886 962
440 916
143 623
488 981
506 831
557 415
65 516
500 402
899 299
56 439
984 479
978 334
60 107
31 578
451 398
388 212
89 130
617 676
738 379
53 720
310 742
886 553
664 732
17 796
373 236
643 630
426 210
208 888
640 306
637 270
963 930
663 517
907 199
690 461
440 642
466 574
421 131
835 578
439 418
545 466
765 234
678 457
140 591
669 292
688 234
492 311
572 612
145 705
168 311
405 631
53 856
107 968
973 110
20 747
130 417
53 225
329 880
340 627
13 606
682 367
752 57
216 456
100 582
682 260
828 328
970 695
180 59
940 128
614 4
284 820
344 453
628 372
850 674
148 743
434 997
506 660
700 537
1 615
780 296
339 594
269 404
794 776
544 124
99 498
106 331
697 765
531 594
64 612
297 936
837 3
472 587
392 333
871 506
137 472
131 650
195 333
79 132
197 558
700 688
126 379
564 220
868 194
598 806
121 421
991 739
92 839
970 724
163 207
582 152
140 176
325 547
623 399
710 554
888 836
861 201
392 195
206 190
63 441
917 885
646 118
359 563
351 988
502 392
645 934
942 796
801 345
673 160
145 385
505 90
596 525
717 268
921 150
100 179
540 519
308 337
928 605
71 648
244 928
402 819
500 514
89 123
793 573
82 393
492 704
723 775
573 244
199 604
15 777
50 35
696 532
437 669
370 695
246 380
558 61
375 283
370 19
816 166
185 178
350 140
333 540
557 905
861 225
35 910
624 118
721 540
326 948
453 952
836 494
886 937
685 14
851 160
393 298
790 491
587 472
346 180
78 883
729 258
762 735
723 138
148 138
945 741
164 122
250 512
542 351
709 512
200 847
876 138
750 759
775 599
167 156
459 810
417 89
937 807
16 463
697 537
984 658
54 674
651 636
639 210
47 84
693 617
162 77
738 954
803 363
505 24
251 956
806 81
575 319
835 691
647 458
690 71
935 801
591 544
506 292
190 819
555 437
723 496
93 239
329 607
799 116
711 940
574 185
877 567
241 393
829 582
31 657
123 874
953 682
370 697
967 805
982 225
391 946
312 47
30 425
675 760
85 15
372 14
444 326
986 59
178 356
459 61
632 366
766 232
179 495
301 7
40 467
307 978
777 790
38 480
432 138
535 490
416 9
5 65
467 991
411 392
989 662
524 408
7 402
667 766
789 180
737 434
428 324
535 895
693 175
118 910
606 13
318 267
486 952
744 15
503 962
930 901
102 711
50 890
937 538
288 259
152 143
60 974
195 527
845 282
580 735
668 834
156 465
166 593
103 50
747 270
650 273
795 653
189 979
739 141
192 839
704 379
606 402
595 536
517 332
657 984
223 949
87 125
333 195
616 894
717 791
325 763
923 98
688 925
145 270
505 508
509 944
330 127
817 715
736 855
230 262
64 572
366 963
250 131
514 606
391 665
68 709
894 528
537 765
774 468
512 413
237 759
179 623
962 553
149 923
74 403
6 149
381 722
785 578
20 191
607 711
583 645
594 814
259 74
857 227
824 514
944 534
466 178
629 445
315 638
407 412
210 419
343 943
165 720
728 359
732 975
975 208
205 953
663 703
298 512
28 795
491 331
139 409
610 362
862 346
514 611
858 81
242 774
527 846
290 958
677 207
862 380
759 679
93 210
901 366
650 393
248 211
484 549
248 731
299 909
702 954
104 208
27 737
154 858
989 274
225 896
700 337
986 217
624 890
216 799
5 980
773 208
976 876
790 23
202 767
926 583
545 264
869 988
607 128
846 540
272 386
105 34
757 227
339 814
63 678
352 426
113 501
179 152
598 238
500 803
331 831
148 474
77 303
571 243
546 869
497 839
386 763
50 140
641 984
732 664
590 1
115 454
687 208
835 984
287 815
592 779
834 108
765 537
100 889
722 170
555 669
558 197
162 776
686 304
125 87
860 618
531 501
235 686
633 338
929 111
30 740
379 125
650 413
1 218
13 414
312 924
170 539
85 491
398 136
437 555
668 519
750 906
334 260
917 711
355 655
916 132
140 624
503 254
513 450
563 716
208 664
583 926
740 216
14 898
483 124
96 888
69 123
416 574
235 167
864 325
900 44
147 153
655 922
395 401
380 877
891 41
774 69
824 13
674 764
777 292
735 762
712 454
841 348
310 985
449 619
605 593
804 326
527 195
22 171
582 495
242 417
822 54
2 131
201 856
895 18
116 449
621 807
820 251
480 878
737 507
140 35
351 663
238 323
11 290
546 988
850 931
400 372
945 538
546 1000
896 780
378 476
677 719
589 9
303 730
567 180
475 556
971 370
306 678
456 449
520 130
877 710
217 346
557 798
470 113
810 49
18 869
239 426
85 669
101 73
212 659
502 411
658 902
387 270
874 242
236 435
938 914
154 731
159 604
107 864
77 559
903 800
730 162
251 552
87 492
434 318
907 941
660 106
134 954
441 369
834 195
292 669
217 75
647 924
17 856
893 846
203 63
786 955
900 709
875 226
348 112
670 749
851 689
382 944
281 859
449 456
151 42
579 70
3 248
246 22
115 405
210 352
995 97
805 66
661 860
775 649
551 166
882 674
963 281
393 709
498 833
509 795
862 844
176 118
588 939
638 302
25 928
350 646
885 570
420 661
738 126
451 136
42 48
542 18
775 148
790 85
495 152
617 609
60 547
483 50
69 173
167 855
931 850
806 248
281 901
88 684
780 982
653 382
422 255
190 320
270 385
45 659
424 658
348 477
876 976
403 385
619 425
256 340
957 651
765 368
989 257
563 123
762 327
769 71
601 1000
676 989
885 767
592 883
155 722
264 279
431 3
107 782
963 870
992 72
891 473
82 900
319 964
269 307
343 812
165 780
267 909
946 91
106 744
37 590
714 534
150 474
906 736
125 78
374 924
75 585
229 433
890 140
370 970
902 785
611 824
85 777
727 98
296 856
315 685
586 899
327 52
242 468
712 202
87 134
878 480
368 337
334 953
507 909
160 851
201 17
839 391
264 185
705 845
721 893
553 694
722 381
508 364
113 636
315 628
439 698
759 167
697 234
726 486
497 192
618 148
388 908
296 201
819 402
721 834
668 278
248 277
861 796
58 231
16 221
917 940
744 660
679 156
570 405
254 937
39 403
930 632
72 269
624 350
531 957
358 604
17 225
213 158
181 435
257 989
760 580
814 470
59 171
334 404
967 478
954 134
417 468
314 408
377 736
55 130
137 503
523 763
532 940
286 922
108 392
570 631
845 74
421 709
743 921
559 614
153 962
878 26
148 599
370 688
390 795
265 996
925 724
732 541
545 416
521 761
961 926
553 621
986 347
517 535
297 316
658 691
154 277
299 267
458 84
276 163
545 911
497 275
931 249
557 859
593 816
670 65
766 751
605 305
259 204
871 744
208 773
254 472
974 763
464 218
910 768
831 871
504 58
269 682
472 147
737 299
36 905
473 319
555 777
421 82
23 85
256 189
978 205
771 965
286 800
204 145
533 713
179 169
25 551
211 739
855 304
284 956
621 962
768 124
713 388
29 138
986 346
641 785
615 172
522 804
570 329
148 921
129 379
403 270
149 727
217 567
344 726
510 156
747 403
290 142
894 21
357 874
18 490
667 942
236 373
978 271
811 947
409 139
131 82
99 71
499 717
676 515
824 879
637 191
607 570
788 275
765 688
768 624
181 236
152 495
859 905
922 894
59 380
982 780
599 723
467 739
468 359
863 136
706 634
414 190
385 403
134 78
115 102
573 816
509 28
745 627
553 147
970 765
29 496
631 607
2 564
90 46
39 845
890 124
946 391
714 8
40 323
970 977
344 823
633 769
511 101
924 84
454 102
728 89
523 272
831 331
641 671
306 63
555 744
113 684
84 312
261 935
741 553
327 762
461 833
432 618
648 576
386 462
578 657
465 156
877 217
599 775
245 721
446 2
916 209
555 15
251 164
735 675
811 701
545 574
636 339
71 769
397 609
85 292
235 510
222 499
134 883
492 134
626 915
608 212
889 582
354 932
820 956
331 85
172 561
576 690
936 952
839 665
727 473
796 225
132 440
108 548
589 178
149 62
194 867
681 931
391 275
315 372
22 710
110 522
365 659
141 991
823 316
173 417
934 961
76 295
921 474
325 272
981 70
824 803
738 78
917 880
690 955
501 113
527 245
356 9
35 140
883 126
158 326
896 751
986 567
535 542
253 579
580 52
461 769
440 132
351 703
512 121
238 837
709 44
503 807
913 531
820 164
868 681
538 937
639 419
942 766
954 492
448 460
700 234
330 265
370 765
844 59
95 49
507 434
464 37
278 834
128 202
836 541
199 193
341 577
484 161
278 245
962 153
861 751
122 552
473 98
631 405
828 729
324 981
271 72
554 347
951 396
860 474
439 947
510 736
108 668
723 860
67 747
980 516
403 637
774 242
987 619
346 877
527 333
716 130
204 259
639 239
399 733
794 847
915 409
390 509
167 679
236 155
1 561
874 89
380 347
649 743
910 646
451 863
72 334
651 501
312 295
400 255
137 538
137 937
691 671
764 54
779 134
368 925
161 484
52 327
730 469
787 843
574 463
740 619
880 329
479 835
370 700
818 398
719 122
298 82
805 967
621 254
837 467
705 191
160 673
203 441
386 107
495 445
86 635
141 858
476 91
885 405
48 42
48 675
811 698
528 21
813 957
39 259
769 786
587 741
879 611
447 612
115 696
377 998
761 666
655 286
702 592
765 977
26 838
644 268
418 56
551 177
151 327
148 723
671 578
751 201
834 278
765 337
207 251
822 764
564 709
178 185
234 308
870 905
211 837
187 56
601 535
283 37
573 928
516 65
402 606
105 21
468 520
105 355
960 505
605 551
893 333
392 411
554 567
613 661
823 344
993 158
371 645
830 306
345 772
576 71
875 742
972 948
959 940
661 148
418 947
681 882
704 715
662 196
892 297
6 319
942 856
462 272
92 665
369 830
469 559
721 278
197 227
171 217
126 87
183 734
7 320
976 775
72 260
782 853
461 498
446 421
65 670
760 327
195 721
122 284
215 471
50 910
176 768
982 667
705 74
248 837
239 343
362 469
579 428
210 639
56 701
490 18
527 502
751 942
194 674
417 242
697 695
913 594
297 823
264 513
160 689
603 467
308 697
686 759
835 424
63 306
34 625
10 14
270 20
190 301
213 865
149 98
44 131
357 563
942 780
987 815
499 791
636 353
923 149
744 85
91 92
120 689
525 596
162 469
809 617
350 591
38 224
273 421
520 242
124 176
180 862
197 459
558 95
731 81
649 420
870 901
937 503
293 969
250 413
335 682
310 875
817 492
36 798
908 659
72 404
413 250
119 186
718 868
986 246
437 777
270 39
432 775
399 100
274 396
198 41
324 70
665 391
824 402
623 829
85 555
340 361
617 257
463 574
276 692
702 168
122 163
202 570
597 456
82 564
459 857
307 404
19 700
563 826
890 103
210 343
659 212
131 446
14 255
347 75
470 684
569 838
246 180
353 88
669 871
759 855
515 676
193 761
55 874
791 222
473 964
363 500
402 500
517 18
982 53
793 928
1000 546
834 519
285 569
738 817
533 240
883 715
561 218
736 998
450 466
279 356
497 91
415 905
274 175
45 475
293 56
892 952
590 615
32 478
296 225
566 515
942 751
277 141
754 847
131 250
620 735
316 892
837 154
697 971
288 282
917 767
259 20
146 881
998 510
720 780
867 868
511 342
625 616
175 257
939 626
89 728
406 640
94 830
583 443
720 201
634 624
232 942
279 513
937 254
606 414
955 99
138 649
446 298
648 461
121 393
633 648
699 120
413 273
515 662
776 469
754 200
603 248
554 710
300 640
494 104
303 776
293 698
542 546
366 798
98 727
694 621
497 92
43 497
476 665
287 216
954 738
870 930
678 830
675 620
423 729
232 896
628 422
41 473
515 396
439 811
464 172
403 747
318 997
20 637
876 860
777 85
462 547
257 693
472 807
347 380
329 405
477 841
554 489
937 990
679 998
607 532
585 75
388 556
388 240
302 898
990 945
194 931
610 469
928 244
241 68
700 971
545 589
520 69
673 64
191 403
556 475
766 780
193 666
907 159
520 716
120 160
48 897
160 849
50 646
561 464
740 116
333 893
362 610
429 280
173 520
40 739
852 881
593 551
50 634
475 608
794 77
844 789
176 624
567 75
244 551
163 284
625 922
156 377
195 540
647 383
209 79
227 459
580 675
498 338
716 357
774 716
569 229
582 829
634 176
142 11
442 843
865 158
937 962
435 236
510 235
159 358
812 210
608 533
587 621
793 593
125 702
264 178
541 773
209 440
592 702
52 151
891 923
247 291
106 660
896 232
930 870
259 387
703 546
406 457
556 388
227 289
615 375
472 621
834 846
569 480
829 100
623 733
91 43
688 977
346 22
642 209
277 211
705 270
48 580
616 286
535 332
948 972
841 112
650 250
631 880
356 178
489 346
571 73
241 250
519 278
776 200
192 33
533 659
567 22
744 555
833 690
743 150
722 539
231 57
487 401
715 592
738 704
433 26
51 301
222 268
245 540
546 535
581 423
895 517
608 240
58 157
259 39
879 402
842 713
245 797
334 72
275 497
466 911
594 913
454 405
469 77
566 951
821 870
567 347
41 891
198 62
201 232
889 152
821 859
433 109
30 987
882 822
522 865
761 604
796 896
570 917
538 621
166 25
870 994
618 420
808 934
716 242
297 726
12 857
528 34
12 49
307 334
497 476
523 107
758 627
743 432
674 194
982 861
875 310
919 748
821 36
573 25
276 164
723 599
732 888
93 812
339 353
464 1
749 412
502 834
225 296
20 568
631 454
268 791
77 362
288 67
69 728
21 625
454 959
948 444
670 412
549 979
897 620
876 29
4 614
585 489
143 829
19 925
592 492
257 756
463 589
618 649
949 528
902 671
319 149
992 682
564 131
960 24
480 38
508 935
549 340
444 110
130 716
576 833
191 288
441 306
855 167
689 485
694 741
813 531
552 692
882 718
970 337
219 787
252 734
797 668
206 611
737 909
998 906
91 788
435 722
39 568
521 941
403 39
350 50
767 115
407 980
922 286
856 17
591 103
150 599
756 693
128 767
627 161
242 716
350 910
166 305
978 367
206 51
367 205
806 837
298 564
537 697
281 360
176 103
64 849
396 609
943 812
616 922
67 145
897 580
333 278
816 605
180 986
743 420
456 619
724 368
195 548
631 329
209 132
503 147
834 333
767 940
163 820
735 151
758 361
357 826
832 316
970 308
45 556
158 110
299 997
238 739
804 948
538 503
463 221
911 16
317 285
882 681
692 719
865 213
750 465
247 504
542 869
137 886
416 911
879 320
212 556
283 464
401 487
105 903
243 342
245 834
300 678
764 718
216 815
87 704
202 532
214 136
419 352
415 912
992 978
718 249
646 176
794 730
982 942
278 108
10 372
38 433
176 140
744 292
726 952
278 392
457 640
568 39
194 376
988 895
512 220
377 167
537 700
279 9
95 757
587 147
859 901
49 857
893 411
568 67
40 603
568 637
52 430
969 293
619 770
959 532
226 455
837 991
87 129
954 592
880 454
837 81
695 765
594 113
181 672
906 377
419 93
379 129
503 741
589 574
109 38
796 232
766 796
890 350
553 587
665 378
124 910
773 888
901 870
427 950
945 503
404 978
87 738
343 239
636 813
51 514
859 366
68 446
708 227
794 559
30 216
677 552
877 585
813 636
670 866
813 501
799 740
751 17
359 130
417 716
847 794
926 371
902 984
740 456
93 426
483 768
165 17
405 880
807 621
881 852
453 297
273 68
812 352
192 497
795 8
204 705
363 606
435 381
712 917
39 67
806 991
191 385
116 597
520 728
910 634
33 497
902 424
15 744
367 72
896 982
718 882
131 2
895 332
930 905
522 213
498 633
954 129
379 592
619 597
566 196
296 232
599 661
125 134
846 245
498 461
546 490
730 200
650 2
994 901
731 991
629 169
279 221
22 347
638 14
320 500
328 228
589 416
235 855
891 98
785 641
845 637
824 606
862 59
679 736
414 51
211 467
688 724
177 793
512 650
248 141
134 87
4 754
269 271
476 839
829 629
171 489
601 703
900 131
202 959
964 6
530 560
553 962
910 103
825 253
940 405
906 510
638 422
441 94
54 764
959 128
676 617
170 181
703 517
480 109
952 892
168 129
669 491
317 38
457 369
181 155
462 782
202 940
650 709
465 855
263 843
273 446
202 128
568 845
912 901
87 592
433 38
253 981
251 284
501 913
425 597
206 13
905 821
380 789
25 605
767 454
82 273
739 467
299 434
160 572
856 982
59 246
998 156
75 567
940 115
230 341
559 162
450 463
463 545
81 238
8 653
2 273
507 267
490 542
587 937
125 738
647 76
958 389
206 819
730 614
319 891
503 694
844 346
308 765
675 430
203 640
912 963
422 10
59 585
74 145
213 326
343 210
708 757
12 95
391 476
563 69
862 554
393 44
10 255
453 486
31 835
822 850
867 931
118 890
868 718
385 67
484 745
225 856
772 364
696 454
92 192
313 727
342 571
56 418
345 848
508 46
959 880
660 23
897 327
375 218
29 649
22 346
857 708
728 774
162 4
9 545
346 862
35 350
925 765
648 833
129 779
357 716
129 492
961 872
824 301
821 360
343 426
673 120
986 710
147 807
203 94
54 194
874 563
191 568
695 697
552 956
43 839
881 86
16 9
51 13
693 951
74 20
660 831
797 834
715 311
26 109
356 545
99 633
9 356
722 435
36 901
126 738
218 615
269 978
984 691
847 4
904 11
14 10
23 437
905 859
191 270
924 647
955 786
598 603
532 115
712 631
811 187
386 272
475 659
584 32
240 908
34 894
687 836
976 599
528 625
243 571
96 732
137 990
730 77
846 527
346 567
722 983
459 12
952 453
567 246
866 412
219 442
186 849
796 201
896 796
138 775
277 806
764 681
926 645
893 195
632 994
287 456
927 400
133 918
492 125
833 769
141 739
405 711
121 446
807 538
879 500
859 912
322 174
40 598
398 652
374 76
776 730
851 120
54 882
491 292
346 585
981 253
845 385
880 102
859 821
415 281
123 130
13 500
125 817
178 466
943 419
345 261
619 456
132 525
733 143
417 55
636 684
624 591
47 295
674 882
585 246
603 431
889 733
455 310
624 483
345 505
727 923
888 96
612 64
389 290
597 287
242 874
165 225
692 820
229 26
708 810
649 150
571 511
190 824
168 883
869 517
457 203
102 696
418 698
623 582
387 39
925 697
288 568
134 379
130 826
689 699
982 232
70 579
822 718
315 400
649 148
192 275
465 304
180 75
141 806
462 763
979 161
677 164
621 990
323 141
138 661
728 123
835 641
394 830
611 7
815 456
430 151
545 356
424 657
525 440
826 242
598 858
194 882
408 314
400 315
540 278
890 624
376 249
734 321
16 450
864 272
972 804
923 6
564 2
87 126
587 503
847 614
26 480
381 539
89 55
155 983
610 730
864 107
203 830
319 313
121 220
121 650
55 728
839 92
39 637
193 521
396 397
94 63
326 522
106 437
174 530
634 890
200 4
356 589
10 628
400 898
570 885
430 620
558 857
727 891
747 74
175 756
109 285
747 288
786 461
78 311
964 313
689 673
575 923
724 234
994 821
959 454
332 546
576 99
407 65
46 508
970 537
277 248
794 303
557 36
238 598
351 517
777 871
554 844
756 175
119 689
204 20
403 145
718 674
686 156
351 546
163 719
981 324
147 254
691 835
544 483
522 948
688 697
379 78
337 697
900 82
237 686
35 103
743 613
160 612
90 261
968 974
2 241
462 974
450 16
618 599
900 2
95 289
740 425
537 724
603 154
917 570
898 14
447 119
28 944
67 568
768 350
302 685
564 82
743 876
393 68
871 831
454 711
441 678
479 671
102 767
19 234
21 894
969 947
699 119
233 336
292 106
831 23
75 789
551 593
709 68
446 121
759 156
437 15
306 406
94 306
350 544
45 240
377 855
512 68
331 790
957 594
782 60
437 744
213 522
756 662
119 572
47 647
304 510
878 838
211 991
289 459
951 257
686 237
640 678
247 157
274 809
738 311
307 72
472 538
538 254
800 286
240 556
522 973
735 897
778 904
679 855
333 721
744 23
768 176
292 85
989 196
180 22
714 653
212 608
501 684
720 667
687 888
917 405
686 510
728 242
506 331
702 126
34 528
46 960
374 383
485 673
784 518
688 368
723 474
21 528
11 778
532 712
2 298
153 886
431 323
932 354
668 540
522 972
683 423
124 646
316 726
611 414
604 666
421 273
820 122
826 69
613 976
858 731
813 651
816 244
689 186
603 81
36 415
683 729
67 385
270 845
19 977
765 724
165 667
944 28
566 693
482 884
692 276
795 509
702 134
789 22
457 441
527 797
41 727
161 361
315 898
609 397
376 867
212 365
185 589
417 826
824 500
974 782
510 759
898 400
800 528
669 85
51 190
571 101
721 333
480 285
284 164
287 449
61 810
21 949
651 88
225 766
572 485
4 77
167 237
579 324
436 499
651 813
810 197
433 229
724 970
113 913
883 592
819 363
471 215
169 179
943 639
305 177
955 833
563 468
220 121
250 2
232 201
510 167
236 983
674 376
781 983
150 138
708 197
852 635
951 274
390 944
648 690
145 747
470 88
161 979
161 256
942 17
834 411
246 877
576 786
743 148
28 390
338 833
921 976
624 35
736 759
383 84
186 160
760 675
318 507
601 663
150 775
848 364
721 527
756 515
906 750
572 699
156 686
176 706
596 440
614 847
196 274
385 145
51 500
154 431
333 245
552 122
660 669
103 118
233 600
298 121
930 912
774 89
390 8
171 710
876 613
663 542
276 719
699 612
767 128
477 348
453 344
567 585
716 55
711 917
757 95
942 667
276 677
591 624
975 541
313 319
419 812
559 610
443 371
272 107
804 522
394 678
784 438
232 856
197 810
498 648
589 279
672 381
974 107
377 679
196 662
94 394
809 397
689 572
963 798
893 245
697 970
140 124
591 706
598 40
890 634
853 523
132 79
430 762
953 269
176 910
18 1000
561 615
709 241
377 156
123 55
271 260
972 444
908 608
149 313
992 404
468 123
791 499
591 35
874 359
399 629
530 174
52 762
196 676
137 945
779 492
715 125
897 762
270 403
747 568
723 432
522 444
53 232
441 300
211 277
613 420
239 419
951 609
308 925
217 180
65 407
162 200
971 537
856 53
625 800
171 567
544 624
548 195
420 613
975 687
696 607
92 378
750 510
791 717
411 668
759 750
289 810
323 3
653 390
704 168
75 862
129 702
723 29
642 916
839 946
211 81
121 564
907 604
156 750
594 339
777 506
420 860
507 997
984 835
810 857
658 424
731 211
761 193
13 320
190 500
472 553
394 369
537 970
465 237
136 914
238 141
182 530
391 192
893 519
394 457
751 53
88 470
148 618
970 971
165 232
828 423
24 46
555 506
772 46
141 238
554 59
723 618
33 788
399 143
160 447
836 888
232 766
37 283
585 380
1000 601
767 631
887 188
566 989
426 812
625 223
993 972
709 273
175 566
173 69
250 650
487 243
422 927
444 973
210 93
822 376
554 180
118 35
456 116
440 79
91 391
832 952
332 542
234 688
447 851
945 962
201 942
739 40
172 615
215 965
817 87
785 835
392 548
880 940
720 296
346 789
300 369
443 934
288 145
76 647
394 203
608 388
636 913
205 335
243 101
82 2
244 166
813 88
917 696
413 446
938 398
660 85
969 701
282 39
834 668
821 366
931 718
64 120
477 562
58 247
388 45
247 752
683 228
178 450
271 205
483 118
201 780
713 608
501 88
318 27
632 281
610 303
958 290
628 400
369 457
922 34
19 337
102 532
713 659
856 766
744 331
261 960
514 206
826 55
554 246
947 418
150 496
169 623
352 943
513 356
360 366
979 549
586 507
41 313
87 379
121 900
601 490
632 905
597 116
75 554
932 550
743 860
997 586
258 622
871 23
920 802
931 868
86 840
741 807
943 343
369 406
617 196
794 362
623 169
687 96
715 779
166 551
816 305
531 813
173 130
118 176
618 474
74 387
643 919
161 189
367 992
869 601
987 770
3 40
944 509
15 831
91 33
490 546
472 741
45 908
480 569
309 933
391 92
163 122
23 790
607 696
522 993
16 178
580 42
661 474
817 954
945 990
821 632
497 43
772 505
380 22
793 551
741 937
416 178
931 867
19 971
609 257
128 329
709 131
162 794
369 94
731 141
420 921
7 803
777 106
119 673
809 274
257 175
542 535
535 601
908 475
782 272
290 904
872 808
521 358
337 977
519 834
506 790
44 900
925 977
923 62
227 12
820 552
231 157
146 86
848 960
594 651
537 925
779 954
513 574
393 413
738 125
232 53
129 311
528 949
684 353
731 40
155 781
837 40
673 485
286 625
716 123
316 832
119 485
148 496
977 697
603 806
451 914
578 658
141 3
613 775
378 946
337 724
662 257
614 469
582 100
340 161
393 121
510 465
706 624
96 104
634 35
13 402
211 141
123 468
131 298
129 125
987 740
15 437
426 943
519 392
991 40
129 715
494 96
284 692
969 439
815 597
105 616
761 159
4 730
940 454
667 982
246 585
953 978
492 883
487 101
376 850
59 22
998 167
71 576
307 269
2 250
554 986
101 401
506 15
686 736
676 609
758 256
880 959
337 234
579 488
802 117
301 879
288 705
473 149
216 116
634 910
54 867
351 490
202 711
489 171
823 936
38 109
953 307
652 914
166 793
500 206
322 182
844 180
587 886
710 489
19 697
913 353
942 296
885 128
45 842
838 433
707 460
823 453
536 215
362 559
267 27
925 695
299 318
555 85
693 396
745 484
486 297
46 848
696 115
159 761
533 608
428 488
161 549
871 292
124 624
818 938
206 363
462 968
703 332
856 796
814 957
486 823
581 258
108 721
850 194
248 467
108 195
120 64
801 508
228 683
186 119
749 5
169 629
960 90
743 474
234 970
110 213
910 118
295 458
489 180
744 831
425 216
800 922
649 496
652 938
554 789
400 685
77 776
500 13
326 444
100 399
701 293
221 589
171 986
913 501
578 835
976 420
756 617
611 206
462 107
306 394
105 949
75 347
547 968
768 890
586 299
195 519
514 363
612 689
138 474
675 762
234 370
387 145
209 596
629 582
699 851
649 661
502 893
194 868
413 421
573 605
384 918
701 56
320 363
245 893
287 740
544 350
925 370
431 141
674 867
517 988
589 16
21 616
356 264
238 3
975 732
889 100
501 531
483 103
260 367
385 568
857 459
437 106
695 977
597 619
328 729
845 20
687 541
862 986
42 580
661 150
123 69
898 927
952 486
403 387
466 279
471 184
424 578
216 740
59 180
548 333
307 205
437 871
385 705
107 272
67 270
831 15
531 651
729 581
503 472
221 416
178 16
273 250
78 817
91 497
896 667
68 900
207 163
2 421
655 34
109 433
502 797
903 616
483 544
531 353
551 816
385 259
274 515
821 963
910 483
69 826
695 724
359 826
338 955
785 424
862 567
478 66
254 945
569 26
380 986
603 991
797 245
300 306
328 828
739 731
250 220
921 649
405 115
169 100
609 676
456 597
837 431
419 999
683 828
581 828
351 332
50 124
614 362
59 217
612 699
118 591
911 589
660 555
181 381
25 593
592 125
243 511
33 946
190 414
572 673
916 440
409 939
821 798
112 562
844 877
548 278
865 804
143 889
739 806
7 606
337 308
466 463
211 154
774 417
829 152
387 845
721 668
928 25
945 937
136 451
682 335
528 616
363 611
394 441
198 98
569 878
357 130
808 961
62 473
909 434
740 815
305 573
298 393
834 245
252 966
504 752
611 320
284 163
445 495
170 381
490 1000
998 855
963 366
606 51
911 221
379 715
413 131
443 583
914 136
810 459
899 586
306 369
206 402
715 379
131 512
153 694
245 278
740 449
385 637
485 572
284 122
57 247
668 893
126 492
531 684
809 396
421 121
475 388
81 991
981 579
885 115
696 128
173 563
614 754
685 638
628 10
474 661
967 66
669 331
698 439
541 494
634 103
900 298
717 436
513 466
596 642
412 516
794 610
743 775
610 4
989 175
13 819
203 406
355 625
126 954
940 712
128 711
588 139
445 169
165 861
717 499
39 705
346 380
151 580
856 942
567 844
480 317
130 468
198 727
918 565
638 685
467 858
191 39
965 471
671 691
225 982
122 677
508 848
849 160
78 592
349 464
467 277
273 413
667 53
960 772
459 289
994 632
796 861
951 175
470 531
323 431
305 551
731 154
877 844
329 917
36 870
124 890
484 758
567 380
31 671
554 217
103 140
93 419
991 277
663 18
963 994
844 217
400 302
216 770
35 768
361 979
930 281
719 276
445 179
704 702
375 464
324 825
40 238
582 623
750 377
277 598
232 780
965 184
861 780
669 15
487 342
637 385
39 282
9 911
786 633
228 729
385 845
938 863
578 641
834 502
584 478
240 45
334 978
826 874
112 477
729 328
106 491
238 806
629 100
51 402
800 894
859 632
364 508
724 971
830 94
548 893
380 710
115 917
353 684
236 722
185 279
527 834
718 376
766 896
413 900
822 931
378 43
419 239
267 586
537 370
570 532
779 87
843 442
663 869
287 799
84 383
710 59
956 677
868 674
124 544
676 257
83 266
347 554
294 932
510 906
433 878
763 968
877 347
775 496
125 311
709 421
510 750
368 537
621 694
867 194
143 179
554 75
281 36
640 457
693 989
429 543
750 167
505 261
478 805
461 338
32 584
682 205
727 575
348 562
668 502
828 228
807 886
724 695
443 872
514 414
295 47
817 883
195 245
31 691
716 874
672 155
423 683
971 234
347 567
55 468
302 255
490 351
639 999
152 829
908 533
608 659
335 260
333 392
676 756
748 643
779 817
777 744
641 658
632 798
786 690
121 709
175 397
640 441
655 800
288 637
321 734
640 94
986 171
767 959
997 507
246 844
583 371
869 663
759 906
842 659
129 78
467 248
693 397
53 942
153 538
216 449
453 823
203 394
236 181
903 625
192 92
785 902
186 689
41 149
768 706
305 166
180 217
592 738
681 376
76 924
780 165
387 259
942 720
108 333
342 101
705 282
928 305
638 255
774 563
261 505
555 331
570 959
276 552
746 263
55 173
528 105
76 312
382 653
874 826
861 942
12 757
956 207
79 440
780 766
331 660
799 216
563 242
914 818
386 853
797 333
300 203
138 150
954 311
264 545
839 497
75 844
475 212
650 446
614 77
220 131
33 43
617 515
26 229
943 352
619 987
214 863
873 219
637 747
457 830
18 703
372 638
868 54
130 774
492 78
40 141
166 928
900 650
367 953
89 417
37 464
880 631
846 519
620 48
900 250
171 22
806 154
851 572
508 261
828 258
649 613
140 118
22 862
451 818
638 400
637 705
888 664
789 844
987 425
244 605
204 387
450 264
314 524
859 36
277 3
755 80
738 715
183 966
232 982
236 781
495 143
42 620
387 637
167 736
82 413
760 897
87 779
977 337
155 435
923 575
976 618
98 964
258 228
498 690
117 802
830 203
219 843
655 949
162 730
332 703
346 554
935 24
171 59
467 837
383 76
956 820
711 329
155 539
878 285
636 814
3 211
204 288
798 281
788 33
780 896
850 868
682 404
706 591
9 416
505 345
27 267
650 241
273 82
673 699
959 711
103 35
931 681
935 505
394 640
445 629
695 19
700 368
287 30
260 271
360 281
612 485
940 880
78 87
585 862
360 632
580 760
806 40
141 431
275 43
400 638
710 877
215 184
81 467
69 417
201 766
580 762
107 763
464 349
910 35
260 953
972 993
61 708
720 766
952 936
595 965
104 687
424 785
41 964
257 274
830 406
201 751
873 843
534 509
911 9
805 478
519 668
808 872
733 399
49 708
694 587
766 165
793 605
97 995
500 606
842 556
852 840
842 365
77 847
72 978
415 36
337 765
813 353
540 834
991 238
698 701
862 246
838 569
697 700
129 168
199 358
116 799
227 95
804 865
108 846
313 6
52 42
885 607
886 153
510 679
789 585
532 880
638 372
767 607
116 619
989 951
468 173
126 168
204 191
222 644
152 399
896 861
605 244
940 202
404 334
481 384
324 488
63 394
710 380
983 170
743 723
139 915
574 221
892 344
927 685
687 975
50 544
323 731
17 53
316 344
531 814
542 490
79 916
859 930
415 821
872 443
199 159
911 416
349 615
431 467
682 269
936 344
250 900
848 772
296 766
545 450
701 698
205 334
36 821
800 625
282 637
81 739
201 896
999 352
671 785
854 427
224 285
463 466
425 287
272 864
697 925
732 96
272 782
539 781
44 393
209 642
619 287
634 124
899 318
435 983
197 857
658 835
990 538
23 555
587 945
513 416
720 17
925 688
238 277
267 507
563 520
922 903
752 247
173 89
721 392
107 60
449 425
551 573
420 148
650 82
822 674
43 946
667 165
752 58
396 676
636 531
431 858
921 618
968 60
430 897
556 908
385 204
41 6
241 650
67 705
219 873
790 777
591 118
637 282
466 450
586 737
522 326
131 121
498 786
647 295
331 744
702 492
175 609
372 255
978 269
872 371
754 362
722 781
147 886
373 983
465 686
360 912
245 195
339 636
717 644
370 977
108 893
696 711
347 862
900 220
33 378
675 42
186 485
648 338
431 238
689 447
532 711
853 462
491 831
384 133
474 743
192 391
74 385
46 505
671 902
800 105
557 281
399 169
578 984
274 566
715 87
451 214
615 37
357 728
613 618
338 769
301 803
764 867
346 59
16 513
28 534
497 391
206 7
275 788
220 298
570 767
228 328
245 527
590 349
954 168
162 614
515 809
191 74
617 274
956 692
568 191
720 796
537 977
625 903
697 688
254 990
129 883
15 106
355 34
3 598
404 335
488 70
286 528
171 789
8 390
739 431
894 800
570 696
41 923
260 682
432 420
491 871
585 59
870 912
795 382
894 355
879 606
915 588
432 148
555 292
874 69
205 992
837 277
834 548
770 815
425 740
735 430
519 245
105 528
1000 18
905 36
160 120
193 941
858 739
528 800
544 910
8 534
250 298
186 572
3 467
703 988
269 334
611 190
694 472
454 570
896 53
653 944
162 303
107 523
867 764
331 15
770 287
867 54
731 323
923 964
587 137
236 381
165 856
9 466
128 115
199 907
483 176
516 670
810 227
719 692
660 777
35 591
556 659
517 1000
217 710
137 962
728 69
922 105
54 376
489 567
814 88
568 705
458 383
359 716
24 801
819 51
883 87
393 250
569 433
327 42
191 259
859 360
366 870
870 415
29 148
545 9
708 857
194 54
757 197
105 922
677 820
289 12
927 898
982 296
540 721
38 26
142 778
44 421
373 170
873 442
951 676
357 55
267 997
369 678
150 743
982 856
613 649
344 936
288 385
126 125
985 455
156 237
791 644
301 363
154 211
459 558
963 912
845 747
128 532
103 706
616 655
153 254
398 863
840 146
609 274
819 824
942 232
991 323
883 738
597 770
546 351
768 140
519 797
704 126
512 82
922 949
158 444
331 669
64 851
405 607
332 18
900 564
678 369
768 634
701 439
10 400
296 942
944 795
22 217
169 445
44 709
764 249
494 732
225 201
993 522
557 821
506 744
6 473
557 632
562 348
180 877
36 912
381 236
615 283
100 623
336 600
190 879
462 386
796 667
301 51
176 350
84 76
44 413
17 296
855 686
473 727
4 794
108 519
48 327
154 467
645 808
996 330
781 539
9 574
291 504
347 844
490 601
972 522
793 305
913 957
416 545
763 386
962 741
490 869
396 809
255 628
939 588
254 553
21 286
886 587
123 417
632 360
894 625
323 603
417 520
54 249
346 171
38 317
476 391
564 68
633 576
2 413
888 975
765 925
194 764
40 154
730 362
977 925
834 721
975 836
736 906
518 410
362 730
519 333
495 582
690 99
976 860
819 13
171 347
292 15
627 979
200 162
578 691
517 663
168 954
20 259
936 832
238 248
12 708
201 982
293 418
431 277
642 596
834 527
809 989
525 79
325 782
53 861
886 472
640 369
366 859
540 392
450 574
48 430
975 773
682 953
671 658
345 24
574 513
447 572
237 736
411 333
516 412
946 665
599 420
335 404
432 599
223 616
812 639
431 991
389 904
613 29
902 657
922 528
304 377
817 592
234 337
560 530
318 434
198 6
363 803
599 29
302 628
115 959
655 355
661 138
211 603
472 937
131 413
937 137
218 283
316 823
318 299
912 415
535 517
447 186
432 743
798 870
880 885
629 889
764 822
246 862
109 317
832 486
260 334
125 883
96 664
797 721
868 867
381 983
271 307
489 380
138 496
81 277
955 648
876 921
960 848
356 911
273 220
424 31
446 413
270 747
69 359
416 466
609 617
137 694
237 855
738 87
299 27
308 724
940 917
934 443
258 423
951 756
71 833
773 104
123 359
379 779
585 567
492 379
757 289
634 768
143 629
393 421
472 990
435 373
657 578
288 387
276 820
104 494
320 7
544 768
357 417
18 332
78 702
14 372
999 210
202 102
131 421
539 236
199 761
710 217
25 166
705 637
890 768
194 249
908 365
390 653
591 646
457 63
27 909
308 700
79 596
855 736
976 661
648 955
21 34
598 141
62 6
775 661
22 567
303 77
62 727
177 593
177 305
304 750
162 559
703 663
538 945
391 43
523 864
325 107
751 232
220 2
766 201
980 407
568 282
905 281
152 629
273 2
861 720
978 404
747 20
220 44
594 88
491 23
270 191
677 163
756 809
431 837
819 879
276 207
862 75
722 672
772 801
741 503
90 508
730 847
879 13
692 677
191 20
192 476
184 965
678 63
366 557
43 788
687 104
53 896
602 518
716 563
350 706
709 250
95 857
202 631
500 824
176 890
962 807
328 683
122 276
831 669
724 697
137 553
501 814
207 956
185 16
256 979
844 22
139 939
715 883
712 570
641 578
496 474
684 531
699 64
456 425
256 627
992 335
705 39
557 870
13 514
848 46
758 549
520 89
794 469
952 297
101 487
250 393
523 60
261 801
35 890
774 874
689 119
745 161
289 227
85 660
788 476
379 168
272 763
903 949
74 67
817 779
329 115
765 697
765 19
751 856
397 396
932 294
533 212
743 496
706 140
140 910
196 617
356 574
554 171
767 880
445 889
422 638
94 441
789 346
969 811
151 762
799 30
298 446
984 671
772 90
164 251
988 869
204 747
491 437
21 355
769 690
694 553
622 683
169 152
411 502
278 668
298 68
246 567
204 270
503 945
808 443
463 178
157 247
513 463
761 358
599 138
994 281
876 432
527 519
614 730
638 10
987 116
669 106
289 197
977 695
412 65
508 505
240 713
636 88
225 796
896 165
945 807
672 539
610 794
60 272
72 335
679 167
976 150
430 48
977 234
709 121
343 93
593 25
469 794
224 38
417 774
949 105
558 289
879 301
574 279
683 258
968 386
469 303
616 21
606 301
419 943
66 967
285 878
76 458
831 106
581 683
762 675
234 368
810 708
475 842
87 168
798 36
270 204
129 592
470 957
75 217
255 638
287 116
120 851
930 859
483 35
812 93
113 470
3 277
385 282
544 634
296 667
515 989
916 525
88 531
300 406
221 356
39 270
367 271
974 547
744 669
605 25
698 969
819 301
74 270
4 362
946 476
397 951
926 872
146 852
661 599
727 41
582 143
563 728
379 883
354 550
728 130
440 596
74 637
612 119
23 669
766 53
931 674
96 836
373 781
548 834
739 858
723 876
951 515
882 867
733 829
75 59
935 772
280 783
862 489
595 215
572 689
430 42
729 423
202 712
959 115
147 945
26 433
521 666
287 619
480 838
564 121
615 218
326 865
249 764
688 537
178 574
649 876
991 467
817 125
432 876
771 536
89 874
849 485
205 978
807 254
85 437
241 446
159 199
666 199
872 645
535 546
667 780
240 842
461 648
558 459
153 990
627 758
218 590
370 724
353 113
39 191
906 237
979 627
998 237
147 137
723 743
662 609
3 837
816 573
844 347
899 434
340 256
24 505
74 259
110 326
258 683
128 959
787 219
958 778
731 431
118 634
515 756
798 912
420 775
249 867
84 295
950 854
572 120
158 993
446 650
702 715
845 145
335 307
848 345
909 737
795 390
949 922
679 377
153 553
474 649
465 736
664 888
901 415
740 287
745 549
19 724
843 263
907 193
415 557
184 536
726 297
628 302
180 246
118 124
167 465
796 17
253 70
718 194
568 74
240 388
488 825
986 489
534 390
339 813
154 991
924 47
259 747
561 375
790 437
171 844
850 54
890 544
861 296
903 223
498 955
815 30
642 79
751 766
302 372
211 598
767 885
946 92
406 678
910 176
421 564
767 711
286 21
311 817
226 875
993 110
202 115
709 82
411 195
238 731
684 813
455 742
163 552
957 636
347 986
143 445
547 60
320 824
15 292
659 842
208 732
450 279
1000 542
551 244
637 387
313 98
466 356
715 702
10 898
335 72
104 664
12 459
483 624
515 257
793 25
574 589
191 145
882 54
433 224
708 12
559 776
935 508
307 335
937 147
136 214
912 994
273 131
112 841
876 496
679 304
251 692
273 512
20 204
696 767
74 705
986 877
176 50
361 189
631 115
391 91
974 864
798 415
303 559
710 789
891 62
877 489
659 475
947 701
282 288
94 203
93 352
861 766
716 173
941 199
992 334
629 733
778 142
39 385
990 587
99 769
937 153
592 129
206 514
655 21
821 912
878 229
598 154
470 339
521 193
55 359
55 774
607 880
938 652
972 865
134 738
223 528
889 445
246 489
188 135
446 273
217 844
893 797
280 543
438 410
846 668
68 82
867 376
993 865
431 40
449 740
936 892
108 540
913 651
871 437
678 306
124 591
394 300
372 685
744 437
272 462
980 412
194 681
115 532
470 353
899 267
955 71
517 546
63 457
369 640
113 88
90 345
106 15
769 498
47 383
366 821
48 760
86 852
735 580
982 720
710 246
258 828
22 75
21 922
706 118
807 137
705 145
494 541
55 716
666 521
151 430
593 605
333 411
975 96
270 67
134 715
143 399
860 743
317 26
299 507
988 663
810 95
998 465
179 399
914 398
952 726
787 746
306 300
321 252
980 866
343 352
228 423
318 737
790 106
274 676
289 49
978 307
888 494
913 684
110 948
191 387
952 344
440 209
388 713
23 506
21 105
179 100
704 817
260 404
154 739
885 329
7 301
278 797
942 201
545 513
631 885
763 853
861 856
671 835
709 650
69 130
473 6
402 824
474 618
624 176
153 807
846 195
177 816
998 750
339 684
687 773
220 446
776 559
627 361
942 53
963 415
220 421
602 784
148 976
906 686
849 689
370 925
612 572
765 308
346 986
461 786
595 771
637 403
867 681
715 704
331 23
449 815
734 252
621 538
20 39
572 160
126 311
128 917
575 41
335 978
800 34
928 593
982 201
785 658
923 41
89 359
764 931
542 601
7 824
849 186
792 341
465 510
127 265
689 64
897 151
364 46
38 229
620 675
910 544
68 564
290 778
923 319
794 200
511 401
216 619
556 608
609 196
669 555
47 76
637 204
244 177
301 514
970 697
501 957
465 750
905 994
150 921
239 999
782 864
49 197
757 558
890 591
56 947
893 392
856 232
870 360
874 357
658 671
492 87
396 175
381 435
795 534
934 583
393 220
185 450
599 496
560 322
679 235
232 796
366 415
411 846
999 343
574 178
708 459
647 312
70 253
288 20
655 105
98 575
43 192
557 901
936 726
533 908
540 195
302 14
641 657
869 542
763 60
364 345
410 518
757 810
825 488
155 381
401 395
417 69
495 889
662 693
185 463
29 876
699 849
808 645
470 813
937 886
737 27
339 531
438 784
116 287
920 117
132 642
202 917
313 198
589 463
910 350
850 681
542 703
561 590
238 40
212 45
480 26
25 177
779 702
391 33
105 655
346 489
776 362
977 688
492 817
622 828
397 617
609 989
388 659
293 701
414 606
721 519
780 232
474 138
152 733
696 405
819 500
656 314
770 425
856 720
308 537
618 432
723 420
382 509
928 551
326 213
289 708
346 710
179 445
59 862
37 375
703 601
211 806
739 991
10 315
636 594
806 211
484 979
311 379
373 672
332 517
915 939
340 745
536 184
234 724
679 510
770 799
758 979
470 913
694 254
712 128
574 356
957 470
407 5
845 191
372 10
10 422
212 240
7 500
739 277
24 508
986 380
575 891
365 556
716 728
134 311
381 781
425 770
275 192
544 50
376 194
570 940
248 739
20 403
496 860
359 874
578 902
250 421
130 89
30 116
16 416
364 261
940 767
306 457
828 581
380 346
797 502
323 598
708 61
763 782
988 490
677 276
572 447
141 248
476 788
591 350
592 134
786 648
611 402
367 335
372 927
13 301
617 951
134 492
801 261
227 49
405 532
612 160
320 611
603 141
333 834
24 261
485 119
903 34
597 30
866 980
998 736
41 198
18 542
769 955
651 814
921 138
701 418
150 618
259 637
92 788
459 757
220 393
865 948
956 284
747 39
724 370
886 807
762 897
53 766
805 584
496 743
900 413
788 497
249 376
220 68
719 163
512 241
646 706
458 76
111 929
236 539
252 183
401 243
956 163
664 975
590 218
481 565
991 141
55 123
927 422
674 681
903 21
81 248
898 302
986 75
27 318
78 738
874 728
296 720
373 722
925 971
581 328
575 727
29 976
78 779
633 498
242 130
375 1
187 701
498 576
811 293
245 846
681 194
433 317
880 115
76 84
221 911
501 636
829 495
612 673
547 763
728 468
845 568
214 451
17 751
993 213
589 513
632 930
839 192
623 179
700 370
18 988
815 799
537 971
284 719
506 437
330 996
88 636
745 361
138 599
786 769
455 875
728 55
154 323
426 93
494 664
638 898
471 771
573 166
991 211
5 412
570 102
890 118
350 624
161 758
533 388
729 228
741 962
456 30
723 150
301 13
514 500
848 508
425 116
298 421
756 396
483 350
346 75
957 353
187 811
853 107
898 372
365 533
396 515
737 318
517 542
748 630
454 631
638 315
799 425
147 741
367 334
877 59
137 621
628 14
319 98
355 286
618 723
332 601
364 505
340 979
971 19
125 715
615 349
869 332
453 832
232 225
465 679
846 721
164 719
923 198
155 236
51 879
997 267
379 311
960 364
685 628
270 288
327 897
206 301
432 29
285 838
317 433
552 284
761 941
459 197
756 274
386 60
178 463
497 788
905 930
573 551
357 173
450 9
392 540
574 466
616 223
993 973
927 10
383 295
238 858
71 461
657 785
82 220
839 33
262 577
85 331
357 123
937 621
46 90
917 959
169 582
3 141
813 684
846 278
78 134
922 355
563 173
425 456
576 769
130 728
151 675
359 468
730 4
849 699
597 987
106 790
397 175
406 441
17 982
961 808
474 775
894 223
726 936
458 647
676 396
29 921
27 507
969 187
832 297
704 738
893 108
394 94
317 224
413 121
544 646
295 374
388 608
369 306
613 860
310 226
36 557
601 18
611 500
955 576
711 607
337 537
860 138
721 195
406 830
511 487
736 750
413 82
217 789
968 782
856 751
66 584
451 652
992 367
520 563
214 914
561 37
854 950
672 181
411 797
824 7
583 808
668 392
505 364
557 963
817 168
695 370
295 647
540 668
660 790
934 371
121 298
790 506
620 430
124 350
486 832
586 997
545 279
172 37
338 71
453 892
618 138
311 492
767 202
940 329
39 74
883 379
449 30
976 743
241 44
397 756
776 614
557 912
685 302
337 925
716 774
136 863
289 558
896 17
949 800
434 27
237 750
749 980
745 758
780 751
67 191
567 171
970 700
798 366
911 466
311 134
32 66
618 29
523 325
35 634
683 581
27 997
746 442
858 141
423 581
376 681
591 50
148 420
535 351
217 380
140 890
690 769
145 20
910 624
990 621
512 393
637 67
877 554
157 504
27 434
404 269
462 853
372 628
871 106
32 805
110 804
437 831
944 653
691 31
355 894
257 951
820 284
406 306
43 91
228 828
895 351
754 730
556 45
719 552
371 926
622 581
126 883
321 966
320 879
370 971
148 150
590 37
445 100
285 26
723 921
889 143
49 61
36 859
204 282
43 275
985 875
935 960
39 387
572 119
737 586
466 9
370 537
868 764
234 925
913 813
301 819
35 544
396 756
870 36
890 706
145 637
205 271
192 665
976 613
502 195
921 723
296 896
459 708
15 491
319 575
538 886
373 381
292 777
809 515
173 774
17 165
165 982
712 532
41 62
323 991
732 208
214 652
886 137
68 121
658 31
98 41
165 296
818 451
420 432
528 903
454 607
957 913
671 31
174 322
180 346
875 985
361 256
196 693
447 64
159 666
353 636
886 538
382 8
794 614
681 867
565 481
285 224
666 193
935 848
538 741
978 953
2 68
997 899
579 825
594 531
303 469
141 211
500 879
398 914
615 1
860 723
711 115
499 436
463 450
903 528
24 960
992 271
491 744
458 924
641 424
860 29
975 494
480 229
196 515
843 219
178 545
192 91
263 219
235 465
335 953
235 377
959 767
65 749
416 185
147 962
867 882
35 706
826 716
325 462
12 810
503 153
663 490
187 293
842 475
333 797
377 235
434 267
306 203
489 986
274 609
61 459
841 562
420 474
436 717
119 120
351 601
59 844
102 607
164 552
50 350
972 158
30 597
145 74
751 720
467 431
353 531
166 605
389 778
559 303
711 880
363 414
851 485
130 69
107 547
404 260
989 566
677 284
661 723
778 389
315 302
229 569
573 305
491 555
513 545
621 937
375 590
495 733
138 618
227 857
317 480
905 632
903 355
906 759
496 876
279 264
269 953
288 747
855 759
55 242
317 878
911 356
798 963
757 61
586 318
769 576
818 914
665 497
865 993
645 371
968 523
829 399
18 535
946 33
546 517
958 11
456 287
784 410
205 404
957 531
567 489
558 227
739 81
668 195
381 373
612 849
803 611
889 399
860 613
992 205
34 655
42 52
658 785
614 559
956 164
842 908
68 241
695 368
385 747
503 553
196 989
980 670
375 37
405 696
92 91
367 404
701 969
863 451
774 826
344 486
56 293
280 429
910 124
419 639
190 363
994 963
720 225
617 397
128 405
591 176
344 952
706 646
629 623
606 879
951 989
484 340
706 890
133 565
617 809
546 332
353 651
183 252
794 162
757 708
279 450
248 598
441 406
807 694
716 520
88 339
558 12
368 19
537 337
121 512
320 13
336 233
183 321
657 671
590 464
641 479
224 229
848 261
510 855
193 159
985 226
229 480
766 17
393 446
627 484
764 376
584 805
585 710
976 148
167 235
703 490
605 177
237 465
803 879
414 824
17 720
740 770
40 81
366 905
817 129
966 183
938 214
445 143
287 597
121 2
77 200
575 62
564 393
142 290
964 319
503 621
757 49
81 141
377 304
604 159
949 34
988 18
225 17
520 55
182 560
797 392
485 849
812 239
919 630
692 207
607 767
660 437
3 154
990 694
861 165
924 374
709 393
2 512
678 94
736 679
991 248
841 477
432 921
255 422
527 540
684 651
463 264
175 809
624 768
664 836
152 169
282 145
364 24
702 311
681 822
259 282
620 151
69 874
844 862
130 173
703 351
845 67
423 228
65 5
445 829
200 303
14 302
632 901
724 337
119 447
181 170
736 686
22 789
763 547
593 928
484 627
416 450
128 885
458 47
937 945
474 148
349 283
978 682
277 431
775 921
49 558
150 148
664 208
304 686
889 623
36 994
678 640
404 367
894 286
444 522
311 702
547 272
99 833
163 956
152 445
596 209
999 419
712 102
769 648
301 824
607 917
880 128
110 973
422 372
16 911
817 78
220 709
490 988
225 861
997 318
861 53
331 777
698 293
259 845
250 44
788 91
249 718
763 864
611 819
670 516
647 84
769 338
76 374
385 39
279 16
773 836
107 462
541 732
614 794
383 924
9 589
538 587
451 938
862 789
303 754
178 264
857 289
489 22
130 563
89 468
735 42
104 888
653 28
895 542
868 376
368 370
323 467
334 205
831 660
858 806
349 172
320 51
973 444
192 788
360 36
255 10
806 731
772 345
764 194
278 721
892 486
733 889
187 439
903 655
359 242
537 368
301 190
715 492
943 210
444 993
849 673
676 397
866 670
62 198
684 636
275 665
362 794
692 552
325 864
426 639
935 46
976 432
300 94
202 607
308 19
332 869
326 110
862 877
180 554
657 31
195 278
103 483
87 954
900 121
986 789
557 366
520 357
200 469
925 970
539 181
994 360
768 50
178 9
150 613
413 298
98 319
145 845
84 458
2 393
558 49
962 621
923 727
51 414
35 646
95 459
506 871
23 331
640 394
325 60
301 402
347 171
957 88
672 781
515 617
629 495
652 451
277 154
796 766
417 359
17 201
51 7
876 599
815 287
573 593
79 525
272 974
891 149
917 712
770 597
538 147
567 59
159 941
189 745
445 152
580 897
674 850
986 585
48 620
668 527
69 55
781 722
902 641
335 334
494 975
519 108
359 520
754 610
449 770
328 581
976 649
512 421
74 39
1000 490
720 856
704 954
539 373
807 945
798 360
17 780
526 680
305 928
580 430
724 688
306 441
138 613
999 93
624 706
509 653
397 662
685 927
60 864
49 227
836 664
496 649
2 709
809 951
918 481
743 649
33 275
988 351
986 180
173 716
213 804
351 535
176 634
951 617
194 718
564 250
878 38
609 756
389 11
686 377
759 377
865 972
523 782
307 953
730 794
613 474
85 106
861 667
109 480
509 382
553 472
552 719
632 859
536 965
185 416
74 747
386 968
347 710
95 708
125 126
970 368
329 885
395 511
338 99
870 281
44 220
251 276
553 137
572 64
639 343
666 358
365 475
185 9
178 513
507 586
327 760
851 612
883 78
359 774
144 309
235 736
448 707
113 651
973 948
549 361
665 192
156 235
814 339
443 645
37 349
419 343
357 520
512 131
405 570
400 10
594 813
167 377
220 82
922 655
5 749
281 994
298 241
976 921
585 22
179 829
153 621
977 19
274 617
385 20
925 19
133 384
568 385
355 949
413 241
836 687
800 616
842 608
565 918
773 975
696 880
29 743
197 708
362 614
323 211
302 400
241 709
363 320
976 723
861 982
982 796
106 292
951 693
17 667
507 299
661 649
80 755
206 320
4 469
814 913
446 564
15 506
472 962
68 650
390 534
665 839
303 200
288 204
797 846
363 7
668 721
525 642
517 703
350 124
10 638
956 552
955 690
922 223
825 324
396 274
331 871
488 579
260 307
948 993
109 838
401 342
631 959
921 661
690 633
172 1
851 119
954 883
649 860
696 202
625 894
214 938
303 794
44 68
98 198
173 357
341 262
768 544
891 198
746 787
142 904
463 279
252 321
940 570
853 782
911 450
143 495
454 917
775 876
632 963
323 40
893 834
264 450
379 954
987 456
981 825
417 357
177 928
454 696
264 911
871 85
418 969
307 367
636 113
979 361
846 411
861 232
865 522
964 62
945 694
422 898
706 35
519 195
73 401
872 583
613 599
563 357
141 837
562 112
568 145
102 454
224 433
552 164
693 809
297 952
195 411
896 201
549 627
329 454
770 30
121 82
822 249
241 82
315 10
892 936
684 501
254 694
906 235
353 813
908 842
20 705
311 125
852 146
127 330
273 564
781 435
569 317
30 799
74 288
991 858
988 601
479 578
115 885
134 704
640 406
688 308
397 274
945 137
968 462
246 986
522 158
961 371
191 67
41 98
963 360
834 797
788 43
225 165
90 772
902 31
666 159
741 137
205 269
746 219
175 274
71 633
153 147
215 536
39 145
925 337
463 9
998 686
220 564
13 51
665 946
479 984
724 700
196 809
269 205
175 515
118 768
684 113
191 204
589 221
539 381
612 447
986 844
876 150
89 242
986 554
751 165
601 542
846 548
112 348
719 164
631 102
780 796
273 650
711 631
977 700
432 649
87 883
394 306
688 970
527 411
906 465
264 221
359 173
22 380
598 991
452 336
537 308
601 517
599 613
750 998
853 386
713 240
598 323
320 301
606 514
896 296
396 566
128 712
320 514
281 557
727 149
405 885
661 921
514 824
292 491
467 40
660 506
974 386
663 535
385 288
169 495
843 873
175 196
908 240
883 817
54 822
286 894
192 378
307 992
624 634
676 809
621 587
990 886
962 147
347 489
597 216
994 557
537 688
685 898
904 290
874 123
276 251
964 198
274 756
298 709
988 535
627 189
264 416
449 799
479 691
934 926
583 934
102 405
971 724
399 623
883 954
53 667
531 113
36 366
535 988
651 957
543 429
464 615
850 867
292 790
692 251
128 631
973 972
500 320
576 461
115 631
437 506
194 822
895 535
660 871
607 885
329 767
646 910
3 991
928 816
918 384
347 789
637 288
555 831
156 906
677 956
767 102
426 239
100 152
231 752
803 606
420 618
635 146
778 290
413 709
879 414
52 897
825 981
3 603
432 474
850 376
732 104
249 850
467 598
241 900
566 617
924 76
766 856
106 871
587 990
218 1
942 982
168 125
102 712
295 924
869 490
519 502
181 781
935 345
541 104
860 148
7 514
313 149
513 185
93 999
908 45
14 400
349 218
910 706
640 63
237 679
603 238
35 483
634 646
153 137
85 871
688 337
205 72
556 240
105 800
682 72
168 134
902 479
281 870
646 483
359 89
258 328
462 60
848 935
846 392
1000 332
16 185
942 861
833 633
965 595
7 206
178 221
177 166
515 274
331 292
253 825
959 885
726 453
1000 869
44 298
414 500
553 886
882 850
77 162
221 466
96 494
428 981
379 738
845 259
709 220
220 250
664 773
559 77
921 29
51 320
150 661
635 840
491 777
382 28
806 598
594 501
813 594
61 289
599 876
983 373
614 162
796 53
215 595
886 741
511 73
315 255
106 669
934 645
739 3
809 609
959 202
72 992
483 890
894 922
649 618
677 122
105 894
106 506
433 569
18 895
392 846
988 517
672 435
282 403
547 325
665 43
970 370
581 729
809 662
454 532
285 433
420 496
500 51
823 832
891 313
909 27
250 121
852 86
115 202
698 418
723 976
152 100
312 458
703 535
392 108
85 831
826 173
59 489
58 57
6 313
62 313
96 541
81 858
254 741
148 661
643 748
124 50
620 327
910 50
789 489
902 835
74 191
358 666
803 320
998 759
420 649
34 21
693 609
257 676
789 986
827 80
230 792
582 399
242 123
667 896
456 815
297 344
818 863
62 964
22 986
403 74
997 27
535 1000
531 88
564 512
391 839
171 380
338 498
391 497
422 14
249 882
360 963
917 102
962 937
915 139
466 545
74 568
249 54
779 168
508 960
34 286
803 51
381 155
223 800
432 150
489 585
730 610
989 693
126 702
512 446
780 942
496 599
710 585
95 197
677 251
275 91
516 866
13 190
237 156
612 120
540 893
768 591
606 190
439 56
671 984
956 122
847 776
864 974
891 575
661 618
359 357
873 787
178 279
639 426
737 899
53 165
1 464
745 340
392 519
249 931
935 90
585 554
652 136
912 281
860 432
959 329
982 766
785 691
392 834
733 100
761 199
296 751
922 625
190 611
402 51
208 836
420 876
383 458
403 282
593 793
149 319
491 85
977 368
870 798
60 853
128 940
773 96
432 976
604 761
198 964
947 56
337 368
813 339
409 915
613 876
555 491
475 908
764 882
393 900
686 906
475 240
821 901
603 3
271 367
102 880
880 767
390 28
69 357
695 308
856 165
3 323
386 547
356 221
546 18
896 225
27 899
64 119
773 664
490 535
788 378
662 397
304 855
454 115
506 555
53 780
931 54
405 959
322 530
242 357
134 129
25 816
213 972
691 424
350 768
140 350
108 527
663 601
232 17
238 467
728 357
745 189
152 582
46 772
102 959
642 440
533 556
672 983
619 30
750 679
81 40
6 923
585 217
102 940
150 723
844 986
60 968
937 741
154 141
621 553
673 612
633 833
220 413
499 644
65 980
718 850
534 653
151 897
227 757
775 420
300 457
68 393
806 323
232 720
396 989
155 170
149 891
78 126
558 708
868 850
223 894
880 917
923 473
611 606
673 849
75 180
229 38
21 903
234 19
404 205
73 342
323 277
130 242
295 312
13 879
673 447
387 282
366 36
350 118
426 343
776 610
135 887
298 250
104 96
492 168
851 186
694 147
106 23
184 595
847 303
193 358
589 264
817 738
679 465
608 842
762 48
292 871
87 311
960 345
618 775
560 182
339 957
740 30
779 715
367 260
698 811
115 940
685 315
587 807
123 563
534 8
601 988
355 800
431 154
459 49
714 28
9 185
490 703
275 378
299 899
376 54
296 861
401 511
817 126
738 134
399 829
6 98
635 86
441 640
357 89
807 472
971 337
207 284
986 862
759 304
257 662
150 420
450 911
984 657
697 19
113 339
474 29
158 865
491 790
323 154
513 221
125 779
830 369
632 912
403 705
120 485
862 347
994 870
541 836
651 684
809 566
73 571
741 153
42 430
235 679
169 733
750 736
485 851
898 422
708 95
49 757
615 590
358 521
106 85
167 510
785 657
89 69
277 731
730 776
200 610
684 339
947 811
532 405
444 804
941 193
306 830
568 747
962 503
15 669
983 181
38 285
487 571
500 414
380 585
912 632
502 245
344 892
850 249
68 2
708 289
378 92
196 566
204 845
295 383
779 883
200 776
170 155
789 246
682 978
993 444
542 1000
736 304
273 393
87 702
73 101
155 373
108 245
270 282
694 137
64 186
152 179
997 909
742 310
921 743
569 224
22 844
548 245
184 215
736 510
31 984
406 369
815 216
942 225
188 887
903 894
176 646
877 862
22 180
779 704
870 366
308 234
371 934
76 383
374 458
420 723
772 508
905 912
204 403
517 895
866 516
400 927
208 96
404 953
625 21
575 473
691 657
378 391
727 62
405 202
205 260
300 830
241 220
88 651
884 482
457 94
145 204
974 325
936 297
179 582
343 999
432 860
256 161
616 800
206 879
946 192
982 165
653 8
396 196
129 704
307 260
23 831
797 519
375 561
760 42
191 845
582 629
608 713
50 706
61 558
102 329
123 826
392 797
323 739
649 921
676 566
607 115
405 917
763 523
130 123
331 506
821 281
353 339
835 657
157 57
95 558
879 363
442 219
274 989
8 509
288 39
744 491
383 312
274 693
621 945
800 355
167 906
758 189
355 21
236 170
6 727
946 839
328 423
18 517
28 653
98 891
801 24
37 218
167 304
514 7
37 1
413 2
947 187
141 467
222 436
316 297
706 124
26 285
435 672
637 39
614 303
839 788
773 541
959 712
401 571
757 459
532 102
773 494
724 977
45 608
373 435
445 733
880 711
552 276
705 403
954 78
552 820
59 554
646 634
954 379
275 33
425 799
442 263
403 288
816 551
941 358
972 973
563 417
826 357
555 23
189 758
753 493
476 497
458 295
1 590
124 483
381 170
298 273
423 622
864 386
728 520
983 435
741 538
145 67
548 392
211 3
885 917
311 592
47 374
722 373
94 406
599 618
414 363
200 362
984 641
853 325
824 190
864 782
221 264
180 789
667 201
848 24
600 452
949 903
981 488
507 899
550 294
649 29
673 851
781 155
91 378
397 693
812 426
741 621
471 965
522 110
602 410
879 206
134 779
611 301
228 258
541 208
248 40
763 107
134 168
663 988
914 214
368 977
468 774
257 397
217 986
729 828
74 845
628 255
477 112
506 777
148 649
154 806
789 171
921 420
481 133
820 207
333 548
399 889
652 398
990 153
158 522
858 431
216 30
495 179
730 559
277 467
953 205
874 774
486 726
295 76
989 397
210 812
109 878
434 507
342 401
345 46
432 661
40 431
898 255
781 181
769 99
331 555
412 5
877 380
649 599
345 364
790 660
520 468
693 257
220 273
297 832
914 863
948 804
650 564
298 2
653 534
623 152
940 711
121 44
202 405
347 246
675 327
106 777
780 667
777 331
6 198
153 741
930 798
686 679
453 316
845 39
492 738
336 452
750 855
144 933
608 365
198 149
877 346
496 723
385 270
892 726
824 320
433 285
747 845
821 930
492 715
461 71
816 793
886 503
244 593
415 870
4 200
747 282
731 603
88 501
806 431
562 841
634 140
507 737
655 616
568 403
489 710
574 9
777 669
711 696
435 155
241 413
159 521
605 793
473 41
691 658
591 124
603 837
551 305
531 636
388 842
190 606
456 799
422 400
624 646
362 200
171 585
92 33
669 23
743 618
88 813
277 40
213 948
38 878
165 796
334 335
45 212
941 159
917 631
607 631
236 672
513 589
723 613
378 192
175 989
739 837
663 546
701 811
561 349
94 457
356 16
202 329
467 211
101 511
760 151
191 705
532 607
39 204
88 957
167 759
1000 517
515 397
954 125
323 81
190 402
862 710
882 194
553 990
941 907
307 271
429 783
426 419
251 163
694 153
946 275
359 417
34 223
964 41
528 286
678 300
99 786
502 519
751 982
265 330
353 957
340 189
576 338
103 591
843 746
966 252
136 938
337 370
976 138
376 674
141 40
812 419
739 154
113 594
49 12
864 523
790 744
693 756
263 787
196 396
878 109
825 70
578 671
466 513
801 960
177 573
478 32
63 300
515 951
751 796
428 70
916 596
840 881
362 776
349 590
469 162
349 37
632 415
795 28
727 6
195 108
747 637
954 704
873 263
779 129
765 370
754 77
279 416
200 794
895 546
809 257
404 682
441 830
323 858
891 6
911 185
467 806
211 858
65 412
885 959
373 155
632 36
978 992
461 99
414 13
29 599
205 682
520 417
858 603
771 184
29 775
784 602
858 323
430 675
992 269
176 35
222 791
874 173
847 469
572 186
207 164
472 254
701 947
524 314
62 575
505 935
206 414
15 790
340 758
934 872
566 257
681 718
660 744
899 507
996 127
908 388
662 756
18 546
667 225
308 971
9 463
462 523
64 689
195 834
59 346
736 237
31 479
313 964
974 523
937 553
356 466
684 470
437 23
606 500
816 177
241 298
761 907
801 90
247 57
16 574
979 256
507 27
250 564
563 130
425 987
658 984
99 648
547 386
514 51
906 304
49 459
28 382
226 742
838 38
559 730
731 467
791 268
681 764
774 357
167 750
340 549
901 859
163 692
960 261
514 190
78 954
695 337
959 405
430 52
322 560
505 960
420 743
771 471
496 138
830 300
675 52
912 557
225 720
971 368
621 886
337 688
975 664
513 279
90 848
278 893
365 608
15 660
68 44
672 170
302 422
618 150
871 777
64 447
607 454
571 401
292 437
559 847
959 696
392 278
698 947
75 710
639 352
297 453
815 116
434 737
335 271
437 331
266 83
624 544
513 911
399 445
738 592
313 923
61 857
282 67
261 364
55 69
796 942
59 347
686 235
178 416
893 278
369 203
346 347
468 826
661 743
146 840
712 940
714 944
319 62
153 937
615 561
237 304
517 351
164 276
590 283
762 580
221 178
454 767
547 462
189 256
415 930
978 335
428 253
425 619
229 109
719 207
368 700
845 270
946 497
900 512
806 467
214 398
618 743
842 240
124 103
543 280
858 154
501 594
123 716
8 714
235 750
980 5
508 90
499 222
797 195
271 334
567 554
720 982
131 241
762 151
471 536
790 15
568 270
893 527
145 39
78 379
269 335
587 153
834 893
140 103
239 639
270 705
243 395
38 569
770 456
796 720
393 564
421 900
419 426
779 126
132 596
930 557
437 660
27 586
666 604
3 81
553 153
832 453
785 31
450 416
883 129
273 709
202 454
102 128
397 676
380 217
270 259
617 396
346 246
963 821
814 594
275 391
376 822
431 603
847 162
351 895
270 387
874 55
160 485
457 406
5 516
282 845
75 22
860 150
217 862
847 77
241 121
365 212
332 490
914 652
775 743
93 639
257 396
411 527
559 200
315 14
414 320
403 20
861 896
804 993
742 875
711 712
221 16
631 917
730 303
534 28
592 311
540 411
650 121
599 649
593 305
508 345
392 893
564 44
798 994
369 394
952 832
92 946
741 990
537 234
25 305
897 760
444 158
796 296
822 867
826 774
883 702
213 444
756 951
381 672
532 570
770 987
903 922
67 845
718 867
749 516
169 399
668 108
550 354
55 563
179 733
940 607
599 432
592 168
24 935
172 375
23 660
156 167
619 449
121 68
509 8
80 827
992 307
33 476
18 663
849 447
245 502
694 886
539 155
402 611
942 896
182 174
332 1000
355 903
876 148
888 541
120 119
102 885
549 484
273 241
278 519
414 803
625 105
700 308
415 963
570 202
63 640
906 156
234 697
655 528
760 762
892 453
483 646
383 374
927 638
831 491
983 381
250 709
262 230
167 686
850 822
435 781
68 421
685 255
826 520
367 269
361 549
563 359
775 860
274 196
527 548
3 431
46 261
911 574
25 573
221 279
327 48
752 231
760 48
781 170
803 190
835 31
379 704
668 846
812 943
229 285
834 392
41 575
212 475
362 4
289 95
203 300
282 705
617 989
320 414
933 144
304 167
54 850
36 963
712 880
538 694
329 696
90 801
190 51
964 575
473 62
392 721
895 1000
591 483
945 153
401 73
153 472
489 554
20 270
972 213
912 930
366 901
620 580
798 821
496 618
91 275
24 772
398 451
916 642
659 365
713 475
525 916
938 818
658 657
587 694
73 511
244 25
856 861
766 667
184 471
957 339
387 403
662 676
73 487
991 3
215 771
664 541
138 921
788 839
218 561
882 376
165 53
649 775
820 719
415 994
934 808
410 438
131 273
580 327
710 862
283 615
593 177
776 4
877 22
874 520
37 172
590 561
85 790
34 922
716 468
170 672
545 16
175 396
195 893
694 807
513 178
281 366
118 350
386 523
141 603
844 489
137 807
503 886
162 362
588 409
103 176
316 453
642 525
571 487
721 502
500 301
646 591
977 537
945 147
671 424
72 271
281 632
586 267
43 665
830 441
816 928
977 970
980 65
771 595
644 436
123 774
616 34
193 907
145 191
711 959
9 264
406 63
728 173
659 908
667 796
334 367
263 746
659 240
780 720
59 710
332 895
239 812
386 864
148 876
702 125
813 470
762 620
78 715
829 889
556 842
149 198
744 777
307 682
11 389
436 222
70 428
544 176
420 138
704 779
2 82
151 52
377 906
412 407
821 905
492 954
948 158
474 860
505 46
536 771
666 941
514 819
388 365
911 513
998 679
700 724
593 244
880 712
296 17
512 2
74 282
474 876
792 262
424 479
832 823
756 609
218 464
17 942
177 25
126 78
746 873
989 515
640 830
61 197
542 332
629 152
68 413
53 982
724 537
262 792
888 208
285 229
812 343
672 373
122 164
799 770
653 509
977 971
662 515
6 964
960 508
421 650
449 597
34 105
375 172
823 892
945 553
609 396
871 555
780 856
404 72
392 527
277 238
795 944
82 68
254 587
810 12
610 614
579 981
959 102
454 880
468 728
751 780
22 877
890 910
454 940
399 495
674 54
476 275
416 513
170 722
989 617
535 869
242 55
858 248
16 279
586 27
690 833
417 123
77 4
846 108
880 202
962 587
61 95
835 658
859 994
566 609
358 159
33 91
397 989
43 391
488 253
375 615
24 848
815 619
857 197
953 72
921 860
118 103
589 911
15 331
421 44
952 823
937 472
714 382
120 673
418 811
470 501
953 992
168 779
44 512
399 582
987 30
382 390
581 228
897 735
810 757
645 443
129 134
790 292
496 976
69 716
235 156
418 701
347 877
662 175
591 768
367 682
749 670
705 387
239 943
844 554
431 211
608 45
599 860
811 418
877 246
187 698
231 291
738 129
491 506
858 238
169 829
341 792
931 822
282 568
55 89
425 449
835 785
891 319
696 102
957 813
456 987
56 187
822 868
577 230
67 39
856 296
270 637
685 400
931 376
342 243
77 754
467 154
548 846
837 806
169 889
161 627
212 842
87 78
124 140
713 842
517 869
435 181
338 648
743 976
807 503
633 955
6 62
699 186
466 16
781 236
128 570
30 619
924 383
773 687
567 710
949 21
988 332
971 700
857 61
789 862
544 591
44 121
537 695
832 892
512 709
432 496
979 484
977 765
33 839
197 757
33 92
261 90
824 611
201 225
603 731
994 859
763 462
606 819
223 105
895 490
405 767
110 444
830 63
873 746
202 885
95 12
