1000 12420
137 848
867 74
501 648
647 558
76 225
1 88
295 828
534 61
381 477
72 97
641 78
751 635
236 416
63 219
244 900
610 139
624 390
412 104
542 931
403 276
375 170
770 293
294 518
385 924
27 985
655 422
299 258
528 777
251 101
341 330
913 998
11 5
954 292
891 569
344 60
415 148
724 125
220 246
172 290
646 818
316 915
756 935
738 255
218 279
254 745
642 945
782 558
372 3
872 155
865 534
161 196
322 698
946 232
832 425
989 932
324 98
182 743
659 679
498 445
453 967
39 164
644 774
635 500
94 78
309 665
320 680
874 438
822 32
466 51
110 166
879 421
208 367
259 917
335 832
34 507
316 880
391 526
166 110
638 578
636 577
751 240
439 201
691 111
673 621
723 457
239 71
739 253
436 490
49 231
27 890
655 27
88 1000
540 974
570 528
285 117
129 683
622 951
597 816
596 716
801 310
390 120
620 614
922 614
335 262
26 47
332 41
719 266
600 731
530 167
859 653
710 52
820 306
811 687
972 165
994 242
359 602
387 408
587 191
252 706
384 635
254 109
791 399
462 899
210 929
439 727
779 762
430 881
339 387
221 219
900 804
103 168
444 709
878 175
494 1000
956 464
556 925
264 900
806 628
306 951
460 365
895 556
249 754
117 335
328 230
804 624
146 96
953 655
558 937
671 821
868 149
770 692
570 994
172 567
340 430
939 810
145 898
159 442
736 249
468 828
165 972
854 947
323 655
445 304
556 678
764 158
795 473
662 189
547 92
240 414
365 456
596 492
149 975
435 779
74 466
612 85
602 67
635 700
279 829
457 723
251 773
464 84
936 880
140 295
969 720
519 621
220 252
600 588
85 241
349 611
662 991
699 940
163 919
720 969
475 198
750 140
200 376
233 740
812 328
222 180
379 72
100 460
324 633
738 48
576 736
270 330
678 587
347 896
241 612
271 62
990 940
220 541
21 457
946 957
804 167
79 512
631 82
287 325
230 812
31 955
857 306
774 276
13 897
789 17
412 687
152 892
585 512
468 750
398 944
851 450
623 648
691 835
587 815
537 436
46 10
698 798
772 687
883 458
777 435
935 55
394 781
714 506
995 790
442 159
455 773
71 324
420 921
859 504
212 45
862 926
952 999
38 570
410 317
946 322
2 907
786 452
203 47
225 207
683 950
621 920
415 725
361 867
730 321
145 122
793 840
660 297
836 98
60 829
614 323
507 34
605 991
555 254
247 477
574 210
54 938
381 579
915 643
769 275
881 429
882 73
723 876
323 620
928 789
432 122
472 327
714 233
550 960
602 897
167 923
140 363
574 812
937 822
4 352
325 870
615 610
535 751
486 415
851 834
679 335
451 910
65 718
395 505
346 811
439 317
15 420
598 186
594 28
728 457
423 335
634 113
731 646
36 778
736 766
414 240
414 384
985 890
337 236
778 732
52 165
429 370
455 723
534 697
155 527
445 578
538 179
777 559
361 905
515 728
112 617
646 623
242 601
488 114
213 444
779 628
982 655
144 79
531 442
904 837
272 680
566 587
128 912
471 571
188 544
854 76
770 849
153 191
709 36
492 746
588 623
966 274
56 152
81 916
628 777
248 914
338 988
104 933
530 245
561 555
286 536
255 42
17 928
368 579
804 734
592 283
927 20
634 234
815 223
281 525
58 326
945 65
929 930
196 261
645 572
469 313
922 422
627 147
587 968
763 180
237 333
405 199
634 517
620 627
601 628
466 851
900 245
614 890
146 29
28 284
508 674
890 168
997 902
607 999
132 989
491 320
607 581
704 329
505 935
556 587
818 731
771 844
236 337
48 133
759 254
706 57
414 23
472 579
952 949
309 471
208 562
323 422
399 585
568 235
384 700
782 15
149 505
249 736
671 679
661 603
719 334
392 936
972 35
296 636
578 95
816 643
13 257
655 323
149 55
368 795
762 38
455 196
882 933
725 486
792 395
695 797
742 373
144 942
382 686
101 728
476 59
930 855
664 707
661 113
38 806
886 140
229 88
829 269
962 164
479 477
175 726
389 41
462 98
957 495
547 563
16 73
437 969
958 615
311 782
502 348
484 145
844 28
786 722
601 38
449 41
922 890
476 631
922 355
558 85
519 872
411 499
169 365
329 1
397 76
327 473
527 155
575 716
34 638
895 911
504 630
509 730
562 485
606 516
932 566
758 966
662 557
528 762
814 299
630 267
436 280
122 359
494 1
504 267
999 949
977 87
311 15
415 114
432 145
48 255
10 345
492 538
821 285
82 476
908 96
377 192
652 202
224 283
755 306
538 591
965 794
236 114
408 282
736 993
174 346
512 724
471 567
884 124
582 817
814 258
925 887
987 357
591 538
564 587
140 289
450 697
699 809
175 878
413 571
273 32
335 671
675 727
34 718
315 304
701 919
687 77
929 522
986 701
486 236
217 245
259 567
480 763
367 962
16 882
773 515
588 776
150 933
252 541
238 419
73 77
857 690
455 457
356 842
933 227
566 132
470 690
284 28
670 567
166 843
286 376
788 63
78 767
947 128
916 103
673 872
598 750
978 240
818 648
319 629
75 120
252 645
66 899
776 831
646 106
299 568
785 533
495 375
754 736
932 107
682 985
636 613
72 379
336 266
444 741
993 576
458 604
251 161
596 538
107 932
985 81
905 61
84 5
188 342
442 98
699 495
420 937
395 975
144 724
831 648
105 423
804 244
786 717
283 139
945 578
10 46
947 225
375 322
101 524
861 70
316 539
383 861
710 321
433 920
112 212
962 367
624 245
279 218
472 381
437 918
882 964
731 234
216 226
696 732
912 128
163 720
300 565
731 831
383 644
885 245
419 430
561 321
487 536
370 112
323 916
846 837
145 484
64 561
142 286
646 600
71 239
425 483
182 610
767 424
936 805
684 799
112 238
759 52
184 377
426 951
225 76
75 624
437 986
537 399
153 989
327 369
679 156
608 903
911 815
319 79
215 822
666 545
495 940
332 389
109 64
152 909
111 465
924 949
247 391
648 634
888 171
210 452
439 695
177 273
334 735
441 90
320 272
435 242
174 104
315 498
51 697
442 66
706 133
674 709
681 931
878 349
982 614
659 671
203 336
655 890
259 309
394 502
358 740
379 599
26 334
212 977
315 445
473 391
432 897
971 819
108 194
674 552
741 508
412 150
133 842
464 11
170 809
369 896
978 751
283 580
367 208
140 639
880 643
302 904
27 627
927 134
37 798
363 886
258 329
386 790
821 659
42 362
942 785
846 302
602 41
933 964
624 264
834 361
515 261
945 498
220 255
735 859
771 828
61 221
206 350
939 860
998 913
81 982
569 332
412 772
883 772
251 515
262 832
443 272
501 731
140 750
472 482
1 814
969 701
235 845
3 727
975 792
195 865
891 122
225 760
133 362
761 325
545 516
455 21
212 238
549 722
845 258
184 192
454 545
256 16
111 691
894 752
875 216
29 908
47 211
13 898
250 851
54 692
761 936
892 300
63 851
937 177
490 724
365 169
536 200
202 633
528 20
148 658
962 228
472 901
102 404
530 980
103 655
395 935
982 323
754 249
821 671
189 188
935 505
260 281
501 106
955 907
20 435
431 180
191 895
121 516
796 981
282 358
618 332
734 923
398 680
833 433
972 730
793 95
282 613
63 51
703 527
521 508
712 136
971 603
991 662
785 724
546 712
406 743
569 898
659 960
533 791
52 360
623 831
689 934
382 463
48 246
820 622
262 481
273 647
432 602
56 171
156 481
113 234
236 941
267 266
484 122
597 316
388 187
241 921
326 536
586 683
114 415
583 513
703 872
969 986
806 757
34 840
480 663
121 988
553 845
75 127
300 171
89 316
175 611
121 545
868 395
553 409
293 780
505 868
591 608
809 808
345 934
247 901
361 250
116 58
532 486
776 661
517 648
228 367
728 251
442 531
239 531
445 315
115 428
791 144
338 545
509 109
152 888
594 886
936 643
801 283
6 33
973 680
483 335
793 507
890 655
582 948
246 842
677 194
506 282
156 679
287 915
328 855
879 293
361 466
956 434
13 484
514 855
878 784
486 532
548 119
754 987
712 756
920 872
221 51
104 73
416 486
754 154
890 922
113 648
402 374
349 783
293 849
210 930
927 435
506 613
102 334
801 580
767 158
286 998
408 613
924 573
115 596
553 235
556 153
411 253
857 744
347 526
537 125
746 591
874 401
562 237
944 272
36 741
360 254
310 801
792 712
341 270
762 570
28 750
477 347
413 511
132 153
52 321
512 79
670 4
74 697
337 416
612 937
451 583
497 740
315 447
327 795
339 296
199 173
35 710
768 857
484 389
733 914
714 577
780 293
482 347
797 675
252 362
327 482
407 257
401 301
657 371
730 555
599 775
460 705
408 740
98 239
656 744
13 618
796 37
807 372
713 736
576 357
103 890
771 468
700 978
494 329
782 647
867 221
140 594
849 292
671 483
968 587
159 462
678 932
980 900
834 851
174 77
908 59
970 448
818 106
352 40
652 159
748 741
762 777
35 972
417 39
295 750
11 464
842 252
346 16
402 839
425 679
215 612
460 281
26 203
879 589
234 819
174 811
786 549
939 357
100 928
558 331
424 493
118 502
877 530
756 712
844 828
632 237
947 76
783 611
217 900
541 312
515 876
813 151
820 768
964 882
482 579
105 262
472 247
700 240
245 877
175 298
805 816
41 13
541 252
165 745
251 21
428 746
78 493
586 129
278 708
810 576
551 919
20 927
466 195
370 238
966 758
213 378
77 104
444 748
253 499
974 80
244 530
710 35
884 955
972 561
982 620
62 279
981 375
793 718
793 983
206 474
743 794
144 280
766 357
399 942
738 356
427 667
659 105
880 597
638 34
378 732
364 187
844 307
67 618
974 65
36 552
659 335
530 804
937 311
907 513
349 298
35 555
423 821
898 602
419 429
94 158
669 712
127 804
285 425
804 923
375 990
459 775
751 535
26 102
951 306
76 7
466 61
886 284
927 570
39 485
345 689
898 41
624 75
11 966
990 232
993 713
194 416
538 657
880 816
905 534
623 603
212 617
257 898
524 251
163 701
782 241
834 74
342 605
407 67
185 938
990 808
656 857
466 219
993 736
32 15
124 354
906 452
66 159
602 13
909 565
961 124
414 751
627 103
957 232
639 594
333 208
975 505
856 1
148 130
399 512
244 217
947 397
700 751
66 324
129 586
532 236
190 725
176 43
882 772
833 872
526 477
251 261
620 953
173 607
932 132
718 34
385 607
502 848
385 183
525 17
220 42
712 935
133 572
718 507
959 343
754 860
245 75
456 702
881 419
569 41
776 646
573 183
738 57
533 629
785 436
15 85
219 697
571 979
136 756
797 727
404 266
759 710
522 230
136 166
283 224
541 255
155 519
722 930
278 552
102 267
61 865
904 302
690 656
333 485
571 670
994 601
742 83
994 559
451 961
124 451
444 508
106 831
646 113
604 104
50 636
148 108
550 832
630 336
280 724
806 927
874 787
648 818
366 692
220 572
474 350
125 785
331 921
345 685
20 134
404 336
960 156
38 20
355 103
389 122
466 867
628 570
484 407
669 843
585 785
391 347
953 323
775 119
641 424
630 203
491 243
648 646
950 586
304 638
396 291
923 390
517 600
898 389
397 854
884 31
319 724
368 482
952 199
844 289
104 687
385 581
632 208
683 847
633 71
519 703
170 940
814 619
433 703
638 447
646 661
748 521
517 234
376 913
97 379
602 449
868 136
541 133
718 945
125 436
468 186
913 376
593 233
879 292
434 464
48 312
466 250
17 365
217 390
949 265
614 81
245 980
604 16
583 451
101 196
452 930
40 665
497 358
625 920
938 954
393 707
153 932
404 735
886 186
670 413
950 297
28 594
196 515
111 835
860 357
441 2
675 380
210 786
169 705
494 704
253 769
243 944
899 239
966 11
957 990
575 492
943 313
233 593
290 259
722 514
705 928
447 315
648 831
267 336
325 936
457 455
101 455
785 942
932 191
441 354
721 846
237 417
380 675
390 734
456 365
757 528
737 824
942 280
397 760
156 671
264 530
145 618
269 60
305 632
219 905
426 622
615 182
130 148
29 82
149 395
666 606
298 783
674 778
116 351
703 621
922 168
309 259
381 901
44 971
950 943
819 106
905 195
568 299
963 777
232 322
510 439
258 88
937 15
911 932
751 384
293 421
548 160
840 80
454 338
577 714
387 497
539 325
367 485
598 828
898 897
532 725
718 983
675 510
412 933
31 354
848 137
657 179
591 657
643 539
988 545
608 591
845 568
624 734
755 857
441 910
97 599
490 629
283 965
445 945
618 449
3 510
840 945
221 361
109 730
870 936
594 284
700 635
72 459
585 537
409 856
645 255
164 22
224 801
22 305
365 525
817 790
466 865
203 26
130 488
327 472
629 490
89 805
670 979
777 927
822 15
583 90
167 120
117 483
304 95
196 457
741 709
735 334
229 845
57 645
298 349
493 641
130 194
892 888
60 62
859 266
58 116
696 708
368 327
994 762
534 195
435 806
549 230
941 677
817 995
122 332
342 991
159 202
106 634
620 355
140 771
530 127
620 916
579 795
662 188
165 64
389 898
410 695
85 647
709 508
890 682
728 21
965 182
479 896
878 858
174 16
362 57
110 975
876 773
785 125
543 679
548 459
90 513
955 451
364 824
852 721
859 404
487 58
334 26
305 367
170 322
55 935
679 821
338 606
930 786
376 58
377 343
423 960
759 745
645 842
45 977
39 367
334 102
262 483
160 72
494 553
774 861
39 237
28 140
505 110
793 34
65 447
15 782
284 771
21 876
598 771
153 678
285 550
146 353
292 421
982 922
310 965
708 278
969 871
110 868
612 273
347 579
715 996
546 149
122 432
420 331
96 631
75 923
274 956
28 363
859 334
169 460
865 221
796 232
878 298
508 696
633 836
221 195
586 800
461 448
815 911
74 63
64 972
113 517
795 901
468 307
173 924
806 762
167 885
392 761
971 517
816 392
322 37
630 47
819 600
641 493
965 592
129 847
211 102
624 217
436 144
321 35
150 104
990 981
928 365
957 798
815 153
455 515
478 919
793 642
295 307
541 42
37 809
258 299
284 289
536 286
340 467
210 522
748 552
630 211
777 806
307 886
306 690
723 515
80 642
326 376
865 74
628 806
12 838
799 25
934 838
38 963
258 704
499 343
549 812
147 953
176 830
244 127
821 156
653 26
741 213
980 264
793 540
5 11
536 913
313 129
100 705
831 113
356 246
436 724
57 738
613 740
247 347
567 511
971 623
548 775
511 413
156 262
607 183
888 892
648 623
668 351
620 982
224 794
505 975
558 647
267 404
195 74
317 33
505 792
828 284
588 819
478 969
260 525
551 720
37 170
999 199
796 698
184 253
15 273
734 217
671 960
158 493
883 346
825 281
75 877
436 533
586 469
756 669
843 935
688 69
166 792
177 558
844 598
621 519
313 157
782 177
639 140
194 486
901 479
353 631
199 999
9 753
128 76
876 457
819 517
682 168
507 65
602 407
312 48
898 359
104 150
549 210
967 644
618 389
312 133
296 740
998 142
485 39
619 704
596 657
451 124
380 727
572 220
287 936
191 556
145 359
942 585
656 470
433 833
856 553
91 179
507 540
679 105
780 879
34 540
441 884
986 478
953 168
24 214
891 602
460 100
938 54
77 964
740 613
84 966
900 167
483 117
998 351
256 104
640 83
156 285
16 227
113 661
682 147
613 714
923 264
338 68
804 530
113 818
217 167
794 283
279 62
244 980
278 674
983 65
419 238
544 342
184 291
885 734
102 203
116 668
657 538
882 604
539 761
4 259
410 380
780 54
844 295
10 689
72 548
637 408
352 567
745 730
147 655
211 735
132 932
708 674
748 213
360 561
921 32
458 104
38 994
311 420
44 661
74 834
783 858
27 147
203 102
564 566
966 434
967 453
589 54
694 984
983 638
974 983
32 215
605 662
907 354
842 645
45 238
470 768
351 286
144 512
682 323
960 832
409 299
358 714
749 181
879 54
637 387
290 172
215 177
989 925
679 543
285 481
604 933
352 413
772 964
561 972
621 527
115 371
134 601
672 721
227 883
343 396
257 389
769 396
539 816
876 251
135 175
331 782
348 137
188 189
100 789
167 624
420 612
41 602
647 782
531 462
15 937
824 364
555 561
784 765
621 19
545 121
808 946
713 987
929 514
611 298
843 110
712 149
130 725
713 939
321 555
242 779
975 868
357 987
725 337
745 35
52 710
313 950
456 100
612 782
935 843
307 284
428 591
801 965
773 21
991 605
108 236
483 543
316 805
796 699
96 908
3 6
114 130
554 563
267 735
936 89
265 949
412 811
805 539
130 416
864 631
89 936
259 571
191 132
435 927
897 602
508 444
264 167
600 776
514 210
781 394
645 48
420 85
750 284
477 526
763 431
897 332
809 375
908 29
143 947
677 148
175 784
879 366
646 831
468 140
253 291
2 124
697 534
958 182
265 924
776 819
197 382
831 819
186 750
607 265
930 549
286 351
423 543
641 764
81 27
377 499
13 407
761 89
887 989
449 257
615 310
27 655
80 718
765 349
889 873
550 423
519 866
845 856
225 947
501 234
517 501
917 172
645 541
327 526
612 311
619 814
260 460
660 313
494 235
646 517
567 665
91 538
237 164
575 115
410 33
257 618
242 628
538 596
337 148
390 217
281 260
740 296
76 207
85 15
593 740
933 150
449 569
792 843
524 457
20 628
267 203
477 472
319 512
885 804
537 942
672 302
884 451
150 964
621 703
75 264
20 762
334 336
676 908
814 856
808 232
961 354
896 901
247 526
581 385
603 818
221 466
594 363
658 416
154 576
788 51
922 147
213 709
836 66
828 771
570 38
374 803
618 602
318 99
562 367
455 876
407 898
919 918
401 123
553 229
389 569
462 633
953 682
312 252
237 367
905 851
449 359
77 227
967 774
566 678
951 470
876 723
882 811
974 95
95 540
620 422
705 456
974 718
900 624
142 376
870 915
620 323
188 991
153 815
61 867
509 555
887 223
346 604
348 502
407 891
359 449
95 983
147 168
985 655
985 682
628 601
873 24
901 477
818 661
578 445
194 114
429 617
566 932
887 556
148 337
796 957
885 244
757 762
892 565
727 201
79 144
629 436
467 238
821 117
498 974
907 90
810 939
128 397
486 941
321 360
531 836
955 583
625 519
822 215
546 975
841 480
102 859
941 236
814 494
264 244
567 172
989 566
270 294
867 534
884 90
368 477
428 608
805 936
826 178
471 413
899 652
239 159
958 801
207 854
409 553
309 314
504 211
113 819
473 369
42 246
57 252
457 196
469 800
668 200
568 1000
504 336
678 887
679 285
790 386
838 345
639 771
964 346
28 186
443 680
476 864
776 106
706 362
669 546
627 81
387 577
960 117
113 646
565 171
500 414
289 598
228 562
895 191
165 730
690 744
718 65
982 355
464 758
738 706
657 608
174 964
382 197
545 666
285 262
867 788
646 731
949 199
425 832
960 543
413 567
808 981
609 753
432 407
592 310
847 129
786 929
558 921
426 768
371 746
782 273
42 541
613 497
286 487
124 910
109 35
643 915
302 846
743 224
148 415
433 673
305 333
301 123
974 447
438 931
629 791
16 772
585 280
194 337
983 945
577 339
762 435
820 656
285 679
555 710
544 605
177 612
743 139
323 81
368 347
498 793
983 540
47 404
569 618
476 82
370 45
395 149
481 156
832 821
614 27
95 304
315 642
586 297
955 354
634 600
109 972
963 779
932 887
97 775
416 236
133 246
633 239
466 534
571 314
397 912
309 567
67 257
136 669
745 360
887 564
632 367
530 923
769 253
339 408
647 32
571 917
525 702
512 791
561 35
895 107
778 444
211 47
872 703
796 375
283 615
215 241
271 218
182 406
660 586
183 173
345 10
80 304
732 708
38 242
378 521
241 822
501 831
421 54
389 407
659 156
294 330
396 411
232 990
792 136
636 506
183 607
398 320
170 946
325 597
564 989
602 332
78 94
331 937
604 227
989 678
295 594
984 563
852 904
770 421
339 233
378 674
552 741
514 930
512 144
48 57
627 168
999 924
731 776
506 637
595 664
33 380
866 519
958 592
232 37
945 638
765 611
13 41
451 907
463 686
208 333
727 6
725 416
199 581
292 589
201 727
468 289
108 337
129 943
455 524
959 184
725 236
1 329
227 964
33 372
922 620
578 974
148 725
809 322
407 359
793 638
745 52
369 477
251 723
515 21
124 90
843 505
859 26
923 127
416 415
471 665
367 228
569 484
587 564
358 408
516 338
194 236
237 228
723 196
497 387
631 676
408 339
713 249
890 620
362 541
779 134
913 142
76 912
801 592
298 175
257 13
186 844
930 522
549 328
899 159
240 978
577 637
648 113
355 655
840 638
435 134
870 761
991 188
856 814
542 438
539 643
705 525
36 674
638 315
901 368
614 982
250 834
993 810
695 3
371 657
193 686
3 317
809 798
59 908
844 750
710 972
88 845
82 96
832 156
979 4
17 789
31 451
359 332
479 391
639 284
832 483
949 183
962 22
265 581
64 745
987 766
470 857
592 224
120 245
697 905
54 293
618 145
426 857
706 356
506 714
122 891
169 260
266 719
555 64
440 707
355 922
54 589
155 621
225 143
981 37
486 108
921 647
102 266
573 924
921 420
884 907
470 820
712 166
421 770
507 95
211 26
604 412
344 218
7 143
988 338
346 687
635 535
490 512
190 658
330 270
630 719
692 954
429 87
990 495
153 132
55 166
703 920
857 755
302 852
210 230
705 702
301 401
825 17
743 801
321 165
928 100
86 688
323 627
623 588
316 761
521 36
799 684
81 103
886 639
598 28
474 86
506 636
738 541
136 792
660 847
45 419
647 241
431 663
39 333
925 895
362 220
574 717
110 395
387 339
886 844
435 570
274 84
906 328
298 858
432 449
50 497
750 28
918 919
836 159
390 877
676 353
322 375
192 291
307 594
550 481
380 6
975 843
931 787
478 918
639 28
603 731
921 15
655 620
843 395
230 786
91 608
840 974
698 37
718 80
740 714
550 117
815 556
880 539
885 923
714 593
900 127
977 212
144 125
380 201
974 498
467 429
757 628
357 736
251 196
579 369
146 476
690 768
994 779
194 190
323 168
304 507
65 445
405 949
783 726
757 963
748 708
407 618
46 689
928 456
722 452
821 105
253 275
336 404
4 40
105 481
749 984
140 886
591 903
332 449
690 857
524 261
865 834
829 344
207 397
936 761
972 710
677 532
361 219
687 412
698 796
194 532
118 348
482 327
761 392
953 422
494 299
445 793
314 670
243 398
841 431
676 96
244 624
442 324
35 730
61 63
917 511
80 65
842 312
568 619
981 698
256 964
245 804
428 575
192 396
229 235
399 79
921 612
911 925
674 741
589 780
831 603
693 198
239 202
425 671
331 85
931 123
969 919
487 116
883 964
625 433
316 643
619 258
470 426
903 596
677 725
312 706
601 242
768 306
553 1000
28 886
579 368
248 733
183 952
968 107
44 588
645 362
873 889
239 836
628 927
530 885
193 197
429 45
484 359
499 275
354 513
186 363
458 933
839 402
544 189
788 834
865 788
670 309
509 254
579 472
110 792
450 63
585 629
59 353
770 366
733 248
642 840
963 528
526 795
104 811
356 42
321 972
774 383
309 979
533 319
452 855
570 242
145 569
127 264
702 825
456 789
185 293
543 423
919 437
621 155
581 265
132 968
479 368
80 540
100 365
798 940
110 935
471 979
485 962
27 422
280 533
646 634
213 732
433 155
690 426
215 558
36 709
861 403
467 881
785 537
435 601
592 615
320 973
164 632
777 779
671 423
355 982
243 272
716 371
181 92
550 483
659 543
480 222
556 989
337 114
466 905
834 51
977 430
356 738
29 676
489 9
660 800
450 219
620 27
562 164
607 405
110 546
28 771
251 728
130 114
71 462
828 750
739 192
785 490
109 254
678 564
426 470
602 484
280 942
148 194
724 533
752 86
295 363
868 712
477 482
389 602
362 252
954 849
887 191
408 506
466 834
289 307
188 605
819 501
543 262
872 527
785 512
922 627
840 793
900 244
665 259
964 933
636 637
851 221
858 135
570 806
306 622
812 855
370 617
203 267
192 499
391 247
599 548
493 78
951 768
114 941
233 282
76 760
647 177
574 786
929 812
721 667
580 406
394 118
119 72
981 170
399 785
17 260
129 800
351 536
654 691
563 554
755 690
706 246
702 705
52 509
861 644
13 389
46 934
5 84
798 809
67 407
333 237
546 136
938 293
888 565
543 285
870 816
113 600
653 203
117 156
424 78
887 587
493 764
930 929
808 322
638 95
387 296
125 533
332 359
62 271
906 855
589 879
540 945
403 383
766 810
861 967
461 649
770 879
514 574
736 860
748 36
653 211
634 106
221 250
451 354
315 793
587 895
815 191
282 387
586 943
42 220
358 387
529 666
517 634
734 980
808 495
815 932
470 656
90 910
842 42
211 266
33 317
812 210
355 985
149 110
241 420
343 959
422 953
64 109
698 990
486 677
353 96
987 860
964 256
59 96
740 636
513 354
781 137
517 776
413 917
79 724
972 254
780 770
36 748
533 785
604 77
638 445
506 408
460 169
909 152
630 334
815 678
489 609
17 169
561 759
259 979
708 508
65 793
310 406
602 569
777 757
222 480
610 592
897 449
941 658
51 250
62 218
785 585
948 817
16 811
901 347
724 399
558 32
529 121
569 602
95 34
801 958
498 34
242 994
573 999
315 578
471 309
587 911
931 8
74 534
594 598
305 208
842 541
905 450
636 296
134 628
341 518
372 410
25 799
221 834
34 983
851 74
75 244
189 662
211 653
58 351
72 599
891 898
473 247
727 380
860 736
835 111
304 315
230 210
421 879
896 473
828 844
273 177
201 6
518 330
525 169
211 267
492 608
150 811
168 81
257 897
259 290
979 567
603 600
642 34
932 925
415 658
229 329
897 145
45 112
511 309
299 619
224 182
490 436
387 613
787 931
962 632
479 327
273 558
842 356
505 395
978 23
325 89
923 75
312 356
140 828
256 412
623 819
105 679
984 694
302 721
482 901
831 731
740 577
867 250
759 555
559 777
766 713
320 443
416 658
556 887
731 113
65 578
856 704
769 959
851 466
259 665
361 450
340 87
339 497
219 361
155 866
556 932
246 706
849 780
232 699
117 423
432 891
597 761
883 150
23 500
44 603
867 466
391 472
950 847
762 601
776 234
514 812
972 509
424 764
587 989
212 87
696 508
287 643
981 495
836 239
325 287
125 724
973 320
814 409
443 491
468 844
352 309
905 834
229 494
983 974
93 902
592 801
70 967
6 727
925 678
275 769
87 238
666 68
278 213
39 562
643 805
780 692
378 444
125 280
116 286
750 186
538 716
780 954
493 158
177 85
77 346
208 417
845 494
578 315
632 962
899 836
325 539
177 241
648 661
864 146
355 147
407 389
788 361
55 149
697 219
319 125
840 445
656 768
202 462
343 291
41 891
859 630
948 995
583 907
588 646
37 699
350 688
409 258
759 321
684 25
113 623
788 219
833 19
983 447
509 35
949 952
638 304
574 328
717 452
867 905
937 273
825 456
52 745
57 362
375 957
426 744
155 673
891 41
158 641
16 150
106 44
84 434
593 577
258 235
603 106
2 884
47 653
358 577
919 163
106 731
346 256
63 450
812 514
959 411
847 157
294 270
44 819
410 797
1 1000
955 2
619 856
522 929
562 208
432 389
568 553
538 575
710 555
800 950
134 435
731 634
103 27
977 238
598 289
941 108
573 173
51 466
668 376
7 128
227 882
227 772
228 962
522 855
665 4
727 410
522 210
241 273
925 564
732 213
149 166
384 240
89 816
957 170
724 79
725 415
858 784
701 163
45 340
775 548
363 771
297 469
447 642
120 885
548 72
795 381
35 254
568 88
504 653
834 219
540 718
950 660
943 469
770 938
564 925
670 511
725 532
290 567
879 938
811 227
47 504
533 144
788 61
218 344
727 675
234 501
319 533
674 213
752 350
624 804
569 145
417 562
425 960
538 746
37 698
312 42
381 473
561 64
54 780
419 370
720 437
428 657
631 59
256 346
882 150
321 509
835 654
513 2
15 311
58 376
2 31
635 384
731 106
537 512
75 245
682 922
334 267
768 656
860 713
199 385
95 507
207 143
832 679
376 668
334 211
579 901
706 252
771 363
170 495
258 409
329 845
16 174
552 278
210 812
26 336
971 831
561 360
600 623
801 794
164 305
86 474
585 942
534 788
81 147
699 375
239 442
917 670
299 1000
357 713
167 804
945 315
923 885
976 862
713 766
923 900
400 342
306 470
90 884
225 397
1000 299
346 412
789 169
133 706
240 500
699 37
798 232
611 878
366 770
87 370
424 641
266 203
323 922
653 102
991 189
432 569
736 754
642 65
638 974
529 338
850 830
995 386
982 103
75 167
842 706
892 56
677 114
289 594
979 40
337 486
788 450
610 801
250 221
372 797
734 877
705 281
191 678
479 901
481 821
895 925
396 184
458 883
569 897
80 95
432 618
45 617
557 189
843 792
47 267
275 291
880 936
293 589
406 615
182 310
282 296
154 987
728 515
250 63
672 837
836 531
494 88
782 937
740 408
530 877
94 764
575 746
655 147
676 476
492 115
144 791
349 765
276 861
167 245
15 558
645 356
342 544
601 994
296 408
540 983
999 573
866 433
219 250
855 230
589 292
744 306
759 64
289 468
611 135
760 128
855 717
42 572
467 370
276 383
399 319
983 80
104 964
741 278
993 987
202 652
697 466
484 67
638 507
65 304
845 299
594 844
79 399
362 706
903 179
252 572
223 887
798 808
492 428
704 856
673 519
117 543
845 1
595 707
836 442
708 521
597 643
588 971
296 233
124 2
551 918
687 458
761 870
884 583
791 785
483 105
82 631
313 297
745 254
262 821
516 529
57 572
971 600
360 52
451 90
887 566
638 840
477 247
642 974
814 568
811 933
608 575
172 571
317 727
73 174
385 405
435 757
509 64
384 978
979 471
324 159
944 973
844 186
478 551
565 909
79 942
102 336
895 223
398 243
171 565
962 208
168 355
552 732
254 730
540 507
319 585
13 67
301 931
133 312
588 648
92 694
652 836
275 396
258 856
716 657
309 172
860 987
635 751
552 521
553 568
191 968
158 767
804 127
795 368
278 709
683 313
420 177
380 797
323 355
408 577
96 476
192 343
408 233
185 954
918 701
980 127
538 428
581 173
787 681
305 39
532 941
638 945
603 44
331 177
809 940
959 291
922 323
6 380
129 660
961 583
603 501
122 602
55 756
779 20
402 893
893 402
883 104
65 974
580 224
757 601
842 133
708 36
907 2
600 501
71 531
102 630
196 723
356 133
940 946
750 594
234 588
642 983
522 514
146 82
535 700
829 60
646 603
212 112
324 239
701 969
479 472
699 232
407 897
874 542
575 903
238 112
570 779
832 335
230 929
674 696
447 95
822 85
897 407
833 155
165 35
810 154
745 759
583 884
458 882
800 847
629 79
234 517
202 66
34 65
242 134
281 928
983 315
396 275
676 864
731 648
283 801
204 747
674 378
614 620
759 109
607 573
731 603
98 71
359 407
526 381
521 778
422 890
601 757
577 506
134 38
831 600
761 287
114 337
425 335
197 463
242 927
254 64
378 508
975 395
746 115
704 88
762 963
943 800
286 326
691 465
975 669
132 815
392 643
90 907
280 537
637 506
252 738
48 42
755 470
353 82
526 579
273 241
640 25
556 968
350 752
527 833
588 831
472 347
510 372
975 110
183 924
420 241
734 390
50 358
475 693
573 265
772 73
719 504
961 31
530 264
810 736
787 438
292 954
96 29
772 256
725 108
555 759
159 71
145 407
750 771
673 433
936 539
825 100
765 298
471 670
546 792
172 314
111 308
5 758
221 867
723 773
198 693
542 681
408 714
186 289
770 954
623 106
467 112
91 492
73 964
797 439
267 859
782 420
871 163
449 897
935 546
962 333
129 297
658 108
407 332
746 596
819 603
553 258
977 45
987 993
452 328
762 528
740 593
314 309
306 820
274 5
304 498
290 314
95 447
600 113
54 879
567 979
186 828
29 59
708 696
577 358
284 828
766 860
105 117
362 356
233 613
383 967
604 687
319 785
455 161
644 967
42 252
956 758
430 212
109 555
419 881
147 620
843 712
598 844
836 324
272 973
408 637
987 576
819 731
37 808
6 797
270 518
467 617
700 23
658 941
900 264
673 833
724 791
403 861
327 381
396 377
119 775
659 117
795 579
794 965
504 266
79 280
895 566
779 757
477 479
638 540
746 716
44 818
776 971
716 492
577 282
482 477
668 58
6 3
730 165
661 731
930 230
212 430
106 623
891 67
534 250
358 497
619 229
250 74
905 867
596 428
164 228
561 509
631 29
685 12
670 571
27 953
907 955
810 993
782 612
127 245
235 494
980 734
591 492
266 653
36 696
427 721
576 249
528 963
878 765
17 281
705 260
58 487
717 930
20 242
709 378
232 170
32 420
168 614
957 940
224 139
84 464
458 687
182 580
581 405
462 71
491 680
168 982
325 880
73 346
190 415
81 168
972 360
44 776
741 378
531 98
713 357
507 498
672 904
664 595
433 527
290 917
266 504
61 51
466 74
719 203
939 993
678 153
631 146
904 852
622 744
498 65
851 865
930 722
153 566
765 858
561 710
626 62
267 719
959 253
872 866
51 195
407 569
331 822
500 635
741 552
800 313
312 246
327 477
505 546
680 491
361 195
238 340
152 565
485 632
399 436
818 600
501 623
768 622
195 450
833 621
751 500
989 887
756 110
670 40
738 220
614 655
984 749
359 145
849 770
118 394
434 274
809 957
596 179
199 949
571 40
14 853
120 127
161 251
801 182
77 174
772 346
794 224
425 550
529 516
477 901
187 824
954 780
533 537
896 482
253 184
475 853
319 144
315 638
40 670
233 506
416 941
293 692
381 472
181 563
311 177
182 965
149 136
924 581
563 984
458 150
40 917
737 388
561 52
390 980
390 885
630 266
355 323
401 8
107 911
815 895
447 304
195 697
148 114
137 781
332 484
512 399
842 255
470 744
920 866
290 40
468 771
678 815
984 547
416 148
732 696
671 550
666 454
818 971
150 73
80 447
139 610
264 923
822 937
307 289
291 192
991 544
903 716
255 738
550 821
674 278
108 415
26 630
418 318
286 58
433 519
665 290
112 419
530 900
273 420
826 30
465 654
990 798
215 921
227 150
78 764
323 147
457 101
508 521
261 457
174 73
744 470
614 627
289 844
808 37
64 509
655 81
61 851
396 959
599 459
372 439
417 237
280 585
51 788
237 485
852 672
951 656
477 368
378 552
895 932
525 260
858 783
375 808
718 974
560 9
431 480
770 780
521 674
82 676
284 844
895 153
851 63
125 144
487 668
77 458
423 262
681 8
789 825
898 67
587 153
761 816
166 756
606 545
351 116
360 165
434 758
607 949
284 594
179 492
255 57
757 559
453 383
470 755
58 536
643 870
631 353
744 426
314 511
321 759
706 738
687 964
680 320
603 588
406 610
249 810
798 495
445 447
94 424
429 419
982 168
641 767
974 540
620 922
40 979
41 407
336 102
347 247
275 499
501 588
409 568
405 999
495 37
611 858
618 891
240 535
256 458
203 334
516 454
673 155
654 465
732 778
317 372
706 220
479 579
568 814
674 732
859 719
790 582
342 189
64 52
589 954
292 366
302 672
842 48
670 352
354 441
682 890
537 319
213 278
644 861
891 332
160 599
50 296
167 900
995 711
966 84
305 22
618 407
708 741
949 999
546 756
186 140
713 576
655 982
930 452
728 524
407 449
55 669
51 361
933 104
635 240
359 898
299 553
644 276
917 4
531 202
89 880
89 643
858 765
327 896
655 953
644 403
767 78
75 980
559 570
896 795
174 883
246 255
839 374
870 539
183 265
184 739
195 834
484 449
647 85
76 397
172 4
236 725
949 173
146 631
885 75
567 40
62 626
578 540
877 244
556 911
628 994
421 366
906 812
581 183
360 64
799 742
356 48
785 399
264 217
805 597
8 787
284 140
931 542
493 94
177 822
536 487
223 564
240 751
762 806
703 433
310 958
958 794
220 57
241 558
918 551
203 504
108 532
528 601
519 527
994 757
849 938
164 962
157 800
223 153
434 966
352 670
632 333
233 636
371 575
540 80
37 981
843 868
613 339
828 295
911 566
1000 619
781 348
732 709
723 261
127 75
421 780
994 528
555 35
448 649
52 35
269 829
483 659
91 903
666 338
627 27
808 940
381 526
344 269
164 367
717 855
369 391
787 401
25 83
557 605
144 319
3 201
241 937
918 720
930 717
336 267
991 400
118 781
22 632
255 246
234 106
326 351
31 583
154 713
568 329
200 286
33 807
314 290
696 748
700 535
971 113
505 136
658 236
661 971
473 795
120 530
217 127
428 91
311 612
455 251
173 952
133 42
292 293
721 427
377 959
439 33
734 804
240 700
792 975
614 168
960 483
661 634
367 562
157 469
39 22
161 773
721 302
123 8
343 499
811 256
217 885
132 911
891 484
783 175
714 282
898 432
34 315
989 911
486 725
580 283
699 946
103 682
483 960
546 395
103 323
564 968
290 4
897 484
978 384
313 683
936 325
180 663
677 190
811 458
778 674
666 516
913 487
125 791
682 655
609 9
640 53
657 746
374 839
73 772
32 273
282 497
17 705
113 776
913 668
552 508
903 746
673 703
161 21
648 819
193 382
540 793
900 217
104 16
75 900
789 281
566 107
15 647
244 885
40 172
249 713
710 254
730 759
47 859
240 384
343 411
472 477
552 674
293 292
543 671
222 763
769 377
468 284
972 555
617 212
458 256
390 264
16 883
757 134
361 74
727 807
570 777
368 381
179 596
239 98
19 433
361 788
702 169
324 66
144 629
883 16
659 481
81 614
674 521
481 679
287 539
585 724
710 759
731 501
223 815
300 892
953 890
637 296
113 971
630 26
286 142
752 206
1000 568
101 261
114 108
40 571
803 893
20 559
282 740
108 677
866 872
808 809
242 570
200 668
120 217
657 903
501 603
671 285
458 174
215 420
928 525
757 806
877 120
96 353
485 417
464 966
921 273
955 31
660 157
530 244
697 851
799 53
42 133
259 471
423 425
473 479
400 605
825 260
653 735
230 328
257 891
577 497
482 368
938 879
745 165
250 219
510 797
828 289
564 932
870 597
450 74
295 140
709 732
859 267
41 898
482 247
483 262
712 395
822 921
392 316
55 868
539 392
901 247
652 442
245 390
184 499
195 466
170 990
604 811
536 116
942 490
284 639
177 937
572 738
669 975
601 528
647 612
114 488
980 390
242 435
236 658
457 261
127 877
486 658
284 307
918 478
301 438
714 613
285 960
845 329
107 815
94 493
244 120
291 184
384 500
161 261
28 295
409 494
894 86
335 105
122 569
878 611
404 719
314 665
139 580
128 143
643 89
908 353
526 368
565 892
819 648
989 815
974 315
124 961
898 13
151 813
587 932
406 580
83 684
497 593
831 776
704 494
339 593
26 735
613 282
903 428
236 130
306 426
828 363
579 327
174 933
376 536
929 855
774 403
696 709
275 411
314 979
494 856
258 568
652 324
845 88
368 369
593 408
61 450
712 792
191 932
627 982
818 501
358 339
657 716
65 34
658 486
559 762
395 792
13 432
136 975
497 282
521 213
725 130
923 734
327 368
182 801
179 371
871 478
625 703
834 697
968 191
273 612
28 844
547 181
534 221
775 459
588 603
498 315
528 570
64 254
215 782
359 897
615 958
895 587
728 455
719 211
33 797
714 296
299 704
155 703
816 915
422 147
716 608
356 312
112 430
999 952
10 685
840 34
208 164
922 682
936 870
412 883
922 655
758 5
717 514
104 883
244 264
490 585
786 574
682 422
23 384
526 482
585 436
852 846
623 661
60 626
368 479
354 961
88 494
337 658
257 67
532 148
174 412
815 566
907 441
929 906
442 462
190 488
430 429
161 876
159 652
982 81
909 888
922 985
167 75
238 881
617 238
142 487
132 587
755 426
103 922
898 484
422 614
987 754
698 170
909 171
863 475
774 70
528 927
732 36
562 305
864 908
720 551
432 332
829 271
133 738
201 317
952 573
835 308
373 25
417 367
732 508
740 233
381 795
660 129
941 532
262 425
504 26
85 420
219 534
528 134
33 727
502 137
694 547
307 140
838 46
750 307
716 575
506 387
866 833
934 685
911 191
580 801
949 405
618 67
653 336
334 203
42 706
903 115
614 922
712 546
127 980
655 682
395 55
961 441
116 376
809 698
112 87
207 128
627 922
149 546
614 422
508 741
941 488
32 937
272 491
593 282
927 806
328 514
11 434
506 593
633 899
695 33
120 877
264 980
194 677
50 740
354 884
934 10
258 845
780 589
750 363
514 549
979 172
629 785
653 504
540 304
316 816
1 258
122 389
297 943
876 161
235 568
255 220
986 163
109 509
164 333
782 32
190 130
278 36
940 495
687 346
391 579
903 575
217 804
375 798
643 392
200 913
133 255
411 769
556 895
375 981
80 578
5 274
752 69
628 757
234 646
880 287
121 606
113 588
801 615
340 45
234 603
378 278
33 510
736 154
474 688
951 820
702 260
610 580
622 426
639 828
773 161
623 234
534 63
56 888
186 307
56 565
890 985
541 57
423 679
70 403
907 884
398 491
599 72
43 176
680 443
238 467
444 708
558 612
971 106
6 675
851 219
41 449
766 939
649 461
425 481
354 2
956 11
935 868
854 760
981 798
988 68
534 74
101 457
526 896
375 495
719 102
930 574
838 934
766 993
960 550
234 661
925 566
133 48
232 946
359 618
528 628
965 801
128 225
748 508
233 50
615 743
27 81
169 281
637 358
235 88
818 831
25 684
131 827
140 307
603 623
819 661
120 167
252 220
526 901
309 4
564 887
7 854
412 882
778 508
14 475
471 290
416 337
822 273
235 856
985 168
361 534
621 673
413 172
34 974
484 41
12 46
459 97
486 416
761 915
622 820
1000 494
257 432
151 992
96 82
561 254
911 564
323 614
232 698
444 213
589 293
741 778
549 930
283 592
39 417
200 536
982 953
500 751
872 433
498 578
896 381
112 881
41 67
995 817
415 941
392 597
981 990
104 604
501 646
148 236
450 905
570 435
574 855
246 252
906 210
856 845
55 792
416 677
717 786
140 28
812 929
60 271
338 121
134 757
164 485
80 34
445 840
50 714
791 585
512 319
621 866
325 392
145 449
284 750
330 341
891 13
44 234
4 511
38 134
706 541
242 559
80 498
127 530
474 752
571 567
816 936
217 734
322 798
471 314
167 980
316 287
636 593
399 791
41 257
847 297
332 13
450 51
249 576
339 50
109 759
692 421
973 491
153 223
632 228
773 196
491 443
589 366
699 957
515 455
366 849
44 501
391 482
867 865
842 57
483 156
596 575
252 356
907 451
653 404
887 925
643 880
185 692
851 250
116 536
43 850
977 370
576 713
952 173
955 441
696 36
465 111
371 91
932 153
944 680
163 551
940 698
52 109
237 22
629 144
640 742
984 554
597 392
495 170
28 639
304 34
436 79
335 543
727 3
289 771
779 963
627 614
324 531
931 438
555 109
805 870
812 717
557 188
847 950
738 133
98 836
292 938
607 199
415 486
389 13
283 610
73 227
661 776
447 65
560 489
3 807
425 543
479 347
249 993
58 200
935 792
764 94
109 52
844 140
142 58
925 911
704 568
866 527
583 354
806 528
158 424
528 559
948 711
463 193
108 486
965 283
981 940
149 669
882 104
274 758
146 676
304 642
572 645
685 345
545 338
95 315
803 402
656 690
473 482
945 80
964 883
352 172
545 988
855 812
432 41
147 916
791 533
423 481
192 184
855 549
936 915
591 91
572 842
139 743
387 714
73 104
247 479
304 974
546 55
112 429
498 642
145 897
104 458
515 723
789 456
671 105
331 647
124 955
261 515
735 102
933 811
974 507
94 641
98 324
588 234
677 486
250 865
925 107
967 861
855 574
765 175
740 50
771 594
847 660
339 613
535 384
134 779
15 177
551 871
610 965
379 97
54 292
372 33
727 33
697 74
988 529
606 666
351 487
313 800
185 589
837 721
913 351
549 574
80 974
497 613
444 378
596 91
515 457
160 379
226 216
182 615
929 717
860 249
46 345
307 186
262 285
585 399
856 568
22 39
13 122
653 334
484 897
920 621
863 198
905 219
596 371
1000 845
532 416
580 592
774 453
964 104
59 631
299 329
71 66
672 427
269 626
254 321
954 293
395 756
924 405
911 132
898 407
530 217
848 394
495 698
295 468
734 624
604 174
415 337
988 121
72 160
952 924
511 917
17 456
102 504
675 439
679 550
939 736
273 782
372 6
359 13
498 80
228 237
423 483
550 543
524 455
994 963
34 447
901 391
943 586
196 101
555 321
933 174
387 637
251 524
511 259
170 981
575 371
442 836
936 287
194 488
87 419
504 719
51 834
415 532
333 22
11 274
524 21
473 347
946 495
104 346
224 965
519 155
115 591
483 425
977 467
515 196
647 215
225 854
539 89
32 647
569 359
993 754
449 618
865 250
332 432
956 274
102 653
597 880
532 488
855 452
807 33
27 682
604 458
940 990
579 347
572 312
715 49
325 805
739 291
559 963
88 258
942 319
794 139
64 360
21 101
829 279
617 467
646 971
250 534
669 55
82 59
276 774
817 711
3 797
750 828
415 677
256 772
863 14
733 651
791 512
806 570
778 378
719 630
642 507
985 103
517 971
932 223
673 527
217 120
867 63
224 310
120 244
357 754
305 237
854 207
903 91
95 718
678 132
70 383
598 140
613 408
110 669
291 275
949 924
293 770
531 159
81 323
164 562
171 300
20 528
851 697
290 670
525 100
633 652
235 619
150 16
314 4
708 778
234 776
367 305
394 848
332 618
147 627
142 536
871 969
242 963
641 158
307 28
449 122
147 355
432 359
935 756
218 829
412 174
937 32
229 299
261 161
749 694
717 574
132 895
777 134
292 879
784 298
479 247
629 125
329 704
886 307
905 63
882 346
493 424
499 411
338 666
442 71
385 999
411 396
492 591
413 670
32 331
730 710
27 922
834 788
939 576
462 66
10 12
735 203
367 333
936 597
602 891
296 387
359 389
980 624
476 96
219 63
237 208
34 642
16 104
514 452
193 463
748 378
872 673
104 174
784 726
541 572
466 361
612 921
161 515
254 52
100 525
721 837
723 21
516 666
505 669
614 355
210 514
562 22
725 190
891 407
501 818
327 391
694 92
890 103
740 637
717 328
646 234
165 360
53 684
580 743
106 819
239 462
127 390
896 347
794 310
311 273
951 690
411 184
411 959
617 87
127 624
103 620
815 989
597 936
52 759
369 479
792 149
923 217
762 779
594 828
487 351
533 79
940 808
619 235
311 822
237 962
687 16
146 59
981 957
788 867
48 842
749 92
957 981
626 271
618 432
73 933
570 757
683 469
362 48
819 831
643 325
950 157
256 811
96 676
694 181
495 798
593 358
587 556
221 534
14 693
821 679
254 710
67 569
530 734
973 944
19 155
165 710
601 134
324 836
425 117
280 399
658 532
753 9
84 11
223 132
704 619
991 342
301 542
657 596
825 460
419 340
712 55
91 371
147 922
207 947
392 870
108 130
649 448
911 887
819 44
1 553
618 41
311 32
391 901
95 974
594 639
427 837
748 444
705 17
548 599
861 774
468 598
591 428
601 806
136 395
816 805
624 244
427 302
554 694
439 410
418 99
585 144
453 276
390 244
960 425
797 510
129 469
377 275
495 322
536 351
69 86
491 973
478 437
570 559
521 732
573 405
717 549
48 252
88 619
471 352
832 423
7 225
110 136
984 181
637 577
935 149
181 694
687 227
624 167
85 822
91 716
435 559
935 136
439 510
369 526
354 910
459 379
45 370
812 452
792 935
428 371
66 202
333 228
499 959
651 248
954 54
121 338
688 894
106 588
453 403
336 653
617 340
363 289
719 26
511 4
367 632
621 625
370 467
559 779
933 16
972 64
771 28
395 166
359 122
271 344
87 212
632 562
622 768
941 190
530 75
564 678
722 210
738 842
442 633
793 578
57 220
258 494
68 666
453 774
857 426
809 990
658 337
969 478
678 191
645 246
843 149
536 668
529 454
594 289
31 907
992 813
235 258
423 105
562 632
200 58
960 285
270 341
734 75
909 892
349 135
732 444
409 704
265 999
845 704
818 646
383 453
564 556
883 604
90 31
175 135
68 988
963 570
866 703
28 289
551 163
104 77
293 54
734 900
508 278
332 257
682 27
851 788
940 170
165 321
637 740
273 937
989 968
419 112
337 941
381 327
646 648
670 172
228 164
901 369
444 521
77 772
793 304
487 998
298 726
804 75
256 150
916 982
919 551
581 949
307 295
103 627
132 191
208 632
962 562
661 623
524 101
514 230
208 237
983 642
328 906
521 444
505 712
1 409
139 182
720 986
550 105
547 749
371 608
371 716
738 362
67 449
890 323
28 468
261 876
521 709
506 296
215 15
868 756
741 748
61 905
945 793
636 408
904 427
731 971
241 215
922 81
974 642
915 89
779 601
266 859
552 696
421 692
617 419
744 656
620 147
832 117
801 224
265 952
524 515
498 304
612 647
832 550
735 336
587 132
374 893
596 608
876 455
985 982
107 678
26 504
150 227
458 73
494 814
156 483
814 704
212 467
940 232
391 327
687 933
685 838
728 876
845 229
522 786
598 363
630 102
903 538
704 553
679 425
588 600
488 337
762 628
699 796
279 626
299 88
334 504
907 124
721 904
343 253
49 996
839 803
416 130
698 809
242 757
868 110
421 849
47 719
215 273
157 313
614 147
71 159
163 918
328 522
355 890
710 64
999 265
107 564
657 91
319 436
626 279
608 371
367 237
865 867
870 392
81 890
567 4
122 449
999 385
933 73
961 910
887 153
798 37
670 259
437 720
732 674
223 895
95 642
190 194
554 984
377 411
917 413
299 1
363 295
228 333
938 589
446 826
690 755
319 280
199 924
941 725
617 45
540 498
876 21
243 443
628 559
80 445
881 112
349 726
589 770
376 116
164 417
707 440
677 130
212 370
945 447
799 373
124 907
91 591
748 696
398 443
726 878
375 796
217 264
964 811
191 566
544 188
328 786
124 583
484 13
145 257
501 600
620 168
765 878
425 423
884 513
549 929
655 627
244 877
611 783
41 484
199 183
412 16
938 421
132 223
145 432
822 311
710 730
874 8
404 267
908 82
185 421
435 777
258 553
168 323
199 573
849 879
856 229
648 603
443 398
76 128
931 401
511 314
337 130
34 578
143 7
3 380
560 609
564 223
500 978
961 907
335 285
900 877
610 310
831 106
485 333
32 782
156 105
726 298
310 139
478 163
674 36
623 818
392 89
611 175
400 188
71 652
167 264
297 129
235 329
383 774
709 444
756 792
114 190
143 225
647 921
849 954
154 993
113 501
167 127
219 788
37 495
748 732
530 390
996 715
501 44
842 246
861 383
109 360
252 57
804 885
247 368
331 32
701 720
911 153
367 164
298 765
671 481
293 938
80 315
210 328
145 13
305 562
512 629
63 865
952 405
771 140
143 76
365 825
933 458
929 328
179 746
979 917
556 132
678 968
292 780
734 264
74 450
877 900
285 832
16 77
37 940
80 507
354 90
369 347
295 284
677 337
245 244
339 636
124 884
143 912
422 27
380 317
815 968
820 744
572 356
943 157
201 675
499 253
29 353
233 637
67 332
809 37
608 746
796 990
840 447
290 471
741 444
655 614
312 255
304 80
951 744
828 598
852 427
697 250
619 299
415 236
838 685
513 451
592 139
588 661
362 842
159 531
748 778
557 400
987 939
365 460
882 458
591 575
445 507
462 442
246 541
285 156
7 760
517 819
123 438
731 819
6 372
419 977
97 72
812 522
335 117
559 528
656 951
507 80
762 927
730 109
915 597
798 957
58 286
59 676
661 501
297 313
769 291
633 462
35 360
13 359
67 359
67 898
113 831
139 965
152 171
483 679
220 48
933 883
896 579
51 905
186 886
490 144
250 867
13 602
5 966
467 977
758 274
438 401
74 219
657 575
201 797
479 795
26 266
929 722
103 953
549 906
573 581
61 250
928 260
699 808
215 85
326 142
910 961
805 643
219 867
793 80
591 115
678 911
584 650
516 121
107 968
704 229
972 759
658 677
36 508
605 557
899 462
70 453
508 36
727 439
154 939
358 50
114 725
4 571
785 791
948 582
389 145
587 925
629 319
730 64
297 586
122 484
537 785
289 363
558 215
476 353
97 459
172 471
816 316
389 618
933 882
788 697
860 576
907 583
433 621
832 659
810 754
77 882
968 678
958 406
481 423
791 490
153 587
776 634
531 66
721 852
172 413
923 624
906 514
901 381
601 777
356 362
314 567
943 683
512 585
634 603
933 772
400 991
430 238
435 38
10 838
555 730
339 282
570 762
386 582
687 811
968 887
478 986
787 301
188 662
428 538
876 515
449 389
697 788
415 194
224 580
527 625
578 793
231 49
322 957
540 447
481 335
982 627
807 317
962 237
469 157
972 109
668 487
396 253
916 147
529 988
406 283
900 120
762 134
33 201
904 846
832 481
968 895
921 822
597 915
525 281
401 438
133 57
246 57
652 462
50 408
343 739
422 620
469 586
567 290
793 447
781 118
366 54
335 156
190 941
840 507
602 145
378 36
214 24
866 920
54 366
107 925
413 40
254 555
477 327
915 805
366 938
168 916
750 844
554 92
241 331
734 167
34 445
704 258
127 923
866 673
660 943
773 261
636 497
174 882
3 372
583 955
74 221
435 762
90 451
366 954
847 469
469 943
175 783
482 473
79 125
445 638
249 154
107 223
422 323
617 430
63 250
360 509
588 113
846 672
310 615
777 963
232 796
597 287
373 799
74 361
495 808
990 698
291 396
526 391
96 146
331 273
219 834
600 603
98 66
177 331
347 472
607 952
622 306
173 949
738 246
856 299
366 292
810 860
722 230
678 895
360 710
531 324
328 930
407 122
917 314
695 372
85 32
985 27
117 481
926 976
574 930
491 398
81 422
575 179
347 482
572 541
901 327
259 40
29 631
549 786
513 583
598 594
793 945
744 857
727 317
867 450
50 282
77 883
194 725
466 221
142 116
161 728
816 539
768 755
684 742
602 898
634 776
338 529
329 568
66 442
336 203
424 158
627 953
38 435
339 506
522 930
566 911
853 693
655 355
967 276
659 483
108 416
594 307
695 410
358 636
214 873
811 882
362 255
806 435
564 191
617 429
581 952
719 336
42 312
825 705
283 182
259 670
988 454
257 332
637 714
989 564
174 227
163 969
655 985
114 416
886 468
370 429
142 668
610 224
95 445
65 840
163 871
788 865
934 689
945 34
389 257
200 351
898 449
933 256
557 991
142 200
220 312
115 91
85 558
255 252
618 484
785 629
631 96
635 23
559 628
627 682
754 766
497 637
615 283
103 81
136 843
741 696
260 705
320 243
467 430
259 4
912 947
494 568
667 846
378 696
788 466
401 787
468 594
987 736
743 283
500 535
553 299
625 155
931 301
357 939
174 256
544 400
184 396
532 108
707 393
147 890
217 980
367 22
558 241
208 228
707 595
439 797
88 299
186 28
581 199
605 342
514 328
708 552
647 937
818 623
489 560
495 232
884 354
120 75
333 562
978 414
742 25
145 891
891 449
795 472
455 101
348 394
734 120
639 289
174 687
635 978
236 532
720 701
170 37
140 844
731 623
947 207
134 570
116 998
661 819
895 887
925 815
941 337
577 233
82 353
543 550
844 771
267 653
213 521
327 479
368 247
132 564
7 947
948 790
426 656
386 817
266 102
663 222
275 739
4 665
868 166
933 77
198 863
708 732
167 217
905 865
713 993
398 973
794 580
405 385
821 832
241 177
42 738
136 55
352 4
872 621
185 366
272 243
514 786
414 978
20 994
435 528
70 276
90 441
806 963
441 513
540 315
578 65
227 256
30 446
432 484
397 128
221 63
760 397
561 109
171 909
460 525
734 127
919 969
559 601
48 738
980 167
285 423
377 253
698 495
497 339
127 120
749 547
445 498
33 410
983 445
2 90
717 906
673 625
634 646
563 92
579 473
103 985
553 329
114 148
82 29
915 936
865 361
501 517
611 349
718 498
148 190
806 134
323 985
796 170
779 994
556 815
196 21
88 704
897 389
339 740
824 388
917 290
589 421
54 185
638 642
399 724
714 339
452 549
964 227
247 369
129 950
505 55
106 661
991 557
325 816
965 958
488 677
780 938
467 87
621 833
156 425
510 201
665 309
510 675
6 317
326 200
681 123
934 12
61 219
13 449
671 156
287 816
836 462
409 619
942 537
779 806
756 505
321 52
436 942
750 468
27 620
33 675
471 4
900 885
186 594
248 651
190 148
855 786
993 154
343 377
23 635
572 255
514 717
481 550
724 585
829 218
112 340
181 554
16 256
676 146
941 194
482 381
363 639
515 773
806 994
600 819
987 154
360 555
283 794
546 868
109 321
27 323
815 564
512 533
692 293
890 614
47 203
519 920
971 648
963 38
254 972
927 779
983 95
257 41
444 552
26 267
128 7
92 749
977 419
396 739
472 391
886 828
161 101
624 127
202 324
910 31
956 84
561 730
55 712
618 897
315 65
724 512
405 924
85 177
203 859
740 506
422 985
229 1
883 227
925 132
808 375
53 742
808 990
743 615
424 94
103 355
895 564
539 936
211 859
942 399
783 784
643 936
734 530
683 157
499 769
834 250
460 260
297 660
606 988
940 798
519 433
994 134
583 910
266 630
807 695
999 173
797 201
878 783
979 352
608 115
286 913
603 113
625 527
814 553
428 903
317 3
282 636
571 665
246 572
497 577
898 332
337 190
528 806
529 68
215 937
556 107
269 218
730 561
923 245
105 671
964 150
1 704
85 311
559 435
324 652
659 550
331 420
312 541
431 763
57 133
218 269
805 287
421 292
319 490
481 117
360 759
603 634
681 787
372 727
924 607
718 793
776 600
903 591
671 659
816 597
788 195
973 398
506 339
473 579
578 945
89 392
320 398
692 185
393 595
702 525
476 676
787 8
347 369
152 300
621 433
196 876
596 746
677 941
289 186
707 664
333 632
475 14
12 345
867 51
110 843
280 791
281 169
490 280
901 482
654 835
527 519
142 326
208 22
953 27
272 320
637 613
940 37
546 935
401 681
941 486
371 596
568 494
658 130
274 464
831 971
377 396
360 972
945 983
859 336
945 642
971 501
59 29
675 317
296 497
429 112
881 467
260 456
718 445
203 653
363 307
309 917
68 516
530 120
942 79
25 373
726 784
995 948
501 819
608 428
136 505
507 793
208 485
80 840
744 690
458 811
369 482
449 67
932 815
96 59
674 444
485 164
30 826
879 770
296 358
786 514
125 537
551 478
743 592
567 314
634 501
122 618
648 106
348 781
281 702
623 646
336 859
911 968
97 160
656 755
693 863
22 367
218 60
870 880
123 301
379 160
249 860
805 392
668 142
170 375
549 522
957 796
437 551
372 380
256 687
947 7
785 79
786 328
47 336
481 659
634 648
384 23
79 785
159 66
430 340
687 73
286 200
981 809
915 287
877 923
88 229
20 806
802 277
22 164
531 239
916 953
613 358
813 992
741 36
259 352
232 940
759 360
791 125
811 412
35 509
33 6
287 597
405 183
1 299
968 223
761 805
107 132
848 118
980 217
221 851
882 687
928 702
578 34
230 574
533 125
106 113
832 671
20 570
370 881
663 841
887 968
972 52
103 147
3 695
271 269
953 916
708 213
68 338
147 614
147 682
147 81
748 278
571 511
122 13
796 946
828 186
811 346
169 17
728 261
674 748
816 287
602 618
622 656
298 784
861 453
905 466
351 376
460 825
242 806
161 455
290 309
298 611
572 362
89 287
625 833
376 200
449 13
526 472
220 842
812 906
172 309
150 346
481 832
634 731
495 946
722 717
665 413
253 411
485 562
22 562
985 620
179 608
226 869
21 723
498 638
128 760
905 697
253 396
810 713
797 3
371 492
186 771
212 419
391 368
412 964
77 933
804 264
135 858
962 39
712 843
224 610
610 406
567 352
726 349
365 260
114 486
391 896
881 430
913 116
368 526
768 426
639 307
783 765
831 234
274 434
666 988
639 750
170 796
132 887
756 136
986 918
66 462
237 305
154 810
772 77
396 499
315 34
637 233
44 731
61 834
863 693
593 613
517 106
983 507
417 632
942 144
781 502
535 23
593 339
947 854
689 838
854 7
447 507
494 258
694 554
499 184
122 898
171 56
578 507
839 893
235 704
419 212
254 35
961 884
50 637
304 445
946 699
166 149
604 772
550 156
82 146
831 623
962 417
904 672
734 244
925 968
308 654
522 812
423 671
890 422
722 906
949 581
332 891
514 929
917 979
46 838
293 954
314 413
533 724
322 809
315 507
857 656
147 982
593 387
74 250
901 579
976 926
485 228
793 498
451 955
273 921
915 880
832 543
41 432
64 759
927 963
28 598
217 923
170 808
690 622
260 100
805 761
368 896
426 755
585 490
845 619
812 574
488 725
684 640
569 67
905 74
130 236
819 776
184 411
395 712
412 256
498 718
815 587
233 714
375 698
778 709
588 501
601 20
898 257
909 300
603 517
225 912
322 946
189 557
180 480
222 663
363 186
491 944
207 912
63 466
638 718
328 717
354 955
613 593
2 513
680 944
810 357
831 661
340 881
539 316
544 662
675 3
215 647
57 312
659 821
130 486
516 545
447 445
291 739
159 899
61 195
244 923
629 537
509 360
921 241
777 628
202 71
829 626
153 968
170 698
253 377
227 104
953 922
69 894
450 851
682 103
550 335
365 100
422 922
575 657
922 27
977 112
840 718
76 854
91 746
582 995
533 585
272 944
777 20
703 673
27 103
712 505
92 984
297 683
576 154
663 480
334 266
227 458
242 38
899 66
242 20
370 87
699 990
613 577
840 304
912 207
644 453
58 998
695 380
365 281
492 716
636 282
107 895
697 450
251 457
548 97
79 791
90 583
317 510
95 578
779 242
293 879
195 534
265 173
872 519
880 915
219 61
472 368
933 687
693 14
570 134
982 916
6 439
619 553
98 202
837 672
610 283
657 428
986 871
412 73
344 829
885 877
352 511
88 553
241 32
421 938
4 172
370 977
664 393
67 41
785 280
757 570
468 363
451 31
310 794
902 93
154 754
642 445
403 453
896 477
589 692
419 467
960 335
317 380
920 703
436 785
329 1000
880 392
955 124
534 219
264 127
562 417
378 778
423 659
905 221
510 6
512 436
272 398
746 91
828 307
168 922
449 432
410 439
295 186
19 866
882 883
87 430
233 408
260 169
61 534
227 604
908 864
601 435
211 336
643 316
887 895
228 632
586 313
77 73
88 568
479 473
959 396
263 976
518 341
408 50
761 316
746 575
473 896
924 183
105 960
586 950
559 927
304 840
567 670
664 440
739 959
943 847
191 107
700 414
55 843
191 564
604 150
899 98
857 622
309 670
739 411
964 174
234 44
623 971
73 458
381 368
632 305
607 385
368 391
682 81
898 618
409 329
64 165
103 982
628 242
459 119
271 60
445 95
384 751
854 143
692 366
883 73
857 820
848 502
15 32
407 602
323 982
354 31
553 814
671 425
717 522
735 267
192 377
355 27
325 915
966 464
709 278
250 195
731 661
935 669
905 51
297 800
676 631
822 420
117 425
296 506
625 621
912 76
569 389
917 40
156 960
623 501
25 53
257 484
114 677
349 858
275 343
963 242
322 232
390 75
723 728
107 191
11 758
332 67
719 267
546 669
254 509
112 467
106 971
486 130
87 977
877 804
100 17
880 761
164 208
310 224
467 340
69 206
293 366
601 559
201 3
528 242
45 429
8 681
139 224
457 773
242 762
375 809
854 397
284 363
840 498
971 731
705 169
974 793
230 549
221 74
939 713
206 894
953 985
941 416
314 471
979 290
877 980
784 175
241 85
55 546
697 867
721 672
339 714
352 259
107 153
705 100
307 828
935 166
456 17
232 981
236 486
812 786
577 636
178 446
921 782
267 102
350 206
859 47
329 299
472 369
998 668
371 591
188 557
510 380
360 730
796 940
741 521
68 529
192 739
329 494
559 38
103 614
482 526
831 44
933 604
507 445
495 699
106 600
245 167
758 464
593 714
333 417
541 356
19 833
38 779
125 629
691 308
896 247
127 167
878 135
806 777
449 332
234 818
963 806
351 142
998 58
903 608
536 326
23 751
146 908
201 372
870 316
414 635
456 705
825 702
311 215
580 615
414 500
807 727
310 743
980 244
409 88
491 272
416 725
766 154
421 589
773 876
353 146
493 767
41 122
307 639
890 147
920 433
969 437
702 100
22 208
662 400
393 440
395 868
134 242
718 840
67 897
644 70
73 604
927 559
969 551
325 643
504 735
19 703
388 364
18 616
326 58
287 761
897 618
597 89
517 731
262 550
354 124
295 771
420 822
912 760
429 467
975 546
577 50
227 174
689 685
875 869
871 986
153 911
765 135
982 147
789 460
771 598
748 709
537 490
661 818
932 556
52 64
665 917
900 734
688 350
320 944
26 404
304 945
267 504
968 989
963 20
954 185
807 410
372 510
213 36
285 821
606 121
866 155
115 492
422 627
199 265
269 344
699 698
888 152
131 520
646 819
351 913
563 181
484 332
665 979
432 898
74 867
250 788
257 359
71 899
492 903
312 362
432 13
588 517
808 699
543 659
239 324
735 26
289 639
748 674
979 511
766 736
194 108
304 983
468 886
511 172
624 923
894 350
868 546
245 923
686 193
192 275
281 365
383 276
686 382
889 24
500 240
537 629
613 296
464 5
696 778
295 844
633 66
553 856
437 701
939 754
57 706
976 263
661 646
763 663
807 439
745 109
572 42
682 982
409 845
709 213
670 917
822 241
447 34
549 855
106 517
647 822
968 556
714 740
171 152
898 122
128 207
856 88
63 834
29 146
809 796
780 292
401 874
346 150
939 987
496 126
132 925
296 339
234 831
643 761
159 633
875 226
774 967
128 947
540 95
485 305
526 479
89 325
647 331
955 90
75 804
891 359
51 450
612 331
613 637
335 423
844 468
922 982
881 212
481 671
311 647
124 441
856 258
232 798
4 471
723 101
705 825
473 472
173 573
488 130
881 45
818 234
561 165
119 548
372 807
37 232
373 742
871 437
223 107
739 499
466 697
296 282
357 993
365 789
946 940
186 468
736 357
469 129
579 482
526 247
588 634
381 479
217 244
215 32
855 722
553 88
510 3
716 428
624 877
64 321
695 675
177 311
516 68
67 432
246 645
805 325
714 358
885 530
952 265
1000 553
883 256
680 973
834 867
804 245
477 473
601 963
571 471
964 458
623 113
645 57
645 133
951 622
272 443
125 319
265 199
858 349
982 985
98 652
376 286
333 305
552 708
247 896
470 306
634 661
441 955
682 627
32 558
799 640
273 215
368 901
67 484
212 340
397 7
815 925
767 94
907 910
809 170
590 141
789 365
626 60
102 719
498 95
865 51
800 586
782 215
458 16
965 580
337 725
818 113
697 361
7 397
994 777
728 723
243 320
697 61
449 407
856 329
90 955
91 575
329 258
356 220
940 375
665 314
255 362
746 179
477 391
352 917
462 324
709 696
701 551
696 521
183 581
541 645
657 492
304 65
659 262
623 517
986 919
150 883
160 775
968 815
985 147
901 526
233 497
323 27
328 929
890 916
238 429
230 514
120 923
286 668
217 75
471 259
629 942
226 875
545 606
788 851
180 222
755 622
267 334
735 504
778 521
451 884
482 795
153 887
868 935
565 56
558 311
709 674
944 491
430 112
268 204
452 812
50 506
377 184
462 836
194 658
351 998
647 15
80 638
166 868
422 103
716 538
244 390
941 114
50 233
187 388
576 939
870 805
725 148
52 972
422 982
974 578
361 221
31 441
246 356
855 210
222 431
786 906
312 842
694 749
610 958
2 451
629 399
834 63
616 18
785 144
702 281
514 906
195 51
8 874
297 950
273 311
603 776
704 235
988 516
578 983
399 490
542 301
488 236
67 389
930 906
647 311
646 588
420 273
111 654
942 791
7 207
603 971
46 12
558 177
490 319
421 185
395 136
798 698
54 849
842 362
905 250
229 568
472 896
256 604
92 554
168 627
821 262
315 718
444 278
281 456
612 241
552 36
990 375
458 77
588 818
47 630
906 717
942 724
480 180
626 344
312 57
508 709
845 553
600 648
405 952
849 421
783 298
50 387
569 891
772 174
575 538
157 129
559 20
185 879
230 522
120 980
853 198
263 926
807 3
235 1000
814 1000
522 328
211 203
16 687
357 860
750 295
574 929
797 807
439 675
698 981
755 656
255 842
295 28
481 285
598 307
861 276
460 456
940 699
480 841
104 227
887 932
583 124
603 661
771 186
177 782
872 19
998 376
598 295
843 669
447 945
269 62
19 872
800 943
950 800
229 409
675 410
713 810
655 168
174 604
130 677
712 975
84 956
107 887
780 366
998 116
422 355
896 369
827 131
757 777
146 864
95 945
428 492
454 121
105 832
824 187
156 550
236 190
136 149
536 998
626 829
291 253
142 351
59 864
340 212
35 321
195 867
582 711
102 735
911 223
287 89
843 55
235 409
247 579
479 526
587 107
555 165
763 841
98 442
8 542
399 537
234 634
601 927
157 683
483 285
73 687
8 301
760 7
557 342
540 840
425 285
983 578
413 352
454 988
157 847
852 667
438 874
680 398
37 322
105 285
505 149
321 730
830 43
950 313
951 755
280 490
735 211
683 800
597 870
362 312
51 221
40 567
385 173
679 483
352 314
623 634
424 767
55 505
409 1
556 191
36 521
359 891
681 438
1 235
938 780
259 314
134 927
955 513
6 410
207 7
878 726
608 657
899 633
964 77
961 955
13 332
973 272
811 883
849 54
568 704
924 199
143 397
120 900
614 985
133 220
119 599
150 687
488 658
113 603
667 302
492 596
298 135
34 80
6 201
445 983
760 947
810 766
719 653
346 73
967 70
175 858
910 907
821 425
849 589
971 588
618 13
379 119
756 395
63 221
919 478
545 454
814 88
665 511
583 31
171 888
106 234
977 617
252 48
838 689
477 579
124 31
571 413
477 369
128 854
1 568
346 883
290 571
334 630
258 814
710 745
553 1
881 238
916 922
405 573
57 541
8 931
669 868
469 683
179 538
869 226
28 307
732 552
578 447
446 178
971 776
959 377
63 905
963 559
796 808
210 906
167 734
413 290
697 63
702 460
144 533
806 601
502 394
859 102
245 885
706 645
960 423
642 638
764 641
916 614
966 956
369 473
701 437
773 101
680 272
953 103
62 829
745 509
639 886
522 717
149 712
91 596
677 415
401 542
762 20
290 665
627 422
674 708
853 475
817 582
357 810
735 404
132 107
163 478
256 933
287 880
937 215
47 26
449 898
797 6
935 110
655 103
469 950
703 19
865 450
158 78
795 347
610 743
16 933
67 122
238 212
110 756
769 739
618 257
985 422
619 329
243 973
441 907
139 794
653 267
271 829
210 717
668 536
615 580
540 638
760 76
100 281
885 217
107 989
932 587
107 566
358 233
4 309
778 696
535 240
534 834
687 150
66 652
154 357
387 233
62 344
615 965
981 808
40 259
498 540
460 702
739 396
890 81
31 513
450 466
910 451
218 626
876 196
180 763
311 241
357 154
97 548
269 271
719 859
786 812
678 556
452 717
444 696
822 647
723 455
249 987
339 577
465 691
888 300
743 580
877 217
431 222
631 476
65 945
41 618
264 885
355 682
336 47
117 679
688 474
522 549
346 458
720 918
800 157
63 697
772 604
881 87
260 928
317 439
692 780
890 982
704 1000
648 234
905 788
89 539
452 514
879 692
411 275
517 646
324 462
937 420
696 674
871 720
689 12
553 494
361 63
244 245
573 385
441 124
256 882
837 667
687 883
199 952
52 555
504 47
196 728
789 525
739 184
202 98
741 732
95 80
253 343
769 411
208 962
321 109
811 174
173 183
943 129
695 201
569 432
636 339
507 974
673 19
239 633
301 787
452 906
203 735
229 553
960 671
488 108
739 275
931 681
667 721
854 128
513 90
693 853
833 625
847 943
500 23
280 436
981 232
44 113
423 550
285 105
74 788
716 179
236 677
521 708
546 843
990 946
662 544
925 153
546 110
916 985
304 447
366 589
413 259
229 814
681 401
857 470
407 13
44 106
896 368
121 68
429 430
743 406
891 389
947 760
697 834
871 918
564 895
615 139
954 692
701 918
213 508
522 906
858 611
520 827
665 670
8 438
954 589
752 688
290 413
938 185
511 567
537 79
511 471
296 714
486 488
920 833
625 866
267 26
848 781
845 235
405 173
38 757
562 962
282 408
475 863
699 981
776 44
320 491
575 608
69 350
754 576
89 915
795 327
357 576
30 178
165 509
652 98
599 97
373 640
135 726
392 915
295 289
804 877
552 444
105 543
267 630
614 103
137 502
106 818
417 208
510 410
706 572
337 194
336 211
117 105
602 432
373 684
405 581
20 779
174 772
837 846
173 385
574 514
65 642
35 745
284 468
427 852
37 796
166 136
521 378
224 958
604 882
698 946
893 839
570 927
619 1
790 711
169 456
378 708
791 942
740 358
369 381
12 685
554 547
794 615
982 27
950 469
337 532
16 412
422 916
854 225
1 845
332 145
290 979
9 609
471 917
728 773
299 845
917 309
246 133
255 133
481 483
605 544
780 185
167 390
534 466
727 797
580 794
642 793
564 132
328 549
90 354
189 991
165 759
719 404
164 237
189 605
436 791
994 38
825 789
574 522
383 403
753 489
725 488
919 986
55 975
648 588
701 871
810 987
466 63
346 933
573 199
940 322
864 29
335 821
883 811
275 253
533 942
97 119
150 772
114 236
868 505
567 471
769 499
979 314
296 613
51 534
749 563
280 785
581 924
778 552
346 964
652 239
422 655
350 86
794 406
980 877
908 676
168 985
974 945
365 705
652 71
543 821
199 405
577 740
444 674
657 591
779 528
122 257
967 403
260 789
17 460
617 881
400 662
331 558
950 683
189 544
319 942
792 868
150 174
972 321
606 454
579 477
406 965
36 213
942 436
250 51
484 432
438 301
987 713
815 107
828 28
885 127
381 391
946 808
185 54
885 980
269 279
538 608
246 42
429 340
995 582
331 311
973 243
369 579
219 450
550 285
935 712
416 108
381 247
173 199
776 623
413 309
497 50
87 429
602 122
782 921
122 41
314 259
508 732
416 114
855 514
516 606
563 694
562 39
200 142
191 911
58 142
843 975
896 526
820 690
624 980
963 994
246 220
42 356
897 359
264 390
920 625
213 741
566 968
736 987
189 400
459 160
578 642
127 900
202 531
408 358
521 696
134 20
923 804
116 487
347 479
48 362
238 430
110 55
29 96
591 746
964 16
594 140
58 668
602 257
957 699
638 983
316 392
54 770
675 33
52 561
547 694
714 636
751 700
200 116
156 832
849 366
161 524
153 564
23 240
315 80
592 182
949 607
38 601
282 339
283 310
819 818
356 255
730 745
98 633
519 673
591 371
448 970
391 477
31 124
777 994
724 629
3 439
213 778
264 75
783 135
767 641
88 409
228 417
403 967
965 224
23 700
505 166
369 472
139 958
572 706
24 889
470 951
696 444
673 920
615 801
21 515
456 260
342 188
468 295
335 679
898 569
404 47
302 427
604 883
812 930
896 479
344 62
32 177
885 624
670 290
167 877
363 28
34 95
571 352
619 568
746 492
169 928
237 632
228 39
21 728
699 170
459 548
473 381
867 851
451 441
819 588
464 956
38 559
33 695
604 964
546 505
751 414
814 329
632 39
366 421
399 280
864 82
910 2
517 818
321 254
629 585
777 38
959 739
415 190
903 657
399 125
884 2
191 815
155 920
347 381
858 298
675 797
678 566
818 603
346 772
587 678
764 424
246 312
620 655
971 661
834 221
182 958
856 619
788 250
302 837
441 583
51 63
782 85
716 591
831 818
201 439
251 876
804 900
262 543
698 375
737 364
53 83
726 175
150 77
262 156
210 722
617 112
167 530
310 283
291 377
731 818
411 192
912 143
484 898
850 176
592 406
710 165
75 734
463 197
957 808
172 670
443 973
511 979
1000 1
579 896
793 65
8 123
275 959
709 748
576 860
247 482
42 645
642 315
885 264
172 665
920 19
370 340
153 556
559 806
556 566
629 724
983 793
676 82
261 455
993 939
841 222
942 629
979 309
406 310
855 929
77 150
397 207
195 221
413 471
654 308
51 865
695 727
234 113
364 388
922 953
840 540
960 821
84 274
958 283
871 551
27 614
524 773
403 70
130 941
978 700
967 383
24 873
908 146
141 590
21 455
555 972
411 739
704 845
870 287
389 897
70 861
540 65
400 544
953 81
954 770
779 777
830 176
715 231
415 130
566 815
761 539
359 41
68 545
510 727
166 712
336 719
57 255
727 510
582 386
809 495
101 876
506 577
143 128
906 522
344 626
425 262
259 511
61 466
227 346
929 230
818 819
219 221
135 784
581 999
5 956
380 807
334 719
267 47
86 206
820 857
669 792
168 620
223 556
315 840
807 6
593 50
353 864
694 563
606 68
776 517
340 370
770 292
759 35
687 772
362 572
495 809
811 73
594 771
45 87
494 619
764 493
930 514
165 109
639 844
754 993
972 745
787 542
512 125
974 304
612 177
790 948
637 339
101 773
136 712
743 310
107 556
574 906
411 377
331 15
468 639
228 305
809 232
447 638
255 572
998 536
166 505
675 807
423 156
416 194
585 791
330 294
300 152
788 534
115 179
628 963
116 913
937 782
543 156
962 305
1 494
765 726
300 888
901 473
478 701
357 249
649 970
234 731
117 262
231 715
586 660
539 870
918 986
938 292
675 372
981 699
335 550
600 818
732 741
74 905
883 412
919 720
130 415
792 55
687 104
16 964
508 213
920 527
390 923
712 669
958 743
234 648
615 592
859 203
853 14
230 722
879 849
412 346
408 296
946 698
648 501
928 825
137 348
669 149
127 217
376 326
587 566
897 891
947 143
756 868
323 682
192 769
304 578
238 977
60 218
994 806
345 12
990 809
381 896
529 545
726 765
453 861
711 386
539 915
788 74
509 321
482 369
172 511
855 522
525 460
452 786
789 705
156 423
825 525
626 269
313 469
382 193
793 445
598 886
135 878
218 62
2 354
281 17
92 563
38 528
444 732
307 598
807 510
945 840
117 659
332 897
309 290
775 72
712 110
168 103
347 391
405 607
75 885
106 646
661 517
336 26
567 917
924 173
897 432
811 772
315 540
925 191
472 479
208 39
811 150
810 249
100 260
19 673
363 828
890 627
340 112
796 495
928 281
842 572
451 2
567 571
263 862
117 960
261 773
980 120
965 406
196 161
39 305
252 255
927 994
732 378
441 451
580 958
317 6
979 571
191 153
244 734
31 961
877 624
866 625
262 335
160 97
490 125
37 375
658 148
682 953
278 378
375 946
585 533
593 636
452 574
312 738
483 671
887 911
551 437
513 961
904 721
528 38
845 1000
167 244
379 548
225 128
903 371
390 624
223 989
118 848
247 472
600 971
119 97
535 500
532 337
507 718
348 848
309 571
77 811
448 461
372 317
314 40
471 172
331 612
969 163
495 981
2 910
135 349
62 60
316 89
927 528
915 316
225 7
642 540
873 214
550 262
481 262
720 163
912 397
335 481
822 177
728 161
242 777
407 484
667 427
158 764
346 227
230 855
73 811
597 539
17 825
232 957
736 939
113 44
618 898
234 971
68 454
846 852
133 356
772 811
389 67
642 498
413 665
524 723
477 896
214 889
328 210
291 343
482 896
772 104
176 850
887 107
819 634
718 578
65 498
456 460
539 880
768 470
695 807
836 633
927 601
107 587
47 102
315 945
105 335
33 439
198 14
363 598
942 533
960 679
905 361
843 756
920 155
795 896
117 285
90 124
143 760
211 404
592 580
305 164
2 583
412 604
450 361
250 361
921 85
553 704
723 161
332 569
847 800
728 101
851 61
916 627
129 313
370 430
370 419
145 41
912 7
683 586
135 611
150 604
627 620
970 461
812 549
14 198
194 148
282 637
175 765
81 355
725 114
492 575
254 360
658 114
870 325
937 647
250 466
624 120
577 408
922 103
447 974
642 304
135 765
552 709
596 591
203 266
952 607
909 56
136 935
469 297
191 989
77 256
851 905
851 534
792 756
646 501
606 529
121 666
628 762
406 224
156 543
630 404
953 620
594 186
411 343
880 870
734 885
391 479
274 11
724 280
113 634
51 74
130 108
575 91
254 165
746 371
486 194
961 451
671 335
143 207
45 430
51 867
688 752
197 686
266 267
807 797
615 794
768 744
450 221
722 328
640 373
732 748
965 615
47 334
896 327
900 530
90 2
366 879
816 761
185 770
350 894
558 782
828 468
362 645
834 534
56 909
81 922
336 735
474 894
698 940
275 192
391 473
501 113
369 247
413 4
744 768
168 682
977 881
105 483
35 561
611 784
427 672
394 137
217 877
779 927
88 329
668 116
740 497
60 344
474 69
959 769
726 858
462 202
410 727
65 638
194 415
354 583
408 593
741 674
953 614
91 115
122 145
228 22
37 990
860 754
486 114
679 481
876 261
872 625
696 278
571 259
882 412
108 114
441 31
571 309
195 788
615 406
610 794
882 256
257 602
872 833
143 854
771 639
173 405
525 365
814 1
982 422
1000 704
864 59
794 182
682 620
115 657
524 161
950 129
687 882
603 648
98 462
789 260
814 845
366 780
968 925
533 280
497 233
437 871
413 979
659 832
822 782
478 720
772 933
324 71
551 701
420 647
822 612
210 574
112 370
550 679
45 881
369 901
731 588
800 129
465 835
147 27
149 868
600 517
562 228
580 965
308 691
353 476
888 56
857 768
766 987
990 170
820 951
550 425
689 10
77 16
789 702
692 879
874 931
722 929
376 351
942 512
985 323
54 421
279 60
681 874
869 875
4 290
521 552
750 289
531 71
986 720
735 719
171 892
791 724
9 489
265 183
989 223
93 997
108 190
717 230
965 310
41 569
101 161
157 297
380 372
249 766
291 499
308 465
47 266
679 671
396 192
718 315
319 537
838 12
134 528
946 809
234 600
74 51
38 762
784 858
926 263
506 740
375 699
758 11
576 810
612 15
884 441
927 38
361 61
262 679
486 190
601 762
753 609
771 289
949 385
608 538
245 624
246 48
435 628
390 245
800 660
79 319
428 716
487 142
2 441
479 369
795 526
808 170
116 326
679 659
623 776
169 789
579 479
947 912
596 115
521 748
917 665
904 667
144 490
772 458
121 529
546 166
536 376
166 935
943 660
266 47
63 195
333 367
790 995
172 259
251 455
525 825
183 405
677 658
760 207
566 153
928 460
386 995
937 331
499 377
541 738
817 948
877 245
993 249
306 744
44 648
983 718
65 540
3 410
69 688
814 235
711 995
515 524
201 807
221 788
442 202
518 270
846 721
289 284
577 613
632 417
417 333
159 98
395 669
289 295
675 6
632 164
341 294
332 602
956 5
412 77
246 362
930 328
640 799
377 739
592 610
619 88
62 269
593 497
351 668
706 842
933 412
179 903
896 472
429 881
696 741
662 605
32 612
971 646
713 754
436 512
104 772
552 748
953 147
557 662
585 319
618 122
841 180
346 104
249 357
299 409
511 290
732 278
187 737
524 728
929 210
730 35
397 143
701 986
89 597
133 541
377 291
16 604
35 64
579 381
441 961
366 185
621 872
957 37
746 538
798 699
85 782
116 142
892 152
139 592
203 211
223 968
145 602
22 417
622 470
85 612
423 117
648 44
48 572
89 870
793 315
179 657
477 381
492 91
532 190
964 412
758 84
82 908
798 322
849 293
669 166
462 239
504 404
238 617
80 793
186 598
695 510
462 159
535 978
718 642
508 778
335 483
521 278
999 581
26 211
894 69
439 372
945 718
363 284
928 17
19 621
262 960
860 810
140 598
217 530
756 149
630 735
591 596
220 133
549 452
75 390
968 153
184 343
936 392
637 282
227 16
134 963
630 504
255 356
600 234
957 698
322 170
197 193
464 434
868 55
1000 409
70 774
238 370
541 842
12 689
439 3
65 507
772 150
604 346
757 242
436 537
487 326
32 85
695 317
417 962
484 257
611 726
661 831
980 530
412 458
952 183
632 485
430 977
119 160
292 849
877 127
642 718
788 221
313 660
488 486
39 208
964 687
497 636
927 242
371 538
678 107
437 478
812 230
722 522
625 872
944 398
302 667
51 851
20 38
603 831
40 471
930 210
670 314
235 814
567 309
570 628
183 999
953 627
524 876
15 921
393 664
12 10
547 554
571 290
336 504
736 713
95 498
260 17
324 442
534 865
1000 856
438 681
911 587
34 793
397 947
139 310
848 348
831 588
300 56
212 881
431 841
481 105
981 946
685 934
856 1000
791 280
266 336
989 895
655 922
558 822
784 349
726 783
735 630
404 211
408 387
990 796
255 541
745 972
865 195
137 394
77 604
881 340
495 796
923 877
277 802
746 657
483 832
688 206
264 877
262 423
438 123
217 624
567 259
76 947
741 708
349 175
951 857
304 718
902 997
708 378
265 385
522 722
916 422
264 734
389 484
13 891
77 687
118 137
756 975
329 235
147 422
75 530
469 660
449 145
699 798
678 223
371 903
684 53
400 189
914 248
580 182
274 966
906 786
811 964
701 478
410 372
805 915
223 587
663 431
106 501
178 30
195 219
4 413
454 666
322 796
43 830
996 49
282 233
978 535
313 586
203 404
447 983
155 872
276 453
794 592
189 342
719 735
185 780
762 994
109 561
420 311
511 670
271 279
276 403
202 836
958 139
344 279
467 419
188 400
607 924
908 476
647 273
670 665
457 251
538 371
108 488
284 295
343 769
153 925
221 61
60 279
20 601
818 634
665 471
166 975
583 961
660 469
734 245
843 136
515 101
71 442
247 327
960 481
104 256
804 217
299 494
532 677
885 167
316 325
578 80
597 805
445 80
125 942
354 451
844 594
438 787
512 537
317 797
396 343
527 872
639 598
592 794
502 781
989 107
169 702
643 816
385 265
698 322
731 517
380 410
495 990
821 483
252 133
706 312
160 459
602 389
409 814
773 455
708 709
190 486
877 390
761 597
284 186
355 168
112 45
75 217
894 206
321 745
417 22
452 522
478 871
862 263
221 697
706 255
21 161
969 918
101 21
48 541
776 603
772 16
932 989
659 285
428 596
685 10
963 435
663 763
172 979
12 934
551 986
487 286
968 564
724 319
369 368
628 435
425 105
53 25
360 35
555 745
758 434
57 356
600 646
642 578
436 125
355 81
918 871
559 134
958 310
671 543
445 34
371 428
897 569
944 320
702 456
954 879
585 79
771 886
454 529
173 265
392 816
627 890
706 42
223 932
724 785
358 506
937 558
711 582
317 675
192 411
144 399
895 989
761 880
787 874
190 416
106 603
60 269
901 472
653 266
891 432
481 425
938 692
960 659
722 812
19 519
592 965
900 923
347 368
85 937
32 241
117 832
623 600
745 64
203 630
777 601
317 807
772 227
742 640
537 585
264 624
492 371
51 219
845 814
620 103
46 685
83 640
3 675
57 48
526 327
963 927
346 174
930 812
532 130
170 957
702 789
990 37
989 191
769 192
866 19
541 48
572 57
855 930
713 154
543 335
709 521
221 865
213 748
427 904
534 361
799 83
579 247
223 678
692 770
392 325
655 916
258 229
978 635
94 767
710 509
499 192
48 356
623 44
624 885
108 725
509 759
534 867
670 471
961 2
105 425
755 951
880 89
462 531
924 999
702 17
317 695
233 358
927 628
620 890
211 504
436 585
245 127
457 524
361 865
614 916
924 952
895 815
676 59
145 67
69 752
1000 258
652 66
916 81
543 960
180 841
1000 814
615 224
362 246
697 221
821 335
108 658
1000 329
307 771
625 19
537 144
326 286
893 374
333 962
392 880
911 989
90 961
897 122
898 891
869 216
792 505
554 181
776 731
966 5
903 492
862 976
66 836
144 537
720 871
72 119
725 941
620 682
985 922
282 577
361 851
343 275
770 589
867 361
801 139
453 70
473 477
528 435
359 257
642 95
634 44
334 653
485 237
705 365
182 592
179 591
296 593
899 442
295 639
442 899
100 702
531 633
912 225
570 601
472 795
164 39
373 53
314 571
660 683
913 200
390 530
836 71
755 744
125 79
921 331
927 777
566 925
139 283
465 308
692 589
877 167
387 358
892 909
20 963
264 120
473 526
692 54
355 953
44 517
634 623
773 723
724 537
739 377
329 814
156 659
507 638
433 866
31 884
507 447
867 61
710 360
717 210
963 762
730 972
31 2
565 152
242 528
831 517
155 19
609 489
389 449
86 894
494 229
206 69
612 420
979 413
661 588
257 145
849 692
964 73
825 928
391 369
365 702
335 425
27 916
266 404
117 821
256 77
885 120
57 842
572 48
347 901
35 165
186 284
404 102
477 795
53 640
771 295
797 380
265 405
795 247
40 413
761 643
994 570
63 74
514 522
776 818
577 296
190 337
105 659
517 831
221 905
713 860
745 710
620 81
168 655
917 259
522 452
834 450
203 719
416 488
170 798
671 832
711 817
372 201
507 304
807 201
778 748
782 822
535 414
627 355
86 752
622 690
702 365
200 487
325 761
257 569
358 593
597 325
318 418
17 525
792 669
737 187
698 808
38 927
265 573
35 109
695 6
669 505
2 955
744 755
26 859
195 851
353 676
359 569
628 134
461 970
426 690
81 655
229 1000
39 632
757 20
910 124
690 306
913 58
99 318
228 208
276 70
857 951
507 315
282 593
566 223
669 935
560 753
671 117
507 983
101 515
667 852
180 431
900 390
629 280
637 497
356 572
648 517
67 602
544 557
278 521
932 968
646 44
394 348
299 856
4 567
716 746
56 300
296 50
255 706
689 46
633 442
417 164
509 745
532 658
753 560
894 688
639 186
542 874
731 44
70 644
436 399
256 174
329 88
122 67
718 95
445 718
148 416
447 80
56 892
321 64
630 653
542 123
406 182
472 473
979 665
825 169
622 755
690 820
265 607
157 943
196 773
300 909
653 47
115 716
907 31
308 111
717 929
944 443
775 379
677 108
614 682
792 110
714 50
941 130
662 342
886 771
66 98
255 645
895 132
866 621
730 509
910 354
181 749
895 678
429 977
103 422
456 169
101 723
968 132
985 916
589 849
743 958
531 652
467 212
830 850
322 808
915 870
374 402
711 790
803 839
378 748
243 680
879 185
870 89
906 722
458 772
933 346
585 125
227 933
754 939
526 369
944 243
575 428
771 307
37 957
794 743
436 629
730 254
917 352
213 674
488 532
532 415
80 983
250 450
204 268
296 637
358 296
224 743
534 51
958 580
487 913
252 312
637 50
416 190
594 750
910 955
610 182
525 789
827 520
998 200
414 535
213 552
682 916
328 452
803 374
230 930
514 722
517 44
989 132
355 627
578 638
892 171
856 494
450 61
983 34
315 983
774 644
206 86
807 380
305 962
763 222
843 166
600 661
222 841
434 11
211 719
543 481
979 670
417 485
250 905
295 598
999 183
460 17
953 355
134 777
127 244
672 846
512 280
744 622
283 743
389 891
958 965
889 214
185 849
644 383
714 497
945 304
110 149
322 940
346 882
925 932
957 322
34 304
749 554
886 598
784 878
769 343
963 601
794 610
614 953
683 660
289 28
738 645
566 887
613 387
168 147
923 167
535 635
245 900
816 325
67 145
674 508
1000 235
777 570
381 369
409 229
236 415
122 897
913 536
828 639
201 33
508 708
280 512
173 581
182 794
106 776
508 378
123 401
751 23
241 782
809 981
887 678
990 699
759 561
66 71
922 916
797 410
240 635
752 894
916 355
484 618
309 352
359 67
435 994
865 61
15 215
329 229
281 460
619 494
40 511
267 211
278 732
452 929
40 309
498 945
542 401
887 132
340 419
159 324
821 960
380 695
387 282
310 580
727 695
977 429
994 927
490 399
484 569
237 562
660 950
730 360
32 311
945 974
130 532
772 412
21 773
227 811
261 524
624 530
369 327
36 378
200 998
787 123
328 812
219 865
389 432
332 407
800 683
238 45
629 533
915 816
291 411
775 160
255 312
785 319
385 199
685 46
228 485
502 118
776 113
201 510
645 738
419 45
708 748
789 100
13 145
844 284
718 304
282 506
637 636
573 607
679 423
515 161
634 819
726 611
759 165
925 989
73 882
811 16
227 77
261 196
403 644
44 634
798 981
725 658
840 578
938 770
329 553
442 652
73 16
375 232
190 236
667 837
526 347
739 769
595 393
603 646
534 905
456 281
586 157
571 4
957 946
139 615
149 756
179 428
837 302
804 980
555 360
636 50
15 331
673 866
396 769
608 716
232 375
307 363
132 566
444 36
100 169
631 864
958 610
622 857
921 177
710 561
865 697
877 75
95 793
851 867
406 139
525 705
183 199
317 201
623 731
855 906
144 436
490 791
860 939
238 87
261 21
351 326
81 985
79 585
795 482
6 807
202 899
273 85
648 731
343 192
389 332
284 886
598 639
876 524
54 954
998 286
266 26
975 756
712 868
772 882
483 550
526 473
703 155
195 61
504 102
613 636
367 39
570 963
856 235
946 981
897 13
500 384
652 633
522 574
74 61
638 793
706 48
390 167
409 1000
651 914
882 16
910 441
886 295
568 229
530 624
148 488
181 984
457 728
163 986
620 985
378 213
289 886
219 51
245 264
307 844
224 592
301 874
92 547
820 426
365 17
850 43
703 625
968 566
126 496
516 988
519 833
48 706
571 172
278 741
170 699
245 734
88 235
807 675
540 445
44 600
925 556
420 215
113 106
512 490
517 588
460 789
682 614
679 262
719 47
311 558
699 322
578 304
120 390
456 825
464 274
59 146
946 170
470 622
661 648
791 629
148 486
154 736
939 766
329 619
906 230
725 194
119 379
513 955
819 971
638 80
86 350
106 648
881 977
915 325
351 200
884 910
970 649
17 702
786 522
213 696
34 945
745 555
776 648
1 856
648 600
457 21
289 750
61 74
834 466
943 297
91 428
650 584
15 822
985 953
795 369
221 450
693 475
696 378
278 778
83 25
331 241
1 229
627 655
656 820
447 840
844 886
81 620
515 251
917 471
678 989
657 115
994 628
735 266
896 391
795 391
581 573
946 990
345 46
33 3
627 916
454 68
253 739
547 984
182 224
140 468
932 564
39 962
35 759
428 115
35 52
407 41
438 542
429 212
166 395
160 548
653 630
633 324
442 239
308 835
870 643
135 298
89 761
22 237
916 655
229 856
665 571
285 671
84 758
915 539
959 275
575 596
938 849
577 593
730 52
724 490
233 339
757 38
610 615
957 809
686 463
52 254
624 900
765 784
668 913
229 619
504 203
121 454
276 967
668 998
833 920
481 960
843 546
255 48
48 220
21 524
339 637
791 436
456 928
457 161
605 188
738 572
527 866
665 352
21 261
552 378
698 699
750 598
244 75
542 8
786 930
289 828
352 979
648 971
449 484
608 492
775 97
868 669
17 100
355 614
264 804
55 395
541 220
779 435
195 63
357 766
450 788
65 983
625 673
589 185
763 480
566 556
906 930
815 887
469 847
511 665
44 623
159 836
92 181
28 828
156 335
259 172
899 531
836 202
935 395
239 652
362 133
934 46
822 558
591 179
363 750
450 534
773 728
726 135
544 991
360 321
275 184
617 977
919 871
572 133
161 723
220 645
379 775
743 182
589 938
498 447
140 186
425 821
73 150
230 717
486 148
564 107
488 194
458 964
361 697
378 709
15 612
918 969
260 702
363 140
233 296
532 194
628 528
352 665
26 653
910 884
725 677
232 808
15 241
568 856
736 810
458 227
697 195
882 77
310 592
916 620
454 516
975 136
241 647
490 537
192 253
738 312
23 414
408 636
287 805
675 695
542 787
181 547
330 518
412 227
917 571
48 645
169 825
358 613
505 843
834 865
497 296
137 118
559 757
386 711
486 337
776 501
207 760
566 989
444 778
576 766
355 422
724 436
697 865
568 1
576 993
704 299
61 788
609 560
467 45
557 544
65 95
778 278
961 513
639 468
820 755
127 885
528 994
714 408
633 159
564 815
536 142
556 564
87 467
71 633
927 762
404 203
946 375
117 550
636 740
955 910
380 439
914 733
608 596
177 420
958 224
735 653
196 455
634 831
156 117
792 546
136 868
925 587
962 485
262 659
647 420
430 419
831 646
348 118
846 904
356 645
101 251
591 716
358 637
508 552
479 482
115 746
257 122
527 920
695 439
315 974
115 575
986 969
600 634
280 125
198 475
860 154
739 343
837 852
32 822
578 498
447 498
98 531
884 961
67 13
697 51
556 223
333 39
434 84
309 40
254 759
266 735
450 195
771 284
603 819
602 359
179 115
456 525
44 646
525 456
886 750
173 999
125 490
380 510
363 844
271 626
344 271
668 286
705 789
404 859
208 305
457 876
104 412
773 457
190 108
11 956
553 619
681 301
953 982
342 662
927 757
437 163
911 556
632 22
506 233
227 687
519 19
252 842
696 552
488 190
278 748
867 697
767 764
580 139
95 65
555 52
386 948
796 798
21 196
480 431
130 658
797 33
533 490
177 15
220 738
855 328
929 574
32 921
129 157
709 778
805 316
954 421
376 142
965 743
840 983
436 319
219 195
369 795
430 370
66 531
414 700
279 269
109 745
362 42
887 815
679 117
946 798
833 519
667 672
722 855
404 504
312 645
874 681
130 190
580 310
574 549
123 787
796 322
134 559
22 962
534 851
114 658
989 153
449 602
198 853
722 549
50 593
834 61
120 624
244 804
890 27
125 399
476 29
432 67
213 708
25 640
645 252
865 466
842 220
938 366
645 706
86 69
919 701
234 623
211 334
936 816
406 958
262 105
395 843
961 90
460 928
72 775
85 921
440 393
182 283
957 375
313 943
59 82
501 776
952 385
327 901
834 195
742 684
458 412
329 856
538 91
2 961
593 506
754 713
703 833
811 77
846 427
315 95
521 741
194 941
772 883
716 903
517 603
399 144
4 917
836 652
306 857
149 792
646 776
527 19
154 860
323 890
512 785
835 691
750 886
406 592
108 148
789 928
403 774
427 846
900 980
755 768
49 715
766 249
19 625
292 54
492 657
142 998
790 817
891 145
31 90
618 569
700 384
592 743
79 490
528 779
147 103
103 916
683 129
769 184
430 467
420 558
71 98
439 807
604 73
832 262
287 870
738 42
641 94
756 843
499 396
570 20
40 4
759 972
874 123
310 610
996 231
709 708
85 215
285 483
485 208
50 613
280 79
974 840
236 148
223 191
392 805
351 58
78 641
168 27
981 322
250 61
254 561
354 907
87 340
872 920
488 416
937 241
407 145
66 633
252 42
714 637
752 474
573 952
430 45
113 731
964 604
484 891
705 460
798 796
179 91
948 386
343 184
246 738
391 381
350 69
482 472
783 878
161 457
395 110
3 33
352 290
312 220
801 406
87 881
666 529
296 577
511 352
858 726
145 332
85 331
631 908
250 697
390 127
756 166
65 315
913 326
812 722
821 543
55 136
298 878
249 939
613 506
545 68
617 370
815 132
988 666
322 990
727 372
375 940
506 358
778 708
818 44
583 441
509 165
883 687
818 588
326 668
574 722
166 546
858 175
771 750
537 533
980 923
350 474
964 772
784 135
628 38
332 122
74 865
381 347
455 728
817 386
822 331
891 897
285 659
45 212
41 389
328 574
742 53
229 704
495 957
109 165
155 625
261 101
293 185
38 628
156 821
778 36
716 596
700 500
897 67
764 767
819 623
501 971
932 911
63 361
175 349
266 334
849 185
910 583
114 194
653 859
334 404
83 53
671 262
235 299
943 950
356 252
81 682
940 796
698 957
27 168
22 485
115 608
507 578
543 425
635 414
877 264
292 185
645 42
340 238
23 535
636 387
40 290
821 550
911 895
578 840
852 837
169 525
798 946
219 466
134 806
588 44
668 326
678 925
842 738
800 297
781 848
1000 88
306 755
229 258
709 741
634 971
95 638
292 692
349 878
629 512
717 722
731 600
336 630
261 728
746 903
767 493
658 415
680 243
301 8
388 824
410 201
908 631
294 341
22 333
814 229
148 677
804 120
573 949
640 684
349 784
756 55
818 776
446 30
399 629
840 642
149 935
886 363
819 646
281 789
74 195
821 423
501 634
636 714
61 361
120 734
666 121
797 372
371 179
569 122
871 919
429 238
116 200
27 355
430 87
679 832
831 501
911 678
458 346
808 698
507 840
422 81
718 540
983 840
488 941
689 345
206 752
540 642
257 407
359 432
53 799
68 121
740 339
510 33
64 35
404 26
278 444
25 742
37 946
332 898
899 202
372 675
289 140
375 37
587 223
637 593
447 718
880 325
968 911
980 885
565 888
859 211
105 821
426 820
580 610
360 109
856 409
992 151
594 295
487 200
525 928
36 732
586 847
766 576
306 768
488 415
275 377
421 954
982 890
233 387
743 610
155 833
19 920
558 273
669 110
541 362
886 289
36 444
592 958
513 907
331 215
510 317
851 195
88 814
653 719
648 776
858 878
280 144
196 524
954 938
352 471
619 1000
605 189
110 712
808 796
559 994
801 610
490 79
212 429
311 85
509 52
155 433
192 959
109 710
410 6
757 435
798 170
945 445
952 581
661 234
913 286
64 730
160 119
401 931
779 570
783 349
816 880
281 705
157 950
41 897
407 432
921 937
513 124
40 352
537 724
537 791
379 459
564 153
906 549
257 449
568 409
210 549
746 608
975 712
322 981
440 595
112 977
96 864
778 213
601 570
899 71
619 409
20 757
825 365
276 644
915 392
434 5
886 594
241 311
633 202
283 406
347 473
235 553
135 783
745 321
959 499
931 874
392 539
326 116
147 323
989 587
120 804
207 225
362 738
916 168
102 211
757 927
499 291
918 163
645 312
22 228
468 28
398 272
844 363
316 936
1000 229
125 585
634 818
791 537
833 673
5 434
291 959
297 157
628 779
404 334
385 952
108 941
346 77
224 615
916 323
230 452
809 699
683 297
562 333
600 831
7 912
356 706
466 788
754 357
841 763
390 804
576 987
508 748
576 754
423 832
561 745
720 919
986 437
776 588
384 535
149 843
132 678
983 498
923 120
305 485
79 629
587 887
150 882
58 913
618 359
829 62
509 561
669 136
364 737
428 179
165 555
400 557
420 15
299 229
172 40
447 540
10 934
720 478
40 314
528 757
413 314
633 98
311 331
385 573
83 742
837 427
801 743
363 594
782 311
746 428
661 44
833 866
601 779
505 756
453 644
79 537
759 509
245 120
704 409
656 622
21 251
454 606
309 511
247 473
552 778
220 362
543 105
811 104
260 825
871 701
672 667
965 139
945 95
295 886
960 262
85 273
574 230
416 532
142 913
565 300
834 905
806 20
233 577
194 130
353 908
971 44
809 946
98 899
243 491
240 23
13 569
239 899
215 331
145 389
768 690
71 202
558 420
321 561
406 794
760 143
990 957
692 292
833 527
326 998
256 883
282 50
148 941
907 961
125 512
974 445
513 910
742 799
262 671
433 872
425 659
663 180
384 414
487 376
533 399
216 869
16 346
867 834
321 710
568 258
539 287
399 533
449 891
422 682
937 921
323 103
897 257
667 904
999 607
536 58
876 101
687 256
244 167
572 246
45 467
215 311
702 928
64 555
541 706
387 593
965 610
99 418
665 567
258 619
509 710
38 777
281 100
450 865
42 255
724 942
504 859
993 357
410 675
120 264
529 606
273 331
821 481
433 625
788 905
566 895
993 766
136 546
278 696
791 319
973 443
717 812
347 327
186 295
563 547
723 251
337 488
133 252
261 723
975 166
672 852
333 164
123 681
575 591
916 890
440 664
157 586
980 75
450 250
939 249
53 373
241 15
390 900
627 323
6 695
312 572
360 745
599 160
36 708
88 1
539 805
808 798
437 919
206 688
366 293
975 55
891 618
794 801
868 975
527 673
266 211
880 316
679 960
258 1
549 717
258 1000
476 146
177 647
945 540
405 265
977 340
473 368
168 422
786 230
488 148
425 156
415 108
762 757
517 623
980 245
778 741
929 452
513 31
520 131
867 219
490 942
510 695
605 400
955 884
159 239
881 370
411 291
596 903
387 636
337 677
133 645
490 533
482 479
158 94
819 234
795 477
939 154
497 506
447 578
728 196
643 597
256 227
756 546
851 51
740 282
144 785
882 227
786 210
899 324
891 257
507 945
600 106
389 359
718 638
95 840
376 998
340 977
313 847
490 785
598 284
541 246
550 659
50 577
659 425
419 617
26 719
773 524
906 929
780 849
932 895
316 597
828 140
795 479
747 268
144 585
273 822
531 899
498 507
963 134
287 392
387 740
955 961
806 559
105 550
174 458
659 423
513 884
883 77
538 115
800 469
578 718
998 326
595 440
684 373
1 619
569 407
859 735
71 836
847 313
358 282
851 361
703 866
347 477
722 574
890 953
568 845
638 65
397 225
816 89
985 355
452 722
264 245
897 898
517 113
65 80
569 13
337 108
900 75
608 91
463 382
826 446
326 487
765 783
661 106
987 810
290 352
994 20
978 500
798 990
443 944
297 847
335 960
921 558
8 401
796 809
942 125
740 387
41 145
261 251
359 484
305 228
178 826
166 669
235 229
545 529
527 433
183 949
29 476
645 220
533 512
466 450
860 766
371 115
836 899
883 933
963 628
482 391
57 246
736 576
627 985
378 741
527 621
472 526
511 571
959 192
832 105
552 213
798 375
519 625
633 531
722 786
202 442
165 52
328 722
443 320
923 980
168 953
186 639
690 951
9 560
73 883
232 495
692 938
759 730
979 259
355 620
387 50
179 716
895 968
658 725
218 271
890 355
636 358
80 945
874 301
567 413
527 703
342 557
500 700
960 105
324 202
339 358
83 799
935 975
918 437
163 437
183 573
450 867
517 661
563 749
880 805
385 949
543 117
698 232
420 782
921 311
628 20
779 559
323 953
937 85
172 917
559 242
190 677
224 406
220 706
219 851
921 215
368 473
928 169
283 958
63 61
83 373
481 543
981 796
279 271
184 959
940 957
684 83
110 505
253 959
838 10
150 412
102 26
311 937
745 561
710 109
100 456
166 55
661 600
784 783
579 391
169 100
975 149
844 639
868 792
430 617
334 47
462 652
182 139
363 468
498 840
718 447
268 747
168 890
864 476
847 586
971 234
914 651
105 156
415 416
423 285
804 390
915 761
356 57
608 179
338 454
511 40
750 639
79 533
474 206
353 29
518 294
612 215
177 32
314 352
67 891
124 513
786 855
572 252
11 84
818 517
630 859
239 66
703 519
677 236
762 559
422 168
588 106
220 356
537 280
639 295
4 979
301 681
893 803
549 514
230 906
119 459
432 257
864 353
988 606
599 379
687 174
583 2
554 749
744 951
483 481
278 508
968 932
910 90
917 567
98 159
324 899
498 983
533 436
52 730
365 928
443 243
603 234
247 795
506 50
127 734
41 359
73 256
923 530
483 821
600 44
152 56
202 159
134 762
406 801
574 452
956 966
415 488
612 558
370 212
299 235
419 87
775 599
150 256
901 896
404 630
497 714
447 793
929 549
820 470
115 903
550 671
982 682
604 256
165 254
539 597
150 458
27 982
548 379
236 488
538 903
569 257
165 561
768 951
504 334
31 910
941 148
327 247
593 637
100 825
524 196
840 65
806 38
510 807
990 322
534 450
50 339
711 948
201 410
201 695
435 20
911 107
82 864
777 242
338 516
985 627
356 541
558 15
865 63
307 750
259 413
824 737
677 488
506 497
782 331
941 415
507 642
675 201
63 867
304 793
42 57
231 996
704 814
485 367
319 791
327 579
61 697
760 854
998 487
709 552
828 886
760 225
847 683
387 506
980 804
642 80
183 385
910 513
983 304
654 111
473 327
652 899
340 429
410 807
153 895
757 994
57 42
634 588
497 408
279 344
325 316
658 190
599 119
926 862
877 885
986 551
920 519
940 809
114 532
337 415
191 587
368 472
391 795
682 355
292 770
235 1
376 487
319 399
78 424
780 421
883 174
87 112
148 532
569 449
743 965
78 158
683 943
19 527
949 573
104 882
445 65
433 19
42 48
237 39
395 546
317 410
307 468
989 556
73 412
865 905
5 464
757 779
81 953
494 845
223 925
256 73
435 963
594 468
451 513
581 607
174 150
170 232
187 364
494 409
489 753
74 851
438 8
199 607
738 252
282 714
853 863
971 634
353 59
81 627
380 33
997 93
452 230
409 235
136 110
906 574
793 974
153 107
286 116
658 194
816 870
485 22
4 314
445 540
831 634
708 444
347 795
185 292
912 854
367 417
207 76
122 407
784 611
335 659
613 50
304 540
23 978
665 40
68 606
55 110
747 204
216 875
499 739
864 676
253 192
509 972
177 921
245 530
840 95
687 604
34 498
157 660
886 28
326 913
598 468
314 917
450 834
201 380
140 284
606 338
59 476
310 182
305 417
42 842
352 571
686 197
132 556
77 412
692 849
404 653
345 838
177 215
195 250
764 78
336 334
805 880
417 228
846 667
925 223
455 261
564 911
195 905
139 406
724 144
190 532
658 488
123 874
280 629
691 654
934 345
916 27
291 769
582 790
299 814
380 3
975 935
704 1
402 803
322 699
864 96
44 831
656 426
723 524
832 960
951 426
147 985
607 173
669 756
191 925
79 436
770 54
281 825
946 796
538 492
656 306
329 409
76 143
835 465
974 638
688 86
513 441
191 887
184 275
314 172
543 832
626 218
642 447
88 856
408 497
91 657
885 900
676 29
179 575
16 458
154 766
755 820
593 296
102 47
459 72
833 703
999 405
445 642
751 978
791 79
901 795
837 904
954 366
888 909
381 482
854 912
685 689
392 287
924 385
236 108
417 305
696 213
69 474
577 387
439 380
420 32
476 908
638 498
191 223
766 754
806 242
195 361
6 510
651 733
51 61
327 347
797 317
322 495
611 765
540 578
421 293
223 911
7 76
860 993
285 335
879 780
845 409
946 37
665 172
252 246
643 287
714 387
87 617
716 91
512 942
932 678
808 957
342 400
677 416
985 614
762 242
792 166
940 981
247 381
316 870
885 390
260 365
262 117
334 859
306 656
865 851
130 337
984 92
883 882
117 671
211 630
681 542
287 316
805 89
202 239
377 769
388 737
928 705
652 531
768 820
828 594
639 363
716 115
223 566
452 210
636 233
879 954
383 70
732 521
690 470
39 228
340 617
285 543
963 757
929 786
219 74
410 510
876 728
588 731
236 194
898 145
311 921
439 6
483 423
794 958
184 769
87 45
811 604
994 435
974 34
868 843
41 332
471 511
63 788
14 863
760 912
492 179
920 673
361 51
754 810
309 413
20 777
245 217
612 32
877 734
190 114
758 956
473 901
123 542
479 381
897 41
744 820
232 809
612 822
210 855
867 195
841 663
284 598
619 845
361 834
924 265
819 113
227 412
372 695
894 474
66 239
863 853
779 38
937 612
566 564
840 315
993 860
459 599
540 34
373 83
777 762
555 509
484 602
290 511
134 994
355 916
945 507
123 931
987 249
200 326
154 249
434 956
923 244
457 515
566 191
426 306
64 710
865 219
806 779
139 801
936 316
532 114
773 251
852 302
881 617
410 3
115 538
471 40
770 185
29 864
579 526
501 661
916 682
832 285
227 73
273 15
4 670
551 969
445 974
196 251
882 174
971 818
669 395
63 534
797 695
280 319
613 233
172 352
543 483
777 528
36 278
