75
947 948
259 260
985 986
607 608
395 396
859 860
140 141
674 675
3 4
819 820
886 887
674 675
83 84
796 797
563 564
983 984
228 229
483 484
125 126
378 379
372 373
581 582
108 109
935 936
286 287
701 702
971 972
932 933
635 636
52 53
350 351
735 736
883 884
227 228
853 854
696 697
840 841
633 634
354 355
547 548
412 413
980 981
445 446
835 836
9 10
814 815
914 915
665 666
495 496
713 714
676 677
590 591
117 118
47 48
434 435
925 926
937 938
844 845
451 452
47 48
378 379
102 103
943 944
51 52
48 49
532 533
143 144
521 522
973 974
59 60
870 871
327 328
461 462
799 800
986 987
