72
222 223
98 99
139 140
792 793
510 511
267 268
566 567
129 130
785 786
202 203
34 35
869 870
424 425
813 814
376 377
829 830
202 203
523 524
386 387
472 473
429 430
399 400
791 792
596 597
591 592
79 80
541 542
607 608
481 482
281 282
966 967
256 257
841 842
795 796
305 306
77 78
681 682
300 301
510 511
20 21
484 485
36 37
214 215
880 881
102 103
764 765
152 153
452 453
518 519
710 711
761 762
601 602
459 460
719 720
285 286
755 756
422 423
540 541
763 764
891 892
275 276
753 754
425 426
608 609
6 7
311 312
978 979
353 354
626 627
456 457
944 945
59 60
