972
990 991
154 155
956 957
796 797
821 822
765 766
619 620
114 115
467 468
781 782
423 424
2 3
576 577
390 391
512 513
882 883
362 363
776 777
891 892
915 916
929 930
697 698
685 686
446 447
684 685
163 164
499 500
785 786
583 584
375 376
125 126
187 188
147 148
352 353
812 813
673 674
679 680
543 544
553 554
488 489
136 137
357 358
31 32
623 624
606 607
488 489
111 112
162 163
563 564
576 577
310 311
789 790
867 868
707 708
636 637
205 206
798 799
804 805
916 917
923 924
195 196
754 755
159 160
967 968
830 831
79 80
36 37
577 578
669 670
949 950
956 957
944 945
215 216
983 984
474 475
925 926
478 479
643 644
46 47
626 627
3 4
92 93
933 934
343 344
468 469
197 198
657 658
845 846
901 902
799 800
686 687
877 878
391 392
414 415
680 681
949 950
503 504
583 584
773 774
295 296
869 870
320 321
861 862
182 183
165 166
736 737
294 295
441 442
510 511
603 604
16 17
420 421
433 434
967 968
717 718
256 257
344 345
737 738
231 232
231 232
341 342
584 585
175 176
304 305
411 412
370 371
230 231
666 667
269 270
917 918
419 420
389 390
48 49
30 31
49 50
342 343
68 69
298 299
164 165
179 180
372 373
303 304
360 361
198 199
442 443
826 827
691 692
820 821
73 74
795 796
961 962
117 118
34 35
276 277
962 963
508 509
518 519
941 942
359 360
941 942
784 785
295 296
933 934
602 603
630 631
943 944
507 508
363 364
250 251
451 452
747 748
718 719
446 447
218 219
947 948
172 173
440 441
682 683
430 431
945 946
506 507
974 975
594 595
703 704
740 741
117 118
409 410
599 600
906 907
219 220
124 125
226 227
387 388
597 598
840 841
951 952
415 416
142 143
614 615
199 200
81 82
736 737
493 494
120 121
389 390
214 215
355 356
997 998
622 623
851 852
950 951
399 400
529 530
435 436
99 100
66 67
500 501
453 454
942 943
218 219
581 582
53 54
163 164
571 572
656 657
861 862
593 594
563 564
461 462
184 185
657 658
518 519
434 435
783 784
406 407
769 770
442 443
703 704
735 736
992 993
162 163
835 836
152 153
955 956
819 820
713 714
22 23
8 9
942 943
870 871
526 527
712 713
792 793
8 9
356 357
748 749
37 38
902 903
987 988
124 125
35 36
965 966
956 957
521 522
781 782
1000 1001
2 3
868 869
163 164
582 583
161 162
226 227
552 553
448 449
474 475
594 595
978 979
492 493
582 583
419 420
696 697
702 703
26 27
679 680
442 443
540 541
332 333
883 884
218 219
323 324
330 331
247 248
57 58
6 7
650 651
927 928
876 877
633 634
756 757
764 765
419 420
458 459
375 376
141 142
310 311
292 293
849 850
922 923
27 28
966 967
464 465
194 195
910 911
145 146
503 504
768 769
393 394
299 300
868 869
517 518
235 236
840 841
781 782
812 813
261 262
451 452
885 886
343 344
259 260
136 137
221 222
99 100
26 27
285 286
72 73
328 329
313 314
820 821
856 857
472 473
932 933
517 518
874 875
642 643
142 143
314 315
196 197
227 228
858 859
90 91
673 674
997 998
835 836
41 42
603 604
256 257
63 64
116 117
363 364
970 971
787 788
142 143
390 391
576 577
705 706
247 248
176 177
511 512
318 319
537 538
676 677
826 827
118 119
63 64
130 131
949 950
775 776
501 502
582 583
983 984
376 377
749 750
803 804
704 705
733 734
364 365
384 385
760 761
313 314
847 848
623 624
812 813
796 797
583 584
248 249
275 276
371 372
844 845
658 659
233 234
805 806
490 491
194 195
882 883
334 335
743 744
801 802
334 335
439 440
302 303
674 675
333 334
321 322
32 33
762 763
859 860
864 865
131 132
267 268
943 944
181 182
310 311
633 634
566 567
239 240
687 688
597 598
201 202
126 127
702 703
230 231
258 259
358 359
504 505
173 174
1000 1001
285 286
383 384
48 49
58 59
352 353
995 996
31 32
790 791
363 364
201 202
836 837
630 631
409 410
86 87
157 158
698 699
218 219
108 109
822 823
137 138
347 348
786 787
761 762
526 527
772 773
789 790
740 741
32 33
335 336
837 838
911 912
908 909
511 512
891 892
735 736
274 275
456 457
397 398
40 41
336 337
292 293
395 396
159 160
825 826
252 253
722 723
785 786
742 743
930 931
887 888
657 658
386 387
788 789
77 78
43 44
463 464
340 341
745 746
220 221
16 17
904 905
1 2
417 418
996 997
868 869
995 996
550 551
505 506
282 283
618 619
429 430
839 840
219 220
408 409
254 255
287 288
832 833
837 838
639 640
189 190
761 762
364 365
408 409
398 399
372 373
918 919
526 527
994 995
668 669
715 716
248 249
292 293
331 332
225 226
185 186
891 892
260 261
697 698
135 136
601 602
482 483
957 958
865 866
444 445
189 190
172 173
763 764
668 669
566 567
292 293
443 444
69 70
34 35
358 359
301 302
21 22
29 30
900 901
892 893
15 16
881 882
258 259
288 289
252 253
137 138
367 368
929 930
131 132
971 972
320 321
222 223
255 256
749 750
810 811
69 70
920 921
40 41
412 413
658 659
722 723
453 454
332 333
915 916
608 609
711 712
920 921
637 638
753 754
816 817
674 675
156 157
719 720
591 592
34 35
310 311
132 133
246 247
692 693
580 581
904 905
48 49
555 556
880 881
65 66
443 444
947 948
632 633
917 918
724 725
363 364
960 961
435 436
235 236
699 700
935 936
244 245
263 264
349 350
234 235
245 246
468 469
70 71
119 120
599 600
275 276
538 539
786 787
318 319
666 667
134 135
478 479
767 768
910 911
789 790
362 363
943 944
680 681
959 960
26 27
633 634
999 1000
316 317
803 804
133 134
410 411
941 942
446 447
257 258
216 217
127 128
374 375
699 700
550 551
872 873
925 926
185 186
993 994
442 443
909 910
847 848
554 555
136 137
999 1000
229 230
845 846
878 879
491 492
960 961
915 916
319 320
159 160
266 267
915 916
744 745
962 963
539 540
84 85
181 182
268 269
282 283
19 20
843 844
60 61
192 193
431 432
82 83
736 737
382 383
842 843
468 469
812 813
938 939
319 320
847 848
251 252
360 361
701 702
767 768
506 507
676 677
610 611
471 472
723 724
473 474
478 479
477 478
319 320
835 836
268 269
286 287
466 467
49 50
885 886
984 985
204 205
138 139
304 305
885 886
809 810
975 976
801 802
980 981
94 95
936 937
8 9
324 325
231 232
529 530
569 570
471 472
941 942
557 558
263 264
945 946
425 426
482 483
632 633
422 423
876 877
567 568
996 997
524 525
962 963
451 452
847 848
287 288
78 79
888 889
73 74
44 45
814 815
504 505
579 580
231 232
855 856
566 567
189 190
886 887
260 261
503 504
352 353
458 459
801 802
237 238
337 338
474 475
835 836
560 561
141 142
541 542
727 728
196 197
859 860
977 978
937 938
976 977
445 446
481 482
361 362
50 51
161 162
863 864
546 547
798 799
839 840
511 512
33 34
500 501
905 906
934 935
200 201
649 650
827 828
730 731
304 305
225 226
891 892
267 268
977 978
658 659
218 219
188 189
163 164
921 922
345 346
343 344
67 68
625 626
377 378
305 306
277 278
348 349
30 31
847 848
740 741
28 29
345 346
657 658
412 413
837 838
194 195
449 450
59 60
894 895
630 631
1000 1001
549 550
788 789
13 14
416 417
912 913
713 714
660 661
583 584
222 223
828 829
217 218
913 914
737 738
372 373
842 843
635 636
77 78
646 647
577 578
319 320
537 538
551 552
297 298
62 63
893 894
99 100
972 973
427 428
994 995
431 432
340 341
589 590
282 283
20 21
275 276
134 135
680 681
56 57
314 315
299 300
411 412
904 905
361 362
323 324
208 209
118 119
416 417
600 601
22 23
418 419
64 65
261 262
901 902
738 739
972 973
537 538
676 677
138 139
823 824
207 208
758 759
463 464
802 803
371 372
205 206
549 550
176 177
999 1000
854 855
222 223
513 514
269 270
796 797
122 123
479 480
855 856
471 472
612 613
906 907
132 133
28 29
533 534
623 624
834 835
642 643
1 2
19 20
423 424
293 294
681 682
56 57
117 118
534 535
792 793
278 279
497 498
324 325
757 758
934 935
815 816
99 100
808 809
380 381
77 78
854 855
897 898
257 258
712 713
13 14
716 717
390 391
641 642
398 399
511 512
979 980
434 435
947 948
420 421
323 324
669 670
76 77
317 318
450 451
95 96
803 804
341 342
993 994
290 291
896 897
291 292
694 695
173 174
259 260
789 790
633 634
198 199
580 581
743 744
400 401
201 202
765 766
599 600
393 394
358 359
558 559
639 640
640 641
792 793
164 165
73 74
