10000 10000
3 3841
3 3676
3 9649
1 197 9959
3 608
3 2352
3 5029
1 65 9876
3 9063
3 4717
3 5492
3 5286
3 5136
3 8924
3 5104
3 6029
3 151
3 4500
2 9960 9804
3 6490
3 9908
3 7757
3 4623
1 3 9990
3 1187
3 7456
3 7729
3 2639
1 196 9879
3 1213
3 773
2 9800 9819
1 507 143
1 139 9856
3 2266
3 1653
3 4034
2 9949 9805
2 7037 57
3 4227
3 591
1 174 9820
3 1961
3 6757
1 25 9888
3 9610
3 9168
3 4235
2 9906 9926
3 8097
3 6411
3 200
3 6653
1 164 9976
3 7501
3 49
3 2851
3 5536
3 4642
3 8180
1 35 9819
2 9931 9908
3 3140
3 5222
3 7710
3 7475
3 8875
3 708
3 5445
3 2083
3 7759
3 9440
2 9959 9929
3 9776
3 9712
3 7629
3 9099
3 5599
3 6960
1 77 9967
2 1151 156
3 7106
3 8513
3 2755
3 8742
3 5300
3 3235
1 9673 180
3 9794
3 8750
3 5827
3 5039
2 9933 9855
1 46 9817
3 3896
3 9652
3 1050
3 9444
3 6924
3 7831
3 4828
3 9027
3 9641
3 4665
3 3940
3 4905
3 2135
3 1761
3 254
3 4059
3 3657
1 39 9830
3 2617
3 9666
3 568
2 9977 9903
3 2787
3 8838
3 3840
3 3456
3 823
3 2100
3 3318
3 4325
1 121 9930
3 5507
3 8195
3 4410
3 8372
3 3622
3 8435
3 9205
3 6485
2 9995 9894
3 5927
3 6400
3 2233
3 509
3 2707
3 8842
2 9904 9801
3 396
3 9971
1 6103 175
3 9080
3 266
3 8689
3 7520
1 127 9918
3 132
1 10 9930
3 4812
3 4099
3 2732
3 1896
3 8005
1 22 9977
3 1500
3 9558
1 135 9987
3 1106
2 9930 9952
2 9851 9813
3 213
3 3713
3 4449
3 8879
3 2226
3 5078
3 7436
3 3710
3 6297
3 196
3 8520
1 198 9869
3 3732
1 93 9950
3 5742
3 9103
3 7419
3 695
3 47
3 5693
3 6724
3 3755
3 823
3 3703
3 742
2 9994 9948
2 9987 9947
3 1600
1 188 9828
2 9920 9824
3 3411
2 9857 9867
1 53 9824
2 9608 22
3 8044
3 6019
3 3539
3 3143
3 2771
3 9568
3 2015
3 9007
3 2584
3 3675
3 7676
1 85 9898
1 78 9877
3 9899
3 6418
3 183
2 9883 9913
1 197 9986
3 2478
3 5344
3 7231
3 2406
3 5490
3 2705
3 1216
2 9800 9962
3 9907
2 9863 9807
3 8100
3 4712
3 9587
3 4916
3 1412
3 2469
3 8305
3 5293
3 6988
3 6933
3 3414
3 9831
3 1386
2 9892 9840
3 2033
1 69 9852
1 4083 76
1 4 9987
1 195 9858
1 139 9982
3 2426
3 1942
3 3186
3 6841
2 9986 9820
3 3158
3 6388
1 134 9847
3 5239
3 4805
1 132 9875
3 4238
2 9932 9844
3 4059
3 7604
3 2649
3 3164
3 4253
3 5025
3 2652
1 127 9998
2 9092 96
1 187 9857
3 320
3 5272
3 418
2 64 110
3 2904
3 2517
3 7268
3 8611
3 6590
3 2411
3 6781
3 8943
3 3992
2 3701 27
3 2217
3 315
3 9238
2 5803 188
1 1 10000
3 6181
3 1662
3 4724
3 56
3 3763
3 1419
3 5301
3 4261
3 4500
3 2105
3 69
3 3907
3 9712
3 4489
1 119 9965
3 562
1 177 9804
1 78 9992
3 473
3 5195
3 3171
3 4328
3 9848
3 1031
3 1734
3 6088
3 448
3 9465
3 9498
3 8673
3 4923
3 82
3 8963
3 9224
1 141 9953
3 9908
2 9804 9999
3 1729
1 149 9851
3 1669
3 1038
3 2987
3 2603
1 2341 62
1 96 9885
3 1715
3 295
3 6673
3 2561
3 2154
3 5147
1 747 66
3 3674
2 9837 9830
3 5008
3 5499
1 7598 143
2 9848 9903
3 8833
2 9968 9845
3 9051
3 2653
3 9334
3 3601
2 9872 9922
3 9884
3 9807
1 4 9831
3 5475
1 157 9963
3 6051
3 2825
3 737
3 8583
3 9896
3 6566
3 8893
3 620
1 136 9866
3 6029
3 74
3 963
3 5727
3 1489
3 5481
3 5198
3 3731
1 199 9835
3 2212
1 131 9990
3 270
3 3281
2 9807 9812
1 9 9936
3 9660
2 9948 9804
3 2774
3 4362
3 3963
3 6805
3 6455
3 3406
3 8407
3 4326
3 1745
3 6432
3 2986
1 8214 96
3 4474
3 1627
3 858
3 864
3 927
3 1399
3 4288
3 833
3 2313
3 3816
3 8444
1 67 9936
3 79
3 4345
3 597
3 3785
2 9947 9954
3 6618
3 1513
3 4166
3 2934
2 9830 9831
3 3210
3 9192
3 6405
3 3247
3 9301
3 7392
3 6720
3 6
3 8487
1 124 9974
3 2646
3 1140
1 157 9805
3 4754
2 9951 9888
3 5452
3 1606
3 7617
3 105
3 9387
1 3279 95
2 10000 9942
3 4477
3 5317
3 1346
3 5259
3 5201
3 8915
3 7466
3 8240
3 7638
3 2768
3 4464
3 7786
3 1341
2 2868 88
3 9860
3 8271
3 3831
3 4163
3 7433
3 3021
3 6115
3 7668
3 966
3 6638
3 7148
3 7245
1 5732 195
1 190 9989
3 113
3 1493
2 9922 9837
3 7975
3 9037
3 1054
3 757
3 8338
3 6897
1 5 9950
3 1091
3 367
3 3007
3 6794
3 8064
2 9990 9887
3 411
3 25
3 4719
3 8250
3 9840
3 4565
1 163 9990
3 2644
3 3537
3 604
1 23 9920
3 2528
3 3019
3 8869
3 863
3 8193
3 254
3 4327
3 9138
3 5991
1 96 9936
3 190
3 3087
3 9952
3 7265
3 4028
3 612
1 148 9844
3 5195
3 946
3 3076
3 1997
3 6168
3 573
3 8200
3 5330
3 6260
3 322
3 9003
3 948
3 6750
3 7334
3 7496
3 8064
3 1831
3 308
3 4789
3 7451
3 6187
3 934
3 1819
3 8019
3 7688
3 2997
3 6239
3 7491
3 3172
3 7260
1 78 9823
3 9577
3 2170
3 6211
1 152 9970
1 4862 133
3 7338
3 2867
3 3351
3 1530
3 935
1 127 9933
3 7156
3 8284
3 6402
2 9825 9909
3 5916
3 6597
3 8060
2 9948 9838
3 5665
3 2388
2 3867 37
3 7677
3 8157
3 6395
3 8335
1 196 9933
3 1903
3 4949
3 1805
3 574
3 8926
3 8437
3 4264
3 2500
3 9613
3 9689
3 5087
3 8205
3 4408
3 2740
3 1298
1 92 9875
3 5676
1 28 9902
3 9796
3 9850
3 3452
3 6087
3 2032
3 3192
3 4000
3 8331
3 9319
3 8819
3 8876
3 2931
3 8871
3 1191
3 3209
3 9600
3 7138
3 3367
3 3588
3 4073
3 6371
3 3784
3 5495
3 1929
3 517
3 6679
1 64 9873
3 8732
3 9921
3 6922
3 4849
2 9869 9989
3 5502
3 9343
3 1171
3 4185
3 1326
3 3057
3 6487
3 133
2 1743 56
3 9628
3 5721
3 5373
3 7854
2 8902 20
3 3744
3 7541
3 4225
3 6700
3 5664
3 9499
3 2370
3 8546
3 4591
3 466
3 4054
3 8297
1 98 9863
2 9916 9952
3 1666
3 9744
3 2775
2 9976 9830
3 7645
3 5694
3 4594
3 3779
3 3502
3 3251
3 1981
3 1422
3 2632
3 7831
2 9860 76
3 8640
3 4009
3 8960
3 3157
3 8457
3 6240
3 1547
3 2514
3 207
3 1638
3 8569
3 9782
3 928
3 7234
2 9932 9892
3 4833
3 8367
3 1200
3 4946
3 6117
3 1513
3 3167
3 6910
3 5831
3 2256
3 2339
3 9677
1 127 9946
3 7196
3 9779
3 7421
3 121
3 7268
3 3530
3 6599
3 8277
3 5041
3 7612
3 8535
3 5376
3 8038
3 8625
3 2714
3 126
1 17 9835
3 302
1 116 9942
3 2263
1 9582 116
3 4658
3 2353
3 410
3 5633
3 1951
2 9975 9831
3 4777
3 7797
2 7742 102
3 978
1 42 9823
3 725
2 9997 9951
3 3441
3 9257
3 4619
3 8042
3 9619
3 5374
1 6321 167
3 776
3 5157
1 9929 19
3 3348
1 166 9854
3 1711
3 2223
3 4609
1 124 9868
3 6666
2 9935 9883
3 106
3 1657
3 3610
3 724
3 1955
3 2427
3 442
2 655 196
3 2369
2 9817 9929
3 958
3 8603
3 3049
3 427
1 123 9957
3 6040
3 5469
3 5541
3 9003
3 8870
1 4473 108
1 79 9909
1 129 9827
1 140 9998
3 7027
1 73 9819
3 4828
3 5584
3 5085
2 9899 9880
3 9979
3 2947
1 171 9974
3 3977
3 3935
3 5601
1 1650 112
3 8297
3 9065
3 6062
3 343
2 9954 9958
3 5349
3 9444
3 9947
1 50 9916
2 6289 158
1 6 9849
3 2429
3 9815
3 6073
3 9462
3 4675
3 1843
3 7189
3 6510
1 96 9925
3 5738
1 92 9928
3 2333
3 3349
1 21 9885
3 7476
3 802
3 8165
3 5426
3 9090
3 4270
3 8350
3 8705
2 9942 9821
3 7985
3 2412
3 4748
1 63 9930
3 9176
3 4646
3 6952
3 2516
3 1249
3 6610
2 9880 9821
3 3428
3 2851
3 8407
3 2859
3 5069
1 81 9926
3 9719
3 8825
1 7 9808
3 5510
3 8154
3 3638
3 4898
3 9450
3 6166
1 47 9804
3 6953
3 5170
3 7680
3 1373
3 1211
3 4710
1 97 9980
3 4619
3 4297
3 2776
3 2475
3 1464
3 7616
3 7244
3 1363
3 3196
3 7181
3 2359
3 546
3 1049
1 83 9984
3 4569
3 9231
3 3416
3 3851
3 2893
1 81 9819
3 3156
3 4086
3 3559
3 7865
3 8660
3 9978
3 2962
3 7072
3 905
3 2382
3 6896
2 9867 9962
2 4995 67
3 3665
3 8699
2 9973 9970
3 6267
3 4493
2 9866 9967
2 9953 9813
3 823
3 4661
2 1174 151
3 5319
3 7886
3 3828
3 429
3 4166
3 9614
3 5585
1 180 9895
3 3903
2 9929 9921
3 7527
3 9093
2 9944 9800
3 7391
3 565
3 3755
3 5375
3 5481
2 9923 9915
3 5581
3 9666
1 116 9883
3 2712
1 441 70
1 145 9977
3 2813
3 9759
3 8386
3 7640
3 5399
3 7286
3 8189
3 6859
2 9804 9958
3 2373
2 9907 9822
3 807
1 74 9876
1 187 9981
3 2607
3 5589
1 51 9922
3 7942
3 6255
3 9610
2 9917 9943
3 3575
3 6298
3 2551
3 2189
3 3035
3 9983
3 2476
3 8429
3 2209
3 7303
3 1955
2 9947 9995
2 9997 9975
3 8961
3 1039
1 17 9893
3 5224
3 8361
1 113 9968
1 44 9980
3 1492
1 4547 105
3 6117
3 2272
3 8673
2 9977 9822
3 9957
3 1144
3 6132
3 3637
3 8295
3 2288
3 277
1 7426 130
3 627
3 5551
3 5724
3 1157
3 6907
3 7340
3 5256
3 439
3 1874
3 5433
3 6013
3 5211
1 143 9809
3 3267
2 9967 9947
1 110 9943
3 2396
3 3133
3 2781
3 366
1 81 9894
1 75 9870
2 9816 9930
3 7890
3 4967
3 2196
3 2497
3 5098
3 8954
3 8810
3 1305
3 7825
3 2340
3 8928
1 17 9832
1 107 9980
3 2572
3 383
3 4141
3 7133
3 2795
3 3705
2 9995 9810
3 2204
3 3971
3 4327
3 153
3 2741
3 2931
3 1360
3 6246
3 7117
3 1879
1 64 9870
3 8247
3 214
3 8309
2 7600 157
3 1971
3 180
3 4414
3 471
3 4687
3 27
1 117 9925
3 9207
3 5414
3 9109
2 9862 9816
3 4783
3 7547
3 3713
3 2141
3 5564
2 9895 9870
3 2405
2 9630 68
3 7646
3 4832
1 6402 28
1 43 9880
3 6449
3 8139
3 9637
3 2632
3 1698
3 4007
3 1606
1 771 162
3 2244
3 6617
3 4398
3 4702
1 7391 182
3 1807
3 7737
3 6956
3 9549
3 8373
3 7413
3 4557
3 3853
1 120 9901
3 2122
3 308
1 142 9810
3 379
3 2581
3 7927
3 2341
3 8304
3 1771
2 10000 9860
3 3144
3 9858
2 9855 9935
3 5481
3 64
3 646
2 9896 9995
3 7055
2 4730 49
3 7185
3 8092
1 192 9812
3 3478
1 128 9902
3 986
1 919 113
3 7515
3 5689
3 9260
3 1388
3 9193
3 9258
3 5608
3 6119
3 3855
1 9720 107
3 2037
3 5857
1 3641 160
3 8165
3 6885
1 63 9996
1 61 9830
2 9834 9807
3 4517
3 4616
3 2926
3 5983
3 1217
3 6297
3 7218
3 5755
3 9686
3 9613
3 4213
2 9912 9874
3 985
3 1530
1 176 9999
3 8939
3 8892
3 6374
3 4404
1 132 9905
2 9817 9956
3 8026
1 198 9814
1 144 9803
3 9189
1 1760 176
3 1968
3 58
3 9720
3 1504
3 4680
3 7290
2 9914 9993
3 6041
3 6353
1 39 9854
3 8625
3 6061
3 1427
3 54
3 9534
1 12 9970
3 7124
2 7104 65
3 1867
3 2426
3 1314
3 2641
3 6496
3 4012
3 343
3 7671
3 540
3 9370
3 9250
2 9816 9999
3 7590
3 7134
1 98 9919
2 9844 9866
1 191 9811
3 6267
3 1682
3 8341
3 6504
1 79 9899
3 6009
3 6279
3 5487
2 3148 123
3 4826
3 6654
2 9960 9985
3 4562
1 8437 69
3 6713
3 7191
3 5133
1 55 9985
1 103 9934
3 8129
3 7443
3 3774
3 8812
3 5327
3 1192
3 3608
3 1123
3 1301
3 2051
1 101 9910
3 6227
3 6973
3 4700
3 9419
3 5811
2 6176 185
2 9932 9904
3 2147
3 3182
1 9793 64
3 3340
3 4474
3 1751
3 4164
3 2921
3 8836
3 478
3 3241
3 1352
1 173 9871
3 793
3 4299
3 2278
3 6927
3 2002
3 4730
3 1839
3 9369
1 191 9866
3 3431
3 110
1 129 9951
1 200 9811
1 9975 152
3 5485
3 5608
3 9906
3 787
3 5013
1 942 63
3 7671
2 9877 9963
2 9806 9930
1 64 9820
3 9360
1 160 9901
3 4608
3 5501
3 9032
3 1800
3 4408
2 9647 125
3 1024
3 6985
3 4416
3 3467
3 5847
2 9808 9997
2 9878 9976
3 5114
2 9914 9934
3 666
3 8616
3 451
3 7624
3 3492
3 8584
3 5671
3 691
3 3666
3 1987
3 786
1 79 9915
2 9915 9828
1 184 9930
3 4497
3 4960
2 9993 9928
3 4499
3 8729
3 1641
3 1987
3 6485
3 8298
3 1896
3 1778
3 2395
2 9949 9910
3 705
3 7012
1 8900 160
3 7316
2 5536 8
2 9825 9919
3 6871
3 8379
3 981
1 5253 197
3 3422
3 6122
3 9665
3 8996
3 5383
3 4210
3 809
3 1302
2 6042 78
1 134 9963
3 9673
3 1170
3 4941
2 9840 9901
3 4643
3 1966
3 1304
3 1605
3 5844
1 109 9867
2 4258 158
1 169 9975
1 9381 109
3 8150
3 860
3 3013
3 7673
3 4169
3 3671
3 7784
2 9863 9891
3 3591
3 1223
3 4320
3 7193
3 5899
3 8456
3 1222
3 9197
2 9850 9941
3 3834
1 3027 39
3 3538
3 1098
3 3815
3 6009
3 6091
1 40 9806
3 5763
3 9807
3 2352
3 2754
3 1357
3 9982
3 3282
3 1269
3 6769
3 5508
3 6658
3 5366
3 7394
3 488
3 3478
3 7038
2 9971 9876
3 563
3 394
3 9323
1 142 9893
3 2110
3 1353
3 5395
3 1999
3 585
3 9450
3 6875
3 2475
3 5458
3 2559
3 9082
3 4722
3 8340
3 9143
3 9199
2 9976 9986
3 893
3 707
3 1739
1 131 9976
3 702
3 9289
3 8541
3 4669
2 9954 9954
3 1493
2 9995 9887
3 2544
3 500
3 6817
3 1880
1 97 9814
3 5799
3 5194
3 3177
3 668
2 9953 9957
3 6737
3 36
3 1958
2 9929 9922
3 4711
3 2496
1 8486 154
2 9862 9982
2 9952 9871
3 1412
3 3361
1 44 9897
3 4855
3 6041
3 514
3 3243
3 794
3 5003
3 6931
3 2768
3 8808
3 3713
3 5109
3 1849
3 352
3 4426
3 7612
3 2185
3 1013
2 4519 110
2 9887 9823
3 6814
3 4936
3 1706
3 7754
3 4867
3 139
3 1542
3 9937
3 1685
3 3621
3 2629
3 6603
2 9855 9804
3 92
3 9850
3 9548
3 3356
3 7491
1 62 9988
3 804
3 3233
3 6831
3 1088
1 83 9812
3 3110
3 7353
3 1108
3 3680
3 9635
3 9227
3 3440
3 3997
3 6289
3 6620
3 6245
3 535
3 1847
3 7595
3 4276
3 5562
3 6842
3 3064
3 5682
3 4651
3 6488
3 1375
3 9199
3 7299
3 5541
3 1689
3 4557
2 9804 9874
3 1643
3 9122
3 1577
3 1791
3 7807
3 3736
3 6942
3 1096
3 8418
3 3276
3 9190
3 4870
3 2388
3 7169
3 4161
3 7775
3 4488
3 8532
3 3447
3 3936
3 7376
3 6047
3 843
2 9899 9976
2 9954 9855
3 3188
3 2734
3 8453
3 9676
2 9980 9885
3 72
3 8175
3 5791
3 8652
3 4836
3 5718
3 2460
3 2573
3 3780
3 9986
3 2443
3 2166
3 3640
2 9991 9857
3 3237
2 9866 9928
3 6801
3 4002
1 171 9878
3 4661
2 9885 9988
3 6082
3 392
2 9811 9865
3 5614
2 9821 9930
3 4372
3 996
3 508
3 6564
2 9941 9837
3 433
3 5994
3 7607
3 4384
3 812
3 4487
3 7454
3 3590
3 2893
3 2143
3 8154
3 249
3 3684
3 8566
3 3848
3 8603
3 4805
3 8983
3 2106
1 3661 73
3 7405
3 6508
1 101 9843
3 9806
3 990
3 9600
3 7514
3 1490
3 8540
3 945
3 4456
3 1393
1 8816 183
2 3253 117
2 8143 28
3 6935
3 8821
1 44 9845
3 3705
3 9334
3 6633
3 1083
3 4763
3 5069
3 2147
3 5465
3 6452
3 8958
1 4 9859
3 9564
3 3665
2 9858 9804
3 2843
3 7323
3 8970
3 2821
3 8481
3 1080
1 189 9916
3 835
3 7348
3 3565
3 6226
3 2123
3 9999
2 9866 9820
3 66
3 3399
3 6439
3 1546
1 155 9907
3 1463
3 4715
3 9192
3 3350
3 8148
1 3 9858
3 6469
3 6435
3 630
3 6009
3 1105
3 2574
3 8846
3 2468
3 1583
3 5812
3 8053
3 9462
3 3710
3 9896
3 8739
3 665
3 7858
3 2938
3 2142
3 7586
3 5175
3 1981
3 4754
1 62 9889
3 4484
3 3859
3 3326
3 4332
1 57 9978
2 9922 9906
2 6633 52
3 3896
3 8526
3 3511
3 8079
3 8997
3 286
3 5328
3 3846
3 4351
3 5092
3 7365
3 4284
3 2865
3 7395
3 1578
3 5602
3 7173
3 4698
3 9782
3 1208
3 6171
3 8390
2 9405 2
1 5629 131
3 3743
3 9720
3 2575
3 2955
1 153 9948
1 139 9882
3 9757
3 671
2 9993 9866
3 9757
3 9741
3 9790
3 6467
2 9916 9986
3 475
3 997
1 139 9946
3 240
3 2102
2 3841 54
3 3686
3 5582
3 354
3 9405
3 6776
3 8868
2 9932 9890
3 338
1 145 9921
3 8634
3 1949
3 1745
3 1542
3 4433
3 166
3 3083
1 120 9837
3 4843
3 6276
3 8542
3 6836
3 9989
3 6513
2 4641 48
3 3786
3 1837
3 4398
3 2907
3 2747
2 9925 9899
2 9984 9965
3 7431
3 3623
3 6644
3 3548
3 6658
3 133
3 3292
3 5371
3 363
3 3937
3 6574
3 4245
3 8705
3 5527
3 2732
3 2763
3 8799
3 2589
3 1396
3 2198
3 9362
3 1346
1 185 9882
3 5811
2 9979 9917
2 9900 9828
3 7948
3 592
3 8819
3 1896
2 9883 9910
3 5392
3 9818
3 5683
2 6668 13
3 4982
3 1010
3 6786
3 1715
1 179 9881
1 7 9990
3 9091
3 4211
3 9507
3 5773
3 123
3 592
3 8847
3 6274
3 7930
3 3592
3 480
3 5517
1 154 9984
3 3399
3 3705
3 3416
3 2792
3 1353
3 5193
3 3428
3 1070
3 8248
3 802
3 3804
2 9951 9802
3 8431
3 1364
3 2526
3 2644
3 9441
3 1630
3 568
3 6216
3 8321
1 15 9954
3 2386
3 2725
3 862
3 590
3 281
3 1802
3 3063
3 2111
3 9209
3 4689
3 93
1 6243 54
3 1411
3 2098
2 9831 9970
3 1521
3 2688
2 9513 15
3 3252
3 1577
3 4621
3 1992
3 7189
1 127 9819
3 1950
3 7365
3 2807
3 222
1 79 9922
3 7399
3 4319
3 9178
3 1151
3 7546
3 3641
3 7388
3 9158
1 117 9987
3 2709
3 5830
3 4109
3 6031
3 6094
1 84 9985
3 9142
3 992
3 4926
3 9461
3 2394
3 5252
3 9759
3 4810
3 2565
2 9998 9807
2 3725 86
3 895
3 762
3 4019
2 9896 9873
3 53
3 7397
3 4920
3 6032
3 6685
3 4694
1 184 9893
3 1646
3 9724
3 5865
3 8970
3 9972
3 3188
3 2400
3 9271
3 6516
2 9843 9845
3 9928
3 2885
3 6481
3 9622
2 9926 9877
3 4854
3 7876
3 3900
3 7516
3 226
3 8959
2 9914 9977
3 9137
3 7779
3 6545
3 5263
3 596
3 1659
3 7149
1 156 9926
3 2093
3 2136
3 6965
3 720
3 3255
3 5106
3 8047
3 4591
3 7708
3 9896
3 2677
3 2012
3 2143
3 3632
3 1953
3 5137
1 2 9913
1 140 9881
2 9808 9832
3 2255
3 2216
3 8701
3 9355
3 7022
3 9400
3 5397
3 2058
1 107 9897
3 9873
3 1566
3 6733
3 9804
3 6577
3 3719
2 1906 14
3 6442
3 4094
3 1790
2 9809 9984
3 5330
3 4112
3 3572
2 9966 9952
3 5420
3 2303
3 5766
3 3150
3 5184
2 9826 9996
3 4236
3 6492
3 534
3 1248
3 4608
3 409
3 5397
1 85 9929
3 4647
3 9654
3 9431
3 9094
2 9833 9889
3 2945
3 5711
1 119 9992
3 5877
2 9875 9965
3 5667
3 9860
3 2484
3 1653
3 9519
1 22 9818
3 8177
3 742
2 9947 9950
3 9279
3 9588
3 8851
3 5317
1 102 9869
2 6863 61
3 1192
3 9428
3 1216
2 9867 9994
3 959
3 2577
3 1538
3 326
2 9864 9840
3 9184
3 9014
3 234
3 3027
2 9866 9873
1 8980 88
3 6980
1 105 9901
3 8853
3 8806
3 9246
3 9417
3 6800
3 9346
1 117 9957
3 6654
3 9220
3 2647
3 796
3 3996
3 4522
3 8011
2 9942 9855
2 5474 123
3 2029
1 118 9813
3 1269
3 1313
3 248
3 8263
3 2329
3 9711
1 7178 49
3 4472
2 6169 185
3 2009
3 9754
3 6432
3 4539
3 641
3 1150
3 2254
3 9022
1 181 9994
3 300
3 4059
3 8587
3 5057
1 20 9829
3 7627
2 9991 9873
3 6168
1 158 9829
3 3648
3 329
3 7211
3 2533
3 9125
1 112 9979
3 5405
3 5546
1 28 9964
3 4042
3 2157
1 6908 94
1 35 9837
3 6934
3 3258
3 7453
3 6633
3 7528
3 5054
3 9384
3 3183
3 1937
3 4922
3 6243
3 6161
3 1053
3 1645
1 6 9854
3 8068
3 8508
3 3697
3 3885
3 6599
3 7033
3 116
3 9266
3 7913
3 9870
1 71 9975
2 9908 9825
3 1990
3 2691
3 7730
2 9941 9941
3 2099
2 9958 9828
1 11 9966
3 6961
3 7107
3 2793
3 4136
3 7089
2 9938 9987
3 8555
1 175 9811
3 34
3 6278
3 7497
3 4484
3 6441
1 44 9929
3 1129
3 597
3 9972
3 2036
3 3716
3 8197
3 97
3 8470
1 89 9928
3 3956
3 8066
3 3255
2 9813 9976
1 153 9990
2 9844 9844
3 8609
3 2107
3 845
3 6442
3 3139
3 5606
3 9677
3 6141
3 9467
3 4710
3 9532
3 6637
3 9420
3 2267
3 8120
3 5502
2 461 17
3 8847
3 9290
3 1971
3 8987
3 3147
3 2651
3 6083
3 7669
3 5425
3 6504
3 5147
3 7767
3 3009
3 1598
1 147 9855
3 8648
3 5177
3 6861
3 6368
3 733
1 140 9975
1 6146 31
3 4650
3 897
3 475
3 6701
3 1816
3 8649
3 1121
3 2042
3 2703
3 1657
3 5333
3 3816
3 9020
3 5163
3 2171
3 7969
3 8956
3 632
3 3536
3 3209
3 2656
3 1324
3 9161
3 7712
3 8077
3 7577
3 7777
3 4886
3 5713
3 634
1 328 171
3 7028
3 4937
3 1488
3 5486
1 76 9802
3 2994
3 1583
2 9819 9979
3 8627
3 9058
3 6374
3 4250
3 6391
3 4170
3 7581
3 6805
3 5642
3 6790
3 5457
3 4408
1 114 9884
1 123 9987
3 891
3 5738
3 5242
3 1148
3 8290
3 7367
3 4203
3 740
3 9928
3 4233
3 7705
1 173 9870
3 8545
3 4024
3 5655
3 7095
2 9959 9836
3 9517
3 2629
3 5512
3 6642
3 1154
3 4948
2 9944 9972
3 6174
1 63 9837
2 9929 9859
3 54
1 168 9863
3 7916
3 7604
3 4641
3 3040
3 5098
3 2620
3 6221
1 195 9900
3 2387
3 921
3 3254
3 9613
3 9025
3 3279
3 5480
3 6350
3 5587
3 2218
3 3691
3 7529
2 9810 9961
1 39 10000
3 7101
3 6269
3 859
3 2237
3 1991
3 2520
3 2359
3 3525
1 11 9924
3 3475
3 6003
3 4011
3 3776
3 3857
3 47
3 6351
3 7834
3 5109
3 8433
3 187
3 7824
1 74 9978
3 1063
3 3568
3 8967
3 3217
3 7521
3 6852
2 9978 9874
3 1520
3 7343
3 1030
3 8549
3 6606
3 4194
3 3498
3 4687
3 8807
3 9482
1 137 9858
3 1036
3 7475
1 187 9869
3 988
3 2197
3 8187
3 1215
3 1456
3 3622
3 3223
3 5876
3 4943
2 9902 9919
3 9433
3 9254
3 6374
1 36 9973
3 7311
3 684
3 472
3 4552
3 18
3 3892
3 3111
3 2557
3 4161
3 7909
3 3182
3 7196
3 2434
3 3717
3 68
3 3877
2 9889 9898
3 8346
3 6298
3 9335
3 6068
3 156
3 6673
3 9807
3 6764
2 9854 9949
3 2394
3 512
2 8089 169
3 5598
3 4125
3 7262
3 8774
3 1394
1 9827 186
3 248
3 8581
3 1424
3 8134
3 5991
3 5474
3 7140
2 9988 9878
3 3746
1 166 9988
2 9901 9820
3 7957
3 6931
3 6495
3 4480
3 7056
3 6373
3 7373
3 4051
3 3957
3 2768
3 4332
3 2468
3 9407
3 1062
3 1900
3 976
3 8439
2 9893 9976
3 7277
3 8693
3 7744
3 6939
3 7252
3 9070
3 8256
3 4739
1 807 94
3 5033
3 6174
2 9912 9857
3 4880
3 8509
3 4300
3 6468
3 7490
3 5197
2 9859 9854
3 8055
2 9965 9837
3 1505
3 725
3 4187
3 8070
3 6858
3 7015
3 1081
2 9899 9834
3 7086
2 9885 9850
2 9979 9883
3 5224
2 9998 9990
3 8372
3 5733
3 522
3 3236
3 5797
3 6279
3 3576
3 2058
3 3088
3 334
3 1020
3 46
3 4355
1 71 9997
3 3283
1 73 9936
3 4100
3 9303
3 3407
3 8566
2 9986 9819
3 6995
1 3551 97
3 2063
3 5930
3 6291
2 9892 9924
3 3725
3 8554
3 5791
3 4795
3 7321
1 148 9856
3 2215
3 9329
3 2419
3 2486
2 9915 9989
3 62
1 1 9906
1 3 9877
3 1052
3 2280
3 3433
3 323
3 4268
1 28 9993
3 8607
1 33 9983
3 3908
3 8477
3 8861
3 9499
3 5354
3 2280
3 8596
3 1919
3 3777
2 9863 9833
3 2490
3 6750
3 2383
3 6506
3 5080
3 7316
3 6202
3 6993
3 1981
3 6061
3 912
1 152 9967
3 5478
3 5429
1 113 9800
3 6168
3 8256
3 564
2 9873 9883
3 9177
3 7550
3 4061
3 3823
3 3337
2 1543 167
3 8373
3 9660
3 8955
3 9928
2 6005 194
3 5895
3 7372
1 181 9976
3 1778
1 99 9994
3 8489
3 4835
3 3407
3 3697
3 7442
3 7674
2 9988 9940
2 9939 9908
2 9882 9907
3 9155
3 5323
3 6542
1 189 9840
3 7059
3 3980
3 8443
3 3735
3 9462
3 7182
3 7691
3 9111
3 965
3 6542
3 2761
3 3296
1 1615 162
3 1832
3 3823
3 1665
2 9846 9842
3 2929
2 1355 132
3 5046
3 8580
3 8226
3 164
2 9871 9951
3 3745
1 199 9836
1 199 9855
3 4857
3 4670
2 9893 9921
2 9926 9989
3 8611
3 5847
3 3877
3 3124
3 2461
2 9815 9929
3 1419
3 3369
3 4049
3 8976
3 9880
3 6979
2 9891 9955
3 3115
3 881
1 126 9820
3 8590
1 189 9932
3 4017
3 6073
3 815
3 4131
3 9822
3 4495
3 4852
1 144 9976
3 1475
3 7172
3 9462
3 2387
3 2439
3 8228
3 4219
3 9846
1 191 9919
3 9240
3 4542
3 3474
3 1002
3 9192
3 7817
1 136 9890
1 23 9842
3 7128
3 2124
1 30 9894
3 9530
2 9835 9968
3 9754
3 382
3 7297
3 8662
3 9148
3 5624
3 3829
1 72 9935
3 6159
3 4200
3 1474
3 9151
3 2885
2 9994 9803
3 4796
3 5303
3 8721
3 4443
3 1645
3 475
3 1559
3 188
3 4720
3 6858
3 5468
3 3505
3 3489
3 2679
3 1031
3 8403
3 7760
1 164 9969
1 190 9930
3 1007
1 7083 105
3 6763
3 3069
3 9636
3 3299
3 1240
3 4277
3 7480
3 6132
3 5834
2 9804 9953
3 7793
3 6363
2 9809 9944
2 853 121
3 1102
3 9068
3 422
3 9809
2 9926 9887
3 6186
3 7286
3 4666
2 9887 9939
3 2678
2 9931 9828
3 910
3 2926
1 61 9959
1 53 9809
3 3710
3 5423
1 34 9906
3 9913
1 96 9880
1 2705 179
3 9619
1 35 9980
3 1236
3 933
3 7928
1 68 9950
3 2260
3 5940
3 7807
3 4848
3 1866
3 4411
2 779 181
3 6861
2 9915 9923
3 6977
3 2662
3 5240
3 2837
3 9545
3 5741
2 9967 9910
3 3030
3 7604
2 9883 9865
2 9851 9874
3 2483
3 424
3 9897
3 9293
2 9844 9836
3 9229
3 3971
3 4834
3 639
3 7120
2 7743 30
3 3974
3 6372
1 128 9903
3 1976
3 3758
3 6548
3 9700
2 8803 43
3 5070
3 2870
2 9827 9809
3 8070
3 7977
1 6265 176
1 187 9869
3 6198
3 7479
2 9831 9880
1 124 9967
3 6068
3 1781
3 4924
3 6794
3 6934
3 8923
3 290
3 9237
3 8027
3 1556
1 20 9994
3 8229
3 1439
3 8787
2 7837 49
3 1035
1 5522 51
3 2448
3 6020
3 3070
3 4912
3 3746
3 3782
2 6328 60
3 8212
3 6047
1 132 9836
2 9864 9837
3 1332
2 9985 9879
3 1427
3 6627
1 107 9869
3 7270
3 3303
3 8477
3 9997
1 163 9866
1 36 9822
3 8025
3 50
3 9109
3 4701
3 3777
2 2340 85
3 8842
3 8419
3 6919
3 9634
3 268
1 188 9828
3 2968
3 9011
3 3966
3 1718
3 9412
3 8047
3 3264
3 848
1 125 9980
2 2841 76
3 7887
1 74 9848
3 9223
3 8252
3 2929
2 9903 9970
1 153 9924
3 8997
2 6517 4
3 8283
2 9991 9872
2 9834 9872
3 2191
3 9201
3 3936
3 2542
3 2842
2 9911 9939
3 8430
2 1913 147
3 2107
3 7723
1 5356 59
3 3541
1 130 9912
1 198 9982
3 6731
3 8747
3 6762
2 187 42
3 364
3 2254
3 8562
3 3821
3 5511
3 8208
3 2579
1 5557 98
3 5948
3 3287
3 440
3 8838
3 2880
3 2012
2 9865 9989
3 6739
3 8548
3 2235
3 410
3 4613
3 5346
3 4773
3 7273
1 75 9804
3 9171
1 175 9828
3 4211
3 8885
3 6602
3 60
3 7077
2 9997 9996
3 9628
2 9849 9949
1 83 9968
3 3071
3 1074
3 4239
3 7831
3 37
3 2738
3 8897
3 6655
1 96 9960
3 3947
1 50 9805
3 8113
2 9830 9893
3 5338
3 111
3 9329
3 9713
3 2198
3 6151
3 7478
3 1620
1 122 9843
3 4425
3 4819
3 1565
3 5056
3 3726
3 7844
3 843
3 6892
3 2124
2 9942 9896
3 1650
3 7513
3 3459
3 941
2 9948 9959
3 9576
3 7713
3 3426
1 5032 173
3 7351
3 9667
3 6633
3 9497
3 9569
2 9991 9853
1 83 9950
3 6213
3 1660
3 8077
3 3621
3 1181
3 323
3 1020
3 7281
3 1401
3 2623
3 5915
3 7216
3 9029
3 5641
3 8075
3 2907
3 4201
3 5990
3 390
3 6361
3 9835
3 8264
3 2405
3 6736
2 3183 131
3 3105
3 4484
3 5733
3 3533
3 7707
3 694
3 2104
3 4745
3 7445
3 8019
3 5503
3 2427
3 7275
2 9852 9988
3 6216
3 5750
3 7050
3 2376
2 9625 63
3 1964
3 3718
3 5161
1 2 9964
3 4939
3 4719
1 9073 171
1 152 9888
1 37 9955
3 3478
3 2455
1 134 9932
3 8994
3 8490
3 4432
1 169 9859
3 3293
3 9490
3 8564
2 9943 9883
3 2098
3 2602
3 6457
3 766
3 9905
3 7367
3 8710
3 9568
3 2827
3 9700
3 8947
3 3174
2 9921 9897
3 2312
3 351
1 5911 29
3 5279
3 9919
2 9988 9836
2 9824 9809
1 9093 159
3 6840
3 8050
3 4623
3 823
3 2955
2 9862 9800
2 9857 9884
2 1250 81
3 3953
3 5803
3 6178
3 5677
2 9970 9998
3 351
3 7914
1 103 9994
2 9973 9833
2 9906 9883
1 192 9891
3 8188
3 8200
3 8192
3 5974
3 7718
3 8563
3 5299
1 62 9982
3 8590
2 9878 9857
3 4699
2 1120 78
2 9846 9954
3 9505
3 7268
3 1370
3 6206
1 255 186
3 8504
1 7920 59
3 9288
1 6 9808
3 3273
3 8360
2 9838 9802
3 4524
3 1565
1 56 9906
3 7068
2 9989 9866
3 6224
3 5255
3 5842
2 9878 9902
2 9939 9843
2 9989 9887
1 105 9970
3 3871
3 3674
3 2655
3 2548
2 9958 9848
3 4946
3 5521
3 8735
1 6058 60
3 3684
3 3
3 7585
3 108
3 1783
3 7028
3 4069
3 6451
3 1063
3 5044
3 7054
3 4583
3 2045
1 55 9873
3 9380
3 6488
3 6107
1 41 9974
3 9626
2 9988 9888
3 9994
3 5540
3 8924
3 208
3 8553
2 9896 9826
3 3132
3 395
3 9731
3 8888
3 1622
1 75 9924
3 138
3 9425
2 9885 9937
1 188 9826
3 1662
3 8523
3 1038
3 1591
3 2477
3 8851
3 8544
3 9129
3 4032
3 6767
2 9997 9941
1 30 9962
3 5260
3 2542
3 8099
3 3285
3 332
3 9136
1 91 9879
3 8218
3 2146
2 2451 106
3 2665
3 1838
3 3213
3 9304
3 8703
3 7117
3 4818
3 6319
1 189 9952
3 8264
3 5928
3 4245
3 2808
3 5463
3 7662
3 6776
3 8611
3 5766
3 7250
2 1554 91
3 2291
1 1977 164
2 9826 9965
3 3329
3 195
1 31 9935
3 6821
1 200 9846
3 1315
3 3649
3 2175
3 498
1 3185 179
3 4524
1 1136 137
2 3258 145
1 1961 37
3 2180
3 8156
3 536
3 7281
3 6816
3 9648
3 809
3 1940
3 9415
3 3788
3 1831
1 15 9975
3 6028
3 6172
1 135 9891
3 3174
3 1041
2 7305 12
3 9864
3 5062
3 3976
2 9931 9945
2 9879 9996
2 9872 9982
3 715
3 5035
2 9899 9949
1 188 9959
3 6573
3 5161
3 5416
1 162 9876
3 1784
3 6595
3 5930
3 4750
1 70 9928
2 9944 9882
3 1453
3 4946
3 9107
3 6158
1 84 9958
3 585
3 5605
1 6087 42
3 7348
3 6779
3 5402
3 2129
3 1444
3 2791
3 6798
3 253
3 9120
1 150 9845
3 7826
3 2946
3 5393
3 1263
3 3069
3 9504
3 4040
3 8652
3 8720
3 8386
3 937
3 8393
3 7218
3 8425
3 3857
3 7980
3 7182
3 5129
3 5881
3 8408
3 2589
2 9975 9806
2 9890 9915
3 4091
3 7292
3 8755
3 1748
3 4717
3 1426
3 7466
3 1997
3 1055
3 2375
3 2404
3 84
3 1480
3 7573
3 4051
3 5063
2 9949 9912
3 4093
2 9858 9922
2 9834 9990
3 6098
3 9445
1 2 9915
3 2808
1 4956 105
1 186 9809
1 54 9986
3 2857
3 54
3 4992
3 7435
3 8623
3 2200
3 6069
3 6015
3 926
3 5635
3 9572
3 9918
3 2327
3 7558
2 9863 9907
1 5641 126
3 4156
3 168
3 2594
1 42 9918
3 6951
3 7269
3 1762
3 9303
1 124 9928
3 3549
1 60 9849
3 6609
3 6935
3 3333
3 9365
3 3152
2 9970 9850
3 2810
3 6180
3 3699
2 9896 9965
3 7216
1 195 9876
3 5729
3 1859
3 9348
3 880
2 7163 15
2 9848 9806
3 133
3 9842
3 7478
1 154 9855
3 7273
3 9536
2 9917 9811
2 9256 9
3 4690
3 7372
2 9828 9919
3 5799
3 480
3 8374
3 4983
3 7244
3 3671
2 9836 9897
3 5223
3 4963
3 1249
3 882
3 7708
3 3238
3 6226
3 3975
3 4075
3 6285
1 188 9926
1 9139 88
3 9762
3 3673
3 9020
3 857
3 9100
2 9961 9816
3 5419
3 7211
2 9889 9930
3 8356
3 394
3 2786
3 5408
3 5548
3 3148
3 1587
3 6469
3 356
2 9870 9820
3 3456
3 4282
3 9320
3 6329
3 1268
3 5855
3 7096
1 21 9999
2 9952 9885
2 9933 9832
3 1213
2 9974 9883
3 8535
2 7635 197
3 9914
3 2017
3 5530
3 5840
3 5018
3 1747
3 5056
3 9209
3 1167
3 8917
3 3884
3 5088
3 7755
3 1871
3 1872
3 9425
1 62 9894
3 5929
3 611
3 8515
3 9544
3 1191
3 5349
3 3518
2 9970 9812
2 9816 9980
3 1547
3 436
3 1551
3 666
2 9335 142
1 4 9981
3 3870
3 4632
3 4478
3 266
2 9820 9817
3 6759
3 8595
3 3651
3 5075
1 33 9884
1 68 9913
3 7410
3 689
3 1941
3 3518
2 9966 9941
1 171 9868
3 2012
3 9451
3 9312
3 5455
1 25 9833
1 92 9822
3 296
2 9998 9984
2 5287 192
3 8393
3 7780
3 4280
2 9822 9833
2 9950 9816
3 7726
3 1830
3 4402
3 5658
3 2443
1 1936 162
2 9983 9985
3 4986
1 95 9838
3 1053
1 626 52
3 8845
3 2165
3 5108
1 99 9862
2 9935 9975
3 815
2 9337 116
3 5777
3 4075
3 5417
3 2110
2 9853 9894
3 3627
3 3200
3 9793
3 9366
3 215
3 1339
3 6245
3 8525
3 7697
3 8928
3 115
3 5894
3 7894
3 9699
3 9746
3 2061
3 408
3 2852
3 821
3 3366
3 6200
3 3236
3 7571
3 4560
3 9564
3 8527
2 9871 9863
3 2434
1 91 9968
3 3709
3 1483
2 9952 9844
3 1761
3 9881
2 9870 9878
3 7261
3 8991
3 6364
3 8277
3 8152
3 2936
3 5962
3 5671
2 2479 175
1 58 9866
3 1596
3 5235
3 2815
3 7108
3 6430
1 20 9990
3 3422
3 232
3 2367
1 187 9809
3 3094
3 7886
3 4197
2 4773 81
3 3920
3 6180
3 408
3 1746
3 351
3 5013
3 9713
3 5461
3 5552
2 9968 9863
3 685
3 4251
3 945
1 38 9856
3 2475
3 1704
3 1019
3 941
3 6130
3 6986
3 3413
3 1338
3 7905
2 8790 80
3 5493
1 401 28
1 51 9897
3 4267
3 3990
2 6231 85
3 9872
3 3498
3 2184
3 6682
3 7440
1 31 9854
3 6000
3 5249
3 2390
3 1017
3 7969
3 3332
3 1374
3 8156
3 2849
3 424
2 9893 9856
3 2402
3 8690
2 9884 9808
3 506
3 2039
3 4527
3 7396
3 3387
3 1498
1 3701 153
3 9608
3 8719
3 8680
3 9321
2 9956 9986
3 744
3 3490
3 4661
3 4038
3 9858
3 3883
3 4236
3 2928
3 35
3 4372
3 9320
3 4950
3 2978
2 9867 9925
3 9794
3 4101
3 7414
3 3668
1 95 9863
3 9516
2 9880 9956
3 2068
3 1710
3 5051
2 9843 9860
1 93 9811
3 2429
3 302
1 155 9981
3 9417
3 3560
1 78 9958
3 8602
3 7471
3 805
3 2201
3 5666
2 7238 185
3 2768
3 664
3 8805
3 9913
3 1722
3 2800
3 4011
3 8384
3 9590
2 9909 9973
3 9913
3 4273
3 7824
3 4873
1 37 9828
1 130 9852
2 9808 9993
3 1142
1 4771 56
3 3421
2 9980 9891
3 4568
3 9795
3 5625
1 109 9888
3 74
3 1655
3 8534
2 9905 9964
3 8508
3 7228
3 5241
1 8516 39
3 7511
3 7832
3 3191
2 9939 9964
3 1599
3 4617
3 1414
3 592
3 4839
3 9406
3 5602
1 104 9959
3 4524
3 338
3 8619
1 26 9957
3 4639
2 9988 9940
3 7631
1 96 9982
3 4697
3 4312
3 2456
3 2309
3 3307
3 8494
3 164
3 6618
3 5640
3 3523
3 1203
2 9832 9858
3 4264
3 4096
3 3053
3 7014
3 1159
3 9611
3 5409
2 9884 9805
3 8678
2 9865 9899
3 3266
3 3246
3 265
3 227
3 6008
3 6446
3 6077
2 9968 9866
3 844
3 7468
3 6281
3 9788
3 9351
1 139 9874
3 393
3 1244
3 5359
3 2715
3 958
3 3040
3 9335
3 2222
3 6362
3 3932
3 6273
3 3587
3 3557
3 709
3 8552
1 126 9846
3 197
1 3993 79
3 7373
3 9823
2 9840 9949
3 9672
3 4404
3 5014
3 2328
2 9948 9909
3 835
3 3917
2 9858 9828
3 2275
3 8423
3 9306
3 9711
3 9657
3 4580
3 6461
3 7870
3 1796
3 2643
3 6939
2 9825 9828
3 6990
3 3156
3 4708
3 6844
3 8635
3 9905
3 3139
3 5591
3 8077
1 2 9867
3 2137
3 5702
3 7676
3 3625
2 9946 9945
3 7721
3 4006
3 8518
2 4233 3
2 9931 9892
3 4815
3 2001
3 8776
3 4052
3 3694
3 9609
3 6512
3 1007
3 9670
1 128 9824
3 6393
3 8986
2 9847 9879
3 7875
1 86 9911
3 2136
3 4156
3 3988
2 9858 9864
3 1767
3 7997
3 5087
3 9213
3 1229
3 412
3 2828
3 6434
3 3955
3 1887
3 6850
3 6299
3 8851
3 3890
3 9943
3 7240
3 433
3 2787
3 3937
3 9263
3 8706
2 9917 9898
3 3284
3 7464
3 1541
2 9809 9921
3 8852
1 45 9907
3 4365
3 6167
3 7046
2 9946 9913
3 4268
3 3411
3 5466
3 4459
2 8192 102
3 245
3 894
3 6732
3 1955
3 4572
3 4054
2 9948 9904
3 3730
3 9365
1 177 9833
3 4336
3 4100
3 1201
3 5920
3 3434
3 813
3 8736
3 9580
1 32 9907
3 3968
3 8628
3 3173
3 7329
3 2326
1 101 9982
3 508
3 5086
3 647
3 7598
3 5266
3 6916
2 9872 9990
1 13 9835
3 5027
3 8236
1 4447 117
3 202
3 6118
3 1243
3 1791
3 5488
3 2361
1 6153 102
3 349
3 9044
3 9915
3 8267
3 8760
3 6124
3 6583
3 5036
3 2191
3 5611
3 6040
3 8336
3 5696
3 1621
3 5377
3 4040
3 3498
3 2770
3 8194
3 3964
3 3251
3 6559
3 3626
3 2574
3 9683
3 9165
3 9789
3 8598
3 5375
3 5109
3 6041
3 4624
1 113 9859
3 2817
2 9938 9926
2 9990 9952
3 5226
3 6458
3 1478
3 3569
3 3639
3 9424
3 2424
3 7996
3 9022
2 9973 9808
3 9662
1 108 9945
3 9182
3 9595
2 9963 9830
2 9902 9911
2 9971 146
3 2889
3 3071
3 4903
3 4029
3 7291
3 6256
3 2795
2 9974 9810
3 3493
3 9243
1 178 9817
3 4194
3 1653
3 2457
3 7947
3 2762
3 7835
1 2638 21
3 7285
1 191 9843
3 6728
3 139
3 8981
3 9890
3 4910
3 496
1 30 9993
3 1909
3 7935
1 23 9907
3 8006
3 5652
3 513
3 5799
3 3127
3 1551
1 185 9943
3 6126
3 1933
3 8315
2 9984 9903
2 9819 9825
3 6353
2 9887 9905
3 3278
3 6558
3 9705
3 1400
2 607 108
3 2753
2 9877 9913
3 649
3 6703
3 1061
3 7346
2 9990 9850
3 9173
3 535
3 9625
2 9980 9935
2 9836 9829
3 3050
3 5703
3 3781
3 7374
3 9715
3 4821
3 4082
3 8019
3 8486
3 5461
3 9019
3 3091
3 375
2 9867 9985
2 1749 79
2 9965 9829
3 199
2 1163 99
3 3852
3 6664
3 7889
3 2571
3 9984
1 195 9833
3 4856
3 2791
1 191 9879
3 1485
3 2629
3 2587
3 7124
3 7893
1 64 9808
3 5635
1 98 9873
3 9241
1 137 9927
3 8437
2 9906 9938
3 576
3 2889
3 305
3 4930
3 3742
3 3195
3 2502
3 4856
3 5314
3 2668
3 1728
3 5981
2 9861 9954
3 3329
3 6401
3 8229
3 3600
3 1730
3 1902
3 4707
3 5712
3 468
3 6607
3 8287
3 3068
3 7828
1 906 101
3 7237
3 9971
3 6853
3 4618
3 9885
3 6745
3 9170
3 1198
3 2782
3 6474
1 1910 160
3 8908
3 73
3 8163
3 6765
3 1858
3 3105
3 2959
3 5609
3 8167
3 4053
1 134 9992
3 9880
3 4277
3 6633
1 37 9874
3 9001
3 3622
3 6470
3 9758
3 6152
1 79 9943
3 2609
3 311
3 706
3 9799
3 9533
3 4811
3 5827
3 6181
3 6968
3 1070
1 82 9884
3 4008
3 1742
3 2664
3 6542
3 6152
3 9686
3 2252
3 8558
1 2 9943
3 9291
3 4220
3 6415
3 481
3 9951
3 9516
3 6493
3 8299
3 1188
3 35
3 5930
1 7 9870
3 3710
3 1339
3 9538
3 3780
3 9444
3 7989
3 50
3 3340
3 2703
3 6058
3 226
2 3403 71
3 9793
3 7411
2 5490 131
3 1693
3 3415
1 118 9910
3 539
3 1738
3 1221
3 4226
3 5029
3 4782
1 170 9835
3 5961
3 7982
1 158 9839
3 1093
3 7383
3 1106
2 9845 9805
3 1733
3 911
1 131 9888
3 2119
1 162 9996
3 4859
3 8608
3 1330
3 8517
3 7034
1 91 9968
3 170
3 3628
1 9478 38
3 8290
3 9756
3 9909
3 6816
3 7827
3 553
3 6510
3 6931
3 8919
3 6346
3 2609
3 6102
3 6824
2 9833 9985
3 9995
3 5149
2 9925 9862
1 7693 142
3 1802
3 303
3 9290
3 9414
3 5630
3 1387
2 9913 9803
3 8023
3 8068
3 8615
3 3025
3 8571
3 6746
3 431
3 3447
1 124 9819
2 9843 9835
3 741
1 80 9831
3 7627
3 5744
3 8504
3 9998
3 3218
3 6789
3 514
3 8689
3 2945
1 160 9847
2 9818 9856
3 3935
2 9975 9909
3 8250
3 809
3 8326
3 5974
3 2056
3 9745
3 6748
3 4423
3 8057
3 5757
3 5425
3 3726
3 21
3 5870
3 5720
2 9818 9838
3 7660
3 8222
3 6225
3 6083
1 68 9842
3 6474
3 9053
3 1716
3 5411
3 3310
3 2940
3 69
3 7699
2 9900 9991
3 3138
3 5965
3 5321
3 3912
3 2024
3 7479
3 644
3 8985
3 6075
3 3061
3 9815
3 6528
3 4768
3 4496
3 8212
3 3864
2 9821 9806
2 9817 9808
3 5944
2 9920 9878
3 7449
3 2715
3 1510
3 4575
3 9681
1 88 9959
3 6670
3 6849
3 2923
3 686
3 4351
3 753
3 9697
3 9944
3 6209
3 4132
3 8675
1 134 9990
3 4508
3 2789
1 163 9927
2 9964 9810
3 9617
3 2829
3 4907
1 156 9952
3 8103
3 9625
3 8266
3 8115
1 9674 101
1 4343 172
3 3617
1 182 9943
3 8849
1 3546 147
3 5667
2 2932 91
2 9872 9975
3 21
3 1488
3 5911
2 4882 10
3 5749
2 9930 9807
3 312
3 2237
3 487
3 2371
3 3925
1 30 9958
3 7223
3 5094
3 9294
2 9811 9844
3 6638
3 9290
3 1665
3 369
3 8611
3 336
2 9970 9869
3 4440
2 9802 9886
3 4947
3 889
1 165 9933
3 9910
3 502
3 5753
1 103 9932
3 7502
3 5006
3 8934
3 6082
3 9780
3 5182
3 9925
3 2470
2 9811 9920
3 8692
3 2278
3 9409
3 8662
3 8974
3 8962
3 3274
1 184 9951
3 1977
1 2 9807
3 2493
3 3295
3 8114
1 88 9990
3 6905
3 8320
2 2562 110
3 4954
3 5026
3 3404
3 5962
3 2125
3 1744
1 3354 15
3 7448
3 3599
3 9977
3 2787
3 5932
3 5958
2 9262 139
3 6065
3 6583
3 1548
3 6402
2 9953 9949
3 2975
3 5097
3 7151
3 3310
3 8420
3 2430
1 19 9878
3 7714
2 7293 162
1 119 9872
2 9942 9983
3 5875
3 9225
2 9996 9847
3 2914
3 3791
3 1440
3 6935
3 4595
3 4081
3 8873
2 6419 86
3 8625
3 9598
3 1721
3 7981
3 6879
3 8987
3 2511
3 2189
3 9960
3 9794
3 4705
3 1111
3 5091
3 895
3 6776
1 96 9838
2 1818 138
3 8760
3 9356
3 9299
3 3316
3 3693
3 2964
3 2980
3 2536
3 9598
3 840
3 6694
3 1581
2 1867 136
3 5851
3 9370
3 5591
2 9884 9967
3 8663
3 1933
3 820
3 7286
3 8203
2 9983 9904
3 9188
3 2023
3 2456
3 6235
3 5086
3 2099
2 9864 9895
3 2233
3 6986
3 9956
3 5879
2 9960 9949
3 9194
3 8652
3 7232
3 3161
1 194 9931
3 7426
3 477
3 9932
1 14 9914
2 7548 95
3 5616
3 9947
3 1058
3 9395
3 6088
3 1423
3 5590
3 1634
3 8249
3 8774
3 7207
3 8464
3 4277
2 9973 9909
3 7564
3 4145
3 6886
3 4196
3 5065
3 7386
3 2004
2 9815 9959
3 5831
3 2138
1 159 9936
3 2544
3 9612
1 120 9937
3 6508
3 535
3 8131
3 7654
3 4737
3 6775
3 2107
2 9805 9905
3 9269
3 6678
3 206
3 4356
3 8301
3 350
3 3023
3 1042
3 2465
3 3216
3 6847
3 9518
3 276
3 4772
3 5222
2 9992 9986
1 153 9823
3 302
2 4867 136
3 9627
3 7525
3 1785
3 9181
3 464
1 9271 25
3 8044
3 6955
3 1204
3 5110
3 3289
3 6711
3 170
3 8818
3 7504
3 7451
3 7751
3 8430
1 72 9963
3 7869
3 3831
1 182 9801
3 4253
3 8292
3 4066
1 149 9932
3 998
3 2584
3 4226
1 310 105
2 744 119
3 3135
1 123 9829
3 1549
3 1789
3 8943
3 8758
3 7910
3 5538
3 3875
3 2114
1 5874 187
3 5756
1 100 9800
3 1660
3 7341
3 4519
3 9365
3 8
3 2693
3 2984
3 5748
2 9924 9824
3 8721
3 8168
3 1096
3 3680
3 5949
3 9687
1 78 9842
3 7078
3 5067
3 7101
3 8570
3 7844
1 107 9810
2 9886 9802
3 2297
3 9273
3 3987
3 3785
2 9855 9917
3 6627
3 5522
3 8793
3 7099
3 9532
3 5189
3 3205
3 7623
3 4128
1 97 9800
3 9429
3 1650
3 9998
1 107 9813
3 3413
3 2234
1 171 9861
3 6554
3 8257
3 5972
3 9893
3 6089
3 115
3 4215
3 5738
3 4839
3 8268
3 8809
3 9459
3 2772
2 9282 4
3 2371
3 8611
2 9864 9849
2 7033 193
3 2545
3 6191
3 5801
3 8863
3 6637
3 8296
3 4552
3 6152
3 6353
2 9945 9970
3 1484
3 8922
3 7091
3 3888
3 6987
1 6921 157
3 1897
3 2971
3 1149
3 8732
3 8757
2 9815 9886
3 3430
3 351
2 9870 9807
2 9943 9879
3 484
3 9935
3 1282
1 183 9930
3 1727
3 1436
3 2081
3 9915
3 4337
3 4167
3 2310
3 5612
3 8046
2 9804 9982
3 8369
3 6064
3 1747
3 4602
3 9364
3 6267
3 3541
3 1839
2 9986 9851
3 1969
2 3495 177
2 9888 9899
3 583
3 6207
3 762
3 5898
3 5336
3 2351
3 9768
2 8987 197
2 9915 9902
3 4586
1 4192 91
3 8769
1 89 9926
3 4816
3 4119
2 9850 9917
3 150
3 1333
1 1240 113
1 86 9835
3 4583
3 2523
3 1830
3 1818
3 934
3 6547
2 4305 52
3 4760
2 9982 9993
3 9878
3 1805
1 154 9840
3 7759
3 8768
1 84 9975
3 5584
3 3557
3 717
2 9957 9951
3 1878
3 1851
3 9546
3 9907
3 3148
3 2028
3 243
2 9945 9998
3 1437
3 3172
3 136
3 12
3 9955
2 8177 182
3 2187
3 8607
3 1119
3 5212
3 3175
2 9891 9839
3 4782
3 9497
1 1140 8
1 2844 186
3 3170
3 4906
3 5867
3 8125
3 7426
3 9178
3 6173
3 5370
2 9870 9938
3 6599
3 3727
2 4729 49
3 6676
3 9846
3 9237
3 1643
3 9221
3 338
3 2926
3 7983
3 4472
3 8624
3 7274
3 5833
3 162
3 1421
3 6601
3 556
3 9235
3 6692
3 1780
3 2198
2 9933 9960
2 3130 95
3 7111
3 4873
3 1284
3 7020
3 821
3 7138
3 1842
3 3380
3 9328
3 8074
2 9851 9917
3 5781
3 3930
3 8848
3 3636
3 1131
3 3456
3 9144
3 6726
3 1050
3 5072
3 3043
2 9807 9980
3 4165
3 6608
3 840
3 2457
2 9931 9921
3 997
3 9015
2 9871 9891
3 5930
3 1781
3 8202
3 1868
2 9996 9959
3 8315
2 9913 9814
3 942
3 7210
3 3075
3 1717
1 183 9991
2 5589 192
3 8271
3 3455
3 1984
3 13
3 2465
3 5452
1 107 9991
3 4984
3 3308
2 9964 9833
3 8372
3 1352
2 6108 117
3 3514
3 7756
3 7896
1 7378 107
3 7936
3 4496
3 13
2 9935 9999
3 3075
3 1727
1 163 10000
1 3 9930
3 100
3 5141
3 8986
3 5307
3 9636
3 8937
3 983
3 2691
3 7202
3 444
3 9488
2 9829 9823
3 4738
3 8366
2 3586 163
2 3808 18
3 3187
3 7093
1 39 9976
3 6760
1 49 9860
2 9923 9890
3 1714
1 179 9910
3 7227
2 9900 9807
3 3362
3 7670
3 9516
3 4909
3 9856
3 9497
2 9811 9855
3 2445
3 2321
1 140 9985
3 5049
3 194
3 8333
3 5587
3 3109
3 9314
3 2859
3 4489
3 4758
3 5939
3 7624
3 2957
3 2104
3 7692
1 14 9984
3 9189
3 5143
1 59 9991
1 195 9880
3 3200
3 2942
3 3975
3 6012
3 6527
3 9423
3 1368
3 7641
3 2146
3 5157
3 8044
3 3087
2 1956 12
3 2380
3 1617
3 4473
3 1466
3 6146
2 9969 9897
1 26 9990
3 1189
3 8182
3 822
3 2138
3 1267
3 502
3 6294
2 7069 88
2 9984 58
3 6362
3 2939
3 5066
3 8909
3 1288
3 4618
1 60 9850
3 8252
3 6312
3 6084
3 300
3 2231
2 9817 9972
3 5390
3 5802
3 4124
3 1085
3 4271
3 2218
3 7574
3 8898
3 7863
3 5529
3 8829
3 9222
3 7575
2 9901 9823
2 9847 9916
3 386
3 4442
3 7691
3 5175
3 1345
1 172 9830
2 9568 185
3 7186
1 178 9906
3 7743
3 6546
3 8823
3 4834
3 8148
3 12
3 5163
1 95 9875
3 9377
3 2781
3 1059
3 9118
3 9331
3 4666
3 7544
3 9380
3 3915
3 3009
3 487
3 1789
3 835
3 9832
3 2701
3 5496
3 6487
3 5886
3 9522
3 557
1 178 9973
3 4322
3 3219
3 6405
3 1629
3 7802
1 74 9987
3 5681
3 5154
3 3328
1 56 9839
3 3864
3 9840
3 5213
3 6514
3 1094
3 8889
3 1233
2 9803 9929
3 8482
1 27 9972
3 5990
3 5576
3 9777
3 4789
3 783
3 959
3 4206
2 9811 9998
3 6329
3 661
3 6964
2 9916 9800
2 9920 9962
2 9845 121
3 6780
3 427
3 3598
3 8324
3 3419
3 4207
3 2226
3 6504
3 7266
3 6217
3 6241
3 6702
3 1666
3 6950
3 434
3 2735
3 4669
3 1461
3 1476
3 6529
3 1127
3 2093
3 7645
3 6320
3 3697
3 830
3 2934
3 9165
3 969
3 8192
2 3939 119
3 4207
2 9965 9883
2 9825 9832
3 5858
3 9246
1 137 9825
3 1293
3 1161
3 2173
3 5281
3 9471
3 7197
2 9859 9811
3 7939
3 5734
3 5956
3 8948
3 469
3 2325
3 20
3 8157
1 1701 85
3 1638
3 6992
3 463
3 8679
3 614
3 772
3 319
3 1739
3 253
3 8503
3 5525
3 8419
3 7857
3 7195
1 20 9964
3 3518
3 6057
3 758
1 54 9843
3 2401
3 5487
3 4375
1 7141 34
3 1707
3 6748
3 5655
3 4134
3 3243
2 9998 9918
1 150 9966
3 5358
3 385
3 7137
2 9853 9815
2 9967 9809
3 1040
3 2926
3 8722
3 8710
3 848
3 7184
1 114 9874
3 2914
3 1886
3 3421
2 9870 9989
1 170 9973
1 147 9893
3 7088
3 80
3 8992
3 6377
3 1643
3 8186
3 9188
3 7707
3 4823
1 178 9815
2 9838 9876
1 7554 139
3 4899
3 7221
3 9415
3 7602
3 7695
3 1682
3 1246
3 7580
3 3857
2 9932 9850
3 3762
3 7840
3 3338
3 5466
3 3848
3 393
2 9895 9962
3 8639
3 303
3 7030
1 9648 37
3 8095
3 8766
3 3849
3 1123
3 4492
3 4386
1 22 9891
3 6493
3 8726
3 3932
3 3435
3 864
3 5382
3 3566
3 1195
2 4308 78
3 3299
3 2295
2 9804 9967
1 93 9951
2 9829 9891
3 4937
3 9950
3 7392
3 2953
3 5557
3 2405
2 9802 9898
3 5371
3 6490
3 5417
3 6796
3 2554
2 9841 9918
2 9919 9817
3 407
3 5479
3 4326
2 9908 9980
3 9972
3 1150
2 9926 9883
3 7696
3 7744
3 8958
2 9880 9828
3 5672
3 8327
3 3966
3 4944
2 9954 9846
3 816
3 6571
3 9342
3 4530
3 616
3 2861
3 7408
3 6681
3 5668
3 7230
3 2086
1 71 9815
3 6892
3 4693
2 9879 9975
1 6337 36
3 482
3 610
2 6302 150
1 8133 49
3 9435
3 2253
1 101 9876
3 551
1 110 9971
3 7040
1 37 9879
3 191
3 2331
3 3736
3 169
3 7882
3 6612
3 9633
1 3969 80
3 2383
3 6184
1 131 9892
3 3713
3 4262
3 8952
3 4463
3 2364
1 7104 144
1 781 100
3 4188
3 8912
3 7456
3 7645
3 225
3 1647
3 7939
1 101 9933
2 7274 51
3 9888
2 9983 9808
3 9225
3 5910
3 6138
3 9147
1 18 9870
3 5328
2 9976 9910
3 7998
3 2625
3 241
2 9943 9956
3 6655
2 9825 9961
3 7357
3 6595
3 6720
1 9953 43
3 7389
1 91 9859
3 5819
3 6624
2 9804 9989
3 5618
2 9856 9861
3 1610
3 1428
3 8335
3 3124
3 1084
2 9822 9945
2 9872 9822
3 5059
3 5999
3 5240
3 2702
3 1069
1 85 9805
3 66
3 8429
3 6452
3 8369
3 5354
2 9885 9993
3 119
1 1881 85
2 9853 9946
1 3911 169
3 9439
3 1417
2 9866 9899
3 2209
3 6465
1 7356 70
2 9963 9980
3 505
3 4252
3 6532
3 3982
3 3960
3 6849
3 5647
1 122 9871
1 26 9815
3 7235
3 4852
2 9881 9862
3 3754
3 4973
3 2479
3 8011
3 7906
3 5105
3 5771
3 3300
3 4822
3 4636
3 2565
3 7110
3 4239
3 2376
3 2346
3 355
2 9893 9876
3 1166
3 2084
3 1681
1 107 9990
3 8782
3 7335
3 5926
3 9195
3 2537
3 5535
2 9816 9871
3 285
3 8148
3 9007
3 9251
3 1774
3 3835
1 114 9965
1 901 90
3 6430
1 2808 198
3 9093
3 7135
3 2420
3 6331
3 7232
3 9457
3 4942
3 4604
3 5683
3 5100
3 3176
3 5391
1 101 9981
3 2525
3 6948
3 1839
3 8424
1 6145 157
3 4674
3 8876
1 43 9935
3 8705
3 203
3 1565
1 120 9984
3 3628
3 1261
3 8363
3 5800
3 4546
3 2789
1 2254 91
3 2340
2 1838 145
3 1573
3 1543
3 3568
3 3243
3 137
3 7882
3 3312
3 2318
3 919
3 1440
3 9927
3 8145
1 154 9966
3 1459
3 4539
3 6567
3 3371
1 168 9965
1 186 9899
3 1279
3 4244
1 81 9822
3 2681
3 192
3 7780
1 1952 124
3 1384
3 5330
3 8675
3 9430
3 4936
3 8415
3 9599
3 3640
3 2220
2 9942 9819
3 2435
3 2347
1 72 9876
3 8615
3 2262
1 87 9952
3 1515
3 3895
3 7934
3 4144
3 5374
3 6754
3 2605
3 8107
3 8139
2 9995 9814
1 90 9910
3 1441
3 3383
3 685
1 180 9988
3 94
3 601
2 9860 9981
3 9982
3 7359
1 102 9943
3 4865
3 1299
3 555
3 6440
3 4637
3 1931
1 1319 52
3 1177
2 9902 9935
3 3400
3 7182
3 9649
2 9878 9837
3 8346
3 8579
2 9867 9924
3 3424
2 9816 9842
3 9136
3 3023
3 526
3 5317
1 46 9984
3 2081
3 441
3 387
3 3875
3 3235
3 5183
3 4463
3 8436
3 9102
3 1192
3 1344
3 6617
3 5933
3 3152
3 1656
3 9243
3 3389
3 237
2 9979 9903
3 5804
3 9579
3 682
3 2511
3 469
2 9953 9947
3 7403
3 9254
2 6966 42
2 9862 9804
1 147 9900
3 7202
3 2328
3 4638
3 411
3 6235
3 8087
3 683
2 9948 9807
3 2298
3 8413
3 3379
3 7218
3 2750
3 7758
3 5425
3 1880
3 2403
3 3113
3 4829
3 244
3 8028
3 6086
3 4117
3 1931
3 4503
3 6621
2 9867 9976
3 5419
3 1277
3 3188
3 1486
3 5554
3 8339
1 70 9869
3 3701
3 6497
3 460
3 4791
1 1352 82
3 8477
3 165
3 9922
3 6199
3 6653
3 2986
3 94
3 4997
3 8989
3 1894
3 728
3 5613
3 6034
3 4888
3 1717
2 9844 9803
1 7277 31
3 4307
3 5648
3 4630
3 831
3 8590
3 3324
3 9072
3 3528
1 53 9934
3 3936
3 8751
3 8794
3 4709
3 8278
3 743
3 1134
3 6649
1 96 9934
3 9827
1 195 9834
3 3027
3 3190
1 9 9933
3 5432
3 2303
3 737
3 8780
2 9980 9942
3 8225
2 9987 9930
1 129 9817
3 1836
3 7158
3 163
3 6883
3 8066
3 5936
3 6372
2 9897 9926
3 5757
3 5973
3 5924
2 9852 9979
3 4607
3 7462
3 9988
3 5978
3 9215
3 8522
3 2630
3 2875
3 7881
1 41 9815
3 958
2 9890 9889
3 5903
3 8075
2 9930 9898
3 8429
3 9618
3 1407
3 1772
3 1646
3 172
1 117 9836
3 323
3 628
3 766
3 9855
1 43 9860
3 9302
3 2305
3 5667
2 669 164
3 8639
3 121
3 383
3 6215
3 1332
3 7071
3 7129
3 7047
3 2968
3 6539
2 424 67
2 9809 9904
2 8434 8
3 4153
3 4868
3 9987
3 9288
3 4525
3 8848
1 165 9807
3 4950
3 4189
2 9851 9847
3 5926
2 9944 9838
3 978
3 8039
2 9869 9803
3 8478
3 7406
3 6911
3 6523
3 4158
3 3028
3 9803
3 7087
2 9862 9871
3 6859
3 8835
3 2330
1 29 9812
3 7718
3 4865
3 1984
3 6590
3 8668
1 144 9972
3 1885
3 1894
3 5652
3 9960
3 9475
3 1570
3 9690
2 9841 9877
3 4010
1 44 9866
3 3063
1 82 9858
3 6081
3 5616
3 6541
3 9949
2 9875 9996
2 4558 72
1 60 9951
3 7768
1 139 9887
3 762
2 9818 9951
2 9864 9811
3 1675
3 4662
3 8463
3 4890
3 5949
3 7650
3 9914
3 8149
3 1698
2 2225 194
3 5017
3 8092
3 2524
3 8106
3 6440
3 7987
3 6638
3 3474
3 7315
2 9825 9902
3 9270
3 7836
3 9253
3 667
3 1504
3 4532
2 9823 9821
3 6355
3 566
2 9937 9938
3 1463
3 5313
3 7711
3 7425
1 65 9963
3 2285
3 2720
1 115 9823
3 7493
1 187 9863
3 2948
3 8424
1 4105 46
1 153 9843
2 791 66
2 10000 9862
3 1628
3 4193
3 1894
1 40 9899
1 95 9820
3 7804
3 5607
3 6015
3 1614
2 9968 9981
3 4001
3 6638
2 9812 9915
3 1836
3 1057
3 2998
3 1563
3 7770
3 5378
2 9924 9810
3 3784
3 9327
3 4149
3 8004
2 9914 9804
3 7357
3 1958
3 331
3 3918
3 2753
3 7372
3 798
3 6389
3 2313
3 547
3 2388
3 7618
1 118 9861
3 6249
3 6220
3 247
3 8726
3 2235
3 8867
1 130 9983
3 406
2 9960 9878
3 4870
3 4250
3 2529
3 6054
3 6876
3 6342
3 8982
3 281
3 7815
3 2095
3 2915
3 5326
3 1109
3 4472
3 2232
3 6866
3 7320
3 7352
3 6047
3 8652
3 301
3 4533
3 8799
3 7282
3 3791
3 4147
3 4399
3 4276
3 3341
2 9965 9922
3 478
3 4625
3 4025
3 9734
3 6883
3 6691
1 4459 109
3 2490
3 4895
2 1970 30
3 1407
3 1488
3 3652
3 2384
3 1926
3 1965
3 1937
3 5661
2 9939 9903
1 41 9825
3 9555
1 135 9979
3 7395
3 9087
3 4003
3 1711
3 4881
3 2698
3 340
3 4607
3 2702
3 3729
3 8876
3 676
1 161 9909
1 105 9847
1 64 9937
3 4286
2 9977 9826
3 9792
3 9577
3 5877
3 7890
3 2281
3 3171
3 4910
3 6260
3 3909
3 6022
3 1740
2 1996 75
3 7557
3 2071
3 4912
3 1657
3 9730
3 7600
3 7631
3 5319
3 8752
3 4426
3 6170
3 7872
3 2638
3 1624
3 6714
3 972
3 648
2 9845 9931
2 9823 9972
3 9572
3 6414
3 3767
3 3342
3 867
3 4782
3 9510
1 7200 108
3 839
3 5870
2 9858 9883
3 8160
3 9084
3 9179
2 9809 9867
2 9952 9804
3 5702
3 4098
2 9865 9916
3 3584
3 9180
3 4844
3 8872
3 7283
3 6119
3 330
3 7095
2 9969 9826
3 9648
3 1943
3 5257
3 6130
3 8338
3 7356
3 6243
3 1747
3 1870
3 8152
1 70 9846
3 6289
3 4653
3 6106
1 98 9986
3 1521
1 7980 198
3 5908
1 946 47
3 2198
3 7192
3 5737
3 6274
3 182
3 6261
3 461
2 9936 9972
1 194 9882
3 2675
3 8195
3 321
3 1265
3 4773
3 8606
3 1476
2 9904 9952
3 7375
3 498
3 5015
1 7164 69
3 9498
3 8249
3 7460
3 2414
1 1 9831
3 9821
3 2711
2 8343 125
1 7468 48
2 9907 9881
3 6334
3 3162
3 7848
3 5343
3 2135
1 114 9974
3 8824
3 111
3 9778
3 130
3 3933
3 8546
3 6575
3 7952
3 9815
3 3031
3 5067
3 390
3 4067
3 4642
3 9896
3 6326
3 6581
3 4242
3 6768
3 849
3 7084
3 4699
3 362
3 9615
3 3881
3 1066
3 9951
1 88 9860
3 7401
3 6885
3 1398
3 8786
3 7693
2 9816 9832
1 172 9819
3 4339
3 4888
3 480
3 2927
2 7419 146
3 5874
3 8641
3 7576
3 1636
3 8186
3 6551
3 4217
3 2891
2 9819 9999
3 7465
3 619
3 2086
3 3707
3 169
3 1408
3 117
3 3412
3 9010
2 651 51
2 9919 9879
1 45 9993
3 1965
3 9287
3 4684
3 7037
3 6317
3 6488
3 2220
3 3293
3 9862
3 3226
3 6559
3 445
3 3091
3 3555
3 6629
3 2906
3 270
3 7891
3 6348
3 4122
3 7836
2 9957 9857
3 7630
3 5982
2 9815 9852
3 5776
3 5294
3 4805
3 4031
3 4814
3 5919
3 4961
3 669
3 8490
3 9375
3 643
3 2971
3 5275
1 9867 195
1 130 9861
1 91 9829
1 125 9914
3 9584
3 4095
3 5566
1 105 9978
3 6282
2 9905 9908
1 79 9844
3 2280
3 8285
1 152 9933
1 18 9859
1 123 9825
3 5518
2 9832 9969
3 7019
3 4092
1 7196 52
3 6886
3 6585
3 8532
3 2519
3 1788
2 9824 9992
3 4211
2 9837 9822
3 3668
3 7009
1 7041 137
3 288
3 66
3 3422
2 9922 9966
3 8465
1 144 9938
3 5528
1 166 9887
3 6816
3 5384
3 6346
2 3566 115
1 58 9984
1 172 9837
3 7446
1 103 9902
3 4297
1 31 9866
3 8477
3 1655
3 8059
3 6815
3 6124
3 8138
2 9946 9833
3 238
3 9188
2 9807 9885
3 1843
3 8009
3 7894
3 9739
3 4202
3 7128
3 1466
1 171 9876
3 3431
3 3796
3 5869
1 47 9989
2 9804 9834
3 8119
3 3303
3 7574
3 5619
3 2807
3 690
3 4900
3 4716
3 2315
3 7192
3 9644
3 3899
3 605
3 1937
3 3670
3 6774
3 7052
2 9981 9860
3 8074
3 3332
3 7057
1 3849 181
3 8854
3 8276
3 4733
3 7274
3 2018
3 5131
3 9216
3 6010
1 4656 95
3 7950
3 8534
3 9557
1 151 9929
3 9219
3 9660
3 6736
3 7567
1 84 9989
3 2738
3 324
3 6159
3 5544
3 7432
3 3456
3 171
3 178
1 427 173
3 9654
3 1429
3 6762
3 8490
3 3447
1 126 9911
3 2142
3 2396
3 4832
3 3814
3 8216
3 827
3 9736
1 37 9871
3 8735
3 1550
2 9907 9953
3 8736
3 4041
3 1935
3 9996
3 7517
3 6735
3 8355
3 7364
3 6014
3 658
3 8065
1 7483 149
2 9969 9802
3 3814
3 4239
3 1804
3 2995
3 9199
3 7749
3 1677
3 840
3 8795
3 7280
3 52
3 7099
3 7093
1 6866 186
3 4182
3 2572
3 7923
3 1979
1 81 9807
3 5106
3 4919
3 5228
3 5429
3 322
3 9658
3 4651
3 2751
3 6658
3 8367
3 5413
3 3964
3 2672
3 5119
3 3795
3 6037
3 8010
3 8156
3 3760
3 9240
3 477
3 5044
3 305
3 4809
3 9415
3 364
1 2376 50
3 5194
3 6767
3 9829
3 1565
2 4050 57
3 718
3 3757
3 4594
3 3187
1 68 9935
3 6946
2 9875 9904
3 9119
2 9847 9876
3 5214
3 2769
3 360
3 2105
3 1972
2 9997 9882
3 4064
3 5514
2 9985 9810
3 5986
2 9974 9885
1 7496 186
3 7448
2 9822 9803
3 9221
3 371
3 6135
3 945
1 181 9862
3 3728
1 7465 28
2 9964 9866
1 132 9957
3 8213
3 1397
2 9802 9815
3 2588
3 5793
3 4979
1 92 9993
3 6098
3 8066
3 564
3 9191
1 7368 92
3 3177
3 6954
2 799 16
3 3255
3 7792
3 5304
3 8988
3 365
3 1442
3 8720
3 2431
2 3332 200
2 9905 9988
3 6511
3 6515
2 9884 9872
3 5788
3 5806
3 4854
3 9021
3 9968
3 6059
3 3524
3 7982
3 5746
2 9864 9841
1 62 9901
3 7298
3 171
3 5961
2 9913 9866
3 6922
3 3705
3 3215
3 1005
3 36
3 2140
3 3955
3 173
1 192 9816
3 8910
3 1938
3 2903
1 185 9987
3 4470
3 9094
3 4381
3 2791
3 2411
3 8736
3 195
3 3942
3 2450
3 7793
3 999
3 1898
3 9660
1 3135 136
3 3086
3 9341
3 2417
3 7519
3 23
3 551
3 1019
3 3979
2 7521 14
3 720
1 27 9887
3 6367
1 125 9889
3 8549
3 2111
2 9809 9858
3 8887
3 9199
3 1788
3 7647
3 7073
3 2974
3 5814
3 6898
3 1014
3 7890
3 8044
2 9874 9935
3 2851
2 9960 9920
3 7860
3 1317
3 833
3 2709
3 5489
3 2767
3 3539
3 4643
3 984
1 9347 60
3 9738
2 1610 157
3 6986
3 5391
3 757
3 8318
3 7753
3 6531
3 3574
2 9992 9862
3 5647
3 4453
3 3174
3 299
3 8999
1 139 158
3 1896
3 2463
3 4913
2 2678 113
3 807
3 3399
3 4337
1 183 9890
3 6224
3 5124
3 6854
1 134 9895
2 9857 9974
3 5767
3 8084
3 1645
3 3871
3 7015
1 5952 189
3 7974
3 9738
1 2026 126
3 3905
3 6056
3 7668
3 6201
3 7252
3 6937
1 9 9829
3 1052
3 8824
2 4829 119
3 5364
2 9839 9981
1 159 9963
1 44 9806
3 9104
3 772
2 9935 9853
1 199 9998
2 9930 9933
3 1193
2 9835 9986
3 6904
3 359
3 2716
1 74 9921
3 7327
3 5414
3 9869
3 1704
3 3113
3 4156
3 2482
1 80 9866
3 3200
3 6931
3 5754
1 184 9883
3 7652
1 147 9807
3 9581
3 7086
2 6312 192
3 410
3 5453
3 6722
3 4695
3 3113
3 4162
3 1868
3 3804
3 266
3 1533
3 1334
3 7575
3 6616
3 7882
2 9957 9884
3 5059
3 1095
3 3052
3 2922
3 296
2 9925 9945
3 1816
3 6599
3 9553
3 3579
3 9132
1 157 9951
3 2949
3 5070
3 2430
3 9230
3 1875
3 4155
3 9846
3 7068
3 817
3 4059
3 3546
3 2042
3 542
2 9940 9844
3 1486
3 8772
3 3327
3 8236
2 5415 154
3 7303
3 7108
1 10 9850
3 9750
3 5338
3 4087
1 127 9894
3 7869
2 9867 9817
3 9337
3 9285
3 3325
2 1184 64
3 218
2 9896 9827
3 1333
3 8846
3 2066
3 5849
1 4 9851
3 6352
3 977
3 3890
3 600
3 3598
2 9887 9916
3 7494
3 1810
3 9848
3 3572
3 9731
3 3720
3 3020
3 2125
3 7617
3 563
3 958
3 3674
3 6728
3 549
3 9771
3 8622
3 9608
3 5403
3 4473
3 6766
3 4572
3 8807
3 1752
3 7208
3 9699
1 89 9814
3 8166
2 9927 9886
3 5965
3 7068
3 636
3 6575
1 111 9978
3 512
3 6390
3 8302
3 8853
3 8285
3 8593
3 6821
3 5389
1 6055 7
3 6070
3 5098
3 1735
2 9962 9880
3 5962
3 7661
3 3047
3 7474
3 9092
3 7687
3 9928
3 9699
3 3831
2 9834 9950
3 3303
3 5828
3 3500
3 2967
3 5693
3 9994
2 9867 9823
3 4003
2 9905 9998
3 9336
3 2415
1 8073 175
2 9979 9903
2 9941 9969
3 3766
3 2050
3 2908
3 7163
3 3824
2 1308 8
2 9986 9928
3 4176
3 3051
3 2441
3 8248
2 9839 9890
3 3863
3 6267
3 1742
3 2893
1 12 9900
3 5022
3 2486
3 8920
3 3599
3 1607
2 9938 9928
3 1226
3 1449
3 4596
3 4505
3 4420
3 9523
3 4175
3 4944
3 9948
3 6182
3 8129
3 4829
3 6864
3 7394
3 8913
3 2393
3 9876
3 3492
3 6047
3 2373
3 6326
3 1241
2 9910 9913
3 3211
3 9669
3 9656
3 9786
3 7255
3 1806
3 1185
1 160 9826
1 107 9937
3 1345
3 2525
1 19 9842
2 6311 163
3 6259
3 6140
2 9979 9854
3 4662
3 9596
2 9876 9999
2 9871 9855
3 1450
3 2963
3 952
2 9932 9841
3 4868
3 1558
3 5725
2 9840 9989
3 7671
3 700
3 1354
1 7461 59
1 198 9915
3 4801
3 5765
3 7154
3 4561
3 7146
3 7840
2 464 39
3 7082
2 7437 56
3 4159
3 9346
3 6757
3 5352
3 8355
3 4308
3 1583
2 9934 9975
3 5268
3 9936
3 4905
3 3160
3 3560
3 6809
3 2949
3 3552
3 7427
3 7029
3 8134
3 2546
3 8783
3 2394
3 56
3 8769
1 71 9935
3 4760
3 3448
3 167
3 1005
3 7846
3 7218
3 2454
2 9913 9999
3 7850
3 1302
3 6042
3 3480
3 3635
3 9605
3 4825
3 8750
3 9353
1 99 9977
3 4829
3 502
1 102 9865
3 8525
3 4922
2 9943 9856
3 7657
3 240
2 3367 189
3 6485
3 9097
3 2991
1 173 9944
2 9932 9879
3 9505
3 6928
3 1247
2 5674 5
3 4436
3 8806
3 7653
3 2095
3 587
3 798
3 7451
2 9865 9876
3 1150
3 1716
3 2989
3 3291
1 28 9910
3 7939
1 4618 172
3 1173
3 8652
2 9880 9852
3 1914
3 7340
2 9952 9905
3 4089
3 7080
3 8521
3 7471
3 4569
3 6923
2 9991 9987
3 3054
3 2032
3 6287
3 7948
3 4707
3 4389
3 3076
3 4877
3 7174
3 1720
3 1382
3 6319
3 3063
3 8475
1 190 9906
3 846
2 2828 157
3 8997
3 2093
3 528
3 6627
2 9853 9825
3 9966
3 8836
3 7027
2 5279 112
3 5273
3 4763
3 6625
2 9919 9937
2 9940 9889
2 9926 9972
2 9850 9893
3 9667
3 7655
3 2867
3 3954
3 3723
3 5278
2 9851 9949
3 7090
3 5746
3 5436
3 6241
3 8031
3 7686
3 6712
3 723
3 9822
2 9824 9972
3 9090
3 9256
3 7760
1 101 9878
3 449
2 1356 188
3 4756
3 1036
3 8413
3 1432
1 4286 144
3 9135
3 4294
1 194 9843
2 9998 9831
3 6295
3 7602
3 3620
2 9995 9916
3 5043
3 7621
3 8886
3 6123
3 6638
3 6479
3 90
3 1493
3 4017
3 4696
3 4167
3 2437
3 2793
2 9857 9903
2 9942 9839
3 577
3 5710
3 3971
3 9315
3 9172
3 4275
3 3878
1 165 9865
3 1021
2 9980 9974
3 3819
2 9979 9921
2 9928 9876
2 7738 119
3 7434
3 5208
3 5148
1 4139 40
2 9832 9887
3 3565
2 4573 59
3 6989
1 112 9825
2 9867 9998
3 7445
3 6182
3 3684
3 5880
3 8685
3 2027
2 9875 9893
1 73 9960
3 6488
2 9978 9915
3 1231
3 6645
3 3185
3 1652
3 6259
3 1713
3 8461
1 93 9947
3 4440
2 9804 9890
3 5426
1 119 9973
3 6155
3 3204
1 150 9820
3 7422
2 9870 9808
3 225
3 9752
3 4815
3 2660
3 4113
1 52 9810
3 8549
3 1255
3 2526
3 8438
3 1612
3 1702
3 8981
3 9583
3 7019
3 580
3 2541
2 4620 37
2 9997 9834
1 104 9910
3 8458
3 6080
3 5322
1 27 9824
2 9966 9814
3 8691
3 3340
2 9946 9868
3 3582
3 1269
3 9417
3 3313
3 6881
3 2833
3 1179
3 6106
1 198 9987
3 2113
2 9919 9958
3 4390
1 21 9979
3 8590
3 9163
1 119 9826
3 9000
3 115
3 7799
1 121 9840
3 7909
3 3409
3 6173
3 8077
3 5652
2 9907 9919
1 140 9802
3 7624
2 9904 9825
3 5624
3 6460
3 1505
3 1339
3 3306
3 5827
3 6204
1 146 9921
3 4560
3 7177
3 2419
3 1707
1 160 9954
3 8613
3 4647
3 3158
3 9841
3 9559
3 9502
3 6765
3 8416
3 9405
3 3937
3 9327
3 1912
3 374
3 4729
2 9811 9860
3 8402
3 5991
3 5146
3 1350
3 8078
3 9710
3 9227
3 1431
3 4201
3 2317
2 9045 152
3 7867
3 7599
3 2748
3 884
3 2235
2 9805 9834
3 4937
1 99 9993
1 4463 144
3 4565
3 7790
3 6457
1 163 9890
3 1071
3 814
3 286
3 9704
3 5256
3 2087
3 3482
1 34 9875
3 7743
3 2679
3 1979
3 1106
1 118 9995
3 957
3 2320
3 709
3 6147
3 2932
3 3534
3 5406
3 2513
2 9830 9868
3 153
3 7478
3 7539
1 61 9941
1 8223 126
3 3916
3 8871
3 1608
1 31 9996
3 6057
3 912
1 185 9903
3 6867
3 7453
3 9974
1 93 9953
3 9301
1 160 9804
3 4587
3 9036
3 2444
3 7489
3 2306
3 466
3 2573
3 7380
3 1523
3 2210
3 6885
3 4432
3 6564
3 8844
1 26 9867
3 8640
3 4688
3 642
3 3418
2 9928 9982
3 9614
3 1141
3 8470
3 8142
3 9531
3 8484
1 176 9861
3 4882
3 1274
3 1507
2 9834 9907
3 8908
3 3001
3 5255
3 7442
3 9424
3 5438
3 4267
1 73 9991
1 22 9955
3 4839
3 9232
3 8287
3 8170
2 9841 9966
1 51 9827
3 5863
3 859
2 9998 9881
3 9032
2 9906 9833
1 33 9861
3 2155
3 4234
3 162
3 6295
3 1477
3 6944
1 172 9889
3 1295
3 6494
2 992 155
3 9556
3 2579
3 2238
3 6715
3 6274
2 9944 9803
3 8813
3 313
3 3971
3 8847
2 1541 35
1 30 9881
1 67 9980
1 135 9999
3 4513
3 6139
1 8 9942
1 151 9809
1 75 9958
3 4867
3 1748
3 6825
3 5691
3 6184
3 2457
3 8736
3 6865
3 8438
3 8059
3 5888
3 6111
3 1537
3 5786
3 7785
3 9618
3 5461
3 6178
3 2830
3 307
3 7008
3 9520
3 3124
3 8111
3 7831
3 137
3 3552
3 6491
1 75 9831
3 1776
3 1739
3 1296
1 31 9812
3 9636
3 8849
3 5226
3 8781
3 1148
3 3351
3 5460
3 902
3 2508
2 9875 9831
3 7927
1 8597 199
3 9565
3 7821
3 2831
3 4803
3 5777
2 9972 9960
2 9950 9889
1 46 9853
1 89 9932
3 365
1 166 9984
3 1439
3 4957
1 7127 132
3 9425
3 387
3 1830
3 8496
3 4534
3 215
3 8852
3 8608
3 8854
3 6776
3 8635
3 8726
2 9971 9959
3 9853
1 84 9989
3 2947
3 8070
3 2825
3 8642
3 1212
3 883
3 489
3 6072
3 6422
3 4895
3 1652
3 3981
3 4247
3 9937
3 4798
1 32 9986
3 9980
3 9341
3 2525
3 9263
3 5653
1 75 9906
3 5754
3 3443
3 6893
2 9953 9859
3 2615
3 4685
2 9829 9969
3 3312
3 521
3 5346
3 8687
3 1889
2 9843 9969
3 8527
3 1128
3 4713
3 6703
1 79 9902
3 9538
3 8114
3 1802
3 1392
3 9012
3 7405
3 9906
3 9109
3 8039
3 8320
3 1290
3 2986
3 7266
3 3406
3 6312
3 5011
3 1103
3 3743
3 7435
3 3814
1 10 9950
3 7452
3 2287
3 7150
3 8206
3 8740
3 1010
1 7680 11
3 6733
3 4116
3 7113
3 4570
3 2047
3 3676
3 7064
3 3374
3 7993
3 8417
3 1170
3 727
3 7318
3 7816
3 4749
2 9819 9965
3 2980
3 3224
3 898
3 9355
1 152 9916
3 8394
2 3456 144
3 5130
3 330
3 3409
3 9285
3 5856
1 57 9928
3 1234
3 2516
3 5905
3 5592
3 8673
3 1620
3 2048
3 8793
3 999
3 8515
3 7816
3 6862
1 9137 196
1 14 9983
3 2860
2 9825 9953
3 8973
2 9999 9802
3 1698
3 2299
3 6861
3 2147
3 9218
2 9854 9962
3 9393
3 4874
3 3701
3 3820
3 5008
1 53 9992
3 6439
2 9865 9924
3 2171
1 29 9887
2 9869 9870
1 44 9845
3 8735
3 4330
3 7850
3 1296
3 2766
2 9905 9843
1 114 9991
3 6926
3 9254
2 9866 9831
2 9802 9993
3 475
1 171 9911
3 6651
3 827
2 9988 9917
3 669
3 2085
3 4798
3 1141
3 5134
3 1986
3 4687
3 9373
1 106 9885
1 139 9874
3 7223
3 1254
2 9826 9857
3 320
3 5963
3 8756
1 5744 72
3 3290
3 7433
3 8460
3 3236
3 3790
1 189 9910
2 9907 9872
3 4952
2 6772 136
3 1312
3 5256
1 115 9997
3 4538
3 2067
1 115 9925
3 8081
3 5686
3 2585
3 5750
3 8042
3 3172
3 9547
3 3164
3 8446
3 8831
3 2833
3 1522
3 5228
3 7133
3 2370
3 6687
3 9862
3 9621
3 9753
3 7841
2 3936 144
3 8893
3 4938
2 4391 27
3 4659
3 753
2 9876 9850
3 1356
3 714
3 5141
3 3799
1 17 9921
2 9873 9905
3 8156
3 8162
3 5247
3 9991
2 9954 9808
3 7091
3 6060
3 4513
3 2969
3 9450
1 31 9851
3 2856
3 7664
3 5402
3 9441
3 2906
3 1103
1 134 9807
3 400
3 2358
3 9444
3 5829
1 32 9837
2 9959 9984
2 9850 9981
3 4526
3 5836
2 9837 9917
3 5557
3 6043
3 7361
3 4580
3 2069
2 9815 9906
3 9088
2 9924 9971
3 8146
1 32 9890
2 9804 9999
1 4709 76
2 9950 9956
3 8804
3 3395
3 3392
1 99 9907
3 9241
3 140
3 8296
3 3350
3 6281
3 3781
2 4307 125
3 3174
3 7423
1 46 9837
2 9826 9840
3 4779
3 1939
3 8547
3 4763
3 7344
3 8940
3 4396
2 9930 9811
2 9996 9833
3 2571
2 9943 9906
3 1364
3 7040
3 2490
3 6020
2 9913 9926
2 9903 9896
3 3987
3 4058
3 5017
3 2363
3 1852
3 3870
2 5813 112
3 9009
3 3126
3 396
3 5218
2 3058 61
3 6094
3 2273
3 5744
3 6425
3 5083
2 9955 9862
3 4836
3 5751
1 181 9946
3 6730
3 2190
3 4099
3 200
3 8430
3 2535
3 8769
3 677
3 8194
3 2174
3 6805
3 5925
3 6251
1 191 9828
3 7666
1 155 9861
3 8327
3 2716
3 9493
2 9985 9869
3 3949
3 7984
3 1164
3 8954
3 8866
3 874
3 7591
3 7097
1 171 9831
3 9858
1 87 9977
3 6810
3 71
3 6889
3 7698
3 3717
3 1333
3 6939
2 9979 9937
3 4079
3 6756
3 9518
3 9702
3 1619
3 329
3 287
3 6985
1 147 9887
1 70 9822
3 4557
3 6450
3 8469
3 8653
3 8725
3 5814
3 5095
3 834
3 2220
3 8999
1 136 9871
1 3317 80
3 9618
3 5594
1 3023 89
1 195 9952
2 9991 9860
3 5398
3 9450
3 1560
3 1275
3 3021
3 4411
2 9959 9855
3 6767
1 50 9974
3 6821
3 2867
3 5004
3 5198
3 2629
2 9892 9962
3 788
3 2166
3 2426
3 9633
2 9865 9896
3 3212
3 2531
3 6065
3 5147
3 4047
1 26 9845
1 29 9868
3 5150
3 17
3 7325
3 2625
1 61 9845
3 5777
2 9998 9932
3 5181
1 172 9802
3 2520
3 8941
3 3473
1 183 9934
3 7702
3 8516
3 4800
3 7983
3 6490
3 3944
3 1427
3 1170
3 7951
2 9993 9831
3 5039
3 7710
3 7259
3 7866
3 1655
3 4554
3 2081
1 67 9823
3 2251
2 9957 9856
3 6240
3 6239
3 8401
3 8664
3 6424
3 2189
3 7889
3 1079
3 6361
3 474
3 114
3 4483
3 6382
3 8387
2 9886 9986
2 5092 17
3 1953
1 39 9950
3 5533
3 7521
3 8696
2 9662 172
3 5891
3 9074
1 8 9810
3 2641
3 8957
3 7988
2 9920 9850
3 8140
3 5409
3 2773
3 3114
3 9278
3 189
3 5889
1 62 9838
1 1610 76
1 133 9819
3 2890
2 9814 9992
3 7446
2 9984 9850
3 3275
3 8702
3 2909
3 4481
3 4454
3 8382
3 6295
3 5186
3 1552
3 7674
3 789
1 80 9967
3 8056
3 5947
3 2532
3 1038
3 3051
3 2119
3 8027
3 5136
2 9942 9921
3 1779
3 9286
3 7984
3 1975
3 2462
1 41 9811
3 7689
3 6672
3 8085
2 9806 9972
2 9821 9973
3 3901
3 3716
3 9427
3 8543
3 7548
3 8250
3 8281
3 6162
3 8130
3 493
3 5963
1 70 9885
3 228
3 366
3 1488
3 8465
1 161 9883
3 7055
3 5012
2 9928 9810
3 554
3 455
3 8511
1 150 9803
3 6935
3 6510
1 108 9858
3 4660
3 1033
3 9590
3 9007
3 6990
3 5389
2 9892 9834
3 510
3 7887
3 3167
3 3448
3 7318
1 124 9862
3 6148
3 6801
1 2737 52
3 8161
3 8100
3 9192
3 879
3 5116
2 9660 137
3 5070
1 137 9929
3 9102
3 4667
3 1309
3 7626
3 450
3 4693
1 186 9885
3 8040
2 9853 9864
3 7919
3 9473
3 5279
3 6193
3 9515
3 7635
3 2374
2 9853 9915
3 7541
3 3837
3 8436
3 4352
3 1762
3 5418
3 8376
3 8343
3 7484
3 4114
3 201
3 6427
3 6354
3 5312
1 2548 35
3 1546
3 6379
1 62 9997
1 94 9823
3 6119
3 3126
3 4973
3 2707
3 6009
1 148 9845
3 7388
3 2377
3 3788
3 4049
3 6017
2 5967 126
1 137 9859
3 8538
3 5999
3 2404
3 560
3 215
2 9935 9928
3 3730
3 6015
3 5788
3 1162
3 3842
1 188 9822
2 1604 146
1 195 9937
3 1205
3 6386
2 9956 9941
1 185 9954
2 9853 9920
3 4306
3 4926
3 9555
3 4882
3 9779
3 4455
1 8006 18
1 149 9909
3 4959
1 139 9907
3 3529
3 8024
3 1169
3 5547
3 937
3 7082
3 8835
3 1515
1 193 9898
3 1261
3 2599
3 5375
3 2174
3 5518
3 5782
1 6892 114
2 9985 9827
3 4714
3 9452
3 6412
3 7961
3 9966
3 953
2 9878 9906
3 5159
1 71 9883
2 2559 38
3 3109
1 92 9976
3 633
3 8669
3 5049
3 8922
3 973
3 1263
3 2835
3 4324
1 83 9876
3 3381
3 3908
3 7609
3 2357
3 1194
3 146
3 8162
1 84 9824
2 1543 47
3 9672
1 3329 19
3 5124
2 9819 9895
3 9781
3 6040
3 6621
3 885
3 7341
3 2243
3 1774
3 5960
3 5406
2 9918 9868
3 9822
3 1894
2 9850 9804
3 6962
2 9809 9877
3 360
3 4598
3 9482
3 7272
3 2063
1 72 9902
2 9863 9925
3 5869
3 8179
3 1717
1 5 9800
3 3612
3 4179
3 4978
3 152
3 9661
3 2736
2 9557 46
3 8160
2 9892 9914
3 4367
3 6326
3 7947
3 9192
3 9080
3 1996
2 9857 9992
2 9871 9897
3 6896
3 7048
3 3186
3 2544
3 7081
2 9879 9992
3 5613
3 2453
3 4988
3 8294
3 5176
3 7953
3 2216
3 2418
3 2789
3 9693
3 742
3 1535
3 5763
2 9853 9896
3 2555
3 3340
3 6507
3 7826
2 9829 9895
3 9471
3 4330
3 639
2 9874 9884
3 3616
3 4637
3 2628
1 58 9837
1 196 9926
3 7107
3 3690
3 5946
3 6145
3 6718
3 2709
3 1520
3 8718
3 633
3 4853
3 7676
3 1680
3 8946
3 4486
3 4606
3 3993
3 4833
1 57 9941
3 3402
3 3793
3 8539
3 6319
3 8725
3 4885
3 3332
3 362
3 6815
3 4986
3 1950
3 3956
3 8554
3 8283
3 7764
3 9177
3 9114
3 6683
2 9966 9807
3 9426
3 6771
3 792
3 4903
3 8787
1 62 9886
3 3015
3 6234
3 6482
2 9886 9923
3 6124
2 9818 9812
3 8212
3 7151
3 8672
3 4297
3 7559
3 5529
3 2664
2 9949 9932
3 8399
3 5931
2 9977 9889
3 4538
3 7939
3 2275
2 9887 9995
3 3305
3 6377
3 9888
1 78 9908
3 4996
3 951
3 7833
3 4493
2 9860 9970
1 7893 80
3 9154
3 9029
3 9176
3 905
3 9645
3 5639
3 115
2 9979 9813
3 6380
3 1412
3 5561
3 3604
3 9350
1 93 9915
3 9511
3 6497
3 1443
3 131
3 690
3 7846
3 6725
3 184
3 6655
3 7546
3 6471
3 749
3 9552
3 6416
3 8480
3 6831
3 5529
3 2156
3 3672
3 8443
3 1732
3 9593
3 5020
3 9200
3 9031
3 9757
1 1637 138
3 6991
3 2073
3 2860
3 5892
3 5498
3 7409
3 9509
3 2202
3 8902
3 4635
3 3630
3 2762
3 6756
3 9763
1 54 9834
3 6862
3 4272
3 4715
3 300
3 7895
3 9773
3 1604
3 4959
3 4448
3 8791
1 11 9945
3 1854
3 6256
3 4083
3 880
2 9811 9822
3 534
3 5740
3 3802
3 530
3 4370
3 8164
3 7351
3 5869
3 9099
3 4704
3 1964
1 127 9886
3 9848
3 1278
1 3942 77
3 4904
1 9925 177
2 670 44
3 7382
3 763
3 9940
1 793 81
2 9852 9884
1 105 9934
3 9777
1 92 9960
3 5778
3 7393
3 8643
3 8256
3 379
3 1605
3 1208
2 9850 9905
3 2410
3 1244
3 5470
3 4928
3 9499
3 5542
3 8153
3 3131
3 3335
3 6149
3 5042
1 26 9980
3 8932
3 6751
3 1074
3 9990
3 8611
3 7120
1 188 9829
3 8420
3 7156
3 7596
3 3663
3 6407
3 390
3 7056
2 9993 9982
3 9355
3 6766
3 5361
2 9840 9839
3 539
3 6375
2 9813 9802
3 6443
3 7336
3 4000
3 6190
2 8520 190
3 4252
1 754 180
3 676
3 9381
1 9302 33
3 1958
2 4915 76
3 3218
3 100
2 9969 9912
3 179
1 42 9813
3 8103
1 185 9995
3 8644
1 2219 190
3 60
3 3430
3 5416
3 3672
3 1242
2 7870 146
3 6269
3 966
3 5506
3 3183
3 5916
3 1326
2 9841 9870
3 8428
3 6763
3 4806
3 5421
3 2932
3 2845
3 5671
1 85 9912
3 2581
3 6944
3 297
1 6 9894
2 3567 17
2 1150 43
3 8076
3 776
2 9910 9823
3 5638
3 1060
3 3448
3 3272
3 3053
3 2239
3 3265
1 176 9814
2 9876 9949
3 7902
1 2872 35
3 1005
3 5525
3 1100
3 4709
3 8495
3 1584
3 1184
2 9864 9959
3 9950
3 4523
2 9979 9998
3 102
2 9871 9909
1 127 9880
3 8013
3 989
3 4921
3 7109
3 9672
3 918
3 6939
3 9034
3 7335
3 9904
3 7770
3 9113
3 2631
3 4399
3 2962
3 559
2 9809 9868
3 3738
3 5616
1 101 9989
3 6330
3 5410
3 988
3 6176
2 9845 9804
3 847
3 4279
1 66 9950
3 5412
3 9988
3 6544
3 1020
3 1136
3 5160
3 8692
1 131 9947
3 5292
3 4187
3 9820
3 4117
3 2935
3 665
3 2664
3 5658
3 1361
1 156 9848
3 7200
1 78 9900
2 9573 15
3 6460
3 4523
3 9737
3 1074
3 7174
2 9882 9955
3 504
3 5060
3 9365
3 1319
3 4966
3 1439
3 3583
3 8550
1 9743 33
3 3155
3 9471
3 8555
3 6873
3 2750
3 1926
3 9361
3 6501
1 22 9897
3 4834
1 160 9881
1 43 9850
3 4480
3 7557
3 1477
3 6546
3 9632
2 9981 9902
3 6832
3 944
3 2208
3 7649
3 5055
3 8793
3 7422
3 7282
3 9878
3 7834
3 6407
1 130 9811
3 7688
3 1639
1 37 9961
3 5466
3 834
3 103
3 4357
2 9908 9905
3 6846
3 246
3 9556
3 2638
3 2416
3 760
3 3134
1 112 9887
3 9949
1 98 9866
3 9321
3 8942
3 1956
3 9094
1 99 9861
3 2463
3 6110
2 9929 9978
3 7417
3 7318
3 9567
3 3311
3 9347
3 4768
1 35 9886
3 7162
1 53 9947
3 2386
3 6463
1 39 9962
1 16 9924
3 3224
3 8504
3 940
3 5892
3 9456
3 2922
3 4447
3 2845
3 1152
3 5546
3 416
3 8143
2 9889 9915
3 5585
1 18 9885
3 6344
3 2164
3 6301
2 9873 9841
3 2895
2 9891 9960
3 7561
3 790
3 2324
3 2545
3 1900
3 329
3 135
2 9908 9887
1 140 9896
3 8989
3 3439
3 4795
3 6945
3 2913
3 1049
3 1453
3 8666
3 1162
3 7346
3 9709
3 8224
3 6880
2 208 96
3 2932
3 7020
3 2532
3 8690
2 2397 194
3 2757
3 601
1 2270 153
3 6917
3 7389
3 8843
3 3887
3 2806
3 9194
3 9299
3 1992
2 9871 9964
3 8714
3 3258
3 1686
3 938
1 86 9919
3 4562
3 2878
1 54 9899
3 7679
3 9986
3 3365
3 3723
3 4222
3 2640
3 8495
3 7286
2 9975 9972
3 7057
3 1721
2 9940 9846
3 2667
3 2366
3 6282
3 1308
3 8098
3 7856
3 745
3 6876
3 5295
3 7508
3 1277
3 8090
3 2851
3 6200
3 3407
3 434
1 41 9824
3 8946
3 6543
2 9916 9871
2 9950 9998
3 6790
2 9925 9925
3 2916
3 8286
2 9802 9834
3 4951
3 1244
3 4504
3 3306
3 5346
3 1248
3 5899
3 1703
3 5167
3 9827
3 8790
3 7755
3 6559
3 9433
1 66 9808
3 783
2 9902 9987
3 4923
3 9654
3 9166
3 9183
3 2962
3 2545
1 30 9814
3 8649
3 895
3 9803
3 1858
1 110 9917
1 146 9917
3 1557
3 6985
3 1361
3 9424
3 305
3 3235
3 7865
3 6488
3 2825
3 6429
1 99 9976
3 354
2 9807 9948
3 7456
1 150 9950
1 59 9815
3 9511
3 8812
3 1944
2 9931 9975
3 4430
3 652
3 5804
3 3389
3 4388
2 9897 9986
3 466
1 7547 135
1 2136 150
3 9677
3 2920
2 9887 9826
1 174 9881
3 9527
3 2498
3 2573
2 6230 190
3 6343
3 9108
3 5820
3 1428
2 9813 9933
3 2242
3 8441
3 5264
3 1704
3 9519
3 5183
3 528
1 95 9867
3 1862
1 9703 70
1 121 9901
3 4903
3 4172
3 1305
3 8661
3 6092
3 1360
3 3198
3 7301
3 942
3 9008
1 99 9978
3 3060
3 3325
2 2045 119
3 6131
3 9698
3 5785
3 3335
2 6875 172
3 5202
3 4571
3 5373
3 5797
3 9160
3 5456
3 3953
2 9888 9858
3 822
1 4925 175
3 1825
3 826
3 2712
3 9526
3 8394
3 6207
3 9624
3 8710
3 1146
2 9889 9835
3 5945
2 9990 9927
3 2404
3 9103
2 9976 9859
3 8020
3 2660
3 313
3 8349
3 8484
3 7590
3 7521
3 8661
2 9918 9822
3 162
3 5706
3 5501
2 9885 9820
3 8803
3 4619
3 876
3 3932
3 6557
1 1 9864
3 7560
3 6080
3 3392
3 9296
3 8347
3 8979
1 119 9907
3 7492
3 3931
2 9846 9989
3 4911
3 5658
3 8488
3 3780
3 1443
3 2480
3 9451
2 9837 9814
3 2292
3 2156
3 3806
3 3299
3 1353
3 1938
2 9841 9926
3 3746
3 6479
1 147 9922
3 6368
3 3704
3 1448
3 233
1 59 9876
3 5690
3 6181
3 3537
3 9169
3 4984
1 151 9967
3 6026
3 3250
3 8859
3 7061
1 170 9827
3 8698
3 9137
3 9024
3 3814
3 419
3 5829
3 6950
1 101 9873
3 7992
3 2359
3 3050
2 9825 9968
3 8804
1 112 9908
3 7026
2 9910 9856
1 125 9842
3 9863
3 6179
3 1303
3 297
3 7023
3 7051
3 3724
3 7045
3 1163
3 7268
1 116 9913
3 8804
3 1152
2 6574 157
3 8781
3 4264
3 7147
3 2058
3 420
3 8841
3 5014
2 9973 9942
3 6686
1 11 9806
3 6883
3 1066
3 2548
3 9606
3 6765
3 2289
1 15 9943
3 114
3 8601
2 9929 9847
3 6111
3 5300
3 6508
1 108 9963
3 6063
3 7504
3 3835
1 71 9935
3 6730
2 9928 9962
3 2103
3 8640
3 2304
3 5433
2 7450 151
3 4100
3 8242
3 8658
3 5262
3 9724
3 9308
3 5778
3 6523
3 6318
3 5804
3 8431
3 6733
1 38 9873
3 3622
2 9833 9915
3 6621
3 8862
3 8567
1 1898 74
3 2027
3 3164
3 6138
1 91 9900
3 6837
3 7771
3 5728
3 9755
3 7980
3 9291
3 6716
3 7360
3 5061
2 289 6
3 8149
3 1995
3 8024
3 9252
1 131 9991
1 86 9812
3 8344
3 7279
1 942 126
1 97 9930
3 5876
3 6737
3 6042
2 9972 9909
3 1943
3 3008
1 179 9933
2 9982 9987
3 323
3 5788
3 3995
3 5602
3 9695
2 7344 187
3 4485
3 9911
3 7661
1 190 9819
3 6000
3 5467
3 1347
3 9966
2 9899 9939
3 9390
2 9923 9821
3 4490
3 7564
3 9630
3 8708
3 7147
3 5639
3 7063
2 2677 182
2 9963 9883
3 8770
3 5866
3 7468
3 6059
1 37 9899
3 1808
3 9795
1 69 9948
3 5226
1 9531 38
3 841
3 3477
3 7806
3 7543
3 4166
3 8000
3 2916
3 6047
1 6810 23
3 3564
3 4668
3 43
2 9890 9898
3 3155
3 4289
1 137 9996
3 277
1 153 9918
3 8779
3 6629
1 54 9944
3 1451
3 3481
3 4770
3 5097
3 4615
2 9846 9942
3 5505
3 9865
3 1638
3 8639
3 4225
3 7443
3 7349
2 9880 9812
3 1421
3 8951
3 6555
3 5578
3 3149
3 3892
2 9879 9888
1 147 9920
3 6502
1 81 9950
3 5762
3 5654
3 321
3 7096
3 9033
1 452 151
3 930
3 9763
3 1148
3 8720
3 2436
3 4964
3 162
3 2558
3 657
3 2134
3 8244
3 328
3 9851
3 8877
3 7101
3 9572
3 8104
3 8657
3 6745
3 5304
3 2591
3 2759
1 94 9992
3 8436
3 7383
3 6712
3 6306
3 9564
2 9968 9826
3 7273
3 5367
3 1554
3 4692
3 4406
3 6424
3 7332
3 170
3 7285
3 1923
3 8691
3 6763
3 8306
3 1816
3 2493
3 4112
3 5572
3 3938
3 7840
3 7812
3 2574
3 5306
3 1044
3 1940
3 2310
3 3878
3 9460
3 4899
3 109
3 2893
3 8079
3 4008
2 2121 159
3 6170
3 8970
3 1533
3 4683
3 7590
3 6798
3 566
3 3951
3 6705
3 7458
3 7186
3 9880
3 1014
3 5555
3 6187
3 8322
3 2595
2 9901 9878
3 1649
2 9991 9829
3 8517
3 64
1 92 9874
3 7679
3 3230
3 7702
2 9123 89
3 1570
3 8636
3 2732
3 6576
3 5877
1 6582 180
1 6 9906
2 9828 9995
3 1776
3 2695
3 7648
3 9590
3 1302
3 2036
3 1305
3 8093
3 9626
3 797
3 3876
3 7008
1 106 9996
2 9959 9878
3 4943
3 5573
3 2429
3 8416
3 6659
3 6754
1 9540 95
3 2237
3 2893
3 3851
3 8546
1 159 9997
2 9301 63
3 4266
3 8068
3 5741
3 8101
3 3026
3 7947
3 5652
3 4226
3 163
3 4124
3 4609
3 5976
3 8933
3 961
3 7421
3 3333
3 5462
3 6389
3 2069
3 7039
3 6125
3 2561
3 1705
1 3856 145
3 3503
3 3284
2 10000 9858
3 1382
3 9811
3 5436
3 5451
3 1996
3 1888
3 6268
1 121 9809
3 787
2 9829 9802
1 168 9850
3 484
3 6343
3 1020
2 9851 9847
3 1005
3 9482
3 141
3 1242
3 7809
3 3899
3 8327
3 3169
3 5026
3 566
3 982
3 9415
3 2519
3 3396
3 6744
3 5049
3 8347
3 7123
2 9875 9964
3 4155
3 179
3 5905
3 1166
3 30
3 1315
3 4845
3 9838
1 4828 83
1 7 9891
3 9726
3 744
3 1812
3 8830
3 4760
2 9970 9965
3 7135
3 892
1 136 9899
3 5484
3 4767
2 593 9
3 4075
3 5442
2 9933 9822
1 144 9875
3 4659
2 6970 196
2 9829 9909
3 1796
1 108 9921
2 9818 9944
1 102 9856
3 7385
3 1410
3 4282
3 1351
3 4046
3 1876
3 5220
2 9861 9891
3 1371
3 4136
3 5395
3 2614
3 6628
3 8117
3 34
1 191 9979
3 9177
3 2686
3 1039
3 4106
3 7980
3 318
2 9808 9914
3 6633
3 712
3 4098
3 9771
3 6452
3 9060
2 4975 166
3 3899
3 9810
3 5283
3 7097
3 7473
3 9488
3 5856
3 5295
1 159 9858
3 8055
3 4202
3 1913
3 7537
3 8712
3 7095
3 8889
3 4347
2 9831 9880
3 7952
3 6072
1 22 9962
3 9320
3 1078
3 205
3 3896
3 6464
3 9629
3 2056
3 9053
3 4479
3 5719
1 6 9879
3 5920
3 3274
1 180 9877
2 9963 9872
3 9419
1 164 9991
1 137 9888
3 6881
3 3065
3 9608
3 8986
3 2281
1 97 9937
3 9669
3 4459
3 6915
3 1805
2 9861 9894
2 6721 61
3 503
2 3354 191
3 7980
1 8985 161
3 9916
3 8062
3 6425
3 8948
3 3638
3 1911
3 4962
3 8746
3 9075
3 8997
3 4979
3 3557
3 3340
3 6330
3 3141
3 986
3 3700
3 1063
3 1976
3 8994
2 9853 9857
3 6444
3 6092
3 3742
3 3719
3 3480
3 1314
3 9614
3 624
3 8961
3 7495
3 2383
3 8111
3 3817
3 695
2 9882 9855
3 7622
3 5571
3 1641
3 5931
3 5473
3 6658
3 7697
3 981
3 4730
3 8183
3 3565
3 9352
2 9880 9922
3 3119
3 8496
3 3298
3 303
3 5015
3 8861
3 2710
3 6972
3 3719
3 3172
1 20 9883
3 1375
3 9985
3 515
3 3743
3 3540
3 3393
3 73
3 8294
3 504
3 2053
3 1055
3 2493
3 2736
3 5101
2 9984 9989
3 8289
3 994
3 243
1 192 9883
3 6246
3 2636
3 2238
3 4987
1 199 9822
1 136 9822
3 6302
2 9874 9894
3 222
3 3833
2 9961 9946
1 106 9878
3 5769
3 4149
3 7707
3 1123
1 143 9997
2 9942 9839
3 1175
2 3727 98
1 4886 80
3 8274
3 963
1 146 9949
1 142 9896
3 7841
3 9653
2 9909 9896
3 888
3 4508
2 9827 9898
1 7301 8
3 4336
3 6675
3 6743
3 8270
1 3557 102
3 1554
3 6810
3 7251
3 7151
3 6225
2 9996 9980
3 9031
1 134 9862
3 2573
3 5718
3 4233
3 5795
1 7 9840
3 2992
3 2220
2 9965 9847
3 8646
3 8187
3 7051
3 2777
3 5209
3 45
3 3642
3 7855
3 228
3 6702
3 7864
3 6869
3 3190
2 9819 9810
1 19 9938
3 1013
3 8648
3 5662
3 2313
3 1316
3 7128
2 9990 9934
3 6820
3 6089
3 4858
3 2651
3 398
3 9915
3 1373
3 8167
3 2182
3 9546
3 5148
3 9856
3 5506
3 6003
3 9746
3 5467
3 4404
3 5164
3 6978
3 191
3 8676
3 8647
3 7054
3 5
2 9915 9820
3 9629
3 8127
3 7989
3 1788
3 7902
3 8812
3 6123
1 111 9823
3 1076
3 3422
3 8816
3 1982
3 2048
2 9842 9909
3 7831
3 4908
3 5877
3 698
2 9893 9978
3 2739
3 7711
3 8585
3 5787
2 284 52
3 3620
2 9892 9956
3 2703
3 6263
3 3109
3 5611
3 4632
3 6995
3 8870
3 8846
3 707
3 9024
3 3980
3 6034
3 2366
3 8375
3 1058
1 186 9984
3 1680
3 7332
3 6986
3 2758
3 8765
3 647
3 7534
3 8275
3 15
1 130 9881
3 8597
3 748
3 8725
3 4915
3 7405
3 1254
3 720
1 120 9965
1 57 9818
3 4437
3 3319
3 3176
2 9847 9896
3 9699
3 1971
3 1402
3 5295
3 681
3 5836
3 8437
3 4872
3 4980
3 4085
3 6194
3 8976
3 9060
3 4553
3 9143
2 9811 9961
3 410
2 9827 9830
3 7634
3 3282
3 6774
3 3225
1 11 9827
3 5368
3 1268
2 9982 9991
3 9726
3 2630
1 105 9924
3 4971
3 3219
3 3979
3 9362
3 1371
3 4077
3 1106
3 8431
3 6303
3 3389
3 83
3 2395
2 9788 200
3 3864
3 7053
2 9965 9863
1 990 84
3 3331
3 4654
3 5601
3 9695
3 3227
3 6310
3 3114
3 4705
3 1211
3 1442
3 7171
3 1910
1 28 9928
3 3066
3 2095
3 6061
3 136
3 1417
3 7797
3 6901
2 9896 9980
3 6064
3 4418
3 624
3 1338
3 9345
3 4945
3 6705
1 61 9839
3 3508
3 7749
2 9856 9837
3 78
3 2676
3 3419
3 1791
3 9047
3 3846
2 9846 9910
2 9927 9877
3 8914
3 8863
1 71 9930
3 4601
3 216
3 3033
3 3390
3 9063
3 3467
3 3973
3 6235
3 6556
3 6525
3 8044
3 3895
3 8018
3 6584
1 164 9902
3 5740
3 9922
3 2552
3 372
3 6112
2 9890 9845
3 3201
3 80
3 5262
3 4352
2 9876 9819
1 42 9961
3 6277
3 6752
3 1199
3 812
3 6897
2 9930 9849
3 2501
3 6273
3 275
3 8486
3 1992
3 6080
3 5670
3 68
3 501
3 394
3 8232
3 1786
3 3668
3 761
3 8785
3 9896
3 6832
3 3973
1 199 9843
3 8995
3 2086
3 7890
3 1235
3 9162
3 6528
3 8421
3 6707
1 1430 143
3 1908
3 346
3 1530
3 3927
3 3044
3 3737
1 86 9859
3 289
3 8907
3 8664
3 6859
3 1483
3 2530
3 7585
3 8083
2 9940 9817
3 2609
1 108 9894
3 7920
3 6968
3 957
3 1580
3 2791
2 9989 9938
1 51 9807
3 2351
3 4855
2 9879 9840
3 8870
3 4862
3 4149
3 9047
1 130 9856
3 5162
3 1735
1 88 9948
1 57 9960
2 9801 9855
3 2442
2 8402 125
2 9948 9943
1 2765 119
3 7262
3 4915
3 2581
3 9081
3 8774
3 2623
3 5140
3 982
3 7190
3 7450
2 1882 119
3 4287
3 4849
2 9999 9887
3 3573
3 2076
3 943
2 395 200
2 9815 9971
3 3946
3 3537
3 8369
3 6457
2 9925 9905
3 9730
1 6030 192
2 9905 9815
3 8616
3 8581
2 9828 9924
3 5532
3 5049
3 914
3 2350
3 9089
3 7882
1 175 9951
3 5396
3 5423
1 14 9831
3 1019
3 3284
3 4115
3 8526
3 7673
3 5769
3 9407
3 7504
3 9415
3 9333
3 786
3 5717
3 4108
3 7714
3 6458
3 2195
3 6368
3 663
1 4694 127
3 8490
3 8047
3 9002
3 2549
1 39 95
3 4253
3 6771
3 6350
3 250
2 9982 9885
3 9572
3 1427
3 9663
3 2413
3 1957
3 4977
2 9925 9962
3 9444
3 736
3 5313
2 9806 9978
3 8067
3 8379
3 8430
3 8858
3 1815
3 6343
3 4981
3 7560
3 1529
3 215
3 7090
3 2640
3 842
1 44 9922
3 6383
1 3021 167
3 1337
3 1978
3 3672
3 2504
3 5315
2 9973 9955
1 8129 54
3 766
3 6652
3 9196
3 7565
3 4113
3 8706
2 9858 9900
1 55 9862
3 1135
3 8601
3 4021
3 8377
3 9978
3 6226
3 7050
3 6402
2 9915 9800
3 5568
3 7101
3 7767
3 3052
3 3211
3 7400
3 959
1 50 9809
2 9825 9827
3 783
3 1466
3 2076
3 2867
3 8109
3 7156
1 42 9893
3 7423
3 2467
3 6169
3 6728
3 8903
1 9063 196
3 12
3 7231
3 5175
1 65 9904
1 134 9997
3 7460
2 9908 9878
3 4666
3 5243
2 9935 9903
3 5558
3 1579
3 7150
1 146 9924
3 8376
3 2342
3 571
1 2941 46
3 1798
3 232
3 1254
1 83 9975
2 9827 9944
1 115 9836
3 5075
3 7212
3 1030
1 61 9934
3 3940
3 6826
2 9878 9852
3 9560
2 9189 63
2 9896 9999
3 7640
1 96 9946
3 7726
3 2640
3 4730
3 81
3 251
3 4294
2 9883 9931
3 1954
3 5822
3 3130
3 8282
3 2349
3 443
3 2226
2 6942 62
1 108 9802
3 4481
3 3340
1 130 9944
3 7154
2 6040 12
3 4679
3 9633
1 9839 161
3 2413
3 7432
3 1394
3 9061
2 9821 9852
3 8998
1 124 9866
3 20
3 8781
3 734
2 9850 9928
3 9388
3 3827
3 636
3 6830
1 7533 115
3 9784
3 397
3 9201
2 9838 9896
3 922
1 75 9999
3 2895
2 9827 9942
3 5303
3 8541
3 8301
2 9976 9944
3 7293
3 1286
3 1651
3 2603
3 3195
1 42 9929
3 3859
3 8933
3 8241
3 3387
3 6524
1 118 9890
3 6488
2 9872 9888
3 3232
3 4767
3 7995
3 7896
3 641
2 9832 9947
3 1355
3 2809
3 8436
3 2006
3 4184
3 4338
2 9934 9996
1 7822 68
3 2874
3 8108
2 6529 185
1 27 9961
3 6499
3 1505
3 3531
3 6376
1 111 9998
3 6939
3 9475
3 5653
1 3892 82
1 6 9985
3 8099
3 3729
3 7988
3 1612
2 9873 9814
3 6823
3 8318
3 7890
3 5098
3 333
3 1210
2 9878 9922
3 9066
3 1174
2 9820 9912
3 2028
3 6232
3 6880
3 7340
1 166 9821
3 9788
3 9896
