10000 10000
3 6609
3 8367
3 5027
3 650
2 9888 9817
2 9932 9859
3 5555
3 4215
3 9847
3 6029
1 82 9983
3 1525
3 353
3 7000
3 3384
3 6298
3 9330
3 3993
3 2852
2 9918 9828
1 4965 10
3 3419
3 4991
3 1931
3 4524
3 8986
3 359
3 3549
3 262
3 3704
2 9892 9882
3 6207
2 9954 9999
3 4798
1 2764 150
3 8774
2 9960 9846
3 8201
3 8898
3 1301
3 9192
3 5379
3 8746
3 1157
3 3537
3 9228
3 1719
3 295
3 771
3 9208
3 2219
3 2510
1 42 9845
3 8798
1 11 9958
3 6427
3 6060
3 3206
3 6162
3 1970
3 1841
3 1611
3 7716
2 9809 9833
1 9 9966
3 2590
3 4986
1 198 9972
2 9813 9991
3 9977
1 127 9931
3 1325
3 1096
3 3105
3 4914
3 3917
3 7584
3 7007
3 7562
3 1554
3 9682
3 5654
3 6797
3 191
3 2657
3 9861
3 8447
3 3018
1 91 9839
1 157 9884
1 83 9833
3 1821
2 9992 9869
3 4085
3 3885
3 844
3 3825
3 6621
1 3956 106
1 85 9988
3 6869
3 1703
3 5561
3 1875
1 193 9855
3 4098
3 8555
3 5346
3 504
3 7667
2 9887 9868
3 7275
2 9865 9938
3 169
3 1402
3 9812
1 13 9822
3 9594
3 7688
3 4603
3 2147
1 171 9909
3 2713
3 1476
1 189 9945
3 8772
3 8069
3 7420
3 1984
1 100 9851
3 7330
3 1867
1 47 9828
3 6702
3 8982
3 1087
3 5046
1 5980 40
2 9921 9902
3 7629
3 3315
3 8591
2 9891 9967
3 9228
2 9908 9920
3 9306
3 6481
3 1332
2 3529 51
3 5275
3 9062
3 478
3 3747
3 4753
3 1409
3 5565
3 9123
3 6250
2 9843 9920
3 1820
3 4180
3 9579
3 3000
2 9930 9904
1 174 9972
2 459 14
3 9380
3 7902
2 2504 23
3 8746
3 3466
3 2123
3 7170
3 5376
3 4309
3 8398
3 1512
3 3335
2 7623 110
3 9391
3 1111
3 4645
3 4750
2 9954 9985
2 9940 9902
1 198 9874
3 7333
3 8116
1 2569 142
3 8375
3 2371
3 6063
3 6649
3 6832
3 6039
3 7576
3 3230
3 6391
3 181
3 8844
1 103 9844
2 9938 9922
2 9809 9819
3 5785
3 9120
3 2961
3 3387
3 4731
3 3044
3 4055
3 9154
2 9943 9801
3 9428
3 4445
3 6204
3 1428
1 182 9964
3 7961
3 53
3 2028
2 9880 9811
1 200 9923
1 121 9981
3 5547
3 7729
2 9802 9866
1 33 9900
3 1678
3 1397
3 7899
3 8281
3 4573
2 9844 9826
3 6467
3 8946
3 3370
3 131
3 7930
2 8383 33
3 1171
3 504
3 629
3 5683
3 8774
3 3894
3 5729
3 2619
3 9419
3 145
1 129 9941
3 885
3 1551
3 888
3 3913
3 1276
3 6311
3 9155
1 34 9996
3 404
3 2510
3 8579
3 933
3 3414
3 3830
3 497
2 9907 9886
3 4306
3 935
3 177
3 2648
3 2798
3 6940
3 2645
3 3480
3 1024
3 4642
3 6973
3 6579
3 3083
3 7852
3 528
2 7865 64
3 8714
3 8024
2 9925 9978
3 8913
3 1453
3 5240
3 3065
3 5222
3 6308
1 3925 130
3 7167
1 25 9979
3 8001
1 128 9972
3 6148
3 4508
2 9968 9888
3 7408
3 8160
3 7433
3 8733
3 903
1 132 9990
3 6776
3 9262
3 3878
3 4707
3 5303
3 3667
3 9567
3 8457
3 6571
3 6216
3 2708
3 3223
3 1254
3 9754
3 5884
3 1060
3 2491
3 1705
2 9940 9926
3 3940
3 5337
3 3471
3 5596
3 7544
3 8152
3 329
3 5706
3 9241
3 9318
3 9556
3 4449
2 9999 9895
2 9880 9975
3 306
3 6841
3 7004
3 6401
1 62 9835
3 4153
1 6012 141
2 9976 9912
3 4403
3 7680
3 8150
3 6929
2 9981 9922
3 5882
1 98 9860
3 362
3 907
3 9247
3 1291
1 149 9994
2 9861 9953
1 131 9992
3 592
3 5083
3 6533
1 59 9853
3 8109
3 1422
3 7750
3 7969
3 2868
3 4565
3 580
3 7188
3 8004
3 5257
3 3047
1 152 9903
3 6331
3 2029
3 2735
3 6514
3 8337
3 7770
3 5862
3 6194
2 9977 9990
3 7566
3 322
3 9633
3 9200
3 8453
3 4303
3 8743
2 1621 65
3 8637
3 7733
2 9872 9875
3 5997
3 4823
3 8942
3 1153
3 6824
3 5414
3 4637
3 9041
3 5729
3 3616
3 4359
1 5295 24
2 9999 9908
3 706
3 8399
3 305
1 155 9980
3 7324
3 4353
3 4663
3 8339
3 8525
3 1624
3 3338
3 1320
3 2487
3 8592
3 6697
3 3687
3 8821
3 5964
3 6347
3 694
3 7638
3 6409
3 7960
3 5896
2 9990 9836
3 5323
3 3751
3 3982
2 9851 9817
2 5138 86
3 6558
3 7543
3 6147
3 3884
3 9700
3 4200
3 8612
3 8841
1 143 9850
3 1927
3 8791
3 1680
3 4862
3 4663
3 9152
3 5009
3 8121
3 5562
3 9379
1 23 9923
1 44 9949
1 41 9848
3 1174
3 517
3 1030
3 2317
3 7277
3 2480
3 8927
3 3061
1 45 9825
3 8567
3 1581
3 3580
1 3036 128
3 9094
1 145 9911
3 8947
3 2199
2 9948 9903
3 7276
2 9991 9982
3 6738
3 6188
3 3536
3 2729
3 6248
1 142 9863
3 1539
3 2459
3 2894
3 6918
1 72 9956
3 2343
3 1503
3 1720
3 3978
3 5258
3 386
2 9968 9908
1 174 9882
3 4559
3 105
3 2573
1 149 9855
3 966
3 2299
3 5091
1 55 9875
3 4216
3 5060
1 48 9811
3 3513
3 8325
3 9896
3 1186
3 3340
3 302
3 861
3 4644
3 9386
3 7848
3 8049
3 4002
3 9998
3 7002
3 910
3 5633
3 122
3 8201
3 7462
3 1378
3 5323
3 9779
3 7746
3 6912
1 27 9812
3 4967
3 1532
3 8565
1 25 9912
3 8902
3 122
2 9944 9811
3 5224
1 108 9843
3 2566
3 8570
3 1139
3 816
2 9942 9933
3 8122
1 53 9992
2 10000 9979
3 2717
1 172 9863
3 8097
3 9697
3 1836
1 3798 85
1 1939 168
3 8146
3 5563
3 6112
3 572
2 9896 9938
3 8217
3 1818
3 2027
1 3556 197
3 5752
3 5029
3 1019
3 4233
3 2673
3 434
3 4420
3 9615
3 4537
3 5620
3 7453
3 5524
3 2156
3 3101
3 3194
3 3682
3 5368
3 6715
2 9977 9950
3 1100
3 8340
3 6906
3 8129
3 6563
3 2979
3 7728
3 249
3 2156
3 9744
3 5202
3 2639
3 8045
3 8184
3 8603
3 5239
3 1579
2 9915 57
3 2721
3 5686
3 4063
3 3633
3 2567
1 178 9928
2 9872 9816
2 3543 87
3 5840
3 7704
3 912
3 4739
3 2509
3 4659
3 342
3 9582
1 91 9858
3 586
3 3574
3 6666
3 9275
3 2227
3 5797
3 4308
3 2792
2 9935 9962
3 7936
3 6726
3 8506
1 163 9927
3 7455
3 8063
2 9855 9986
3 6210
3 2439
1 72 9821
1 67 9880
3 9353
3 2976
1 107 9944
3 2780
3 8847
3 7007
3 1683
3 9616
3 697
3 1790
3 9484
1 33 9884
3 7437
3 6393
2 9826 9922
3 8328
3 2013
2 9960 9964
2 9944 9977
3 8493
3 782
3 4794
3 8153
3 8769
3 8959
1 3 9949
3 5307
3 2822
1 78 9851
3 6550
3 2088
2 9846 9858
3 7825
3 3075
3 7637
3 8548
3 785
3 3636
3 6525
3 6073
3 5595
3 6906
2 9823 9933
3 7046
3 3316
3 7050
3 4360
3 9658
3 1632
3 378
3 723
3 5224
3 2250
3 7900
3 4770
3 5110
1 76 9923
3 4947
3 4894
3 3943
3 2350
2 9826 9814
3 2224
1 199 9920
2 9918 9862
3 5851
3 4763
3 9581
3 4022
3 1495
3 1368
3 4701
3 2538
3 6845
3 7582
3 3309
3 1917
3 8123
3 6116
3 1982
3 1862
1 5572 21
3 1224
1 13 9855
3 4736
3 1254
3 6100
3 4262
3 1797
3 3934
1 101 9990
1 5775 136
3 3688
3 7758
3 664
3 1314
2 9989 9966
3 7006
3 5717
3 6790
3 6419
3 8466
3 9758
3 4796
1 5751 100
3 3157
3 8240
3 1598
3 4699
3 7879
3 2479
2 9831 9982
1 113 9885
3 6051
3 7325
3 9438
3 532
3 4855
3 4651
3 1409
3 1731
1 172 9902
3 1582
3 9715
1 72 9851
1 64 9967
2 9824 9910
2 9835 9839
3 8629
3 1878
1 448 18
3 9177
2 499 46
3 3857
3 9832
3 8696
3 2302
3 7876
3 4860
3 6205
3 6833
1 48 9814
3 4785
3 5653
3 9527
3 2880
2 9818 9893
1 19 9953
3 6200
3 4906
3 3360
3 5743
3 5439
3 3363
3 2030
3 4270
3 5029
3 805
3 8795
3 563
3 231
3 128
3 86
1 137 9821
3 6013
3 4837
3 3991
3 489
1 159 9901
3 5961
2 9802 9864
3 4918
2 9953 9935
2 9877 9907
3 3668
3 5169
3 6296
3 7919
3 4506
3 3160
3 3122
3 2831
3 2518
1 42 9871
3 1198
3 211
3 9621
1 31 9972
3 841
3 4345
3 7577
3 1118
3 9412
3 4141
3 6896
1 38 9950
3 2278
3 6449
3 3147
3 5337
1 67 9805
3 7500
1 73 9807
3 9256
3 7902
3 2568
3 7110
1 54 9970
1 198 9889
1 8543 82
3 8742
3 5332
3 8704
3 8868
3 9087
2 7454 113
3 6040
3 1062
2 9959 9809
2 7681 188
3 2430
3 3427
3 1722
3 850
3 5851
3 5084
3 2343
2 9941 9893
1 23 9989
1 93 9885
3 4110
3 3396
2 7191 49
3 866
3 7461
3 7767
3 6745
3 5236
3 529
1 2623 68
3 9816
3 671
3 4104
3 7008
3 1221
3 243
3 696
3 1898
3 3383
3 5531
3 4354
3 5639
3 3789
3 5885
3 9506
3 1310
3 7258
3 7979
1 166 9851
3 1351
3 5442
3 2757
3 8181
3 1696
3 4974
3 8594
3 75
3 1995
3 8474
3 3328
3 9537
3 4051
3 3665
3 352
3 8367
3 3182
3 6263
3 4782
3 104
3 6068
3 5919
3 2163
3 2281
3 3938
3 8548
3 6416
1 101 10000
3 1315
3 3635
3 6805
3 2525
3 7571
3 1612
3 7268
1 125 9895
3 3093
3 2053
1 2145 9
3 210
3 6152
2 9833 9956
3 7150
3 2358
3 9219
3 675
3 3650
3 7111
3 3136
3 8761
2 9982 9807
3 6730
3 6334
3 3882
3 1327
2 9956 9979
3 7702
1 27 9981
1 3313 148
3 4501
3 8582
3 4959
3 1908
3 1924
3 6894
2 9886 9978
2 9908 9888
3 5335
3 4599
3 1520
1 6522 37
3 5884
3 5919
3 769
3 4589
1 167 9965
3 1894
3 2257
3 9790
3 1914
3 7518
2 9331 108
3 3749
1 106 9977
3 2887
3 5974
3 7228
3 1318
3 3058
3 131
3 930
3 2541
3 8650
3 6616
3 1176
3 4508
3 4028
3 3104
3 2307
2 9848 9977
3 870
3 4178
3 292
2 8772 179
3 7368
3 143
3 6132
3 3930
3 721
3 6937
2 2199 78
3 1552
3 751
3 1562
3 5030
3 1338
1 5 9819
3 1903
3 8601
3 1477
3 9089
3 9084
3 6970
3 3993
3 2995
3 3636
1 65 9886
3 176
3 9540
3 4155
3 6687
1 125 9997
3 6196
3 1829
3 1734
3 900
1 7 9914
3 3320
3 6978
3 6570
3 173
1 47 9840
3 1419
3 4951
2 4362 5
2 9830 9858
3 5188
3 6967
3 443
3 3178
1 150 9973
3 6100
3 2672
2 9808 9872
3 4255
2 9897 9929
3 8483
2 9996 9825
2 9830 9991
1 104 9897
3 254
1 35 9972
3 6721
3 6561
3 2609
1 2838 80
3 9157
3 4094
3 9620
3 7643
3 5317
1 4123 100
3 4700
3 1336
2 1157 87
3 7248
3 463
3 1496
3 2690
2 9836 9848
1 6854 146
3 1932
3 347
3 2887
1 7988 187
3 8439
2 9928 9837
3 5786
3 3558
2 9922 9819
3 9656
3 3553
1 42 9915
1 6507 118
3 8570
3 409
3 5746
3 6868
3 4374
3 3719
3 8022
3 7089
3 7817
3 8443
3 1439
3 1914
3 1641
2 9975 9802
3 5008
3 135
3 4771
3 5413
3 6521
3 4705
2 9876 9856
3 7538
3 3539
3 3246
3 9873
3 1583
2 9915 9920
2 9889 9975
3 9985
1 37 9868
1 200 9895
3 3648
2 9943 9948
3 9302
2 316 144
2 9886 9963
3 8007
3 8324
2 9925 9993
3 3984
3 4299
2 9959 9984
3 3572
3 7547
3 2430
1 31 9984
3 2566
3 4748
3 2737
2 9923 9894
3 7786
3 491
3 35
1 62 9933
3 9991
3 8274
3 5192
3 1534
3 8644
3 3876
3 1047
3 9532
3 6952
3 584
3 1641
3 3514
3 2812
2 5887 85
3 8395
1 7 9937
2 9816 9974
3 6849
3 8589
1 9678 115
3 4689
3 2415
2 9830 9958
3 5457
3 8232
3 9934
3 8346
3 6509
1 184 9918
3 2527
3 1705
3 9559
1 32 110
3 995
3 299
1 47 9930
3 1373
2 9927 9855
2 9913 9828
3 8496
3 1509
3 5342
2 7454 85
3 5309
3 6224
3 216
3 8970
2 6709 155
3 5056
3 9663
3 7544
3 3599
3 7210
3 4181
3 6117
3 2915
3 6096
3 2591
3 7089
3 586
2 9863 9957
3 2311
3 3892
1 56 9822
3 3035
3 5269
3 119
3 712
3 576
3 3834
3 5550
3 3330
3 1735
3 976
3 4936
3 4944
3 6015
3 3913
2 9831 9833
3 212
3 3286
3 9791
2 9808 9912
3 1520
1 53 9822
3 1161
2 9887 9979
3 4881
3 3307
3 1455
3 9967
1 8779 41
1 125 9927
3 8094
3 5671
3 4861
3 5918
3 8465
3 6516
2 6709 89
2 9893 9967
3 8533
3 9129
3 3756
2 9939 9883
3 3933
3 4112
3 6325
3 5100
3 5576
1 37 9868
3 2108
3 6207
3 6072
3 7595
2 9922 9892
2 9875 9994
3 9761
3 9104
1 145 9953
3 311
3 3033
2 9915 9842
3 1440
3 9349
3 817
3 3633
3 7216
3 2006
1 182 9833
3 5723
3 2572
3 5045
1 128 9945
3 222
3 3343
2 9808 9943
2 9915 9900
3 3092
3 3298
1 43 9929
3 8043
2 605 91
1 40 9999
3 6347
2 8052 23
3 4885
3 6
3 1498
3 702
3 2887
3 6876
3 4017
3 9393
1 660 97
3 943
2 9801 9972
3 3576
3 4880
2 1174 7
3 5528
3 654
3 9371
3 5888
3 2055
3 8359
3 4436
1 6746 34
3 416
3 1445
3 5954
3 5567
3 9570
1 125 9961
3 22
3 4587
3 8175
3 2911
3 9243
3 5402
3 90
2 9907 9901
3 3112
3 583
2 9907 9902
3 1222
2 9956 9876
2 3933 143
3 4527
3 676
3 5504
3 3725
3 2917
3 8828
1 150 9987
3 8536
3 9505
2 9926 9852
3 8810
2 1791 155
3 6035
3 3954
3 3377
3 9470
1 83 9941
3 6389
3 1674
1 86 9865
3 7163
3 6156
3 2997
3 2560
3 3590
3 5098
1 131 9940
3 6908
3 3693
3 2815
3 5976
3 5198
1 116 9955
3 4178
3 879
3 5485
1 160 9975
3 1402
1 5973 39
3 7150
2 7084 69
3 1279
3 8378
2 519 83
3 2391
1 39 9881
3 3990
3 3448
3 7204
3 8491
1 9376 131
3 6303
3 5103
2 9936 9900
3 2259
3 5292
3 4931
3 5414
3 5585
3 8651
3 2238
3 172
2 9977 9959
3 5345
2 9837 9838
2 9936 9925
3 6891
3 8869
2 9862 9873
3 566
3 7076
1 141 9844
2 9952 9899
3 2393
3 4543
3 3494
1 13 9869
3 6735
1 147 9942
1 94 9928
3 3827
3 3526
3 2032
3 2288
3 2081
3 2686
3 3407
2 9828 9837
3 5601
3 6078
2 4353 172
1 159 9885
3 7845
3 6241
3 8031
3 1206
3 4416
3 8588
3 2930
3 4730
3 5572
3 2453
3 5654
3 4306
2 9844 9810
3 7953
3 8035
2 9882 9948
3 6018
1 72 9843
3 3530
3 3762
3 4606
3 2883
3 1225
2 9833 9934
3 1790
3 7795
3 806
2 585 166
3 3950
3 3551
2 9548 134
3 1194
3 9184
3 1685
1 187 9863
3 3160
3 4596
2 9872 9863
3 5702
3 6522
1 2110 143
3 1732
3 3437
3 5731
3 7636
3 2383
3 4011
3 9168
3 2437
3 4059
2 9934 9969
3 6792
3 9134
3 8059
3 5923
3 5252
1 15 9883
3 4022
1 197 9840
3 8268
3 3776
3 1055
3 8414
3 550
3 838
3 3777
1 22 138
3 4009
3 4518
3 205
3 7186
3 2230
3 5389
3 4360
3 5314
3 2465
3 5650
3 9764
3 6169
3 8677
3 1755
1 117 9892
3 8899
3 7040
3 3028
3 4132
3 462
3 1106
1 1259 65
3 4266
3 9350
3 7961
3 68
3 5852
3 7436
3 7295
3 2261
3 320
3 6720
1 172 9821
3 687
3 6323
3 7239
3 9205
3 9587
3 1367
3 925
1 65 9852
3 4011
2 9994 9891
3 46
3 4407
3 8979
2 9982 9960
3 4763
3 6462
1 8514 19
3 4782
3 8827
3 7079
3 3937
2 9967 9828
3 1692
3 4855
3 5568
3 7880
3 5392
3 1528
3 9621
3 7270
3 7024
3 3768
3 3964
3 1727
1 170 9826
3 8711
3 3900
3 5357
3 6741
3 2239
3 6428
3 3824
3 9511
1 137 9844
3 9010
3 334
3 4883
3 3213
1 92 9931
3 4332
3 3908
3 3999
3 5895
3 2260
3 8626
3 5533
3 3943
3 8410
3 6828
3 7446
3 1772
3 9018
3 778
3 1815
3 5662
3 2262
3 3511
3 7724
3 6926
3 9506
2 9834 9994
3 4360
3 1602
3 3094
3 7112
2 9814 9891
2 9800 9914
3 6741
3 9755
3 8860
2 9907 9939
3 554
3 7163
3 518
3 6438
3 1776
2 9958 9876
2 9951 9800
3 6363
3 7384
3 8284
2 9865 9882
3 8116
3 3760
3 4947
3 4169
3 7733
3 3448
3 2588
1 164 9845
1 39 9913
2 9802 9843
3 4016
3 7221
3 2002
3 558
3 1684
3 4569
3 5998
1 98 9825
2 10000 9925
3 2930
1 7 9829
1 9709 122
3 955
3 1200
3 9904
3 323
3 6255
1 176 9969
3 7399
3 9153
3 1487
1 6 9981
3 4861
3 2809
3 6045
3 1334
3 5759
3 9415
3 2216
3 5773
3 9881
2 9883 9896
3 52
3 2427
3 2095
3 4969
3 9679
3 6587
2 9827 9956
3 2080
3 7296
3 8427
3 4778
3 9227
3 3929
1 21 137
3 9470
3 6139
3 6091
3 8118
3 4890
3 3796
3 6309
2 9840 9977
3 1587
3 6887
3 3752
3 5182
3 2813
3 9670
3 4502
3 5327
3 9968
3 9777
3 2164
3 5459
3 9322
1 17 9867
1 153 9937
3 7721
3 1675
3 4696
3 8547
3 9130
3 3869
3 7914
3 2724
3 8852
3 1968
3 7634
3 9129
3 4991
3 25
3 4599
3 9564
3 7708
3 4428
3 2489
3 6534
3 3013
3 1140
1 187 9978
3 7321
3 4422
3 1703
3 1218
3 331
3 9971
3 1661
2 9959 9897
3 6250
2 9880 9994
3 159
3 9626
2 9926 9897
3 2943
3 2327
3 5980
3 4347
3 1846
3 1721
3 1322
1 147 9974
1 68 9860
3 3221
3 8775
3 3376
3 3670
3 1583
1 120 9836
3 7357
3 6076
2 9883 9932
1 6941 185
3 8716
3 6456
3 5919
3 5313
3 3775
3 3235
2 6429 25
1 192 9832
3 2762
3 7940
2 9814 9905
3 1392
3 1276
3 7047
3 3546
3 6070
3 8697
3 5050
1 32 9905
3 943
3 7459
3 7328
3 9879
3 6966
2 9935 9892
3 3513
3 4921
2 9871 9950
3 3409
3 9676
3 5603
1 7788 114
3 1549
3 8392
1 195 9998
3 6234
3 3585
3 9955
3 3576
3 9507
2 9862 9965
3 7121
3 8814
2 9917 9816
3 909
1 72 9825
1 182 9855
3 5184
3 2486
3 6104
3 529
1 137 9946
2 9814 9947
3 539
3 9487
1 116 9816
2 611 130
3 3545
3 2000
3 4913
3 9836
3 8336
3 3902
2 9972 9959
3 9327
3 2936
1 151 9873
3 6036
3 6158
3 1830
3 787
3 4132
3 5032
3 1399
3 3888
3 8706
1 153 9808
3 6348
3 2941
2 9896 9879
3 4841
3 6203
2 9869 9853
3 2407
3 1692
3 3978
3 1313
3 8460
3 1805
3 2240
3 9012
2 7238 11
3 9785
3 3241
3 224
3 1661
3 3041
3 5204
3 819
2 9833 9921
2 9953 9991
3 36
3 3474
3 6486
2 9848 9801
1 192 9975
3 8300
3 8939
3 5863
3 3240
1 38 9856
3 1803
3 3043
3 477
3 5403
3 6238
3 4076
3 1409
3 2839
3 1037
3 7313
3 2136
3 98
3 7573
3 4596
3 1904
3 5091
3 8347
1 120 9896
3 5563
3 4633
3 131
3 7639
3 875
3 3127
3 2733
1 168 9943
1 90 9963
2 9840 9964
3 4849
3 3076
1 3428 97
3 4620
3 735
1 5 9950
3 2632
1 27 9930
3 6348
3 1743
3 8095
3 3635
3 2427
3 2994
3 5644
1 71 9924
3 8102
3 6686
2 9958 9802
3 6835
3 7699
3 5
1 118 9853
1 175 9963
3 4728
3 6684
3 7136
3 120
3 6695
3 6754
3 7616
3 8513
3 9920
3 3512
3 225
3 9896
1 30 9806
1 132 9818
3 3441
3 7367
3 9956
2 9837 9806
3 1474
2 9873 9998
3 2374
3 8458
3 4564
3 1727
3 9723
3 2684
1 4 9816
3 1044
2 9984 9890
3 4873
2 9821 9958
3 7242
3 2902
3 3007
3 3484
3 7995
2 3860 39
1 5768 161
3 6777
2 9939 9996
3 9906
3 1781
3 4497
3 3765
3 5110
3 5228
3 732
3 9286
3 2453
3 9957
3 5498
3 9626
2 9993 9847
2 9828 9949
3 91
3 2836
3 4533
3 816
3 9631
3 753
3 2851
3 9242
2 9823 9938
1 106 9822
3 6367
3 8618
3 8528
3 3829
1 13 9959
3 1099
1 156 9876
3 7577
3 9344
3 2306
3 8797
2 9836 9926
3 2393
2 9980 9816
2 9872 9839
3 9731
3 9381
2 8285 121
3 479
1 15 9807
3 6285
3 8873
3 9670
3 6577
3 4784
3 7421
3 727
3 4809
3 8496
3 4989
2 9982 9827
3 8023
3 3699
3 1270
3 8175
2 9818 9951
3 2888
3 3733
3 3212
3 4120
3 9854
2 5240 106
3 8329
2 9989 9820
3 7336
3 7172
3 1947
3 8682
3 2397
3 1459
3 2986
3 4255
3 4099
3 3938
3 1804
3 4708
3 6643
3 8934
3 8578
1 9753 31
2 9945 9879
3 6320
3 4646
1 4228 169
3 3321
3 2426
3 4856
3 5887
2 9909 9976
2 4178 120
3 2844
3 1242
3 4264
3 9480
3 3852
3 7286
3 3567
3 5923
3 7794
3 5718
3 3387
3 1557
3 7597
3 3400
3 760
3 5543
3 5011
3 8549
3 305
3 4458
3 3300
3 9617
3 7106
2 9962 9993
2 9812 9883
2 9890 9862
3 6654
3 5554
3 1731
3 2563
1 1966 6
3 8087
3 2578
3 4461
3 234
3 686
3 7170
3 6382
3 9069
3 5592
1 107 9862
2 4038 51
2 9864 9864
2 9878 9904
1 85 9800
3 7162
3 4101
3 1816
3 6021
2 9995 9948
1 176 9832
1 87 9999
3 1161
3 9831
3 2972
3 5321
3 6717
3 1035
3 955
3 2658
3 5502
2 9872 9854
3 5449
3 3091
3 3992
3 716
1 7802 185
1 175 9931
3 6369
2 9970 9996
1 165 9998
3 5305
3 6519
3 1999
3 1086
3 5316
3 8255
3 4787
3 772
3 92
1 39 9846
3 2202
3 2936
1 194 9828
1 8732 184
3 2206
3 5239
3 7333
1 41 9859
3 1992
3 8119
1 149 9996
3 6181
3 6974
3 2562
3 3902
3 459
3 9198
3 5109
2 9957 9835
3 4682
3 7923
3 1875
2 8862 197
3 6587
3 788
3 4662
3 5028
3 5392
3 4870
3 5057
3 2388
1 1226 25
3 9402
3 9297
3 2875
3 1670
3 2883
3 6498
3 3873
1 8075 8
3 6872
3 8669
3 4323
1 187 9934
3 3469
3 1040
3 8059
3 7250
3 5574
3 3667
2 9843 9866
3 3596
2 9826 9832
2 9833 9855
3 923
3 2600
3 4095
3 9281
3 2782
3 6839
3 5039
3 2866
3 5899
3 1902
1 89 9863
3 7626
3 3930
3 6454
3 1078
3 3974
3 6403
3 3520
3 3936
3 8085
3 7320
3 9334
3 6822
3 9413
3 3777
3 9280
1 19 9953
3 7077
3 5627
3 5010
3 4512
2 686 147
2 9899 9952
3 2782
3 1937
3 1812
3 8219
3 9225
3 8337
3 4523
3 2151
3 4782
3 6099
3 2533
2 9983 9837
3 7872
3 6095
2 9853 9939
3 6929
3 7626
1 191 9914
3 5613
3 1527
3 5079
3 7285
3 9717
2 9833 9828
3 564
3 9342
3 7680
3 8234
2 9896 9889
1 35 9912
3 8994
3 831
3 5028
3 5779
3 7496
3 8920
3 1956
3 736
3 3801
3 8545
2 9965 9839
2 9938 9890
3 9621
3 3318
3 6732
3 6661
3 8198
2 9845 9868
3 8246
3 2346
3 9787
1 120 9877
3 4574
3 1900
2 9951 9983
3 8439
3 5672
3 6442
3 2702
1 51 9900
3 227
3 232
3 4674
3 2516
3 1476
3 548
3 8481
1 134 9875
3 1944
1 8754 162
3 8258
3 1074
3 8902
3 1163
3 6435
3 7404
3 8316
3 8048
3 1659
3 8445
3 5214
3 1802
1 28 9991
3 4561
1 118 9881
3 4922
3 6466
3 5805
1 106 9826
3 4250
3 2870
3 8775
3 1660
3 9608
3 1233
3 2811
3 2638
3 499
1 71 9944
3 8852
3 6104
3 9665
1 164 9931
2 9805 9831
2 9937 9849
2 9994 9848
3 144
2 9840 9883
3 5646
3 3339
1 40 9887
3 6421
3 62
3 8299
3 7807
3 6837
3 8584
1 160 9904
3 3554
2 7977 189
3 8501
3 2424
3 9432
3 4012
2 8055 72
3 4744
3 2667
1 16 9936
3 1397
3 6199
1 45 9843
2 9868 9826
3 1904
3 8853
3 4650
3 6677
3 26
3 4052
3 4817
3 4235
3 6478
3 2878
3 310
3 3925
3 6028
3 8511
3 9359
3 9068
3 9188
3 6340
3 5515
3 9090
3 5856
3 3031
3 2359
3 7391
3 9218
3 7136
1 7139 163
3 6583
3 7839
3 3937
3 7874
2 9972 9949
3 5597
3 4153
3 9434
3 2727
3 6494
3 2803
3 467
3 9859
3 4283
3 7727
3 3752
3 6438
3 5633
1 101 9971
3 1277
2 9968 9853
1 5796 83
3 8405
3 3132
3 2411
3 8574
3 9057
3 4715
3 3888
3 5808
3 5886
3 6987
3 4940
3 6786
2 9814 9847
3 9486
3 688
3 5643
3 8720
1 19 9866
3 4945
3 5409
3 813
1 69 9891
3 5074
3 7842
3 4210
3 5809
3 6436
2 9814 9849
3 3759
3 4989
3 9216
3 1277
3 4055
3 965
1 102 9987
1 81 9973
3 6631
3 8621
3 349
1 116 9863
3 8836
3 322
3 4763
3 4601
3 7872
3 791
3 5396
3 8978
3 7281
1 111 9928
2 5263 30
3 627
3 5202
3 8766
1 83 9913
3 4015
3 4813
1 79 9989
3 6207
3 2198
2 9870 9868
3 9626
3 7046
3 4305
3 5298
2 9861 12
3 911
2 5168 19
3 1203
3 7666
3 1547
3 116
3 8896
3 259
3 3959
3 4669
1 178 9997
2 9854 9986
2 5326 47
3 9477
2 9802 9827
1 158 9826
3 2359
3 7308
3 8759
1 166 9923
1 113 9948
3 1398
3 6763
3 2464
3 7485
3 1586
3 9047
3 8302
3 2556
3 5956
3 4877
3 417
3 5092
2 9830 9802
3 6635
3 3113
3 5426
3 4459
2 9959 9901
3 6576
2 9989 9847
2 9880 9936
3 6621
3 146
3 5694
3 6212
3 3122
3 1083
3 1274
3 6443
3 5191
3 6102
3 3200
3 4661
3 5610
3 9663
3 3299
3 5327
3 901
2 9813 9833
3 3225
2 9882 9976
3 5659
1 101 9929
3 8363
3 3710
3 1783
3 4208
3 6493
3 9272
1 45 9840
1 147 9927
3 2845
3 5821
3 8354
2 9941 9899
3 6914
3 4200
1 1 9976
3 7304
3 1248
1 177 9915
3 3438
3 440
1 123 9876
3 9696
3 3801
3 6190
2 1826 157
3 994
3 5113
3 414
3 3532
3 2515
3 3379
3 6530
3 4085
3 9135
3 796
3 2624
3 1329
1 136 9979
2 9903 9981
3 7236
3 3740
3 7349
3 5580
3 7751
3 6659
3 4900
3 346
3 7158
3 4848
3 7988
1 5579 82
3 4859
3 6106
2 9896 9951
2 9839 9823
2 4594 129
3 7231
2 9934 9948
3 3124
2 3726 191
3 5282
3 2604
3 7231
3 3092
1 2861 127
3 2592
3 2135
3 2569
3 2166
3 2655
3 344
3 9681
3 3496
3 8727
3 3613
3 1599
3 4150
3 4865
3 567
3 4529
3 2131
3 5586
3 6503
3 6250
3 8002
2 9819 9968
3 9719
3 4149
3 2950
3 3283
3 8351
3 8045
3 1250
2 9924 9823
3 615
1 83 9852
3 8719
3 6888
2 9885 9824
3 7910
3 557
3 2602
3 9809
3 3523
3 5775
3 8536
3 8174
3 1473
3 4644
3 212
3 8672
1 6292 27
3 2748
3 2147
3 1086
3 9818
3 6796
3 8925
3 2308
3 1042
2 8208 173
3 675
3 5178
3 6233
2 9945 9963
2 9938 9950
3 7567
3 4841
3 3441
1 137 9871
1 65 9922
3 8504
3 886
3 1168
3 6205
3 1538
3 9367
3 6053
3 9966
3 2767
1 51 9968
1 185 9996
3 4570
3 8232
2 9932 9810
3 8979
3 4484
3 9361
3 5461
3 2536
3 4267
3 217
3 8185
3 5966
3 3801
2 9876 9989
3 7260
3 8243
3 8879
3 2033
3 6807
3 2337
3 57
3 5290
2 9869 9928
3 1847
1 96 9876
3 6780
1 149 9847
3 4612
3 6739
2 9901 9899
3 7786
3 7292
3 7497
3 5494
1 189 9936
1 6665 68
1 68 9863
2 8074 58
3 5240
3 558
3 2745
3 6687
3 5678
3 7998
3 3852
3 3069
1 2045 97
3 5317
2 9963 9885
3 1504
3 1216
3 6483
3 5699
3 3710
3 3843
3 4071
3 8110
1 1697 162
3 4356
2 3700 2
1 43 9833
3 7222
3 6467
3 9251
3 947
3 3285
2 9896 9970
3 5252
3 8989
3 2442
3 2278
1 555 40
3 8467
1 80 9888
3 9426
3 4606
3 4399
3 8821
2 260 34
3 9874
1 156 9876
3 7659
3 1727
3 7946
3 8221
3 7792
3 5663
3 9768
3 3679
3 7107
2 9819 9828
3 8193
3 2354
1 178 10000
3 6173
3 8865
3 4443
3 9519
3 6288
3 9963
3 2118
3 5979
3 5962
3 9059
2 9872 9955
3 657
3 2895
3 163
3 7513
3 4775
3 5438
3 8116
3 5496
3 7950
3 4740
3 9328
3 6887
3 1413
2 9993 9903
3 5452
3 7284
3 9597
3 372
3 3009
3 2754
3 4813
2 9822 9953
3 7639
3 1692
2 9886 9802
2 9951 9887
3 2469
3 771
3 4627
3 4677
3 6277
3 2655
3 8889
3 3394
3 4760
3 3626
3 4047
3 7705
3 6273
3 854
3 1183
3 5812
3 5265
3 6046
3 4205
3 8675
3 5385
3 7954
3 2584
3 7650
3 9248
3 9729
2 3594 98
3 5891
3 643
1 3238 95
3 354
2 9966 9889
3 4857
1 137 9903
2 9944 9846
3 2911
3 4500
3 6839
3 2542
3 8128
3 8083
3 1247
3 1832
3 2530
3 678
3 7379
3 9607
3 8203
3 2151
3 6870
3 3903
3 4448
3 4385
3 4616
3 3502
3 5331
2 1131 64
3 3948
3 4364
3 2879
1 17 9908
2 93 173
3 2246
1 82 9931
3 568
3 9002
3 4412
3 6298
3 9238
3 9925
2 9923 9886
3 1064
1 136 9896
3 6828
3 7294
1 116 9904
3 3925
3 7539
3 2658
3 7815
3 5869
3 3072
3 2979
3 3912
1 82 9939
3 819
3 6944
3 2426
3 9704
1 177 9915
3 3802
2 7099 54
3 9860
3 1145
3 7029
3 5319
3 7927
3 5822
3 9389
3 5726
3 7757
3 8964
3 6889
3 5490
1 9 9896
3 8525
3 8214
3 8768
1 3073 68
2 3874 125
3 8190
3 2944
2 1236 4
2 9184 154
2 9843 9804
3 4344
3 9029
3 2071
2 1472 195
2 9901 9893
3 3400
3 3771
3 3816
3 9559
3 930
3 3886
3 7609
3 2294
3 5546
3 9698
3 3321
2 9953 9971
3 50
3 7083
2 7787 82
1 2005 56
3 708
3 3854
3 9646
3 6483
3 3218
3 6180
2 9961 9958
1 62 9925
3 9587
3 8319
3 6046
1 184 9804
3 870
2 9830 9966
3 3007
1 168 9813
3 9518
1 120 9954
2 6827 139
3 5994
3 3967
3 2686
1 44 9945
3 9691
1 169 9957
3 1810
1 3112 192
3 5492
3 7505
3 2050
3 1660
3 6136
3 7894
3 2623
3 5931
2 4562 118
3 6839
3 7723
3 2169
1 162 9986
3 1051
2 9833 9821
3 923
3 2645
3 13
3 2384
1 188 9848
3 6221
3 6753
3 5901
3 9784
3 5120
3 3992
3 6739
3 7024
3 3908
1 195 9844
3 6524
3 2010
3 750
3 7825
2 9962 9979
3 522
3 2536
3 443
3 7801
3 5837
3 2314
3 868
3 9157
3 161
2 9966 9877
3 4333
1 1566 154
3 9507
3 4923
3 906
2 2005 83
3 3055
3 9427
3 3210
3 8280
3 4522
3 8180
3 304
3 5405
3 2306
3 7085
3 6068
3 8333
3 7979
3 1060
3 4082
3 6449
3 2034
3 1152
3 3365
3 513
3 4369
3 7931
1 130 9858
1 198 9948
3 1151
3 4239
3 9195
3 6640
2 9814 9907
2 9807 9993
3 7529
3 5955
3 5688
3 8674
3 5024
3 9052
3 4293
1 3078 19
3 9667
3 5115
3 9662
3 6818
3 145
3 9436
2 9927 9819
3 902
3 2312
2 9986 9833
3 1164
1 10 9979
3 4732
3 4812
3 813
3 6562
1 151 9996
3 8884
3 3255
3 5891
3 5059
3 6832
3 4190
3 8704
3 7781
2 9481 109
3 9603
3 4552
3 4681
3 7331
3 9811
3 1077
2 9853 9948
3 9592
3 7340
3 2078
3 548
3 6189
3 7546
3 9496
1 3122 64
3 6046
3 5482
3 1916
3 3265
3 1099
3 2680
1 2701 56
3 9331
3 638
3 345
3 5529
1 55 9915
3 1911
1 26 9918
3 2239
3 8674
3 5458
3 6475
3 5697
3 7293
3 8090
3 4075
2 9993 9967
1 174 9816
3 1436
2 9906 9861
3 9415
1 51 9861
3 3472
2 9824 9888
3 3959
3 2902
3 9064
3 1289
3 3264
3 4929
1 86 9977
3 3764
2 9870 9953
3 4585
3 5523
3 6125
1 18 9959
3 3908
3 6426
3 7276
3 5478
3 566
3 556
3 1370
3 5427
3 2052
3 796
3 5172
3 4012
3 4893
3 8802
3 430
3 9694
3 7368
3 1445
3 4282
3 5303
3 7420
3 8437
3 6276
2 9955 9904
3 6793
3 7221
3 8179
3 1279
3 4890
3 9915
1 79 9884
1 134 9981
3 9965
3 5147
2 8802 69
3 804
3 7614
3 5699
3 1494
3 1653
3 4111
3 8565
2 9958 9895
3 1285
3 911
3 3198
3 4518
3 3342
1 76 9903
3 3716
3 7273
3 8982
3 6413
3 8124
3 6050
3 8534
3 3716
3 3883
3 8104
3 8680
3 4295
3 8917
3 1161
3 8674
3 1465
3 9625
1 38 9938
3 9027
2 9993 9956
3 3726
3 7364
2 9966 9860
3 5479
3 5980
3 2260
3 9200
3 2199
3 9273
2 9875 9818
3 1559
1 33 9965
3 4035
3 2101
3 2384
3 9994
3 4841
3 8310
3 9751
2 8376 183
3 308
3 7688
2 9846 9996
3 9543
1 39 9882
3 8033
1 79 9944
2 9802 9981
3 5083
2 9812 9995
3 9202
3 3726
3 1360
1 182 9939
3 8221
2 9908 9936
3 2999
3 6589
3 2885
3 3341
3 9901
3 1022
3 5335
3 4155
3 3682
3 2594
2 9803 9998
1 39 9940
2 4759 149
3 9241
2 9876 9825
2 139 134
3 1159
3 7072
2 9925 9982
3 725
3 4765
3 6976
3 8266
3 2455
3 3330
3 5113
3 4293
3 5939
3 5187
3 2801
3 4742
3 3347
3 3237
2 9940 9976
3 1784
2 1727 13
3 7715
3 8335
1 32 9915
3 6055
3 7998
3 5572
3 8031
3 7874
1 4287 66
3 989
3 1476
3 1856
3 6135
3 4418
3 6433
3 2597
3 9461
3 6017
2 9963 9850
3 784
3 4104
3 2027
3 3167
3 9110
3 7166
2 9902 9914
3 5985
3 8473
3 8642
3 7768
3 1174
3 4493
3 2244
3 6822
1 155 9962
3 107
3 3718
3 8647
3 9420
3 3839
3 1086
3 3935
3 5409
3 6387
3 5212
2 9816 9866
3 9605
3 633
3 5348
1 38 9965
2 9877 9983
3 5382
3 9134
3 542
3 5951
3 3471
3 5655
3 5044
3 1697
3 7397
3 7888
3 4355
3 8010
3 8260
3 731
3 1698
1 150 9993
3 2357
3 4265
2 9983 9859
3 4932
3 3385
3 9871
3 6675
3 3898
3 6427
3 9219
3 476
3 5447
3 3745
3 6665
3 256
3 6257
2 9956 9956
2 9901 9908
3 6886
3 8939
3 6659
3 5354
3 2657
1 11 9961
3 1483
3 1838
3 5671
3 8556
3 2910
3 3368
3 5438
3 8708
1 68 9885
3 1863
3 9966
3 7931
2 9864 9889
2 9878 9800
3 4902
3 3365
3 8947
3 1008
1 85 9939
3 8640
3 6295
3 7632
1 10 9883
3 4874
3 5353
3 7885
1 43 9946
3 6166
3 735
3 5228
3 4051
2 8095 156
3 5615
3 4233
3 2643
3 2573
3 8818
3 9255
3 8224
3 5947
3 5573
1 102 9816
3 8051
3 4199
1 9248 134
3 2127
1 1399 99
3 1452
3 1291
3 6368
1 6702 154
1 84 9881
1 105 9813
3 4378
3 4229
3 2972
3 8723
3 8633
2 9849 9988
3 209
3 2834
3 3786
3 7462
3 9423
1 92 9964
1 9445 133
2 9866 9827
3 122
3 1418
3 6582
3 6762
3 5037
3 8881
3 5895
3 8964
3 9302
3 498
3 5143
3 4977
3 8964
3 2465
1 9686 49
3 1116
3 5068
1 155 9928
3 5192
3 1233
3 6765
3 9305
2 9872 9825
3 4306
3 8430
1 1450 149
3 3297
3 1695
3 8321
3 8783
3 6476
3 746
3 6214
3 1392
1 102 9880
3 2422
2 9956 9937
2 9887 9884
3 6549
2 9998 9991
3 1962
3 8476
3 4594
1 169 9805
3 7017
3 9355
3 6806
2 9940 9992
3 6822
3 7236
3 8350
3 9260
3 1998
3 9522
3 9058
3 4279
3 5151
3 8437
3 1573
3 1802
3 911
3 9088
1 172 9807
3 5803
3 2152
1 14 9925
3 565
3 8813
3 56
3 5253
3 3856
3 6322
3 8325
3 5327
3 4280
3 6029
3 1666
3 1016
2 9908 9839
3 7024
3 2270
3 6123
3 1485
3 5989
2 9876 9904
3 2859
3 4819
3 1879
3 324
3 2609
2 9863 9929
3 9323
1 90 9892
1 95 9823
3 2185
3 1763
3 1949
2 9828 9873
3 1416
3 4114
1 90 9956
3 3071
3 4228
1 154 9827
3 117
2 9955 9843
3 1807
3 1463
1 175 9975
3 666
1 34 9835
3 3630
3 3868
1 120 9979
3 2435
3 6307
2 2809 75
3 7935
3 3379
2 9950 9924
3 620
3 6379
3 1343
3 6229
1 5 9873
3 9161
3 2237
3 222
3 7446
1 191 9951
3 9694
3 5326
2 7438 18
3 4511
1 6084 164
3 4752
3 9371
1 41 9833
3 4427
3 2846
3 5723
1 16 9987
3 1994
3 4181
3 6320
3 1122
3 2543
3 4326
3 8944
3 689
3 9820
3 1663
1 158 9944
2 9881 9949
2 9997 9896
3 4210
3 6293
3 3
3 3026
3 5511
3 9769
3 1980
3 1446
3 8854
2 9799 80
1 9975 35
3 602
3 4759
3 9985
2 6051 105
3 2343
3 4064
3 8703
3 4489
3 1801
3 1412
3 297
3 9495
3 9645
3 4591
3 7501
2 9855 9903
3 5002
3 3436
3 6032
3 7081
3 1317
3 8281
3 326
2 1707 108
3 1274
3 8882
2 1501 70
3 2903
3 1695
1 4642 63
2 9927 9844
3 9582
2 9918 9978
3 3874
3 9431
3 9929
3 2456
3 8094
3 7634
3 7694
3 1660
2 2576 105
3 989
3 6445
3 3969
3 8213
3 5606
3 6289
3 9232
3 6264
3 6659
1 7820 160
3 657
3 950
3 4498
3 4317
1 1 9851
1 80 9979
3 3622
3 5810
3 3377
2 6358 52
1 6868 36
3 2348
2 9886 9944
1 103 9901
3 9654
3 3385
3 9661
3 2357
3 3452
3 8854
1 31 9978
3 6998
3 4460
3 2011
3 8701
1 19 9920
2 9819 9880
3 1675
3 9121
3 7428
2 9867 9933
3 4550
1 1 9982
1 119 9808
3 4960
1 176 9880
3 1876
3 7845
2 9883 9890
3 9139
3 4731
3 3425
3 2153
3 6404
3 3793
3 7769
3 519
3 8488
2 9841 9984
3 9042
1 43 9970
2 9995 9935
3 4685
3 3764
3 528
3 7669
3 3223
3 5783
3 3275
3 3411
2 9933 10000
3 4040
3 1631
3 2505
1 148 9964
3 5405
3 14
2 9946 9803
3 4604
3 7688
3 302
2 9896 9957
3 7683
3 5764
3 5735
1 193 9813
1 77 9803
3 4375
3 5741
3 597
3 5924
3 1438
3 981
3 3896
2 6540 137
3 7665
1 23 9854
3 6746
2 9877 9825
2 9856 9999
3 4217
3 6982
2 3660 47
3 7286
1 16 9912
3 1660
2 9890 9999
3 5597
3 618
3 418
1 77 9889
1 9823 107
3 15
3 512
3 3774
3 3188
3 286
3 5191
3 3799
1 151 9982
3 5323
3 553
3 9781
3 9580
3 2076
3 4074
3 4130
3 3188
2 9834 9807
3 5316
3 1529
3 8032
3 7170
3 4141
3 7792
3 6667
3 6557
1 3 9952
1 5583 165
1 18 9902
3 9093
3 9290
2 9844 9849
3 7051
3 4594
3 1556
3 375
2 3761 74
3 496
3 5468
3 5024
1 30 9935
2 9843 9935
3 4412
3 6068
3 2681
3 3261
3 9992
3 4003
3 6096
3 9102
1 70 9906
3 5359
3 6526
3 8463
3 7876
3 8256
2 8018 25
3 8095
2 9973 9847
3 7512
3 5535
3 1548
3 5431
2 5267 78
1 166 109
3 7101
3 9756
3 5733
1 3337 186
1 200 9887
3 4470
3 3672
3 5303
3 2368
2 9894 9837
1 132 9833
3 135
3 8649
3 3611
3 2815
1 46 9968
1 86 9960
3 6567
3 5707
3 457
3 2083
1 32 9931
2 1491 197
3 6903
1 9348 122
3 5299
1 167 9854
3 3483
1 39 9826
3 7770
3 5122
3 67
3 6502
1 181 9823
3 8289
3 552
3 2890
3 9417
3 1125
3 8093
3 8788
3 716
3 1563
3 6792
3 9398
3 2125
3 3443
3 3605
3 6485
3 3763
2 9805 9985
2 9887 9970
1 9545 36
3 9770
3 934
3 1636
3 2072
3 2680
3 2644
3 3188
3 929
3 1021
3 5976
3 2730
3 5671
3 9483
3 8148
3 3650
3 5609
3 9514
2 9882 9889
2 9938 9851
3 7779
3 3231
3 3066
3 8930
3 2808
2 9996 9844
3 9855
2 9830 9909
3 7806
3 8625
2 9993 9979
3 7653
2 6670 97
1 26 9991
1 85 9991
3 6066
3 9609
1 134 9833
1 183 9836
2 9855 9863
3 2963
2 9842 9982
2 9969 9820
3 3554
3 4979
3 5116
3 1089
3 2058
2 9880 9988
1 154 9944
3 9028
1 44 9929
3 9672
3 4869
3 7118
3 5128
3 796
3 4448
3 1894
3 8224
3 919
1 8 9929
3 9211
3 6348
3 402
1 94 9940
3 8142
3 5317
1 6 9820
1 194 9992
3 6337
3 7990
2 9880 9865
3 7233
3 4576
3 1302
3 2217
3 2607
3 5548
2 9964 9949
1 1110 93
3 8681
3 2771
3 8585
3 587
2 9987 9971
3 9291
3 2602
3 5612
3 6189
3 3723
3 6176
3 277
2 9940 9863
3 5662
3 7783
1 7 9870
3 5878
3 1064
3 4335
3 8314
1 9344 150
3 3472
3 2681
3 5381
3 4596
3 1979
2 9827 9847
3 3102
3 6380
3 1998
2 9802 9995
3 9085
3 5316
3 6112
3 9422
2 9973 9901
1 58 9852
3 3347
3 795
3 8713
2 9810 9866
2 9947 9833
3 2934
3 2636
1 79 9820
3 4868
3 7810
3 1973
2 4723 66
3 9032
3 7524
3 8792
3 7541
3 2224
3 7190
3 442
3 7257
3 7960
3 3706
3 4227
3 9274
3 9817
3 2572
3 1096
3 9006
1 105 9985
3 3550
3 4953
3 9886
1 10 9962
2 9879 9935
3 6418
2 9953 9815
1 43 9967
3 4241
1 4918 163
1 54 9818
3 7652
3 896
3 9653
1 9281 93
3 5391
3 3219
3 2655
3 1225
3 8901
3 1361
2 9907 9800
3 8794
3 8417
2 2362 61
3 9741
3 777
2 9830 9872
3 6730
1 189 9897
3 4503
3 4103
3 2694
1 93 9840
1 153 9993
1 25 9928
3 8814
3 5553
3 9562
3 3508
3 309
3 3841
3 1010
3 6911
3 3583
2 9932 9854
3 3228
3 328
3 4883
3 4329
3 4810
3 7606
3 6753
2 9886 9804
3 9362
3 2030
3 7602
3 5192
1 183 9861
2 9846 9876
3 2491
3 8291
3 3620
1 8530 131
1 60 9817
2 9958 9818
3 2990
3 2541
3 8340
3 4342
3 5612
1 171 9888
3 6675
2 9816 9855
3 8975
3 4898
3 8785
2 7113 199
3 7726
3 8805
3 2044
1 71 9972
3 6995
3 3306
1 160 9926
3 8368
3 1851
2 1597 148
3 5798
3 7401
3 8167
3 423
3 3868
1 153 9872
3 2211
3 4790
3 6391
3 1381
1 91 9805
2 9875 9971
3 4028
1 75 9864
2 9943 9976
3 4324
3 5850
3 1482
3 7295
3 7503
3 2025
1 36 9838
3 5223
3 2959
3 8470
3 8978
3 1897
3 7793
3 7067
3 7240
3 1178
3 307
3 9067
3 7578
2 9981 9945
2 9879 9988
3 3293
3 2656
3 5828
3 5954
3 8704
3 2702
3 3980
3 1639
3 9310
3 997
3 2837
3 6484
3 3265
3 5184
3 6881
3 1321
2 9935 9845
3 8478
3 5048
3 2073
1 7248 82
3 3641
3 5295
3 706
3 97
2 9976 9938
3 7819
3 9202
3 433
3 3955
3 1397
3 9342
3 9021
3 4074
3 1741
3 2019
3 5932
3 6229
3 1945
3 1498
1 58 9830
3 6496
3 8746
3 6675
1 87 56
3 8347
3 5999
2 9970 9867
3 9678
2 8483 196
3 2135
2 5545 48
3 1484
3 435
3 761
3 1241
3 3224
2 9957 9914
3 9010
3 1230
2 9903 9904
3 1486
2 9940 9919
3 2301
1 155 9976
3 9243
3 2360
3 850
3 5537
3 4714
3 3974
3 2887
1 151 9985
3 4865
3 1246
1 4909 190
2 9957 9896
2 9819 9851
3 2000
3 4470
3 8180
1 175 9831
3 244
3 9526
3 9057
2 9940 9978
2 9868 9922
3 3769
3 7962
3 7829
3 4748
3 4784
3 9418
3 6213
3 594
3 1770
2 9838 9932
3 3799
3 8918
3 9636
2 9973 9815
3 6139
3 1727
3 20
3 6540
3 6395
3 695
2 9997 9807
3 525
3 8313
3 111
3 1919
3 4458
3 8529
1 127 9973
3 8326
3 713
3 4704
3 5662
3 3599
2 9805 9833
3 7530
1 151 9989
3 2720
3 780
3 9679
3 9921
3 8878
3 8640
2 9870 9948
3 5635
3 1771
3 937
3 9668
3 9925
3 8167
3 4203
3 2945
3 663
3 1049
3 8522
3 4107
1 109 9806
1 54 9867
3 500
3 1763
3 7312
2 9964 9857
1 7562 158
3 3097
3 7630
3 6295
3 5879
1 90 9867
3 6860
1 106 9881
3 9900
3 4331
2 9843 9956
2 9943 9819
3 2247
3 9969
3 527
3 2167
3 1324
3 1868
3 3617
3 5059
3 9813
3 1058
3 4571
3 3342
2 9811 9823
3 7613
3 252
3 1214
3 9081
3 8801
3 7111
3 4339
3 97
2 9957 9934
3 6546
3 2386
1 17 9816
3 9999
3 788
3 9853
3 4537
3 3389
3 7291
3 3554
3 6058
2 9805 9911
3 9073
1 133 9930
3 9212
3 1470
3 3788
3 8135
3 3327
3 178
1 4156 114
3 5358
3 2246
3 3163
3 5183
3 4892
3 2415
3 8186
2 9919 9945
3 2260
1 114 9983
3 5776
3 896
3 6863
3 4279
3 4563
3 2814
1 112 10000
3 6354
3 9001
3 9582
3 7383
2 9955 9912
3 9240
3 1437
1 13 9898
3 4140
3 3166
3 8592
2 9880 9950
3 4072
3 5364
3 2827
2 9840 9995
1 7580 112
3 1584
3 199
3 2565
3 6036
3 5794
1 1727 186
3 9450
3 7369
2 9978 9915
3 9388
3 3020
3 8598
3 6356
3 8512
3 4500
3 5251
3 3073
3 7093
3 8926
3 2963
3 2182
2 9844 9958
3 7401
3 5422
3 1864
3 7157
2 9985 9892
3 6519
3 7070
3 7256
3 7964
1 27 9946
3 1537
3 9502
1 16 9949
3 6828
3 9568
3 1115
2 9994 9925
3 7912
3 8588
3 3707
2 9995 9935
3 7658
3 5193
3 2195
3 9263
1 4 9937
3 3950
3 2222
3 8183
3 8055
2 9915 9923
3 2035
3 4853
3 6637
3 5599
3 7382
3 869
1 163 9808
3 1949
3 1518
3 9077
3 9061
3 4253
3 5871
3 8156
3 829
3 5760
3 802
3 1231
3 5353
3 39
3 5729
3 9909
2 9820 9968
3 2235
3 9083
1 6653 53
3 5367
3 5200
3 3518
2 9842 9893
3 2177
3 7981
3 9928
3 2386
2 9836 9822
3 5006
3 394
3 3668
1 154 9830
3 958
2 9981 9871
3 3717
1 10 9899
3 9101
2 9953 9983
3 9941
3 2680
3 8486
2 9992 9869
3 3971
1 105 9916
3 6706
3 4296
3 3846
3 3254
3 7056
3 3377
3 7081
3 6215
1 29 9903
3 9404
3 1100
3 2047
3 5538
3 2844
3 9921
2 9926 9864
3 9346
3 4802
2 9954 9896
3 815
3 9455
3 4529
3 796
2 9827 9838
1 11 9823
3 5235
3 9059
3 4333
3 6363
3 2115
3 5518
3 6050
3 5977
1 3113 45
1 193 9839
3 6309
3 558
3 3768
3 8633
3 7316
3 8937
2 9915 9962
3 1964
1 96 9986
3 3187
3 8305
3 9314
3 4942
3 9728
1 41 9822
3 1551
3 7391
3 1925
3 5889
2 5827 55
3 7687
3 1756
2 9864 9901
3 6444
3 4268
2 9861 9890
3 9659
3 8624
3 6955
2 9877 9869
3 9153
3 1383
3 4022
1 20 9856
3 4692
3 9435
3 1169
3 233
3 4667
3 2818
3 1220
3 2198
3 8219
3 231
3 8760
3 2586
1 53 9997
3 690
3 6766
3 3439
3 1369
3 4755
1 135 9888
3 8548
3 9407
3 7866
1 59 9800
3 6133
1 34 9964
3 5737
3 5908
3 136
3 8316
3 4625
2 5547 189
3 3505
1 145 9969
3 2235
3 7776
3 2731
3 3909
3 2341
2 9834 9971
3 2288
2 9800 9888
3 2128
3 9541
3 5201
3 2921
3 8144
3 9874
1 38 9811
3 4418
2 9975 9968
3 5585
3 8187
3 8662
3 5016
1 90 9932
3 952
3 5615
1 45 9816
3 3989
3 379
3 7881
2 4694 30
2 5705 156
3 3755
1 158 9839
3 9612
3 8659
3 4294
1 6720 196
3 1545
3 8150
3 8707
2 9832 9835
3 1902
3 4932
1 75 9923
3 416
3 1703
3 2142
3 1508
3 5347
3 3654
3 6205
1 9244 33
1 50 9956
3 887
3 2831
1 39 9985
3 4400
2 9807 9898
3 3107
3 665
3 8079
3 6771
3 4346
3 9151
3 4083
3 3943
3 4735
3 2691
3 4235
3 9723
3 9889
2 2008 143
3 3551
3 3944
3 9735
3 3668
3 2334
3 2786
2 9908 9816
3 4935
3 1047
3 2547
3 2318
2 9947 9962
1 117 9999
2 9820 9845
3 2938
2 3915 14
3 8030
3 8450
3 6951
3 6548
3 5957
2 9935 9967
3 8019
3 1155
1 6218 192
3 9288
2 9842 9986
3 3065
3 9161
3 6045
1 101 9964
2 9973 9899
3 5400
3 3376
3 3603
3 3315
3 6775
3 5804
3 6046
3 7022
3 2696
3 6336
1 7725 139
3 5835
3 8229
3 5078
1 177 9907
3 9683
3 2326
3 7108
3 3057
2 8655 167
2 9877 9893
3 3094
1 23 9812
3 7770
3 6205
3 5269
1 175 9969
2 9891 9850
2 9877 9897
3 5528
3 3455
3 9534
2 1419 109
3 122
3 2574
3 6875
3 6905
3 2642
3 800
3 7238
3 8267
1 8139 67
3 1244
3 9096
3 9739
3 602
3 4258
1 153 9887
3 2812
3 3141
3 5234
3 923
3 6541
2 9877 9805
3 8272
1 130 9949
3 8700
3 2498
3 3575
3 9634
3 3854
3 6418
1 7981 188
3 7449
3 8564
3 2320
3 5937
3 7245
3 3543
3 7358
2 9837 9844
3 7315
3 8096
3 773
1 615 174
3 8405
3 1280
3 246
3 6951
3 2593
3 4332
3 7292
3 8777
3 1390
1 6 9960
3 4206
3 5642
3 3632
2 9878 9856
3 8526
3 4707
2 4245 158
2 9894 190
3 4420
3 5183
3 6528
2 9468 135
2 9989 9877
3 8053
3 4072
1 149 9812
1 101 9982
3 8877
3 123
3 923
1 104 9971
3 8301
3 4832
3 6536
2 9916 9879
2 9906 9869
3 1575
3 7048
3 1201
3 1254
3 2561
3 9176
3 7946
3 442
2 1828 148
3 9127
3 328
1 117 9936
3 3079
3 3376
3 1062
3 7425
2 9804 9968
1 162 9988
3 8977
2 9950 9933
3 5790
3 472
3 8084
3 1452
3 2216
3 455
2 1632 165
3 9849
3 4809
3 8567
3 7091
3 7477
1 122 9977
3 2661
2 9848 9882
3 735
3 8578
3 6098
3 5309
3 7827
1 198 9973
3 8972
3 1967
3 2282
3 9417
3 1258
3 5867
3 6725
3 1442
3 7372
3 2194
1 106 9977
3 3680
3 1245
2 9971 9905
3 7939
3 176
3 6475
3 5183
3 3429
3 8346
3 3334
3 8096
3 801
3 5191
3 7403
3 7177
3 7868
3 263
3 9731
3 7340
3 2836
3 4238
3 8183
2 9909 9993
1 133 9891
3 112
3 9918
3 1026
1 160 9969
3 3071
3 5809
3 5793
3 753
3 5564
3 8706
3 3319
1 3927 37
3 6491
3 5923
3 1226
1 116 9887
3 5632
3 2725
3 4100
3 4202
3 8736
3 2121
3 1263
3 8668
1 1057 189
1 183 9927
3 4201
3 2127
3 3748
2 9937 9836
3 2510
1 1 9879
3 1921
3 1449
3 6568
1 920 55
2 9936 9875
2 9941 9905
3 6026
3 4175
3 9918
1 58 9951
2 9857 9898
3 3724
3 7100
3 2868
2 9948 9929
2 9909 9945
3 6915
3 7898
3 6918
3 8136
3 972
3 6160
3 8445
3 1407
3 6461
3 2695
2 9957 9851
2 9905 9828
3 3244
3 1577
3 3863
1 9196 20
3 7769
1 6160 102
3 4563
1 13 9870
3 9050
3 1248
2 9922 9982
3 612
2 9857 9911
3 507
3 2300
3 5099
3 6409
3 3193
1 178 9927
3 1700
3 1651
3 8770
2 9820 9921
3 244
3 505
3 4339
3 8983
3 2313
1 7802 189
3 8056
3 4623
3 3136
3 3123
3 1715
3 7820
1 2761 162
3 3020
3 8855
3 1497
3 5285
3 6379
3 5975
3 6962
3 7905
3 5977
1 8 9809
3 4199
3 7787
3 6667
3 7841
3 1961
3 9229
2 9055 160
3 252
2 4476 69
3 7107
3 1834
3 448
3 7836
3 1159
3 7752
3 849
2 9810 9994
3 7250
3 5570
3 8700
3 272
3 5937
2 8839 107
3 8800
3 6947
2 4769 23
2 9917 9899
2 9953 9977
3 3613
3 783
3 7385
3 6288
3 96
3 4647
3 7332
2 9862 9894
2 9870 9826
3 5583
2 9964 9971
1 77 9823
3 8136
3 1072
3 2139
1 135 9876
3 3931
1 114 9959
3 6352
3 5234
2 8924 28
1 56 9891
3 9648
1 121 9809
3 6788
3 314
3 8153
3 7920
3 6042
2 9931 9832
1 21 9968
3 1862
3 5810
1 82 9896
3 9296
3 2071
3 2
3 6418
3 87
3 6263
3 7895
3 1881
3 3237
3 5816
3 5351
3 4291
3 9157
1 161 9936
3 4165
3 8897
1 118 9940
3 5239
3 2960
3 9192
3 5018
3 8453
3 172
2 9578 148
3 7456
3 5573
3 2014
3 7407
3 4986
3 9902
3 5367
3 771
3 7056
3 6422
3 7691
3 9276
3 1904
3 7020
3 3029
3 4920
3 2555
3 9710
1 177 9990
3 6721
3 9418
3 3792
3 6511
1 34 9935
3 4752
3 6919
3 1618
3 7596
3 1612
3 2038
1 14 9844
3 4093
3 1974
3 2557
3 2603
2 9979 9965
1 200 9825
3 514
3 197
3 3297
3 7916
3 6955
2 9858 9819
3 790
3 2221
3 1780
3 1687
3 5676
2 9989 9982
2 1200 139
3 9298
3 2591
3 3408
3 93
3 714
3 8387
1 100 9819
3 9100
3 4942
3 1356
2 9962 9994
2 9954 9805
3 5096
3 5796
1 68 9918
3 302
3 9301
3 1666
3 8220
3 9390
3 7213
3 6752
2 7100 141
3 3171
3 2800
3 517
3 9492
3 4075
2 9881 9804
3 2890
3 8371
2 9894 9858
3 1357
3 9939
2 9837 9921
3 6018
3 6082
3 364
3 2859
3 4472
1 149 9884
3 2824
3 7874
3 4491
3 1793
3 3139
3 9011
2 6650 125
3 7342
1 47 9884
3 5958
3 7969
3 6719
3 5485
2 1192 168
3 6092
3 2771
3 9086
3 9118
3 741
3 6615
3 4837
3 1444
3 5397
3 2712
1 6896 74
3 3814
3 2089
1 182 9961
3 154
3 7888
1 106 9936
3 8798
3 2481
3 7094
3 9962
2 9936 9913
3 8632
3 5473
3 5416
3 6159
3 5271
3 3980
3 3220
3 1837
3 5442
3 713
3 3950
3 3405
3 4097
3 9399
3 2131
2 10000 10000
1 146 9880
3 9530
3 5235
3 2983
3 3533
3 3870
3 5820
3 4111
3 8423
3 7585
3 7488
1 122 9851
3 1359
2 9967 9915
3 2865
3 7401
2 9909 9945
3 1854
3 2677
2 9845 9800
3 9443
2 9916 9965
3 5927
3 8112
3 6320
2 1332 8
3 1595
3 5634
3 9398
3 9292
3 9545
3 5640
3 4302
3 525
2 9889 9924
3 840
3 8024
1 120 9844
1 135 9902
3 9514
2 9999 9884
1 77 9882
3 2623
3 1649
3 3672
3 8013
3 246
3 5442
3 9435
3 2591
3 192
3 1222
3 8711
3 8712
2 9873 9836
2 5970 176
3 8812
3 2267
3 12
3 9207
3 6465
3 2123
3 8102
3 187
3 6177
2 9923 9849
3 5767
3 1265
3 7287
3 6531
3 109
1 88 9849
2 9950 9804
3 1771
2 9907 9978
3 9788
3 6437
3 9566
3 4271
3 4209
3 861
2 9946 9962
3 6292
3 6303
3 5467
3 7679
1 4604 73
3 3872
1 5055 115
3 8439
3 2695
1 49 9947
3 6528
3 6917
3 8984
1 159 9937
1 195 9923
2 9821 9974
3 5518
3 2766
3 7323
3 7012
2 9916 9819
3 4036
3 9770
3 6849
3 7748
3 5301
2 9980 9826
1 53 9883
3 9941
3 2409
2 9900 9945
3 788
3 6960
3 2262
3 2406
1 136 9860
3 1493
3 577
3 1333
3 2989
3 1362
3 9918
3 2820
2 9905 9950
3 193
3 3281
3 8524
3 670
3 4538
2 9846 9927
3 9733
3 3762
3 249
3 2718
3 514
2 9803 9989
3 5735
3 2907
3 3142
3 3574
1 185 9864
3 5966
2 6413 175
3 2349
3 4789
3 3406
3 9852
3 7510
1 142 9872
3 1093
2 9823 9940
3 4333
3 5853
1 54 9823
3 9618
3 8926
1 12 9903
3 6689
3 3117
3 9281
1 82 9854
3 3498
3 7938
3 1703
3 8631
3 8414
1 88 9989
3 9173
3 5443
3 7228
3 8287
3 2581
3 3939
3 8969
3 7491
3 1595
3 1006
2 9960 9873
1 185 9953
3 6883
3 8126
1 43 9885
3 7468
3 6988
3 6919
3 6102
3 2428
1 197 9910
3 855
3 9400
3 5353
3 535
3 3471
3 8040
3 9362
3 8209
3 4504
3 5697
3 4973
3 6014
3 3764
2 9933 9969
3 7902
3 8368
3 5119
2 9810 9903
3 9243
3 5004
3 5901
3 3690
1 142 9838
2 9903 9886
2 1215 80
3 3951
3 5964
3 4934
1 142 9836
3 6590
3 3769
3 2267
3 6348
3 3671
3 1941
3 7464
3 9342
3 3369
3 2896
3 8337
3 9465
3 4855
3 7383
3 7706
1 179 9905
3 6665
2 925 188
3 1647
3 8066
3 1262
1 197 9913
2 4096 173
3 2239
3 4855
3 2542
3 2517
2 9938 9807
3 1750
3 9798
3 4203
3 789
3 1767
3 6549
3 8199
1 5899 82
3 9590
3 5275
3 8110
3 1791
3 3346
3 6401
3 3220
2 9949 9954
1 9311 129
1 14 9919
3 9577
3 8113
3 4621
3 3218
3 3036
3 3865
3 9108
3 3792
3 1967
2 9124 111
1 159 9827
3 875
3 5337
3 9496
3 7147
2 9855 9840
3 7185
3 6471
3 661
3 6061
3 9518
3 6844
3 8415
3 4988
3 4889
3 5175
3 2909
3 686
3 7832
3 6562
3 5930
3 9529
1 2587 33
3 2649
3 3892
3 1346
3 4748
3 3812
3 7714
3 821
3 8952
3 6085
3 5726
2 2204 177
2 9900 9877
3 3101
3 3780
2 9850 72
3 3064
3 5027
3 8090
2 9973 9907
2 9964 9859
3 5133
3 7777
3 6510
3 7559
3 6936
2 9963 9990
3 3538
2 9836 9915
3 4942
3 3465
2 9888 9999
1 157 9979
3 9774
3 8458
3 5136
3 1428
3 1738
3 6281
3 889
3 4952
3 1596
3 7102
3 3020
3 1978
3 3859
3 1933
2 9838 9806
1 140 9904
3 2269
1 24 9910
3 965
3 88
3 6611
1 1810 75
3 1801
3 3717
3 8345
3 378
3 8223
3 2388
2 9962 9916
3 9297
3 9213
3 1028
3 4537
3 527
3 6358
3 2823
3 483
3 7862
3 3442
1 6509 118
3 7867
3 719
3 9504
3 3699
3 6154
3 9719
1 3323 4
1 179 9898
3 1205
3 7724
3 5801
3 1422
3 1337
2 9820 9968
2 9945 9839
3 9635
3 3074
2 9922 9981
3 4715
3 7921
3 2362
3 333
2 9930 9977
3 2415
3 8936
3 4319
3 2832
3 5181
3 5330
3 101
2 9824 9922
3 3467
3 6862
3 9308
3 7417
2 1662 126
3 860
1 108 9900
3 674
3 3501
3 6442
3 5851
3 7638
3 3303
2 9912 9891
1 11 9904
3 9865
3 6797
3 7779
3 3
3 9930
3 8626
3 2419
1 138 9978
3 2197
1 174 9818
3 1028
2 9163 49
3 2241
3 7186
3 6083
3 8668
1 103 9874
3 524
3 2693
3 8500
3 8401
3 7383
3 7029
3 6199
3 7306
3 7635
3 9436
3 1892
3 2883
3 9224
3 84
3 2395
3 7002
3 4088
3 1315
3 6980
1 86 9860
3 143
3 9752
3 7689
3 5409
3 614
3 2589
3 5449
3 7050
3 764
3 8891
2 9804 9948
3 3432
3 5825
3 8583
1 23 9813
3 3512
3 1069
3 3786
1 2 9851
3 6796
3 1689
1 7255 123
3 196
3 668
3 1624
3 2140
3 6535
3 873
2 10000 9911
1 138 9928
3 9590
3 9664
3 2907
3 5523
3 6636
3 2655
1 107 9929
2 9940 9838
3 7602
3 4260
1 50 9864
3 8000
1 9005 163
2 9816 9967
2 3519 71
3 458
3 3348
3 1405
3 4890
3 4436
3 3134
3 9797
3 9082
1 8 9847
3 9111
3 7168
1 3 9938
3 6668
3 9715
1 122 9975
3 273
3 3107
2 9808 9841
1 13 9938
3 9241
3 5360
3 3012
2 9906 9942
1 4201 60
3 4508
3 5264
3 9974
3 7841
3 8117
3 9443
3 3396
2 2658 37
3 8311
3 3149
3 921
3 9503
3 4274
3 1451
3 672
3 381
3 4134
3 3706
3 7075
1 99 9871
3 2942
3 7718
3 4941
3 844
3 8018
3 706
3 4057
3 7392
3 7917
3 4786
3 7517
3 7143
3 5035
3 9949
3 4606
3 9437
3 9099
1 86 9967
3 2800
1 9866 65
3 5574
3 8155
3 1819
3 6087
1 7587 41
1 35 9826
3 8840
3 5531
2 9800 9945
3 4615
3 7505
3 980
3 4872
2 9893 9853
3 8898
3 4159
3 9412
2 9827 9890
2 9470 53
3 9835
2 9991 9899
3 2382
3 2799
3 1131
3 5427
3 4203
2 9844 9842
3 7539
3 117
2 6416 196
3 9288
3 1852
3 6403
3 3837
3 4280
3 6308
2 9906 9922
3 6939
3 1241
3 2269
3 1136
3 8787
3 5331
3 6565
3 5390
3 3042
1 174 9923
3 5197
3 3526
3 5844
3 6335
3 2382
3 3203
3 7711
3 4744
3 7369
3 219
3 7966
1 85 9909
3 102
3 738
2 9840 9848
3 8469
3 7964
3 3749
3 6387
3 300
2 9985 9819
3 3948
3 4427
3 3527
2 8959 185
3 6487
2 9817 9873
1 16 9947
1 20 9841
3 5681
3 1878
3 4077
3 5677
1 91 9896
3 4212
1 51 9831
3 5835
3 8713
3 6938
3 7620
3 225
3 8090
3 8445
3 8926
3 6160
3 3333
3 4128
3 3395
3 4559
3 7850
3 2857
3 1326
3 7795
3 3133
3 6766
3 4509
3 5716
3 2904
3 7576
3 2371
3 6458
3 8776
1 128 9816
3 5595
3 316
3 412
3 3252
3 3595
2 9806 9873
3 9198
3 7196
3 8596
2 5832 148
3 8732
3 139
3 9044
3 3225
3 5765
3 7940
3 3668
3 4172
3 1111
1 74 9804
3 9942
3 8845
3 6227
3 2425
3 4713
3 2629
3 9607
3 6017
3 239
2 8959 198
3 1559
3 2523
3 2518
3 7308
3 3158
3 1008
1 55 9841
3 3585
3 7257
3 9019
1 120 9929
3 3520
3 2635
3 3505
3 7887
1 181 9923
3 5104
3 59
3 3754
3 545
2 9958 9880
3 7273
3 860
3 3355
3 8352
3 7864
3 1543
2 9862 9880
3 2558
3 8379
3 4980
1 34 9990
2 9849 9860
3 7947
3 5487
3 4951
3 3905
2 9898 9820
3 7335
3 3106
2 9871 9914
3 6624
3 1531
3 5475
3 7722
3 661
3 9092
2 7070 15
3 4006
3 1083
3 4177
3 4415
3 3529
3 3450
3 2342
3 1486
2 7659 120
3 9777
2 9900 9869
3 7249
3 7905
1 174 9877
3 8171
3 9301
3 658
3 2366
2 9837 9864
3 3743
1 137 9951
3 9369
1 13 9912
3 7338
1 80 9906
3 2975
3 681
3 4391
1 97 9809
3 7064
3 6272
2 9902 9843
3 5578
3 4993
3 1212
2 9954 9949
3 278
3 8174
3 4081
1 121 9971
3 6729
3 2484
3 1130
3 1549
3 7624
3 2042
3 3725
3 1910
3 9593
3 2315
3 7295
1 136 9947
3 3495
3 5600
1 6 9845
3 4078
3 6059
3 1634
3 614
1 9739 66
2 9566 171
3 9875
3 9581
3 2058
3 7254
3 2021
1 60 9896
3 1048
3 9340
3 1308
3 7523
3 1843
3 5043
1 55 9934
3 4393
3 9278
1 524 110
2 1284 10
3 6689
3 9634
3 3839
2 9999 9939
3 1426
3 3261
2 9923 176
3 5568
3 1837
3 3420
3 5263
3 9013
1 156 9930
1 82 9999
2 9840 9917
3 9879
3 3058
3 6016
1 1195 1
3 6384
1 69 9995
3 7718
3 3061
3 7918
3 4652
3 405
3 3058
3 1063
1 133 9935
3 8595
1 96 9985
3 9958
3 9811
3 5925
3 8320
3 3324
3 4998
3 8612
3 7585
3 8169
3 3016
3 4911
3 3937
3 4167
2 9919 9982
3 5123
1 49 9954
3 2461
3 7457
3 8076
3 9575
3 2751
3 1829
1 2489 24
3 666
3 6205
3 9657
2 1445 86
2 9990 9985
3 779
3 2401
3 332
3 3685
1 89 83
3 9575
1 193 9959
3 446
3 1923
2 4948 92
3 6628
3 5045
2 9974 9854
3 658
3 4444
3 8014
3 830
3 406
3 5390
2 9848 9901
3 5385
3 4345
3 3903
3 9970
3 2305
3 5452
1 35 9934
3 4830
3 8099
3 8409
3 3084
3 7848
3 9476
3 2409
3 7586
1 104 9963
3 2212
3 965
2 9915 9964
2 9836 9884
2 3245 60
3 7304
2 9924 9899
3 6294
3 1408
1 157 9902
3 7135
3 9857
2 9859 9844
1 155 9955
3 4870
3 7958
3 209
2 9895 9822
2 10000 9957
1 110 9904
2 9877 9916
3 483
3 6141
3 4355
2 9998 9934
3 9654
3 9627
3 6853
3 4239
2 9890 9873
3 2592
3 3898
3 9753
3 384
3 6433
1 4965 181
3 4337
3 6760
3 1244
3 1596
3 2066
3 9576
2 6315 59
3 1050
3 2705
3 8668
3 4409
3 1496
3 175
3 3341
3 8558
3 5756
3 4721
3 4824
1 2705 19
3 1627
3 4461
3 476
3 5788
3 5917
3 5807
1 111 9982
3 1705
3 5201
2 9929 9871
3 6804
2 9801 9841
3 5976
3 9219
3 5654
3 3867
3 9301
3 6309
1 199 9858
1 6058 140
3 4212
3 3628
2 9827 9909
3 5030
3 5306
3 2158
1 143 9931
3 4512
3 7019
1 49 9972
2 1903 35
2 9919 9905
3 6093
3 8934
3 5909
3 102
3 2346
3 9590
3 2799
3 6998
3 1463
3 3522
3 2931
3 8629
3 5232
2 8414 134
3 7007
3 7033
3 4694
2 9887 9810
3 9233
3 2842
3 6900
3 4732
1 109 9836
3 7691
3 8685
3 79
1 8782 158
3 8160
3 897
3 7735
1 194 9874
3 5313
3 9217
3 5198
3 3629
2 9955 9890
2 9844 9836
1 117 9848
3 3187
3 6654
3 185
3 9358
1 112 9890
3 6302
3 2647
3 1399
1 4630 2
3 5617
3 8798
3 7449
3 376
3 4717
3 6014
3 5403
3 7347
3 950
3 4781
3 9576
3 1440
3 635
3 2366
3 1497
3 5342
3 150
3 7846
3 3304
3 4638
3 8630
3 9849
3 6676
3 973
3 7183
3 2869
2 9872 9965
3 9715
1 80 9934
1 185 9965
3 5230
3 5893
3 1065
3 1313
3 1075
3 1583
3 5170
3 488
3 5017
3 4737
3 2439
3 165
2 9948 9821
3 3928
3 3055
3 1231
3 52
3 1562
3 2101
1 145 9906
3 3132
3 1711
3 7304
3 9381
3 4920
1 2544 185
3 4394
3 9909
3 2941
3 2038
3 3638
3 9606
1 107 9962
3 5440
3 2621
3 6177
3 8070
3 1061
3 1616
3 2320
3 4545
3 1047
3 4217
3 9012
3 1745
3 3137
3 7619
3 5473
3 3688
3 9533
3 2819
3 9940
3 7191
3 3606
3 899
3 9113
3 3405
3 2114
2 10000 9871
3 7602
3 734
3 1481
2 9895 9925
2 9808 9854
3 2312
3 636
3 1500
3 6080
3 919
3 9206
3 1585
3 2524
1 84 9981
3 9386
3 5170
3 9398
3 2477
3 6604
2 9887 9880
3 7271
3 8464
3 9345
3 5872
3 8024
3 2540
2 9945 9941
3 1053
3 9936
3 7947
1 71 9891
3 8709
3 7410
1 76 9953
3 144
3 9448
3 4422
3 3473
3 1130
3 8047
3 9702
3 1617
2 7785 45
3 6340
1 9066 74
3 2330
3 6422
2 9827 9805
3 1738
3 2126
3 8449
3 9140
3 445
3 6994
3 4531
1 178 9878
3 4378
3 7916
3 7734
3 9757
3 6647
1 33 9970
1 1887 98
3 869
2 9823 9955
3 8775
3 2153
3 7636
3 7436
3 8300
3 3121
3 3050
3 2272
3 7312
3 1841
3 8856
3 4984
3 3502
1 195 9841
3 3775
3 6421
2 9939 9896
3 5756
3 1498
2 9889 9805
1 97 9990
3 9602
2 2739 183
3 3294
3 581
3 445
3 844
3 2199
3 2990
3 6125
1 54 9958
3 4596
3 8633
3 1250
3 2399
3 7376
3 972
3 5499
3 5607
1 2606 62
3 5922
3 7010
3 8682
2 3782 137
3 2718
2 9874 9938
3 3375
1 74 9922
1 345 9
2 5688 187
2 1839 54
3 2306
3 7308
1 3192 54
3 7227
3 8300
3 3134
2 6795 140
3 5698
2 9931 9944
3 293
3 6382
3 7978
3 7819
3 45
3 3481
3 2829
3 364
3 1311
3 7756
1 4593 192
1 80 9981
3 3936
1 134 9986
3 5223
3 8316
3 2939
2 9991 9895
1 146 9844
3 7058
3 5458
3 6038
3 9171
3 1580
3 6626
3 2708
3 6919
3 6313
3 3542
1 48 9890
1 25 9886
3 1432
3 1029
3 5570
3 1464
3 817
3 8692
3 5873
3 1977
3 9160
3 4661
3 2313
3 4266
2 9949 9825
3 2760
2 9979 9941
1 155 9825
3 942
3 4248
3 3285
3 1481
3 8507
3 6468
3 3050
3 5667
3 3355
3 3309
3 1383
3 6266
2 2654 166
3 7247
3 7296
3 5188
3 6419
3 1970
3 6394
2 10000 9963
3 1861
3 4635
3 3890
3 4756
3 5885
3 2836
3 5685
3 5311
3 5508
3 1407
3 9864
3 9578
1 138 9872
3 1460
3 141
3 9771
3 7679
3 8134
3 9645
3 2466
3 2909
3 9968
3 4142
3 4827
3 4883
3 3089
3 1514
3 5656
1 141 9827
3 5761
3 5659
3 1216
1 134 9919
3 3358
3 1741
2 9815 9944
3 1839
3 5856
3 9027
3 6900
3 4254
3 8740
2 9836 9967
3 2275
3 2133
3 1233
3 8937
2 9874 9935
2 9533 31
3 7786
3 5332
3 5773
2 9818 9978
3 1287
3 9570
3 6779
1 65 9870
2 9821 9961
2 9141 32
3 6221
3 3141
3 5492
3 5373
3 3669
3 966
1 11 9858
3 3020
3 8332
3 273
3 7216
3 1078
3 5179
3 9941
3 9828
3 3007
2 4916 34
1 147 9863
3 8186
2 9860 9955
2 9925 9957
3 1052
3 6518
3 2438
3 4663
3 2685
3 5815
3 5594
3 802
3 3950
3 6590
3 9324
3 897
3 8996
3 1569
3 3859
1 136 9954
2 9644 156
3 489
3 7414
3 8406
3 2995
2 9913 9888
3 109
3 4273
1 22 9970
3 6927
3 3810
3 241
3 9901
3 2750
2 8346 170
3 8320
2 9821 9998
3 8446
3 7744
1 30 9977
3 7927
3 6811
3 2973
3 1836
3 7646
3 208
3 4390
3 1910
3 7093
3 8721
3 623
3 9312
3 6256
3 5722
3 8766
3 3970
3 918
1 84 9987
3 5503
3 2309
3 8375
3 8332
2 9990 9998
3 9012
1 4 9826
3 6956
1 197 9929
3 9299
3 221
1 53 9970
3 9796
1 169 9896
1 3232 103
2 9854 9884
3 4117
3 3279
1 55 9806
3 5729
1 86 9914
2 9867 9881
3 1155
1 77 9958
3 589
3 151
3 9890
3 5688
3 6590
2 9885 9878
3 4065
3 5402
1 19 9991
3 1890
3 610
3 527
2 9995 9819
1 87 9889
3 7074
3 5797
3 1582
1 117 9820
3 4560
1 2669 130
2 9917 9824
3 9626
3 3621
3 72
3 9418
2 9940 9963
3 9920
3 6292
2 9883 9978
3 9718
3 1702
1 179 9910
1 51 9842
3 7794
3 1474
2 9938 9865
1 2456 129
3 5628
3 6364
3 7818
3 592
3 1376
3 4079
3 8873
3 2123
3 3493
3 1579
3 9833
3 9810
2 9863 9929
3 4275
3 4187
3 4609
2 9950 9962
3 1555
3 5430
3 6110
3 2590
3 1981
3 8203
3 8906
3 591
1 123 9863
3 1673
3 1970
2 9840 9885
3 6831
3 8990
3 1086
3 6395
3 3696
3 5633
3 3833
3 9530
1 92 9886
3 5510
3 8148
3 68
3 1895
3 5960
3 6976
1 9501 142
2 9965 9950
3 3021
1 6874 84
3 8079
3 8575
3 585
3 3412
3 6023
3 5537
3 1287
3 3986
2 5561 52
3 9386
3 1113
3 527
3 7077
3 7029
1 182 9802
2 9932 9824
1 161 9932
3 1746
3 841
3 3860
3 4129
3 7376
3 4460
1 9101 79
3 71
2 9965 9918
3 490
3 5641
3 1044
1 7 9951
2 9894 9856
3 6394
3 1770
1 189 9869
3 4098
1 65 9853
3 2770
3 2070
3 1245
2 8494 119
3 4840
2 1989 195
3 6437
2 9996 9837
3 8348
1 80 9955
3 3906
3 5112
1 60 9961
3 7702
3 2349
3 9415
3 2477
3 3434
3 1611
2 9835 9944
3 8087
3 8016
3 6451
3 3819
2 9971 9872
3 6261
3 2308
3 8995
3 6745
3 413
2 9987 9930
3 2131
1 50 9938
3 7639
3 7452
3 7959
3 9680
1 7815 179
3 3734
3 5449
3 6526
3 2356
3 9661
3 7250
3 8995
3 5942
3 5372
3 1226
1 35 9831
3 3962
3 6393
2 9967 9801
3 2634
3 3912
3 1050
3 5960
2 9909 9983
3 3214
3 7503
3 4655
3 5871
3 7769
2 9878 9944
3 9317
3 3357
3 7801
3 7619
3 2733
3 8481
1 165 9932
2 9841 9925
2 9872 9883
3 1890
3 4364
3 1156
3 7877
3 9588
3 878
3 8703
3 6244
3 9916
3 8438
3 5378
3 3435
3 8729
3 6178
3 8449
3 2301
3 7020
3 2809
3 6028
3 5603
3 2767
3 6774
3 5352
3 9478
1 24 9923
3 4118
1 7439 3
3 5140
3 7432
3 2662
3 6964
3 9439
3 6238
3 8760
2 9987 9822
3 9904
3 1032
3 2495
3 1709
3 9046
3 6422
3 4178
3 7904
3 6196
3 113
3 5408
1 5460 40
3 8244
1 107 9978
1 7 9893
3 2057
1 4 10000
3 8345
3 4266
3 5531
3 8023
3 1457
3 9861
3 274
3 7414
1 44 9864
3 9137
3 6060
3 3290
2 7483 156
3 3045
3 5755
3 9594
3 7527
1 128 9968
2 9896 9966
3 4077
1 100 9841
3 1207
3 1918
2 9902 9918
3 1544
3 9311
1 136 9834
3 2628
1 3337 189
3 7649
3 6491
3 740
3 7198
3 5779
3 3417
3 6371
3 3365
3 3344
3 9973
2 9927 9998
2 3622 73
3 720
3 4596
3 421
3 3802
3 7748
3 4681
3 2139
3 6235
3 3466
3 2198
3 7940
3 5525
3 4702
3 1231
3 3222
3 5090
2 9983 9864
3 5195
3 7180
3 9759
3 8392
3 5706
3 8551
1 74 9821
3 2636
3 4029
3 3370
3 6657
3 4840
3 5432
3 3482
3 9200
3 6232
3 4283
3 9458
3 1185
3 7422
3 7027
3 7647
3 2470
3 1363
3 2843
3 3718
3 4665
3 265
2 9957 9947
3 3164
3 5973
3 1688
1 110 9827
3 7314
3 2931
3 8828
3 6171
1 175 9820
1 76 9818
3 6013
3 1577
3 9876
3 6165
3 1970
3 1038
3 6971
3 6996
3 6611
3 3174
3 4785
3 9594
2 9978 9938
3 672
1 32 9930
3 1882
3 9337
3 9338
3 409
3 8342
1 11 9894
3 9352
3 1889
3 9241
3 6549
3 2239
3 4401
3 981
3 4583
3 3551
3 1850
3 8172
3 5180
3 463
3 4639
3 7992
3 5726
3 580
3 5856
3 7290
3 587
3 6566
2 9875 9906
3 7719
2 9823 9910
3 6852
3 3228
1 131 9870
2 9974 9859
3 8629
3 778
3 5496
2 9826 9881
2 9944 9845
3 1966
1 52 9939
3 2189
3 5022
2 9949 9836
3 1516
3 8970
3 5828
3 4890
2 8355 10
3 9129
3 812
3 7429
3 5878
2 9906 9861
3 8948
3 575
3 1451
3 4678
3 3097
2 7413 46
3 4601
3 6748
3 8735
3 2390
3 4227
3 432
2 9936 9804
3 9170
1 2214 101
3 688
3 5503
3 3461
3 9714
3 9362
3 8078
3 3742
1 77 9821
1 69 9891
3 3078
1 3897 51
3 3709
1 1 9984
3 5747
3 9031
1 130 9809
3 2687
3 3415
3 4954
3 5549
3 2470
3 3802
3 4673
3 6244
3 5510
3 5620
3 8454
3 3321
3 8028
3 4794
1 9336 188
1 198 9947
3 3261
3 8707
3 7462
1 88 9886
2 9906 9937
3 5689
3 4371
3 4415
1 196 9900
3 2444
3 749
3 5729
3 7059
3 281
3 4998
3 7195
3 1883
3 1618
3 565
3 3038
3 7961
2 9877 9881
3 9533
3 5809
1 119 9863
3 9694
3 9635
2 9956 9856
3 2756
3 8414
3 791
2 9932 9840
3 1973
3 9953
3 5155
3 4508
3 3445
3 7105
3 1699
3 7135
3 5967
3 3958
2 9930 9915
3 3861
3 5295
2 9816 9828
3 2403
3 3055
3 2843
3 1827
3 6540
3 2868
2 6451 153
3 2264
3 7047
3 1981
3 6326
3 2659
3 433
3 1116
3 1764
3 1530
3 5852
2 9861 9855
3 6518
3 5365
1 105 9906
3 5884
3 2408
3 3842
3 4994
3 4973
2 9894 9970
2 9946 9858
3 2671
3 3647
3 7825
3 2850
3 3453
3 8004
3 1234
3 2259
3 8537
3 3329
2 4351 90
3 6592
3 8205
3 1717
3 5250
3 9202
3 7675
3 6101
1 3676 28
3 4194
3 3636
3 9911
3 9308
3 6842
3 8655
3 8507
3 611
3 1148
3 166
3 5919
3 5266
3 5522
3 6534
3 8651
3 1706
3 5232
2 9812 9884
3 5198
3 9828
3 6835
3 3778
2 9874 9851
3 7658
3 6304
1 34 9980
3 2192
3 2641
1 25 9906
3 6561
3 8389
3 9388
2 9982 9940
3 4473
3 2197
2 9832 9974
3 9889
1 193 9953
3 6707
2 9877 9996
3 7153
1 199 9808
1 7356 123
3 4845
3 7293
2 9951 9871
2 9964 9916
3 3876
3 6887
3 589
2 9803 9831
3 233
2 10000 9857
3 8053
3 998
3 1218
3 5322
3 4558
2 9896 9911
3 9789
3 2432
3 8557
2 9948 9825
3 8327
3 6539
2 9961 10000
3 1196
3 829
3 9082
3 1011
1 73 9800
3 3494
3 6836
3 9427
3 8008
3 2557
3 3651
3 6945
2 9801 9835
1 193 9892
3 5846
3 3699
3 85
3 1378
3 9950
3 2302
3 9419
3 7785
2 9815 9828
3 7847
3 9897
2 9941 9816
1 46 9821
3 6064
2 7947 58
3 5182
3 3274
1 73 9945
3 5220
3 8404
3 5693
3 1445
1 166 9884
3 1776
3 4274
3 7452
3 4298
3 8465
3 2193
3 9885
2 9968 9961
3 1533
3 6476
3 8979
3 8785
3 2211
3 9860
3 9094
3 3090
3 8240
3 4193
3 7941
3 76
3 7862
3 2675
3 3870
3 7132
3 5749
3 1899
3 2983
3 3499
3 9981
3 308
3 8058
2 9933 9862
3 1109
3 3109
3 3238
3 7452
3 1187
1 36 9909
3 8167
3 4811
2 4043 88
3 3721
2 3448 32
3 1445
3 2120
3 9560
3 9059
3 9637
2 9816 9906
3 9721
2 9828 9876
1 132 9934
3 1772
3 7280
3 3600
3 4471
3 232
1 61 9893
1 194 9850
3 9054
3 4070
1 27 9919
3 4761
3 1912
3 910
3 7048
1 18 9804
3 9663
3 3694
1 29 9998
3 4726
3 3980
3 6548
3 9277
1 74 9995
3 7232
3 3621
3 1271
3 2279
3 5252
3 9937
3 4369
3 4326
3 5855
3 2578
2 9832 9869
3 4058
3 5516
3 5106
3 522
3 8134
3 2620
3 4021
3 2775
1 57 9860
3 5225
3 9045
3 226
3 664
3 5419
3 7918
3 5000
3 323
3 3153
3 301
3 5926
3 7276
3 3881
3 8880
3 2987
3 5061
3 3811
3 7532
3 5060
3 4154
3 1506
3 6707
2 9841 9945
3 6750
3 624
3 5375
3 7664
3 8547
3 4967
3 6592
1 171 9889
2 9841 9831
1 2350 2
1 8927 166
3 2063
3 1136
3 1443
1 26 9873
3 4293
3 8155
3 8688
3 2664
1 25 9846
3 4085
3 9713
3 6606
3 253
3 7008
3 885
2 9939 9955
3 3302
1 85 9988
3 9326
3 9625
3 1960
2 9862 9851
3 7602
3 1412
3 5514
3 8298
3 6896
3 9310
3 1881
3 1569
3 8472
3 4597
3 5229
2 9867 9875
1 61 9894
1 191 9979
1 6245 50
3 7775
3 3133
3 1283
3 5214
2 9852 9834
3 3029
2 9608 78
2 719 168
3 2978
3 7631
3 2479
3 3014
1 63 9828
1 70 9888
1 176 9907
3 5892
3 2054
3 1721
3 8995
3 1250
3 717
3 3608
3 1365
3 6413
1 302 2
3 9897
3 3211
1 4463 61
3 8552
3 6556
1 126 9957
1 171 9924
2 9826 9890
3 184
3 1524
3 8881
2 9826 9845
3 7303
3 136
1 86 9986
3 1423
3 2373
3 202
3 5915
3 6076
3 4164
3 8352
3 1674
3 1809
3 973
1 178 9980
1 86 9820
3 2763
3 6190
2 9918 9951
3 3105
3 1671
1 141 9952
3 7193
2 9946 9847
3 9705
3 8312
1 61 9867
3 4175
3 1086
3 4430
3 9611
3 7080
3 3250
3 2128
3 4158
3 9915
3 3915
3 6981
3 1897
3 7624
3 2619
3 5635
3 6936
3 8477
3 2443
3 3982
3 879
3 336
3 889
3 9196
3 5977
3 7350
1 108 9872
3 6865
2 9913 9892
3 5908
3 71
3 4193
3 5930
3 2887
3 4486
3 9604
3 5650
3 8492
3 4738
3 1584
1 2071 172
3 7816
3 7510
3 7117
3 3406
1 65 9983
3 3971
3 3403
3 7005
3 2787
3 549
3 8592
3 6451
3 7512
1 3533 88
3 2701
2 9819 9808
3 6300
3 3238
3 9934
3 8967
3 6520
1 134 9979
3 6152
3 5233
3 796
2 9806 9934
3 7940
3 6996
3 9760
1 7 9890
3 8096
3 8825
3 4395
3 852
3 1426
3 6158
2 9948 9995
1 81 9948
3 8986
1 146 9865
3 1577
3 2644
3 5519
2 9871 9871
3 8153
3 3396
2 9850 9936
3 237
3 6352
3 4899
3 3712
3 3695
3 2358
3 3011
3 2141
3 2006
3 7884
3 4325
1 33 9968
3 1383
3 7060
3 4060
2 9846 9893
3 5324
3 3355
3 57
3 2208
3 5722
3 3324
3 6966
3 1181
2 9816 9839
2 9922 9996
3 762
3 756
3 9473
3 3010
3 66
3 4229
3 2875
3 6642
2 9951 9950
1 144 9871
3 7083
3 4927
3 1564
3 82
3 103
3 2572
3 2319
3 2585
2 9888 9939
3 5266
3 2392
2 9989 9953
3 3304
3 7742
3 4899
3 6063
3 5465
3 5827
1 3962 144
3 6974
3 6270
3 3439
3 7328
3 1877
3 1938
3 2335
3 6309
3 8160
3 9246
3 5976
3 8170
3 9258
3 5246
3 8155
3 6286
3 5651
2 9931 9827
3 8910
3 5143
3 8801
3 3465
3 1208
3 9390
3 7036
3 3288
3 1263
3 2542
3 8307
1 87 9803
3 5490
2 9932 9950
3 2227
3 7108
3 2040
3 1381
3 3743
3 1906
3 9634
3 9120
3 4048
3 6759
3 2961
2 3265 18
3 1595
3 5950
3 4089
3 1532
3 2066
1 24 9910
3 5692
3 9462
2 9943 9991
3 8407
3 2919
3 212
3 9428
1 27 9971
3 3942
3 8498
3 7232
3 3831
3 1281
3 6305
3 1765
3 3156
3 192
3 7591
1 9015 145
3 4065
3 1342
3 9057
3 6372
1 3 9951
1 4 9968
3 8004
3 6898
3 4691
3 4414
2 3109 64
2 9904 9908
1 176 9860
3 2123
3 6172
3 3085
3 8315
3 9711
3 5012
3 3544
3 6313
3 2555
3 8701
3 529
2 9933 9975
3 8760
3 3949
3 9482
3 4250
1 109 9830
3 1228
2 9850 9938
3 654
3 5861
1 53 9846
3 3077
3 6911
2 9913 9933
2 2311 104
3 3108
3 1960
3 7885
3 2517
3 3362
3 3348
3 2252
2 9878 9915
3 1120
3 9957
3 1348
3 3782
2 9952 9922
2 6466 186
3 7342
3 1143
3 4064
3 150
3 2831
2 9885 9828
3 768
3 2698
2 9963 9894
2 4290 188
3 2475
3 2779
3 4459
3 5263
3 4566
3 5913
2 2820 159
1 2 9959
3 7880
3 8591
3 1681
3 2401
3 3099
3 6477
3 534
3 7498
3 9243
3 3000
3 5264
2 9886 9915
3 8994
3 8243
3 8965
2 9874 9941
1 122 9906
3 4155
3 283
2 9923 9867
1 85 9825
1 128 9868
3 1578
3 8051
2 3321 125
3 9689
1 3454 197
3 2257
3 2044
3 2631
1 90 9873
3 2229
3 142
3 9527
1 159 9841
3 5510
3 2923
3 4981
3 5740
3 9826
3 9438
3 8687
3 4395
3 2747
3 3525
3 5725
3 2133
2 9852 9872
3 1379
3 7411
3 3451
3 5855
3 2939
3 8477
2 5341 132
3 6268
3 6740
3 1948
3 4528
3 9194
3 4569
3 7552
3 5744
3 6379
3 7376
3 6374
3 2623
3 899
3 9927
3 9020
3 5017
3 4252
3 8918
3 7192
3 4138
3 8320
3 9799
3 1800
3 4316
3 6101
3 1090
2 9991 9810
3 5702
3 7172
3 8794
1 24 9924
3 9952
3 2369
3 3762
3 817
3 6529
3 8170
3 4282
3 6775
3 8104
3 2293
3 7127
3 9444
3 7196
1 124 9956
3 4506
3 4466
1 110 9909
3 4863
2 9803 9943
3 4151
3 1951
3 2933
3 4923
3 5389
3 4361
3 3267
3 8391
1 7358 156
3 5596
3 5074
3 5606
3 2029
1 170 9870
3 9997
3 4280
3 7623
3 2684
3 6904
3 5909
3 1577
3 1628
3 4123
3 8360
3 1433
3 778
3 1041
3 5895
3 9980
3 8946
3 7267
3 5171
3 6867
3 9047
3 1088
3 4993
3 5338
3 7504
1 42 9839
3 8520
3 2685
3 559
1 7181 197
3 9294
3 1819
3 3339
3 330
1 115 9974
3 6180
3 3378
3 5493
3 237
3 9046
3 8914
3 7616
3 9769
1 86 9922
1 86 9908
3 3185
3 4040
3 7352
3 4014
1 141 9960
1 62 9905
3 5305
3 3933
2 9927 9937
3 4757
3 8988
3 4518
3 6054
2 8169 33
3 5963
3 7810
3 1172
3 6431
3 1951
3 6829
3 3262
3 6441
3 8841
3 6447
3 557
3 5071
3 1036
3 4431
3 7469
3 9031
3 9381
3 1923
3 1158
3 4187
3 8772
3 7281
1 60 9993
3 4272
3 2165
3 6874
3 6167
3 1792
3 8240
3 4167
2 9929 9813
3 1356
3 6556
3 4785
3 126
3 8996
3 2629
3 8285
1 72 9961
3 5904
3 5560
3 7569
1 11 9869
3 5668
3 8671
2 9918 9845
3 1140
2 9851 9870
3 2813
3 9274
2 9998 9842
3 3929
2 9853 9986
3 6717
3 9345
3 823
1 92 9937
3 7172
1 165 9928
3 3397
3 9163
3 7643
2 9966 9860
2 9880 9995
3 2203
3 360
2 9982 9816
3 9453
3 4067
3 8660
3 6203
3 2519
3 5001
3 29
3 61
3 3512
3 2444
3 717
3 1973
3 8853
3 47
3 9129
3 891
3 2761
2 9875 9824
3 2363
1 169 9872
1 147 9980
3 5673
3 9347
3 541
3 4250
2 9821 9954
2 9950 9910
3 2217
3 3554
3 9386
3 4963
3 9333
3 6986
3 8440
3 4893
2 9952 9821
3 6874
3 498
1 67 9848
3 6063
3 247
1 22 9885
1 112 9925
2 9950 9964
1 61 9985
3 2045
3 5730
1 54 9991
3 7800
3 270
3 8145
2 9840 9971
1 150 9905
1 11 9955
3 5337
3 7316
2 5908 39
3 7519
3 6298
3 6247
3 3396
3 7272
3 6639
1 141 9928
3 6942
3 79
3 542
3 8058
1 11 9890
2 9906 9989
3 5973
3 3953
3 8097
3 7460
3 245
3 9473
3 5263
1 3682 166
3 322
3 2129
3 2088
3 35
1 162 9989
1 114 9876
2 3176 84
3 7330
1 129 9867
3 8075
3 2833
3 9907
3 4663
2 9879 9964
1 188 9919
2 422 34
3 213
3 7715
3 1459
3 1489
3 4982
3 7117
3 4499
3 3076
3 7624
1 150 9809
3 7427
1 81 9983
3 1703
3 1333
3 8828
1 147 9853
3 4555
2 9921 9852
3 3080
3 6885
3 2041
3 4039
1 95 9823
3 5474
3 8289
3 9332
3 7799
2 415 139
3 1195
3 3296
3 2512
3 2055
2 9833 9868
3 1790
3 8223
3 5140
3 1271
1 70 9805
3 9983
3 5274
3 3724
3 9387
1 112 9846
1 8784 150
2 9846 9946
3 244
3 4562
3 8120
3 3073
3 3222
3 2253
3 7764
3 4048
3 4907
3 4489
3 8565
3 2107
2 7350 113
3 5378
3 1606
1 79 9840
3 9502
3 7395
2 9949 9854
3 4283
3 3711
3 1554
3 308
3 8228
3 4021
3 1625
3 5144
3 8264
3 1446
3 4007
3 8419
3 3470
3 9381
3 2507
3 1103
3 5267
3 3461
3 2686
3 9513
3 1397
3 14
3 3677
3 7538
3 3747
3 2915
3 1668
3 3097
3 9841
3 3557
3 6641
3 7886
3 2636
2 9856 9921
3 7649
3 2376
3 7532
2 9903 9876
2 9954 9990
3 567
1 123 9930
3 5727
2 9987 9926
3 9755
3 7341
3 6359
1 105 9834
1 79 9937
3 6656
3 1920
1 169 9979
3 4013
3 1902
3 5886
3 5277
3 7544
3 5457
3 2326
3 1408
3 2208
3 903
3 555
3 5895
3 3412
3 602
3 9563
3 788
3 2515
3 3600
3 9288
3 3313
3 1437
3 4638
1 12 9943
3 9144
3 5312
3 6126
3 6109
3 6065
3 3258
1 92 9866
3 319
3 5001
3 5037
3 7634
2 9939 9889
2 9954 9981
3 5973
3 492
3 5342
3 8765
3 3919
1 45 9880
3 4362
3 7147
1 168 9869
3 4615
3 3670
3 3402
3 7957
3 8882
1 4866 42
3 8542
3 376
3 7492
3 4872
1 93 9853
3 6841
3 2706
3 8895
3 9956
3 9830
3 3356
3 2512
1 1451 57
1 4 9992
1 135 9928
2 9930 9933
3 8740
3 4510
3 3967
3 5702
1 3567 105
3 4856
3 5742
3 1804
3 3241
3 3584
2 9847 9872
1 199 9833
3 5741
1 41 9976
3 8822
3 346
3 1186
2 9868 9863
3 1309
2 9828 9991
3 755
3 7786
3 1493
3 6364
3 2803
3 8441
3 674
3 2173
3 1573
3 2048
2 9871 9947
3 7688
3 7693
1 141 9955
2 9841 9888
3 1486
3 9240
3 7766
2 9817 9985
3 6240
3 3161
3 7332
3 9627
3 429
3 9645
1 52 9821
2 9985 9956
1 182 9893
3 7347
2 1033 198
3 8582
2 9886 9978
2 9826 9942
1 3993 172
3 4607
3 2370
2 9962 9823
3 4712
3 1148
3 2703
3 8106
1 68 9856
1 1077 8
1 143 9888
2 8699 158
3 7416
3 5843
3 8617
3 1010
3 1974
3 5383
2 9966 9960
3 7460
3 2589
3 5537
3 456
1 1933 78
3 7310
3 4632
3 4937
3 6835
3 8483
3 9898
3 5225
3 2185
2 9812 9999
2 9984 9885
3 8626
3 2937
2 9970 9901
1 5263 122
3 8819
3 9789
3 5373
3 3973
3 2092
3 4472
3 6994
3 4091
3 3045
2 9962 9881
3 4237
3 2875
2 9847 9943
3 7607
3 7210
3 3263
1 144 9881
3 3276
3 2311
3 264
3 1174
2 9898 9981
3 2417
3 9952
3 3412
3 6338
2 9966 9968
2 3285 69
3 2979
3 2551
3 3615
3 5470
3 8058
3 918
3 4010
3 8992
3 127
3 8498
3 2819
3 7866
2 9924 9955
3 709
3 8030
2 9990 9963
3 9696
2 9882 9965
3 5253
3 1682
3 7776
3 7342
3 9435
3 4767
3 3138
3 3942
3 8750
3 7758
3 4251
3 1455
3 4642
3 5468
3 7289
3 8118
3 5580
3 1508
3 786
3 2677
3 6391
3 1653
3 6382
3 9321
3 4157
3 670
2 9950 9952
3 7699
1 143 9937
3 3742
3 6455
3 7238
3 4184
3 2495
3 720
3 1944
3 7697
3 5641
3 4937
3 6398
3 6792
3 8222
3 2794
3 5565
3 8686
3 4020
3 5170
3 9865
3 2765
3 2445
3 506
1 13 9966
3 5757
1 9439 167
3 9670
3 8786
3 4800
1 143 9965
3 2713
3 5136
3 7877
1 106 9850
3 8346
3 8556
1 18 9970
3 388
3 7324
1 3 9877
3 4420
3 4976
2 9942 9899
3 7789
3 7788
3 8832
3 9316
1 174 9891
3 1593
2 9941 9831
3 4022
3 4297
3 7915
3 3895
2 9953 9999
2 9969 9989
1 2 9988
3 6739
3 7209
3 5180
3 7968
3 7011
2 9849 9846
3 3093
3 4722
3 8213
1 1568 82
3 3839
3 5332
3 8255
3 5632
2 9818 9960
3 484
3 8975
3 3173
3 877
3 3016
3 8345
3 774
2 9829 9931
3 5016
3 3572
3 7958
3 484
3 8209
3 3980
2 9955 9825
3 5124
3 7767
3 5867
3 1365
2 9977 9824
3 1343
1 9621 179
3 8212
3 4592
3 5277
2 4492 164
3 6935
3 8708
3 1787
3 5447
3 4011
3 7248
2 9919 9903
3 3055
3 9090
3 7600
2 9843 9977
1 191 9815
3 1929
3 5934
3 6735
3 4385
3 2553
3 5192
1 35 9826
3 5767
3 5032
3 5693
3 8804
3 5915
3 3100
3 3735
2 9828 9812
3 1888
3 4476
3 3493
3 4621
1 6072 168
3 926
3 6001
3 7954
3 6099
3 5952
3 4659
3 3181
3 3779
3 2199
1 52 9968
3 8963
3 1142
3 2057
3 5319
3 4119
3 2470
3 7965
3 8217
3 8892
3 2580
3 3489
3 4986
3 1475
3 3369
3 911
3 4815
2 9910 9930
3 9996
3 3070
3 8248
3 2834
3 3733
3 7691
3 2088
3 5629
3 1405
3 5146
3 8392
3 5882
3 2726
3 3205
2 9896 9954
3 6118
3 4976
3 9351
3 9720
3 1670
3 8443
3 1201
2 9972 9934
3 9766
1 6 9886
1 152 9836
3 5951
3 2290
3 3119
3 7708
3 5697
3 9224
3 6616
3 7391
3 8981
3 4673
2 9926 9997
3 574
3 9250
3 1640
2 9974 9891
3 2764
3 4681
3 6399
2 9959 9824
3 9758
3 6220
3 4390
3 6731
2 9962 9822
3 4533
1 8874 158
3 2203
3 6351
3 8269
1 9278 115
3 8307
1 25 9857
3 6894
3 3182
1 100 9800
3 6315
3 1894
2 9798 51
3 5692
3 4418
2 9902 9845
3 7446
3 2051
3 5399
2 9887 9993
3 1087
3 2843
3 8229
3 5961
3 52
3 57
1 82 9951
1 92 9890
3 7568
3 1498
3 731
1 8330 172
3 5548
1 186 9854
1 145 9957
2 9921 9941
3 812
3 2766
3 6397
3 320
3 360
3 1301
3 9760
3 5391
3 6835
3 886
3 700
3 3749
3 313
3 2472
2 9945 9983
3 3238
3 9190
3 5993
3 2252
1 7696 87
3 2818
3 5584
3 7468
3 1141
3 8538
3 4959
3 8085
2 9840 9941
3 1238
1 192 9973
1 2665 138
3 72
3 8151
3 8554
3 3350
3 9052
1 116 9887
3 2781
3 2660
3 5656
3 8398
2 9802 9832
3 59
2 4574 5
1 6448 101
2 9861 9824
3 7357
3 6958
3 1872
3 264
3 303
3 5920
1 145 9831
3 7205
3 5732
3 6919
3 9598
1 60 9917
3 6468
3 1360
1 40 9825
3 4300
3 1979
3 9138
3 7799
3 8489
3 8198
2 5691 158
3 8897
2 9972 9855
3 8109
3 7850
1 74 9850
2 9947 9967
3 8993
3 4998
3 641
1 141 9852
3 293
3 7002
3 7126
3 1850
3 4978
3 5444
3 4237
3 337
3 8351
3 7721
3 5510
3 898
3 6967
3 7671
3 604
2 9886 9940
3 427
3 3673
3 6625
3 581
1 9 9889
3 2443
3 1611
3 2682
3 7748
3 7904
3 546
1 174 9815
3 1602
3 7599
1 53 9895
3 3319
3 3038
3 6887
3 7516
3 6885
3 1296
3 9529
3 214
2 6799 60
3 4889
3 1230
2 9889 9815
1 6786 33
3 8570
3 2900
3 9771
3 7431
3 1846
3 7530
3 5505
3 647
3 2602
3 2361
2 9900 9910
3 9990
3 1860
3 5412
3 5811
3 4170
3 3217
1 12 9915
3 6477
3 8539
3 6787
2 5938 105
3 7462
3 6097
3 6511
3 7410
3 5473
3 5473
3 3272
3 2155
3 4164
3 1650
3 5490
3 3239
3 4523
3 8297
3 577
3 311
1 94 9971
3 4314
3 7691
3 81
2 5083 122
3 251
3 9081
3 2988
3 7438
1 113 9846
2 6603 9
3 1547
3 7221
3 727
3 7876
3 2494
2 9906 9973
3 5183
3 1972
3 1391
3 4634
3 9265
1 8149 47
3 2881
3 5550
3 5478
3 691
3 5503
3 2908
1 100 9969
3 5293
3 9140
3 9526
3 2328
2 9891 9942
3 8709
3 2513
3 9239
3 815
3 7529
3 9971
2 9972 9856
3 3749
3 1710
3 8490
3 8060
3 337
3 8589
3 8362
3 1699
3 7850
3 2101
3 4211
3 2229
3 7846
3 896
3 7212
3 2146
3 6339
3 7047
3 3417
3 4841
3 6021
1 62 9933
3 9310
3 1913
3 3992
3 7565
3 1541
3 4013
3 4585
3 4235
3 7939
3 5766
3 7376
3 4219
3 423
3 9469
3 3526
3 4366
3 8903
3 718
3 1451
3 3718
1 154 9953
3 1014
3 2286
3 2954
3 8178
2 9972 9931
3 5117
1 50 9821
3 6039
2 8464 28
3 868
3 8491
3 2864
1 23 9972
3 2669
3 6136
3 7923
3 8475
3 1419
3 6031
3 9712
1 23 9956
3 5917
3 6190
3 9944
3 9188
3 9652
3 546
3 736
3 2132
3 5889
3 6881
3 386
3 1138
2 9910 9846
2 9992 9890
3 3844
3 379
3 1813
2 4298 200
3 7685
3 5001
3 8716
3 6043
3 7010
3 2828
3 6734
3 7793
3 8396
3 2223
3 7712
2 9966 9806
3 9760
3 1035
3 2892
3 7537
3 8827
3 1772
3 9661
2 4908 168
3 7803
3 6930
3 6555
3 5634
3 9097
3 4057
3 5115
2 9885 9909
3 4216
3 6693
3 8608
1 14 9898
3 2750
3 1322
3 2766
2 9955 9972
3 5898
2 8288 63
3 7251
3 9010
1 157 9911
3 6242
3 5067
1 1796 16
3 9925
3 2775
3 3007
3 4650
3 7101
3 3667
3 8216
1 9 9869
3 3493
1 1838 155
1 142 9986
3 4253
3 2086
3 6537
3 5957
3 5187
2 3441 173
3 9486
2 9842 9832
3 5887
3 1063
3 1626
3 9704
3 7598
3 6297
3 5707
1 104 9861
3 8881
2 9827 9930
3 5791
3 5833
3 505
1 73 9882
3 9007
1 97 9864
3 185
3 5166
3 3295
3 9344
3 193
3 9749
3 7536
3 748
2 9993 9886
1 98 9801
3 6992
3 7862
3 1267
3 7899
3 5355
1 140 9870
1 5403 30
3 6415
1 148 9857
3 442
1 48 9891
3 1430
3 6669
2 9963 9879
1 68 9907
3 8343
3 7988
3 5630
3 3280
3 7443
1 107 9941
3 7260
1 126 9951
3 7347
3 1758
3 9020
3 4234
3 1383
3 3898
1 194 9815
3 1925
3 4365
3 9027
3 5008
3 3695
3 9752
3 3186
2 9903 9943
1 43 9815
3 6410
3 4841
1 150 9880
3 4065
3 3114
3 8679
2 9920 9950
3 3825
2 9901 9817
1 150 9808
3 7092
3 1330
3 3085
3 8047
3 4286
3 7716
3 9443
2 9848 9944
3 7635
3 7743
3 3322
3 8839
3 7262
1 1349 184
3 8387
3 1264
2 9811 9885
2 9886 9924
3 4902
3 4304
3 4658
3 2876
3 2788
3 1065
3 365
3 5588
3 9654
3 7752
3 1097
1 8664 163
3 7391
3 7345
2 9892 9924
3 3423
1 851 118
3 6212
3 9404
3 6432
3 4239
1 2765 76
3 7815
3 4999
3 5166
3 3253
3 7753
3 478
3 8440
3 8109
3 8063
3 7635
3 6768
3 6321
3 505
1 1643 56
2 784 105
3 9413
1 92 9832
3 9578
3 8266
3 1388
2 9829 9811
3 6089
3 9149
3 8161
1 189 9924
3 4239
3 2184
3 4134
3 3520
3 6107
1 92 9854
3 4274
3 3388
1 8 9991
2 9969 9928
3 603
3 8586
3 2883
3 9209
3 7700
1 129 9929
3 1314
3 2803
3 7781
3 983
3 9033
3 8627
1 195 9980
2 9974 9825
3 8645
3 3704
3 5586
3 1351
1 49 9850
3 4930
3 3329
3 7113
3 3941
3 5025
2 9925 9807
2 9916 9860
3 5176
3 2428
3 9674
3 4169
3 5855
3 6178
3 6573
3 4761
3 3544
3 9976
1 181 9851
2 9854 9985
3 759
3 3932
3 6705
3 4707
1 35 9943
3 5108
3 1264
3 6243
3 6689
1 84 9893
2 9801 9897
3 6738
3 7171
3 1537
1 5709 115
3 7751
3 5058
3 1611
3 2168
3 3367
2 6253 56
3 883
3 6150
3 1022
3 4173
1 169 9830
3 6242
3 2390
2 9020 34
1 60 9802
3 9448
3 7801
1 57 9801
3 9335
1 155 9944
3 6648
3 9428
3 6867
1 19 9889
3 832
3 2640
3 3894
3 677
3 5784
3 5693
3 4069
3 8677
3 7168
3 8074
3 2540
3 2679
3 2308
3 4655
3 8991
3 2453
3 5790
3 9039
3 6614
3 9052
3 216
3 7878
3 2602
2 9879 9839
3 8117
3 9413
1 8 9802
3 9632
3 2192
3 767
3 278
1 182 9941
2 9960 9945
3 6132
3 4826
3 7514
3 5423
3 7991
3 1579
3 3958
3 413
2 9868 9879
3 6386
3 8800
3 5764
3 8545
3 5914
3 8112
3 3211
3 9499
3 4640
3 8841
3 6658
1 97 9911
3 7260
3 5207
3 269
3 6745
3 5555
3 4081
3 8427
1 69 9897
3 3671
1 5864 182
1 4246 149
3 2313
3 886
3 2555
3 2397
3 1191
3 2856
3 9558
2 9832 9972
3 8467
2 9922 9935
1 40 9952
3 405
3 5500
3 7309
1 103 9876
1 188 9953
3 3248
3 5582
3 9
3 479
3 863
3 961
2 9955 9941
1 9738 6
3 9998
3 6511
3 6596
1 198 9994
3 2025
3 1126
3 7871
3 1845
3 7526
3 9427
3 6111
3 3217
3 3462
3 6022
3 1505
3 8080
3 8981
3 2755
3 1080
3 3776
3 1508
3 5239
3 2230
3 8679
3 6048
3 5767
3 3816
2 9902 9918
3 5237
3 7798
1 158 9933
3 397
3 1776
3 8879
2 9925 9915
3 1645
1 89 9850
3 9333
1 90 9801
1 51 9958
3 8811
2 9842 9869
3 9606
3 1012
3 3934
3 6948
3 4117
1 84 9815
3 6543
3 1533
3 7609
3 7598
3 500
3 4459
3 6947
3 8879
1 41 9925
3 9081
3 295
3 3080
3 933
1 106 9818
3 4352
3 5729
3 3901
3 328
3 6125
3 8693
3 666
3 2726
1 83 9948
3 5577
3 4256
1 4 9936
2 9815 9925
3 1530
3 1753
3 4236
2 9919 9918
3 4130
3 5772
3 859
3 1850
2 9958 9875
3 6508
3 4354
3 4440
3 4290
3 4614
2 6729 142
1 160 9810
3 6266
3 6474
2 9977 9941
2 9880 9978
3 6044
3 8744
3 8850
3 2515
3 3164
3 8829
3 307
3 9091
3 5077
3 712
3 1812
3 6052
3 8989
1 32 9859
3 8440
3 1409
3 8845
3 5368
2 9690 42
3 1055
3 3573
3 3860
3 7054
3 9203
3 6160
3 9286
3 4861
3 7548
1 27 9929
3 6437
3 8889
3 6812
3 9167
3 5625
3 4615
3 1547
2 9995 9868
3 3393
3 5223
3 1639
2 9923 9890
3 1935
3 1426
3 3728
3 7395
2 9887 9848
2 9873 9991
3 6407
3 9301
1 104 9889
3 2492
3 3169
3 3743
3 1497
3 4840
3 1855
3 2646
3 5599
3 6260
3 1289
1 144 9974
3 6396
3 1882
3 1955
1 150 9909
3 6458
3 5295
1 61 9862
3 3035
3 8502
2 9939 9996
3 3396
3 453
1 101 9923
3 2252
1 20 10000
3 4215
3 5038
3 7763
3 5043
3 783
3 1977
3 1628
3 6895
1 38 9994
3 1439
2 9958 9943
3 228
3 2306
3 5878
2 5819 17
3 6651
3 6030
3 6084
3 2011
3 9990
3 3754
3 3216
3 2503
3 74
3 4355
3 7922
3 1940
3 2821
3 3208
1 131 9800
3 9402
3 42
3 7761
2 9872 9871
3 1313
3 4957
3 8832
3 1866
3 1366
3 1851
3 1237
3 3682
1 107 9908
3 3337
2 9910 9805
2 9932 9825
3 6102
2 5754 136
1 170 9830
3 2975
2 9998 9989
3 8302
1 118 9891
3 1733
3 5225
3 9070
3 2531
3 2622
1 129 9800
2 9895 9993
3 8080
2 9819 9877
3 7939
1 5866 160
3 6456
3 4168
3 2840
3 6564
3 2941
3 808
3 7261
3 5921
3 9293
1 54 9941
3 2325
3 6623
3 5793
3 5902
3 4964
3 3184
3 2666
3 3376
3 6171
3 7337
3 781
1 9120 60
3 5836
3 4197
1 73 9954
3 4303
3 1551
3 7320
3 6770
3 140
1 120 9987
3 211
3 6957
3 8953
3 763
3 616
3 5780
3 9597
3 2077
3 1110
3 7478
3 5040
3 7275
3 2108
3 4340
3 1346
2 397 14
1 167 9930
3 229
3 4994
3 8468
1 97 9816
3 7750
1 160 9892
3 1461
3 2224
3 6946
3 7159
2 9888 9986
2 8016 80
3 8602
2 9829 9927
3 7221
3 6847
3 5544
3 1120
2 9926 9972
3 2011
3 5739
3 7516
3 9969
3 5694
3 45
3 7713
1 86 9995
3 9575
3 2403
3 8201
3 7729
3 146
3 1628
1 179 9837
1 143 9847
3 5029
3 3080
3 4651
3 1265
3 4026
3 1652
1 8397 20
3 1893
3 8819
3 9345
3 7633
3 2897
3 4954
3 8334
3 8205
3 5290
3 1820
3 987
3 9593
3 4534
3 1736
1 56 9814
3 7884
3 2477
1 27 9956
3 862
3 7165
3 837
3 141
3 1658
3 3975
3 1138
2 6945 130
3 6449
1 159 9808
2 9955 9974
3 7109
3 5580
1 108 9969
3 8350
3 4973
2 9880 9930
3 8931
1 192 9819
3 7674
1 6 9857
3 5381
3 6370
3 4705
1 144 9808
1 197 9856
3 4267
3 7133
3 8045
3 627
3 8850
3 535
2 9868 9910
3 381
3 4299
3 1548
1 120 9987
2 9909 9848
3 3299
3 4160
3 6155
1 126 9932
3 1312
3 9302
3 9530
3 8595
3 5137
3 6097
3 8817
3 8891
1 191 9965
3 3437
3 6221
3 2677
2 9802 9945
3 1770
1 7952 29
3 5550
2 9824 9921
3 8569
3 1366
3 8415
3 1275
3 2757
3 4383
3 4119
3 1916
3 9074
3 9022
3 6047
3 9560
3 1289
1 54 9915
3 2741
3 9706
3 5571
2 9876 9841
2 5213 181
1 142 9958
3 6257
3 4845
3 4121
2 9915 9915
3 4233
3 9529
3 3041
2 9957 9851
3 3432
3 3932
3 3438
3 3501
3 2483
3 1993
3 7802
3 7252
3 6827
3 1679
3 3649
3 4579
3 2701
3 7258
3 2165
2 9811 9813
3 5891
3 6380
3 3560
1 571 125
3 7524
3 1055
3 8308
2 9976 9956
3 9265
3 2283
3 524
1 119 9937
3 7948
3 7066
1 19 9871
3 4627
3 7788
3 3443
3 8457
3 2067
3 4843
3 5576
3 6445
3 2495
3 7051
3 6550
3 9442
3 4039
3 797
3 3528
2 6899 36
1 37 9847
3 4636
2 9952 9833
3 5216
3 8521
3 4465
3 6310
1 35 9873
3 1986
3 8034
3 7968
2 9972 9897
3 561
3 3609
3 7060
2 9900 9811
3 80
3 278
3 2061
1 4456 147
1 8949 70
3 4054
1 165 9814
3 6968
3 4913
3 5068
1 119 9806
3 4688
3 4157
3 8901
3 6528
2 9966 9858
1 57 9903
3 6824
3 2146
2 9807 9869
3 844
3 2235
3 6737
3 4026
3 3182
3 2288
3 5558
1 75 9861
3 2937
3 6441
3 7346
2 9860 9989
3 2332
3 497
3 9508
3 213
3 5284
3 5797
3 465
