1169
1 1
1 1
1 1
1 1
3 1
2 1
3 1
6 1
7 1
7 1
8 1
8 1
7 1
6 1
1 1
9 1
14 1
13 1
6 1
1 1
3 1
4 1
11 1
23 1
1 1
7 1
17 1
8 1
22 1
11 1
27 1
4 1
20 1
28 1
12 1
4 1
12 1
1 1
19 1
20 1
39 1
40 1
36 1
43 1
42 1
12 1
3 1
16 1
24 1
12 1
37 1
10 1
24 1
4 1
15 1
15 1
38 1
31 1
36 1
41 1
28 1
60 1
43 1
27 1
60 1
45 1
28 1
51 1
66 1
56 1
62 1
29 1
19 1
59 1
51 1
61 1
51 1
16 1
35 1
20 1
65 1
51 1
40 1
28 1
57 1
65 1
68 1
45 1
86 1
35 1
1 1
85 1
88 1
38 1
64 1
41 1
7 1
80 1
58 1
10 1
71 1
15 1
56 1
91 1
83 1
8 1
5 1
47 1
11 1
2 1
22 1
1 1
27 1
62 1
24 1
105 1
17 1
14 1
6 1
91 1
42 1
73 1
111 1
56 1
26 1
67 1
37 1
70 1
35 1
20 1
130 1
68 1
45 1
5 1
86 1
60 1
70 1
29 1
94 1
89 1
7 1
115 1
3 1
113 1
69 1
21 1
141 1
79 1
66 1
24 1
77 1
105 1
123 1
79 1
59 1
27 1
12 1
12 1
75 1
138 1
111 1
19 1
27 1
101 1
108 1
127 1
16 1
122 1
75 1
76 1
143 1
151 1
138 1
34 1
140 1
64 1
125 1
87 1
168 1
54 1
73 1
85 1
179 1
177 1
15 1
135 1
123 1
168 1
27 1
125 1
9 1
160 1
4 1
82 1
98 1
189 1
164 1
38 1
88 1
197 1
94 1
141 1
28 1
57 1
67 1
22 1
31 1
61 1
19 1
22 1
39 1
95 1
204 1
90 1
99 1
69 1
28 1
94 1
135 1
77 1
217 1
54 1
192 1
121 1
48 1
119 1
127 1
174 1
63 1
85 1
112 1
123 1
180 1
153 1
207 1
76 1
82 1
4 1
75 1
116 1
51 1
11 1
214 1
10 1
114 1
39 1
45 1
232 1
240 1
138 1
35 1
213 1
67 1
35 1
233 1
142 1
184 1
182 1
178 1
73 1
201 1
180 1
27 1
248 1
69 1
241 1
250 1
168 1
149 1
161 1
204 1
176 1
68 1
160 1
90 1
100 1
25 1
52 1
237 1
180 1
123 1
264 1
78 1
177 1
151 1
198 1
246 1
225 1
131 1
127 1
103 1
149 1
263 1
209 1
262 1
168 1
212 1
187 1
200 1
130 1
245 1
234 1
108 1
62 1
252 1
295 1
69 1
92 1
77 1
57 1
32 1
303 1
124 1
248 1
267 1
183 1
22 1
285 1
224 1
104 1
22 1
249 1
199 1
44 1
251 1
40 1
144 1
17 1
230 1
76 1
230 1
205 1
211 1
164 1
22 1
144 1
91 1
294 1
83 1
237 1
157 1
329 1
247 1
231 1
101 1
322 1
324 1
16 1
336 1
233 1
82 1
252 1
171 1
262 1
27 1
15 1
20 1
265 1
130 1
71 1
322 1
342 1
116 1
86 1
84 1
11 1
91 1
45 1
252 1
308 1
252 1
316 1
335 1
285 1
151 1
104 1
287 1
193 1
188 1
206 1
342 1
171 1
217 1
79 1
135 1
320 1
317 1
322 1
124 1
213 1
92 1
10 1
109 1
89 1
270 1
280 1
187 1
251 1
198 1
5 1
240 1
31 1
51 1
228 1
205 1
373 1
97 1
384 1
339 1
3 1
92 1
293 1
239 1
25 1
326 1
228 1
300 1
330 1
64 1
404 1
363 1
2 1
112 1
11 1
383 1
146 1
245 1
205 1
134 1
140 1
44 1
36 1
29 1
143 1
269 1
369 1
246 1
122 1
354 1
39 1
305 1
127 1
367 1
352 1
423 1
93 1
249 1
130 1
279 1
407 1
8 1
244 1
335 1
45 1
26 1
316 1
299 1
172 1
373 1
103 1
387 1
322 1
14 1
148 1
202 1
459 1
280 1
232 1
238 1
183 1
414 1
134 1
98 1
333 1
463 1
397 1
321 1
366 1
251 1
464 1
98 1
169 1
401 1
262 1
449 1
84 1
119 1
242 1
4 1
202 1
294 1
353 1
45 1
477 1
62 1
69 1
76 1
389 1
396 1
361 1
149 1
21 1
75 1
187 1
257 1
470 1
392 1
206 1
52 1
313 1
99 1
16 1
308 1
42 1
158 1
436 1
186 1
40 1
236 1
250 1
82 1
366 1
482 1
491 1
491 1
112 1
409 1
435 1
321 1
105 1
50 1
464 1
78 1
121 1
138 1
247 1
257 1
268 1
142 1
514 1
165 1
66 1
490 1
497 1
180 1
32 1
195 1
85 1
121 1
96 1
10 1
243 1
244 1
363 1
62 1
189 1
207 1
36 1
171 1
424 1
24 1
459 1
60 1
256 1
552 1
547 1
288 1
25 1
157 1
405 1
54 1
25 1
150 1
202 1
188 1
331 1
373 1
369 1
36 1
450 1
185 1
343 1
503 1
261 1
249 1
41 1
161 1
284 1
417 1
307 1
23 1
14 1
355 1
125 1
70 1
357 1
357 1
395 1
542 1
412 1
45 1
195 1
393 1
210 1
406 1
205 1
264 1
409 1
230 1
49 1
316 1
511 1
239 1
80 1
201 1
90 1
210 1
545 1
589 1
10 1
187 1
50 1
466 1
524 1
537 1
209 1
404 1
625 1
406 1
2 1
46 1
387 1
503 1
331 1
46 1
225 1
507 1
370 1
12 1
253 1
383 1
612 1
469 1
641 1
363 1
288 1
386 1
569 1
268 1
481 1
549 1
33 1
630 1
260 1
581 1
194 1
262 1
193 1
648 1
590 1
535 1
527 1
23 1
477 1
271 1
590 1
304 1
437 1
212 1
608 1
504 1
104 1
555 1
148 1
169 1
44 1
157 1
616 1
276 1
324 1
209 1
536 1
625 1
412 1
18 1
478 1
476 1
35 1
280 1
303 1
333 1
687 1
205 1
595 1
48 1
386 1
526 1
420 1
177 1
422 1
191 1
315 1
201 1
521 1
285 1
440 1
75 1
62 1
439 1
510 1
333 1
436 1
594 1
697 1
306 1
239 1
274 1
371 1
270 1
534 1
141 1
397 1
21 1
42 1
610 1
254 1
482 1
83 1
15 1
185 1
654 1
507 1
280 1
634 1
705 1
24 1
540 1
330 1
485 1
401 1
551 1
106 1
624 1
584 1
166 1
688 1
354 1
334 1
637 1
633 1
135 1
18 1
44 1
491 1
285 1
692 1
232 1
431 1
459 1
498 1
623 1
432 1
416 1
700 1
121 1
718 1
248 1
467 1
661 1
426 1
647 1
490 1
218 1
585 1
125 1
308 1
130 1
527 1
228 1
704 1
742 1
719 1
300 1
97 1
419 1
86 1
375 1
612 1
339 1
296 1
246 1
252 1
302 1
775 1
51 1
139 1
631 1
730 1
558 1
605 1
90 1
109 1
704 1
525 1
504 1
521 1
643 1
559 1
606 1
586 1
659 1
170 1
629 1
190 1
443 1
95 1
575 1
459 1
765 1
620 1
425 1
199 1
145 1
320 1
296 1
297 1
153 1
78 1
247 1
586 1
585 1
34 1
230 1
698 1
290 1
444 1
514 1
144 1
470 1
480 1
64 1
409 1
745 1
281 1
66 1
809 1
52 1
644 1
469 1
111 1
170 1
267 1
552 1
810 1
513 1
648 1
502 1
327 1
521 1
503 1
656 1
533 1
784 1
39 1
127 1
811 1
120 1
108 1
525 1
27 1
546 1
865 1
10 1
312 1
56 1
417 1
180 1
280 1
767 1
107 1
532 1
518 1
545 1
511 1
361 1
286 1
758 1
671 1
386 1
392 1
381 1
657 1
722 1
351 1
71 1
73 1
103 1
248 1
551 1
811 1
426 1
585 1
388 1
19 1
132 1
179 1
17 1
510 1
812 1
284 1
509 1
687 1
278 1
305 1
210 1
61 1
722 1
690 1
794 1
471 1
233 1
713 1
862 1
637 1
166 1
473 1
38 1
541 1
238 1
341 1
187 1
425 1
931 1
327 1
899 1
321 1
802 1
614 1
507 1
558 1
303 1
255 1
608 1
410 1
87 1
149 1
391 1
646 1
56 1
768 1
624 1
843 1
409 1
187 1
614 1
165 1
846 1
250 1
389 1
716 1
250 1
261 1
536 1
414 1
661 1
106 1
246 1
557 1
542 1
443 1
141 1
923 1
489 1
440 1
294 1
496 1
4 1
369 1
911 1
579 1
17 1
151 1
368 1
554 1
759 1
350 1
919 1
834 1
843 1
732 1
39 1
762 1
31 1
483 1
189 1
326 1
193 1
139 1
920 1
627 1
816 1
784 1
596 1
269 1
264 1
715 1
809 1
794 1
829 1
659 1
276 1
452 1
470 1
114 1
101 1
806 1
78 1
656 1
958 1
915 1
497 1
500 1
834 1
461 1
457 1
578 1
307 1
137 1
679 1
227 1
312 1
63 1
15 1
388 1
558 1
771 1
120 1
482 1
798 1
781 1
391 1
745 1
947 1
1013 1
717 1
106 1
87 1
615 1
6 1
797 1
12 1
638 1
811 1
636 1
458 1
510 1
106 1
888 1
167 1
106 1
102 1
618 1
297 1
124 1
933 1
211 1
787 1
982 1
742 1
832 1
622 1
397 1
762 1
855 1
796 1
134 1
943 1
795 1
193 1
591 1
229 1
867 1
528 1
824 1
712 1
503 1
225 1
409 1
1013 1
989 1
753 1
86 1
899 1
144 1
102 1
872 1
153 1
229 1
690 1
406 1
431 1
283 1
373 1
83 1
72 1
344 1
530 1
1041 1
238 1
26 1
829 1
356 1
444 1
89 1
714 1
468 1
52 1
224 1
578 1
642 1
938 1
383 1
1079 1
122 1
60 1
209 1
730 1
422 1
362 1
29 1
994 1
534 1
567 1
363 1
139 1
944 1
341 1
575 1
60 1
289 1
454 1
53 1
716 1
728 1
899 1
686 1
283 1
274 1
304 1
484 1
746 1
796 1
2 1
572 1
858 1
994 1
106 1
538 1
39 1
402 1
1121 1
551 1
902 1
99 1
102 1
821 1
637 1
741 1
212 1
942
265 1
833 1
649 1
396 1
91 1
245 1
791 1
689 1
56 1
279 1
529 1
464 1
642 1
4 1
165 1
151 1
1155 1
864 1
1008 1
756 1
132 1
27 1
314 1
111 1
257 1
72 1
942 1
1024 1
840 1
1110 1
872 1
495 1
712 1
363 1
12 1
300 1
561 1
100 1
858 1
166 1
549 1
296 1
783 1
1087 1
879 1
99 1
532 1
355 1
256 1
555 1
192 1
741 1
145 1
220 1
929 1
1123 1
827 1
1153 1
106 1
7 1
900 1
595 1
618 1
909 1
1102 1
711 1
124 1
498 1
422 1
936 1
104 1
378 1
609 1
558 1
1166 1
1018 1
458 1
742 1
343 1
267 1
505 1
157 1
1049 1
907 1
1076 1
1013 1
235 1
1064 1
1139 1
116 1
487 1
733 1
299 1
896 1
1033 1
499 1
1071 1
715 1
108 1
768 1
113 1
379 1
932 1
490 1
688 1
765 1
243 1
336 1
29 1
1145 1
881 1
647 1
686 1
945 1
1072 1
372 1
242 1
354 1
432 1
150 1
504 1
497 1
1147 1
59 1
162 1
1001 1
623 1
148 1
362 1
852 1
770 1
769 1
281 1
646 1
506 1
578 1
38 1
746 1
169 1
1157 1
1037 1
107 1
446 1
889 1
625 1
253 1
1002 1
386 1
898 1
539 1
31 1
155 1
467 1
219 1
450 1
619 1
552 1
971 1
645 1
543 1
75 1
748 1
959 1
997 1
611 1
696 1
576 1
839 1
136 1
460 1
447 1
859 1
341 1
62 1
260 1
268 1
731 1
179 1
356 1
146 1
13 1
599 1
69 1
322 1
1160 1
1144 1
23 1
224 1
63 1
760 1
564 1
11 1
1022 1
573 1
1138 1
511 1
626 1
910 1
527 1
1164 1
1030 1
275 1
1129 1
957 1
448 1
191 1
831 1
750 1
406 1
655 1
39 1
352 1
923 1
745 1
44 1
691 1
414 1
709 1
184 1
867 1
1026 1
1165 1
79 1
987 1
667 1
459 1
264 1
133 1
416 1
1050 1
43 1
1104 1
207 1
873 1
1057 1
983 1
1132 1
1096 1
212 1
830 1
695 1
188 1
231 1
822 1
588 1
866 1
1169 1
142 1
640 1
485 1
338 1
135 1
1025 1
333 1
368 1
112 1
981 1
800 1
681 1
137 1
608 1
644 1
682 1
1091 1
542 1
904 1
740 1
215 1
353 1
288 1
517 1
252 1
860 1
630 1
85 1
771 1
1114 1
48 1
197 1
727 1
704 1
565 1
346 1
657 1
838 1
216 1
248 1
928 1
1089 1
159 1
1126 1
1078 1
841 1
521 1
908 1
393 1
567 1
757 1
1121 1
621 1
294 1
636 1
633 1
663 1
382 1
405 1
129 1
1099 1
677 1
6 1
668 1
690 1
758 1
820 1
330 1
946 1
88 1
553 1
383 1
398 1
1161 1
707 1
1088 1
772 1
1016 1
49 1
344 1
402 1
637 1
882 1
871 1
679 1
560 1
349 1
837 1
562 1
89 1
547 1
1127 1
431 1
767 1
397 1
274 1
1006 1
95 1
1158 1
476 1
1066 1
557 1
905 1
726 1
1081 1
424 1
413 1
1113 1
773 1
164 1
884 1
706 1
853 1
317 1
536 1
147 1
891 1
228 1
1163 1
895 1
1010 1
1058 1
438 1
843 1
440 1
277 1
340 1
582 1
966 1
952 1
479 1
692 1
782 1
149 1
1 1
105 1
53 1
551 1
958 1
920 1
793 1
143 1
441 1
433 1
271 1
41 1
1125 1
117 1
1019 1
325 1
535 1
1106 1
1094 1
423 1
213 1
263 1
202 1
934 1
1090 1
1023 1
710 1
1070 1
482 1
845 1
634 1
906 1
200 1
45 1
234 1
548 1
318 1
848 1
953 1
764 1
1111 1
24 1
230 1
141 1
163 1
93 1
206 1
246 1
70 1
675 1
375 1
603 1
101 1
579 1
885 1
809 1
114 1
345 1
222 1
1051 1
601 1
887 1
792 1
673 1
152 1
1036 1
878 1
834 1
196 1
385 1
52 1
371 1
982 1
1041 1
817 1
339 1
648 1
301 1
580 1
426 1
976 1
585 1
721 1
861 1
761 1
2 1
515 1
181 1
429 1
474 1
926 1
74 1
491 1
5 1
1101 1
463 1
508 1
10 1
1156 1
1133 1
176 1
835 1
120 1
1046 1
1021 1
519 1
465 1
702 1
377 1
962 1
766 1
494 1
1122 1
1056 1
518 1
94 1
589 1
939 1
584 1
1100 1
469 1
486 1
915 1
501 1
1118 1
993 1
1045 1
295 1
1063 1
844 1
1012 1
865 1
1031 1
258 1
436 1
1152 1
851 1
836 1
20 1
701 1
641 1
488 1
902 1
394 1
1168 1
68 1
949 1
1048 1
862 1
86 1
240 1
195 1
628 1
125 1
1039 1
842 1
1115 1
996 1
468 1
47 1
261 1
1029 1
201 1
425 1
967 1
83 1
941 1
427 1
804 1
320 1
714 1
496 1
421 1
34 1
475 1
360 1
282 1
437 1
854 1
617 1
533 1
911 1
71 1
786 1
170 1
776 1
1084 1
1150 1
805 1
203 1
1044 1
60 1
652 1
925 1
455 1
276 1
127 1
708 1
226 1
337 1
1017 1
370 1
594 1
999 1
528 1
1140 1
1137 1
977 1
328 1
434 1
777 1
583 1
65 1
284 1
918 1
316 1
407 1
315 1
1117 1
211 1
408 1
493 1
273 1
321 1
607 1
810 1
541 1
326 1
863 1
198 1
77 1
500 1
653 1
661 1
285 1
593 1
351 1
914 1
347 1
15 1
556 1
359 1
16 1
489 1
571 1
540 1
638 1
140 1
392 1
960 1
411 1
227 1
703 1
134 1
656 1
17 1
590 1
419 1
975 1
874 1
1054 1
247 1
1004 1
951 1
954 1
546 1
720 1
172 1
1040 1
238 1
404 1
167 1
944 1
28 1
995 1
78 1
1079 1
1014 1
610 1
1080 1
775 1
735 1
824 1
66 1
596 1
639 1
755 1
538 1
814 1
829 1
718 1
780 1
785 1
483 1
61 1
1103 1
684 1
612 1
847 1
815 1
778 1
472 1
901 1
182 1
50 1
223 1
604 1
280 1
1135 1
1077 1
126 1
525 1
1007 1
435 1
323 1
826 1
415 1
937 1
412 1
1035 1
81 1
449 1
998 1
210 1
1136 1
569 1
403 1
1154 1
399 1
185 1
1142 1
262 1
82 1
705 1
37 1
173 1
577 1
1062 1
400 1
478 1
632 1
452 1
217 1
965 1
674 1
131 1
401 1
1069 1
980 1
327 1
332 1
812 1
98 1
156 1
1061 1
1074 1
366 1
304 1
919 1
298 1
302 1
1043 1
850 1
430 1
466 1
1020 1
870 1
531 1
409 1
292 1
110 1
913 1
305 1
1005 1
808 1
510 1
1067 1
109 1
357 1
522 1
481 1
877 1
916 1
651 1
849 1
1003 1
1128 1
700 1
613 1
719 1
453 1
903 1
799 1
794 1
513 1
992 1
1097 1
1119 1
180 1
678 1
177 1
1027 1
659 1
802 1
570 1
774 1
439 1
986 1
935 1
732 1
921 1
699 1
752 1
190 1
790 1
516 1
1042 1
964 1
961 1
178 1
204 1
8 1
250 1
614 1
798 1
1038 1
139 1
985 1
80 1
972 1
46 1
801 1
443 1
21 1
1146 1
931 1
122 1
451 1
676 1
233 1
868 1
912 1
36 1
875 1
544 1
869 1
575 1
76 1
671 1
1086 1
1085 1
991 1
856 1
816 1
963 1
1143 1
597 1
973 1
624 1
635 1
781 1
729 1
361 1
968 1
153 1
524 1
1052 1
1055 1
828 1
1011 1
193 1
680 1
616 1
888 1
454 1
244 1
502 1
232 1
948 1
462 1
1109 1
278 1
310 1
115 1
660 1
787 1
622 1
722 1
418 1
819 1
984 1
568 1
631 1
894 1
480 1
933 1
214 1
550 1
237 1
886 1
1034 1
251 1
331 1
581 1
380 1
270 1
158 1
384 1
390 1
395 1
57 1
272 1
1124 1
335 1
289 1
209 1
1131 1
892 1
283 1
654 1
917 1
832 1
687 1
1162 1
387 1
586 1
239 1
350 1
1105 1
685 1
990 1
893 1
600 1
693 1
33 1
643 1
19 1
924 1
35 1
938 1
303 1
683 1
666 1
803 1
523 1
420 1
286 1
410 1
96 1
208 1
128 1
249 1
1107 1
225 1
950 1
1073 1
672 1
698 1
605 1
883 1
591 1
