1773
1 1484
1 2144
2 2504
2 4505
4 5984
3 6024
6 6549
5 7296
8 7493
9 7928
10 9385
11 9725
11 10965
12 11233
13 11430
15 11529
16 11652
17 11918
12 13895
19 14226
16 14262
21 14536
22 14713
23 15044
23 15904
25 16155
24 16405
13 17395
28 18305
29 18978
30 19002
31 19110
29 19507
33 20364
34 20483
31 21489
36 21626
37 21946
25 23742
38 24368
40 24925
41 26756
42 27468
43 27741
44 28584
44 28862
46 29253
43 29368
45 29609
49 29667
47 29807
51 31904
52 33770
40 34307
54 34624
55 35083
56 35342
57 35639
58 35675
59 36266
60 36444
60 37378
62 39603
61 39638
58 40244
65 40247
66 40392
67 40507
68 41044
67 41247
70 41344
69 41516
64 41762
65 42616
74 43405
75 44076
76 44420
77 44789
76 44898
79 46593
80 46840
81 47028
82 48069
83 48156
35 50497
85 51307
86 52140
87 52389
88 53382
89 55914
90 56235
91 57139
92 57457
93 57978
92 58162
95 58162
89 58287
94 58508
72 58575
99 58728
99 58784
100 58850
102 59103
103 59222
104 59288
104 59500
106 59536
107 59574
107 61189
109 61617
110 61675
106 61828
111 62137
113 62384
113 62723
112 62929
116 64257
117 64437
118 64734
119 65416
119 66488
121 67884
120 68533
37 68913
124 69319
124 69526
9 70317
127 70407
128 71955
129 72475
77 72521
131 72679
132 73871
133 74007
134 74795
134 76698
135 77066
136 77318
138 77768
139 78703
139 79824
141 80101
142 81383
140 83241
138 83401
145 84044
146 85943
52 86391
148 87044
149 87571
150 88709
27 89093
68 91591
153 92262
154 92551
155 92974
153 93007
156 93090
158 93326
159 93756
160 94359
161 95195
161 96620
163 96827
164 97552
165 97593
166 98084
167 98095
167 99447
169 101171
170 101874
162 103621
171 104866
173 105245
174 105859
175 107622
176 107810
174 107941
178 108006
179 110011
180 110303
180 110406
181 112808
183 115654
184 115662
177 115869
186 116768
93 117097
35 117372
189 117512
189 117592
191 119284
192 119875
193 121193
194 121404
195 121654
196 122114
197 122436
193 123090
199 123143
199 123202
201 123486
202 124655
203 125025
204 125147
204 125408
206 126021
196 127834
208 128196
209 128447
194 129684
201 130020
212 130227
191 130360
214 133586
215 133718
215 133893
217 134951
218 135671
217 135904
219 137008
221 137038
222 137478
221 137480
220 137542
225 137653
226 138018
227 138793
190 139966
212 139986
230 140863
231 141259
232 141318
233 141564
234 141620
234 142082
235 142163
237 142349
238 142842
239 142879
240 143639
239 144801
242 144835
242 145989
214 147074
245 148633
246 148733
246 149179
248 149371
249 151251
250 151257
249 151384
248 151606
253 151891
243 152137
255 153372
256 154050
256 154173
258 154263
257 155648
259 155908
261 155928
261 156235
263 156265
264 156548
265 157553
266 158311
267 158873
267 159025
268 159294
269 159567
271 159907
272 160799
273 160803
274 162288
274 162432
276 162641
268 162970
278 163146
279 164109
280 164516
280 164687
282 164771
282 165486
277 166211
275 166358
286 166391
276 166401
265 167231
287 167234
290 167876
271 168228
292 169048
292 169211
293 169754
293 170382
294 170817
296 170956
298 171105
299 171422
299 172199
301 174615
283 174782
303 174829
303 175235
284 175307
288 177203
304 179506
308 180095
309 180495
310 180570
311 180943
312 181947
313 182180
312 182348
315 182721
315 183140
317 183347
317 183404
319 187013
319 188771
320 189636
322 189979
316 190171
17 190486
325 190943
164 192309
327 192324
328 192741
329 193070
327 193744
42 194191
26 194319
333 194609
334 194949
210 194988
336 195410
141 195618
338 196246
339 196691
340 197190
341 197860
339 198423
341 198683
344 199425
344 199760
346 200149
347 200180
348 200417
348 201660
349 202377
347 202824
352 205581
353 205945
354 206112
355 206130
355 207972
357 209126
358 210843
358 211213
360 211643
361 211713
359 213506
363 213846
363 214356
365 214861
364 215013
367 215509
368 215555
369 215836
370 216087
371 216420
366 216874
369 217219
374 217634
375 217961
376 219548
365 220294
378 220422
379 220563
380 220654
381 220744
380 221146
383 221538
384 222081
385 222525
382 222659
387 223081
377 223392
346 223748
371 224699
391 224735
375 225097
393 225217
394 225584
395 225702
393 227410
397 227751
397 228044
398 228254
399 228847
401 229015
402 229367
403 230390
404 231217
401 232321
406 232559
407 232779
408 233277
407 235240
410 235471
403 236177
412 236219
413 236783
414 237487
415 238590
414 238616
417 239455
418 239816
419 240060
420 240238
419 240264
422 240440
420 240908
421 243922
418 244487
426 244776
427 244869
428 245006
426 248696
429 248812
412 249085
432 249107
433 249809
432 251127
435 251255
436 251550
437 251795
438 251865
438 252268
430 252955
431 254438
442 254474
443 254894
444 254923
445 255337
442 255921
447 256315
447 256342
449 256642
443 256857
446 257488
452 257664
453 257805
454 257859
453 258166
455 258441
457 258865
458 259304
459 259376
459 259651
458 261347
462 261447
448 261568
449 261947
465 262342
464 263158
467 263364
467 263383
416 263870
470 263958
471 264692
472 264992
473 265471
439 266063
475 266106
475 266151
477 267010
478 267369
479 268387
480 268650
481 269430
482 269828
483 270019
484 271438
485 271454
486 271699
487 272213
488 272490
485 272814
490 273038
491 273729
486 274251
484 275353
494 275687
487 276152
496 276740
483 277068
498 277620
498 278266
500 281551
501 282059
502 282515
503 283355
502 283619
504 283761
506 284598
494 285619
508 285911
509 286232
510 286913
510 287217
512 287317
513 287391
513 288074
511 288217
516 288772
517 289926
518 290680
511 291194
520 291485
520 291634
522 292313
521 292611
524 292805
525 292887
525 293019
526 293283
527 295773
523 296674
528 298743
523 299173
515 299604
533 299690
531 299898
535 299926
536 300341
537 300666
531 300907
505 301926
540 301998
541 303253
541 303733
540 303813
544 304295
545 306643
546 307492
547 308597
548 308890
548 310105
542 310530
506 311028
552 311070
338 311342
554 311557
554 311592
555 311873
557 313890
555 314273
559 314362
543 314498
561 314537
499 315589
563 316210
563 316417
500 316459
566 316919
567 317653
402 318798
463 319311
570 319856
570 320524
571 320690
573 322326
574 322663
575 322881
367 323125
577 324899
578 325173
579 325217
580 325394
577 325748
582 326118
583 326248
584 326509
585 327794
586 327811
586 327957
588 328296
589 328361
590 328369
591 328949
592 329185
590 329690
594 329916
595 330386
593 330825
589 331053
578 331566
599 331854
587 332963
601 332968
602 333248
601 333655
604 335039
595 336785
606 336817
405 338046
608 339105
609 340122
608 340576
610 341053
612 341131
609 341175
614 343777
615 344052
615 344397
617 344451
489 345397
619 346213
620 346307
621 348189
622 348214
620 348769
624 348911
625 349577
626 350524
627 351534
628 351756
629 352283
545 352688
631 355614
632 355982
561 356142
565 356292
635 356790
351 356825
480 356907
638 356974
639 358088
640 359327
623 359382
642 359564
643 359986
644 360654
524 361290
646 361712
647 362065
648 362090
649 363203
529 363849
651 363933
651 364514
653 365204
654 365390
655 365737
654 366000
657 367151
657 367415
659 367891
660 368255
659 368957
656 369112
663 369158
664 370050
664 370153
666 370394
662 370781
668 370882
652 371051
670 371473
670 372072
672 372410
673 374389
673 374532
671 374951
676 375553
677 376064
676 376257
678 376619
680 376810
681 377218
682 377674
681 378358
684 378566
685 378677
679 379574
687 380862
688 381160
689 381672
690 382504
691 383240
692 383482
692 383542
693 384285
695 384419
696 384725
697 384796
698 384831
690 385608
700 386131
697 386261
693 387167
698 387708
704 388272
705 389163
706 389227
707 389723
708 390783
709 391299
710 391797
710 392932
712 393284
711 393804
672 394201
715 394344
716 394462
717 394656
694 396731
682 396736
720 397215
721 397246
722 397362
722 398098
720 398126
725 398718
726 399130
727 399550
728 399754
728 400280
723 401424
731 402012
732 403131
733 403399
734 404037
735 404046
736 404442
736 404745
738 405297
738 405924
740 406187
741 406547
732 406642
743 407372
744 407910
729 409157
734 409229
747 409413
748 411408
749 411416
750 411477
749 411851
752 412092
753 412174
754 412668
753 412817
756 413105
757 413323
758 413861
759 414112
760 414158
761 414262
762 414535
758 416599
761 417147
759 417625
756 418165
767 419065
767 419125
768 419985
770 420038
771 421083
772 421848
772 423739
773 424008
775 424206
776 424318
757 427048
778 427168
779 427443
780 427472
780 427602
781 427732
783 428836
778 429147
785 429818
782 429957
741 430162
783 430582
789 431537
789 432338
791 433243
792 434727
793 435834
794 436038
795 436116
793 438151
795 438281
718 438404
799 438551
709 438606
801 438826
802 439235
803 439619
803 440049
805 441493
805 441976
804 442956
808 444459
806 445792
810 446209
811 446540
812 447276
801 447698
814 447753
815 448164
806 448187
817 448216
818 449842
752 449902
820 450176
821 451662
822 451883
823 453149
823 453378
825 454820
826 455679
827 455683
824 456602
667 457291
830 457619
831 459218
832 460116
833 460161
831 460632
835 460711
763 460753
837 461050
838 461699
839 461999
699 462220
841 462567
841 463172
843 463576
842 463651
845 464226
846 464641
847 464816
846 464928
849 464958
848 465688
851 467067
847 467194
853 467935
843 468333
855 468479
856 469594
857 470601
858 471123
856 471249
853 471985
861 472782
862 473197
862 474659
864 474792
865 474870
850 474924
867 475911
868 476078
869 476370
870 476786
871 476871
869 476954
873 477160
872 477665
875 477675
872 478223
870 478324
878 478589
879 478790
880 480732
881 482269
875 483397
883 483770
884 483880
885 484149
886 485959
886 486341
888 486533
851 487403
890 487630
891 489515
892 490026
892 490128
894 490439
894 491572
896 491777
897 491914
898 492521
898 493077
900 493219
895 494230
902 494921
902 495324
904 495695
905 495890
906 496052
904 497039
906 497158
903 497162
909 498786
893 499615
910 502591
913 502596
914 502897
890 503452
896 505728
917 506385
918 506702
918 507234
920 507534
921 507653
920 508331
922 508468
924 509335
919 510192
921 514297
917 515790
928 515980
929 517224
930 517858
931 518938
928 520933
932 521017
848 521395
931 521981
936 522885
937 523295
938 523655
871 524191
940 524369
940 524412
942 524673
943 524720
944 524958
945 525724
946 527635
947 527741
948 528077
949 528336
950 529039
951 529547
952 529697
951 529927
953 529932
955 530729
944 532458
957 533115
957 533125
959 533163
958 534061
954 535125
923 535504
909 536063
964 536967
964 537820
966 537826
967 538948
968 539875
965 540264
970 540925
971 541823
968 541879
973 541990
929 542098
975 542128
976 544493
977 545092
978 545209
979 545409
980 547291
981 548806
976 549264
983 550020
984 550308
985 550451
984 550743
985 551287
888 551373
989 551654
990 552108
991 552216
992 552240
993 553139
994 553477
991 553754
996 554161
899 554332
998 554941
949 555519
1000 555598
1001 556273
845 557110
1003 558021
1004 558137
1005 558792
1006 559617
1007 560138
1004 560634
1009 560826
1010 561321
1011 561349
893 561608
1013 562027
1014 563620
950 564771
1016 565400
1017 565660
1018 566164
1000 566876
1020 567160
1021 567191
1020 568026
1023 568166
1024 568528
1024 571466
1025 571734
1027 571775
1028 572941
1029 573321
1027 575896
1031 575913
1032 576162
1025 576952
1034 577907
1029 578006
866 578316
1037 578320
1038 578872
1039 579729
1038 582631
1039 583977
1010 584741
1043 585515
955 586387
1045 586721
1046 586930
915 586996
1048 587250
1049 587734
1050 587747
1051 587868
1052 588560
1051 589375
1054 589422
1055 589592
1056 590351
1053 590455
1054 591349
1059 592262
1060 592435
1060 592484
1062 592715
1062 592748
1063 592995
1064 593414
1066 593696
1067 594260
1068 594865
1069 597202
1070 598406
1069 598661
1072 598961
880 599067
792 599993
1041 601143
1076 601298
1077 602199
1078 602627
1079 602892
1076 603522
1081 603620
1081 604219
1083 604423
1083 604650
1085 604766
1086 604852
1087 607647
1087 608222
1089 609348
1090 609427
1085 610905
1092 611191
1093 611313
1089 612430
1095 613066
1096 613244
1088 614072
1098 614375
1099 615329
1100 615917
1100 616295
1102 616406
1103 616763
1099 617870
1105 618578
1106 618595
1107 618631
1092 619136
1109 621016
1109 621064
1104 621067
1094 621790
1113 621797
1090 622048
1115 622593
1108 622944
1117 623454
1118 623665
1118 623972
1120 624269
1121 624360
1114 625902
1116 626254
1114 627515
1125 628226
1126 628243
1110 628790
1128 628936
1129 629317
1129 629868
1131 629907
1130 632355
1132 632505
1130 633505
1133 634233
1133 634443
1137 634710
1135 634730
1128 635180
1131 635463
1141 636013
1142 636789
1142 638030
1140 638830
1139 639957
1146 640209
1147 641153
1132 642619
1149 643167
1150 643729
1151 645670
1152 646685
1148 647234
1154 647700
1154 647770
1155 648900
1157 649018
1156 649475
1159 650399
1160 651090
1161 651121
1095 651258
1147 651898
1111 651988
1165 653376
1166 653659
1167 653940
1168 654554
1169 654966
1165 654985
1134 657509
1172 658188
1144 658336
1174 659211
1097 659710
1143 659891
1086 659922
1178 660479
1158 660822
1177 663145
1181 664028
1181 664179
1127 665014
1174 665975
1102 666262
1185 666865
1144 667117
1188 667146
1189 667552
1190 668745
1191 668994
1188 669171
1193 670117
1194 670495
1195 670998
1196 671019
1197 671645
1194 671741
1199 673414
1197 673783
1192 674382
1195 674538
1203 674946
1204 675848
1205 676194
1206 677096
1207 677427
1208 679715
1208 679748
1210 680606
1211 681148
1211 681913
1213 682040
1207 682211
1203 682348
1212 683581
1198 684227
1218 684849
1219 684851
1219 684892
1220 684959
1221 685697
1223 687183
1223 687488
1225 687622
1213 688464
1227 689105
1107 690475
1216 691136
1192 692457
1231 692767
1231 692823
1116 693309
1234 693311
1235 693431
1236 693977
1236 694152
1234 694366
1239 695646
1240 696135
1241 696228
1242 696779
1241 696834
1239 697236
1162 698123
1137 698150
1247 699238
1247 699379
1249 699931
1250 700073
1251 700155
1252 700691
1253 700906
1253 700917
1252 701913
1084 702271
1257 702769
1257 702873
1259 703182
1260 703412
1261 703466
1259 704379
1263 704900
1264 705142
1265 705230
1258 705344
1267 706193
1262 706569
1269 707053
1270 708424
1270 709419
1269 710290
1266 711783
1274 712076
1275 712116
1276 712537
1275 713775
1278 715554
1277 715712
1278 716257
1281 717193
1281 717987
1283 718118
1282 718734
1279 719535
1286 720479
1287 720647
1286 721000
1287 721442
1290 721766
1288 722492
1292 723139
1293 723326
1293 723335
1295 724044
1296 724201
1296 725293
1298 725370
1299 726123
1295 726691
1291 727904
1297 728473
1271 729198
1304 729894
1305 730681
1306 730722
1307 731252
1308 731322
1308 731811
1310 732191
1311 733031
1311 734296
1307 734617
1314 734911
1315 735681
1315 736336
1316 736999
1317 737027
1319 737450
1316 738634
1312 739348
1322 740886
1322 741109
1323 741134
1325 741420
1326 741436
1327 742952
1328 743846
1329 744779
1328 745121
1331 745182
1332 745656
1330 745670
1334 745716
1335 746338
1332 747957
1337 748340
1337 748471
1339 748764
1340 749060
1341 749273
1340 750953
1343 751415
1310 751463
1345 751869
1346 752098
1346 752663
1341 752892
1349 753318
1350 754108
1351 754349
1351 755762
1353 756030
1317 756357
1355 757517
1323 757627
1357 757728
1348 757962
1359 758679
1313 759510
1361 759608
1347 759610
1363 762528
1364 762586
1365 763105
1365 763465
1366 763562
1367 764579
1369 764904
1369 766315
1370 767508
1339 768891
1313 769166
1374 769666
1349 769674
1376 769766
1376 769830
1371 770435
1377 770568
1380 771645
1380 771683
1318 772926
1383 773181
1383 773308
1385 774315
1362 775014
1318 775528
1388 776209
1352 776273
1289 778232
1364 778608
1392 779498
1393 780020
1268 780143
1395 780548
1396 780881
1397 781142
1398 782455
1395 782521
1400 783431
1401 783794
1402 783909
1403 784104
1397 784796
1404 784900
1404 785256
1396 786025
1408 786685
1409 786792
1399 787238
1393 787315
1412 788121
1412 788247
1414 789241
1413 789596
1414 789640
1417 789953
1417 790827
1419 791211
1415 792035
1421 792153
1422 792755
1264 792938
1424 793272
1406 793765
1334 794110
1301 794363
1428 794818
1429 795533
1410 796106
1410 796386
1426 796847
1433 796960
1434 797407
1435 797481
1436 798131
1437 798548
1438 798829
1439 799919
1437 801861
1438 802277
1434 802652
1443 802953
1444 803342
1444 803705
1446 804024
1446 804093
1448 804098
1449 806601
1450 806843
1445 807053
1452 807082
1453 808750
1454 808793
1455 809423
1456 810839
1445 811171
1433 811310
1459 812133
1460 812953
1461 813368
1462 813600
1463 814345
1463 814539
1465 815862
1464 815975
1276 816074
1468 818268
1469 818300
1470 818506
1453 819630
1472 819736
1473 821044
1474 821131
1475 821965
1476 822979
1289 823018
1478 823494
1342 825277
1379 825621
1481 826818
1482 827148
1482 827939
1462 828768
1485 829083
1486 829148
1485 829332
1266 830119
1489 832038
1490 833696
1491 833919
1492 834164
1492 834349
1358 834789
1474 835039
1386 835299
1497 836300
1419 836756
1499 837182
1226 837202
1501 837680
1501 837908
1503 839382
1503 839926
1505 840480
1505 840624
1507 840901
1508 842899
1508 843442
1510 843848
1504 844894
1512 845834
1513 847017
1507 847336
1515 847409
1515 847637
1516 848747
1509 848774
1519 849751
1519 850093
1509 851158
1502 851185
1523 851254
1524 851939
1525 852467
1526 852701
1527 852785
1528 853091
1529 853992
1530 854643
1530 854944
1527 855683
1533 855687
1534 857306
1535 857403
1536 857904
1536 858313
1537 858598
1539 858847
1540 859096
1541 859621
1542 859876
1543 860283
1544 860288
1545 860451
1546 860532
1547 861514
1531 861788
1549 862064
1550 862587
1551 862796
1544 863503
1553 863626
1554 864242
1516 864956
1556 865077
1535 865409
1529 865472
1514 865522
1560 866280
1533 868419
1562 870481
1562 870519
1564 871108
1564 872463
1566 875085
1566 875096
1568 876015
1569 876466
1570 878553
1563 879563
1572 879609
1573 879745
1571 880035
1575 881104
1576 881176
1577 881229
1565 881376
1559 881891
1580 884681
1511 885191
1540 885220
1583 886922
1584 887046
1585 887210
1584 887553
1587 887868
1587 887950
1589 889738
1589 890672
1591 890865
1592 891301
1590 894162
1591 894760
1595 895673
1595 895793
1594 896082
1592 896190
1593 896770
1598 896802
1600 896820
1602 896885
1603 896966
1604 897315
1593 897491
1606 898225
1607 898249
1608 900061
1609 900393
1610 900656
1611 901026
1612 903375
1613 903489
1611 903604
1615 904194
1616 904600
1613 904603
1554 904729
1619 905407
1610 905978
1621 907091
1622 907188
1623 907249
1622 910188
1625 910538
1550 910964
1627 913311
1627 913397
1582 913909
1630 915719
1628 915733
1632 916203
1632 916237
1634 916995
1633 917068
1521 918464
1637 918699
1637 919517
1639 920073
1640 921088
1641 921873
1642 922561
1546 922814
1555 923306
1645 923969
1646 924539
1647 926102
1648 927609
1649 927650
1532 927689
1539 928795
1643 929042
1653 929148
1653 930259
1553 931494
1656 931815
1657 932377
1606 932452
1659 932977
1660 933140
1661 933684
1662 933731
1661 933800
1664 934416
1665 935397
1666 936320
1665 936922
1630 937791
1669 937823
1670 939022
1671 941067
1672 941372
1672 941876
1674 942477
1675 943274
1676 943455
1677 944305
1678 944361
1679 945093
1680 945941
1677 946480
1676 946825
1683 946864
1586 949183
1685 949737
1685 951609
1681 951615
1688 952053
1689 952456
1689 952732
1119 952969
1692 953265
1522 953383
1277 953660
1695 954015
1696 954461
1697 954609
1698 955052
1699 955173
1700 955451
1696 955630
1702 956682
1703 958364
1704 958602
1705 959365
1705 960131
1707 960260
1701 960560
1706 962901
1710 962922
1663 962948
1712 963548
1713 963713
1714 963940
1715 964691
1712 965141
1717 966153
1718 966997
1719 967440
1720 968028
1716 968645
1722 968706
1722 968862
1724 973681
1725 974513
1718 974561
1727 974760
1725 975331
1729 975538
1730 975621
1731 977755
1732 978016
1715 978440
1720 978863
1735 979639
1736 979666
1737 980371
1737 981998
1739 982261
1740 982677
1741 982960
1735 983225
1738 983370
1744 983628
1744 984810
1743 986351
1747 986955
1748 987362
1733 987834
1747 988634
1736 988669
1750 988671
1743 989268
1754 989329
1755 990792
1756 991878
1757 992819
1756 992921
1759 993896
1713 993984
1761 994083
1761 994367
1729 995190
1759 995236
1750 995651
1766 995703
1767 997248
1768 997361
1769 997392
1770 997642
1771 997916
1772 999653
942
359 264
693 1847
779 2851
1518 3124
1373 3145
390 4957
550 5570
396 6440
1331 9715
640 14430
495 15197
1426 16809
1265 18102
1396 18971
772 19133
1246 19241
1575 20264
1553 20745
481 21333
1195 21679
1235 21826
1150 22282
153 22508
1726 27491
1122 27823
1160 28679
224 28823
459 30228
1546 31346
946 31601
272 31693
976 31727
1519 32171
1129 32421
1534 33026
1498 34645
1677 37199
1092 37402
699 37986
1422 39009
895 40789
1275 42118
677 42186
1088 42365
293 42380
1390 42561
1456 42708
1479 43896
1667 45283
825 48602
230 49440
1409 53601
1283 53729
7 53916
432 55085
744 56997
57 58645
1515 58655
544 58992
1223 59231
443 59955
760 60527
848 63828
665 63925
494 64671
1430 66190
1085 67330
1511 69053
1091 69076
1609 71647
1457 72028
1023 72770
732 73501
1433 76194
1487 76976
613 79322
158 79397
147 79702
1560 80088
303 80799
1432 81591
363 83215
648 85474
342 85829
751 86132
641 87291
1306 89179
1696 90233
688 90507
520 90523
1048 91288
176 91986
131 95081
1301 96642
244 97206
1743 97701
336 99159
1096 101452
940 103994
761 104195
1703 104991
1381 105075
1411 105654
487 105851
441 106396
1119 106908
859 107852
884 110106
74 110176
1264 110546
1628 111211
382 111912
866 113057
1504 113223
222 116591
1392 116621
46 117485
1716 118430
1529 120475
872 122232
840 123180
1599 124170
238 124930
242 125013
563 125412
1466 126209
1608 128156
223 131915
401 132596
788 133052
40 139883
643 140188
701 141161
543 142305
653 142915
1543 143074
1350 144110
1054 144114
1732 146757
1025 148699
95 149053
601 150338
1072 151635
846 151974
1759 152855
796 153202
708 154119
963 154386
1607 154538
421 156681
1580 156954
1500 160206
1718 160808
337 160833
1154 160961
1699 163359
1112 164931
12 165746
149 166699
1638 167241
737 167257
1393 169578
1170 170131
1665 173264
209 175587
1573 175794
1436 175950
66 176895
505 177866
886 178471
1488 178693
429 183863
35 183999
1333 184494
1263 187918
451 188880
260 189215
680 189381
1182 190623
211 192103
1441 193844
771 193978
1738 194521
1140 196500
1320 196895
1135 198869
1496 199194
464 199560
3 202062
1559 203543
621 204006
936 206535
1684 207303
1764 214672
1597 215894
572 216959
999 218446
346 219311
769 219612
595 220906
606 221499
1587 221633
806 221812
239 221922
352 223285
1541 223834
506 224242
1206 226771
418 228431
1489 228495
1240 228541
345 228598
1437 228624
862 229905
456 230543
263 231498
250 239980
798 239998
248 240433
1314 241251
743 244474
1757 244582
1132 247642
1440 247965
1232 248687
807 249696
355 252810
183 254328
614 254611
16 254700
939 256372
1117 257267
245 257877
237 258175
1084 263537
634 263856
777 264423
118 264687
1531 265350
1751 266509
829 268973
1494 271944
1334 273500
1080 275144
398 275945
1166 276501
656 277860
1162 278930
109 280621
4 281487
283 281836
902 282155
393 282669
650 283811
906 284760
264 286662
1292 287689
161 288898
1664 289433
1554 293928
1763 294957
702 295050
195 295519
1128 297097
994 297157
1348 297347
712 299629
160 301419
1052 302210
439 302411
1156 303618
1354 304076
1452 306298
1767 307587
1562 307745
1621 307832
719 311024
911 311218
1340 311228
1513 311985
143 312077
926 312316
786 312835
1669 313172
1324 313216
1255 315195
790 319280
84 319746
1178 321640
449 321772
1009 323794
467 324491
934 325943
386 328366
1318 328812
381 328883
267 331150
826 331443
713 333940
1415 333942
1566 334198
497 334942
986 335005
1060 336827
1601 339176
258 340355
365 340762
453 341888
24 342054
287 342706
180 344359
340 346865
1141 347250
182 348991
1407 349367
669 350425
562 350468
1089 350835
961 351984
924 352522
864 353398
991 354247
457 355111
819 356497
1032 357132
945 357772
385 360031
531 360659
1404 366502
1186 369475
210 370121
1769 370495
1126 373586
1388 373877
1657 374219
294 377167
1722 378047
472 378174
399 378491
107 379042
630 379601
1650 382623
1761 382646
791 384567
823 385376
1279 386332
127 386708
914 389664
169 390976
298 392141
387 393365
528 394383
1535 395566
1746 399018
1652 400881
1747 401387
1450 402385
1017 402477
835 402617
1683 402802
1611 403782
1157 404429
1660 404903
1616 406544
1682 406640
110 410868
971 411571
1448 414025
1491 414094
1768 417082
1097 417828
442 419051
1695 420462
984 422332
47 423597
179 425606
1256 426199
1343 426601
138 430226
1516 430962
125 432102
1242 433579
1567 434356
1574 435979
1627 439876
1247 442037
594 442100
931 442132
1572 443082
86 444306
1391 444473
1207 448836
1502 449483
1360 450974
1120 451298
17 454191
470 457360
1442 457367
1070 457514
28 457826
335 460221
1740 460461
1624 461910
1639 463099
1153 463150
1040 464573
204 464819
1710 465230
91 465929
509 470226
782 470524
1617 472275
1701 473071
55 474298
974 478529
1253 483428
784 484703
235 485363
500 486314
1717 488992
290 489106
1019 489361
534 489506
1636 489514
1099 489761
817 490271
1629 490328
1238 490481
1043 490900
314 491114
1577 491670
1317 492612
964 493125
623 493358
1405 493612
1685 493826
1338 494519
1261 497647
197 498188
987 500761
70 501934
92 503952
368 503975
1161 504535
465 504762
684 505228
726 506470
518 507571
705 507715
1311 510800
406 510844
1472 513431
331 515175
714 515400
973 517263
1358 517275
1514 517626
556 520025
956 520610
100 520614
214 520864
1773 522443
347 522962
155 522986
763 523417
254 527249
599 527318
1280 527714
998 527944
861 529042
1142 530135
517 530411
950 531470
1114 532195
201 532704
1678 534098
1654 535111
1107 535233
1618 535240
48 535276
1583 535820
673 536843
1755 537194
980 539220
885 539489
8 540424
196 540597
5 541748
1673 542646
952 545070
555 545365
1003 547275
1474 547663
919 547933
452 548518
1630 550094
1424 550731
896 551192
1403 551823
30 551886
686 552750
455 552793
486 553686
255 554148
1539 554597
781 555755
883 556362
122 556715
1202 556983
1006 557304
1328 558470
1586 559179
134 560088
1377 562530
1468 563448
600 563608
663 567415
942 567647
319 568184
219 568200
1203 568347
820 569903
1319 571969
691 572280
67 572620
165 573503
1551 573527
633 573996
185 574747
404 575110
392 575627
1537 576493
1236 576916
1423 577051
1641 577149
1427 579876
1271 581586
333 583597
361 584963
173 585344
469 585943
913 586900
1051 588176
1592 591104
128 592047
150 593417
1046 594137
1277 594534
1462 596427
1204 597645
1068 598467
1606 598854
216 599385
816 600240
1337 602416
657 602595
1412 603419
58 604122
1148 604367
1231 606111
367 606837
1075 608362
356 609059
407 612538
1303 613455
444 614124
490 614613
1268 615396
1671 616733
597 618141
377 620002
1571 620746
1476 620953
1634 621232
1066 622331
564 623414
958 623538
217 623568
676 624102
212 624222
1449 624387
1686 625201
983 625988
1420 629220
1282 630787
1344 631204
547 632524
1272 632566
933 633580
1501 637148
960 638190
168 639503
1492 639661
1689 640080
687 642242
123 642948
785 643469
330 644135
228 644472
1274 645043
622 650880
1218 650891
510 651144
585 651253
847 652062
1026 652966
1674 653380
1662 653517
566 653892
194 655763
1596 656286
1720 657728
277 658558
561 658876
932 659454
78 660153
9 661994
538 663880
1691 666181
378 666211
1568 666356
178 669381
1414 669767
405 670127
626 670299
843 670520
1758 671815
1389 671995
1431 672401
1379 674729
1507 674801
710 675289
491 675443
193 675723
927 676092
839 676784
508 676895
370 678928
1326 679835
26 680260
617 681468
53 683299
581 683463
1244 683748
1483 684092
592 684829
266 685398
800 686764
148 687432
44 687742
1645 689729
587 690018
1538 690199
1109 690958
142 692666
119 693125
225 693719
1505 694003
1499 695132
1509 696546
638 697546
1508 698532
1332 698893
1022 699043
1522 699562
1681 700053
541 700080
882 700265
198 700400
1335 703485
113 704800
809 706380
475 706962
1151 707006
124 708421
869 709731
166 709732
1082 710819
1169 711149
1130 712936
580 714564
1090 716454
1257 717109
975 717480
471 717788
569 719975
1418 721349
792 721354
929 722308
6 722965
1014 723314
1382 724205
832 725330
1294 728383
1015 728698
140 729889
1687 730407
1357 730480
1647 730787
852 731488
731 731996
1341 732601
1733 735660
1067 736108
1050 736422
1118 737349
619 737446
164 738127
1408 738916
834 738987
411 739288
1273 742605
262 744217
579 745864
1429 746569
1034 747583
1708 750437
325 752638
1336 756337
559 758842
849 759061
23 760088
780 760150
1044 760326
286 761308
501 761996
738 762329
478 763162
221 763559
551 766262
704 767472
730 767978
220 768875
545 770209
745 770988
190 771177
1030 775351
659 776718
1266 780388
854 780926
605 781827
129 782745
1296 783419
1298 785631
246 787535
1323 791388
609 792047
514 793740
1704 793775
33 794239
1712 794718
236 794915
1284 795160
608 796943
1552 797778
1523 800064
1760 800253
565 801037
982 801343
799 802445
639 802560
721 802725
1705 803627
904 804239
296 806243
59 806466
1061 807475
716 807500
836 809456
474 810354
918 811513
1083 814080
1604 815083
967 815363
612 815957
698 817524
890 818411
1521 820115
725 820469
598 821692
15 822510
767 822604
1752 823354
845 823899
1410 825042
865 825622
1327 831561
969 831756
752 837435
672 839726
1766 840521
1653 841529
586 842987
953 843174
1000 843357
1047 844254
655 845767
458 853155
1074 853343
1697 853588
45 854572
1024 854635
489 855061
889 858713
1137 863760
1270 865897
20 866127
349 867311
291 868422
1189 870253
1397 870635
1347 871919
1428 874542
1262 874582
955 877862
615 878075
1446 879548
770 880188
1167 880787
1213 883333
1037 884325
284 884499
1171 884545
977 884888
249 885374
344 885562
775 886043
941 886368
821 887770
616 888638
412 889248
521 889944
833 891038
1666 891468
1187 892464
988 893934
1316 893970
1172 896184
1622 898366
1359 899921
1190 900875
910 901580
1736 902383
81 903639
515 904395
707 905248
692 905291
1771 907147
734 907810
723 908371
1706 909231
671 909598
1013 911236
1555 911253
1201 913006
851 913784
1368 914448
818 916003
1702 919070
313 919339
750 921778
908 921945
391 922872
502 922953
115 923315
1470 923876
419 924212
76 924481
1565 924524
997 924978
920 925697
860 928139
1307 929077
162 929137
694 929500
101 930584
1071 931425
1631 931452
14 932595
875 933000
1321 933164
1176 934069
473 936317
1216 936593
1588 936828
1018 937102
593 938364
152 938910
305 939350
549 940020
700 940701
132 941650
334 942248
1644 943005
1184 944482
354 946616
1444 948160
1421 948681
282 948759
440 952211
275 952398
573 953935
1544 955756
831 956505
1688 957305
151 957651
666 959452
879 964185
1461 964438
1589 966061
611 967998
461 968245
935 969039
996 969396
1600 969757
200 971313
1175 971773
1181 972637
1293 974391
1281 976157
315 980465
624 981075
589 982270
516 983013
867 986463
574 986923
1578 987120
1053 987336
1728 988734
1029 989245
1056 990759
747 991067
388 991886
928 992549
1739 992988
292 993188
1123 994146
1105 996081
295 996497
664 997194
188 997365
1002 999904
