1814
1 999595
1 999080
2 999021
3 998894
4 998030
5 997538
6 997510
7 995954
8 995263
9 994671
10 993940
11 993495
12 993162
13 992826
14 992617
15 991845
16 990532
17 990503
18 990459
19 990254
20 990147
21 989655
22 989299
23 988984
24 988476
25 988131
26 987923
27 987782
28 986901
29 985152
30 983107
31 982867
32 982589
33 981342
34 980938
35 980655
36 980644
37 980434
38 980380
39 979823
40 979252
41 978362
42 976281
43 976244
44 974540
45 974125
46 973786
47 973705
48 973688
49 972843
50 972660
51 971604
52 970127
53 969644
54 969150
55 969067
56 969007
57 968739
58 966269
59 965999
60 965747
61 965664
62 965334
63 965165
64 964948
65 963605
66 963509
67 962390
68 961814
69 961652
70 960865
71 960439
72 959585
73 959097
74 956419
75 956341
76 956212
77 955481
78 955476
79 954601
80 954368
81 953358
82 952070
83 951031
84 950819
85 950426
86 950242
87 949553
88 948481
89 947073
90 946908
91 946332
92 945686
93 945234
94 945128
95 944733
96 943997
97 943749
98 943281
99 943110
100 942923
101 942448
102 942428
103 942154
104 941835
105 941644
106 941372
107 939092
108 939074
109 938460
110 938190
111 937406
112 936154
113 936154
114 935868
115 933757
116 933412
117 933230
118 932662
119 931182
120 930188
121 929812
122 929418
123 929063
124 929018
125 928987
126 928271
127 927928
128 927568
129 927066
130 926741
131 926025
132 925811
133 925706
134 924840
135 924136
136 924077
137 924069
138 922356
139 920500
140 920286
141 918620
142 918501
143 918441
144 918343
145 917883
146 917495
147 917086
148 916093
149 912314
150 912165
151 911705
152 911512
153 909956
154 909647
155 908820
156 908449
157 908074
158 907458
159 907092
160 907007
161 906761
162 905567
163 905182
164 902104
165 902035
166 901908
167 901798
168 901508
169 900328
170 899512
171 899295
172 899013
173 898998
174 898890
175 898349
176 897723
177 896204
178 895230
179 894498
180 893944
181 893303
182 893130
183 892801
184 892383
185 892191
186 892102
187 891505
188 891417
189 891028
190 891017
191 888513
192 888352
193 887598
194 885700
195 885585
196 885583
197 884840
198 884564
199 883992
200 882424
201 881956
202 881641
203 881359
204 881179
205 880235
206 879472
207 878229
208 878050
209 876223
210 876194
211 875925
212 874782
213 874632
214 873904
215 873273
216 872806
217 872132
218 871792
219 871762
220 871364
221 869510
222 867657
223 867462
224 866590
225 866319
226 865235
227 865040
228 864091
229 863119
230 862388
231 861205
232 860928
233 860679
234 860236
235 859950
236 859924
237 859598
238 858524
239 858444
240 857736
241 856976
242 856919
243 856152
244 856079
245 854491
246 853510
247 853229
248 852331
249 851934
250 851461
251 850870
252 850792
253 850543
254 850429
255 850365
256 849028
257 848958
258 847633
259 847345
260 846870
261 846323
262 845648
263 845423
264 845261
265 844889
266 844546
267 844425
268 844371
269 844169
270 844115
271 842980
272 842969
273 842758
274 842656
275 841677
276 841221
277 840480
278 839788
279 839109
280 837616
281 836359
282 835598
283 835527
284 834197
285 834023
286 833945
287 832387
288 832375
289 831744
290 831353
291 830620
292 829684
293 827523
294 827479
295 827399
296 826490
297 826241
298 826165
299 826140
300 825729
301 825569
302 824307
303 823927
304 823777
305 823713
306 823647
307 823188
308 822792
309 820799
310 820486
311 820214
312 820039
313 820008
314 818820
315 818179
316 816512
317 816404
318 815451
319 814750
320 812288
321 811878
322 810588
323 809548
324 809291
325 808918
326 808555
327 808056
328 807359
329 807191
330 806315
331 805796
332 805093
333 804901
334 804114
335 804070
336 803665
337 803484
338 802013
339 800988
340 800849
341 800103
342 799493
343 799450
344 798980
345 797889
346 797434
347 796801
348 796659
349 791843
350 791011
351 790201
352 790188
353 790164
354 789211
355 787389
356 786117
357 785041
358 783187
359 783098
360 782628
361 782272
362 782080
363 781864
364 781606
365 781320
366 781179
367 780259
368 780089
369 780050
370 779869
371 779427
372 779273
373 779042
374 777542
375 777265
376 777211
377 776574
378 776509
379 774871
380 774275
381 773613
382 772977
383 772823
384 772738
385 772590
386 772459
387 771858
388 771507
389 771443
390 771115
391 770352
392 769746
393 769131
394 768399
395 767537
396 767476
397 765720
398 765097
399 764981
400 764568
401 764075
402 763430
403 763257
404 762507
405 761522
406 761213
407 760961
408 760112
409 759685
410 759624
411 758691
412 758338
413 758293
414 757462
415 757312
416 756706
417 756145
418 756021
419 755770
420 755679
421 755454
422 754517
423 753953
424 753573
425 752660
426 752507
427 752177
428 751940
429 750773
430 750038
431 749990
432 748350
433 748346
434 748211
435 747160
436 746028
437 745544
438 744974
439 743321
440 742819
441 741377
442 741253
443 740436
444 740253
445 739882
446 739605
447 739453
448 739178
449 739014
450 738870
451 737571
452 737314
453 737302
454 736727
455 736586
456 735824
457 735513
458 734562
459 734551
460 733409
461 732712
462 732074
463 731667
464 731621
465 731534
466 731400
467 731365
468 730933
469 730735
470 730512
471 730363
472 730046
473 729425
474 728903
475 728176
476 726554
477 725784
478 724297
479 724263
480 722885
481 722093
482 722032
483 721738
484 721627
485 721171
486 720611
487 720430
488 720334
489 718952
490 718324
491 718232
492 716330
493 715787
494 714867
495 714782
496 712952
497 711941
498 710195
499 709273
500 707772
501 707590
502 706990
503 706922
504 706705
505 706394
506 705847
507 705615
508 705348
509 704990
510 704283
511 704190
512 703789
513 703359
514 703222
515 702867
516 702866
517 702042
518 701838
519 701728
520 701055
521 701050
522 700899
523 700481
524 699729
525 699548
526 698722
527 698372
528 698192
529 696985
530 696344
531 696332
532 695973
533 695001
534 694863
535 694419
536 693412
537 693086
538 692504
539 690975
540 690875
541 690526
542 690078
543 689164
544 688611
545 687661
546 687154
547 686365
548 685730
549 681736
550 681453
551 681300
552 680819
553 680469
554 679982
555 679929
556 679423
557 678542
558 678198
559 674790
560 674517
561 673337
562 673062
563 672395
564 670068
565 668939
566 667776
567 667644
568 667208
569 667180
570 666148
571 666016
572 665993
573 665219
574 664848
575 664490
576 664155
577 664122
578 663837
579 663262
580 662335
581 660460
582 658439
583 657969
584 657220
585 657165
586 656386
587 655316
588 655136
589 654820
590 654555
591 654170
592 653532
593 653172
594 652218
595 650882
596 650141
597 649896
598 649304
599 649092
600 647965
601 647917
602 647725
603 647537
604 644939
605 644131
606 643257
607 642985
608 642773
609 642713
610 642660
611 642561
612 641895
613 641764
614 641597
615 641454
616 641116
617 639846
618 639797
619 639744
620 639386
621 639373
622 639258
623 639222
624 637787
625 637639
626 637580
627 636408
628 636192
629 635108
630 634400
631 633826
632 633813
633 632218
634 632181
635 630491
636 630395
637 630160
638 630034
639 629317
640 627913
641 627868
642 626695
643 625370
644 625185
645 623777
646 622794
647 621461
648 620693
649 620453
650 618978
651 618824
652 617899
653 617221
654 616430
655 614740
656 613613
657 613366
658 612482
659 611902
660 611637
661 611480
662 611239
663 610901
664 610741
665 610142
666 609954
667 609204
668 607885
669 607784
670 607300
671 607166
672 606666
673 606555
674 606394
675 605486
676 605254
677 603633
678 601865
679 601476
680 601241
681 600116
682 599370
683 599105
684 598246
685 597791
686 597697
687 597535
688 597360
689 597352
690 596457
691 595738
692 595428
693 595092
694 594776
695 594709
696 594261
697 593426
698 593137
699 592581
700 591442
701 591154
702 590875
703 590194
704 590175
705 590067
706 589811
707 587301
708 587060
709 586363
710 586330
711 585734
712 585592
713 584724
714 583212
715 581563
716 581409
717 580822
718 580409
719 579328
720 578670
721 578141
722 576773
723 576438
724 575995
725 575947
726 575819
727 575735
728 575255
729 575227
730 575091
731 574855
732 574688
733 573808
734 573057
735 573056
736 572145
737 571830
738 571114
739 570822
740 570595
741 570507
742 569226
743 569084
744 568764
745 566805
746 563899
747 563494
748 563387
749 563158
750 563088
751 561646
752 560477
753 560143
754 559825
755 559775
756 559546
757 559095
758 558916
759 557829
760 556719
761 556571
762 556481
763 556463
764 554922
765 554211
766 552906
767 550929
768 550721
769 550717
770 550244
771 549878
772 549269
773 548645
774 547820
775 546857
776 546308
777 546044
778 546005
779 545269
780 544586
781 544072
782 543847
783 542332
784 541788
785 541766
786 541065
787 540556
788 540027
789 539946
790 539250
791 538996
792 538832
793 537432
794 536970
795 536259
796 535989
797 535794
798 533031
799 531676
800 531218
801 530949
802 530543
803 530156
804 529407
805 529120
806 528494
807 526869
808 526454
809 525648
810 524268
811 522291
812 521929
813 521193
814 521177
815 520611
816 519390
817 518156
818 518060
819 518032
820 517298
821 516919
822 516625
823 516619
824 516247
825 515936
826 515542
827 515146
828 513273
829 513145
830 512840
831 511267
832 508782
833 507991
834 507533
835 506278
836 504870
837 504734
838 504500
839 503280
840 502576
841 501471
842 499634
843 499619
844 499310
845 498683
846 498660
847 498359
848 498288
849 496679
850 496495
851 494379
852 492595
853 492565
854 492087
855 491861
856 491854
857 491697
858 490075
859 489675
860 488686
861 488545
862 488416
863 487630
864 487565
865 487086
866 486917
867 486635
868 486404
869 484835
870 484348
871 483594
872 482510
873 481881
874 480761
875 480264
876 479610
877 478825
878 478367
879 477941
880 476610
881 476500
882 476414
883 475898
884 475548
885 475285
886 474703
887 474391
888 473949
889 473861
890 473569
891 473483
892 473356
893 472523
894 470929
895 470651
896 470500
897 469142
898 468720
899 468618
900 467778
901 467658
902 467400
903 467102
904 466957
905 466628
906 466433
907 466228
908 465931
909 465428
910 464980
911 464774
912 463399
913 463222
914 463211
915 461427
916 461353
917 460543
918 459462
919 459075
920 458881
921 458542
922 457602
923 456377
924 456200
925 455738
926 455727
927 454981
928 454124
929 453921
930 453557
931 453348
932 451554
933 450344
934 450109
935 449315
936 448812
937 447887
938 447583
939 446710
940 446589
941 446032
942 445916
943 445697
944 444487
945 443117
946 443000
947 442588
948 442284
949 442275
950 441344
951 440212
952 439540
953 438226
954 438174
955 437946
956 437589
957 437108
958 437023
959 435585
960 434923
961 434387
962 434172
963 433729
964 432830
965 432539
966 432422
967 432350
968 431961
969 431387
970 430739
971 430659
972 429865
973 429749
974 428588
975 428520
976 427963
977 427370
978 427366
979 426472
980 426246
981 426243
982 426001
983 424713
984 424710
985 424617
986 423976
987 423103
988 423038
989 422924
990 422752
991 422047
992 421687
993 421118
994 420906
995 420379
996 419363
997 419264
998 418609
999 418430
1000 417836
1001 417547
1002 417498
1003 416795
1004 416046
1005 415679
1006 415636
1007 415520
1008 415392
1009 413331
1010 412778
1011 412715
1012 412303
1013 411012
1014 410751
1015 409159
1016 408947
1017 408792
1018 408005
1019 407691
1020 407677
1021 406960
1022 406832
1023 406684
1024 406072
1025 406005
1026 405261
1027 403840
1028 403627
1029 403599
1030 403583
1031 403246
1032 403085
1033 402854
1034 401501
1035 401439
1036 401307
1037 400988
1038 400967
1039 400626
1040 399607
1041 397171
1042 396859
1043 396767
1044 395550
1045 394893
1046 394879
1047 394597
1048 394396
1049 394144
1050 392514
1051 391995
1052 391914
1053 391477
1054 389694
1055 388960
1056 388902
1057 388615
1058 388540
1059 388493
1060 386648
1061 385904
1062 385901
1063 385467
1064 384635
1065 384251
1066 383515
1067 383293
1068 382930
1069 382503
1070 382365
1071 380943
1072 380502
1073 379795
1074 378918
1075 377868
1076 376950
1077 376173
1078 375204
1079 374628
1080 373808
1081 373181
1082 373122
1083 371155
1084 371098
1085 369105
1086 368705
1087 368460
1088 367053
1089 365639
1090 365365
1091 364509
1092 364143
1093 364012
1094 363959
1095 362999
1096 362937
1097 362128
1098 360990
1099 360941
1100 360879
1101 360842
1102 360680
1103 360654
1104 360035
1105 358940
1106 357749
1107 357572
1108 357293
1109 357192
1110 356509
1111 354961
1112 354378
1113 354073
1114 353682
1115 352951
1116 352377
1117 351752
1118 351015
1119 350724
1120 350605
1121 350415
1122 350304
1123 349729
1124 349657
1125 349604
1126 349181
1127 349174
1128 348412
1129 348328
1130 348045
1131 347583
1132 347518
1133 347284
1134 347185
1135 346620
1136 346165
1137 345732
1138 345314
1139 345143
1140 345062
1141 344824
1142 344185
1143 343523
1144 343015
1145 342998
1146 342119
1147 341802
1148 341783
1149 341677
1150 341561
1151 341054
1152 340371
1153 340366
1154 340317
1155 339711
1156 339442
1157 339050
1158 338600
1159 338327
1160 337791
1161 337051
1162 334658
1163 334342
1164 332887
1165 331902
1166 331046
1167 330372
1168 330230
1169 330180
1170 328725
1171 328138
1172 327546
1173 326221
1174 326118
1175 325310
1176 325307
1177 324526
1178 324446
1179 324096
1180 322901
1181 322199
1182 321982
1183 321951
1184 321543
1185 321464
1186 319437
1187 318957
1188 318187
1189 318022
1190 317348
1191 317268
1192 316206
1193 315919
1194 315324
1195 314161
1196 314039
1197 313817
1198 312634
1199 312199
1200 311935
1201 311605
1202 311108
1203 310817
1204 309940
1205 309824
1206 309690
1207 308899
1208 308046
1209 307730
1210 307080
1211 306110
1212 305762
1213 305012
1214 304217
1215 302763
1216 301888
1217 301884
1218 300941
1219 298483
1220 298432
1221 297846
1222 297569
1223 296367
1224 295444
1225 294969
1226 294720
1227 294008
1228 293841
1229 293029
1230 291859
1231 291341
1232 290961
1233 290130
1234 290053
1235 289920
1236 289256
1237 288697
1238 288568
1239 288538
1240 287659
1241 286959
1242 286785
1243 286311
1244 285946
1245 285385
1246 285297
1247 284700
1248 284657
1249 284634
1250 284501
1251 284421
1252 284151
1253 283948
1254 283912
1255 283303
1256 283205
1257 282780
1258 282527
1259 282464
1260 281614
1261 281072
1262 280649
1263 280623
1264 279864
1265 279760
1266 278151
1267 278056
1268 277389
1269 276967
1270 276649
1271 275544
1272 274230
1273 273957
1274 273823
1275 273688
1276 273603
1277 273498
1278 273000
1279 272538
1280 271811
1281 271723
1282 271225
1283 270998
1284 270948
1285 270080
1286 269969
1287 269906
1288 269885
1289 269757
1290 269486
1291 269480
1292 268509
1293 268295
1294 267860
1295 267519
1296 267072
1297 266712
1298 266448
1299 265862
1300 264748
1301 264558
1302 263994
1303 263624
1304 263194
1305 262698
1306 262593
1307 260651
1308 259837
1309 259565
1310 259488
1311 258511
1312 258426
1313 258004
1314 257218
1315 256526
1316 255874
1317 254847
1318 254659
1319 254485
1320 253828
1321 252781
1322 251924
1323 251455
1324 251324
1325 250370
1326 249514
1327 249496
1328 249420
1329 249374
1330 249149
1331 248240
1332 248143
1333 247982
1334 247067
1335 245584
1336 244680
1337 244331
1338 244294
1339 243335
1340 242944
1341 242144
1342 241008
1343 240203
1344 239311
1345 239232
1346 239150
1347 238470
1348 237859
1349 237113
1350 236708
1351 236626
1352 234952
1353 233755
1354 233706
1355 233655
1356 232618
1357 231789
1358 231406
1359 231014
1360 230755
1361 230365
1362 230146
1363 230144
1364 229759
1365 229683
1366 229025
1367 228701
1368 228667
1369 228635
1370 227811
1371 227319
1372 227212
1373 227016
1374 226241
1375 226114
1376 226084
1377 225773
1378 225765
1379 225422
1380 225265
1381 225171
1382 222753
1383 222728
1384 221848
1385 221806
1386 220329
1387 219443
1388 219066
1389 218468
1390 218039
1391 216732
1392 216531
1393 215626
1394 215087
1395 214823
1396 214415
1397 214313
1398 214239
1399 213575
1400 212781
1401 212590
1402 212531
1403 212217
1404 211174
1405 211133
1406 210264
1407 209596
1408 208101
1409 207510
1410 206838
1411 205178
1412 204964
1413 204366
1414 204035
1415 203183
1416 203177
1417 203103
1418 203025
1419 202548
1420 201996
1421 201836
1422 201486
1423 199662
1424 199239
1425 197634
1426 197109
1427 195328
1428 194564
1429 194436
1430 194251
1431 193606
1432 193251
1433 192916
1434 192598
1435 190893
1436 190727
1437 190253
1438 189959
1439 189635
1440 189592
1441 189219
1442 188672
1443 188398
1444 188179
1445 188177
1446 185399
1447 185303
1448 185032
1449 183452
1450 183214
1451 183031
1452 182882
1453 182823
1454 182396
1455 182042
1456 181651
1457 179603
1458 177723
1459 176753
1460 176745
1461 176721
1462 176603
1463 176431
1464 175914
1465 175026
1466 173705
1467 173617
1468 172943
1469 172708
1470 172271
1471 171409
1472 171034
1473 170762
1474 169732
1475 169464
1476 168776
1477 168757
1478 168606
1479 168144
1480 167324
1481 167219
1482 167128
1483 166894
1484 166268
1485 165989
1486 165980
1487 165837
1488 165732
1489 164997
1490 164981
1491 163808
1492 163716
1493 163615
1494 163249
1495 162930
1496 162895
1497 162636
1498 162345
1499 162202
1500 161885
1501 161722
1502 161637
1503 161529
1504 161165
1505 160129
1506 159389
1507 159275
1508 159054
1509 158412
1510 158270
1511 157745
1512 157619
1513 157337
1514 157243
1515 156921
1516 156739
1517 156070
1518 156044
1519 155338
1520 155327
1521 154553
1522 153795
1523 153538
1524 153355
1525 152892
1526 152505
1527 152079
1528 151895
1529 150944
1530 150633
1531 150254
1532 148765
1533 148352
1534 147329
1535 146990
1536 146039
1537 146027
1538 146016
1539 145983
1540 145853
1541 145467
1542 145444
1543 145136
1544 145048
1545 144719
1546 143975
1547 143851
1548 142454
1549 142306
1550 141653
1551 141603
1552 139078
1553 138892
1554 138682
1555 137878
1556 137681
1557 137639
1558 136913
1559 136434
1560 136323
1561 135669
1562 135046
1563 134062
1564 133713
1565 133504
1566 133455
1567 132966
1568 132363
1569 132268
1570 132087
1571 131174
1572 130745
1573 129452
1574 129422
1575 129001
1576 128547
1577 128421
1578 128191
1579 128000
1580 127252
1581 126936
1582 126130
1583 125169
1584 124946
1585 124443
1586 124134
1587 123911
1588 123682
1589 122479
1590 121832
1591 121637
1592 121469
1593 121280
1594 120668
1595 120087
1596 120066
1597 119933
1598 119422
1599 117994
1600 114496
1601 113866
1602 113089
1603 112365
1604 111196
1605 109451
1606 108963
1607 108553
1608 108373
1609 108221
1610 108069
1611 108024
1612 107382
1613 106591
1614 104390
1615 103939
1616 103225
1617 103220
1618 102763
1619 101547
1620 101460
1621 101403
1622 100249
1623 99181
1624 98701
1625 98027
1626 98026
1627 97808
1628 97648
1629 97629
1630 96467
1631 95659
1632 95193
1633 95058
1634 94724
1635 94570
1636 93990
1637 93755
1638 93486
1639 93036
1640 92742
1641 92228
1642 91389
1643 91300
1644 91141
1645 90001
1646 89818
1647 89589
1648 87781
1649 87617
1650 87577
1651 86710
1652 85455
1653 85265
1654 84708
1655 83604
1656 81678
1657 80844
1658 80104
1659 79849
1660 79760
1661 79488
1662 79058
1663 78734
1664 78665
1665 77946
1666 77251
1667 76747
1668 76622
1669 76566
1670 75834
1671 75748
1672 75605
1673 75578
1674 75027
1675 74591
1676 74586
1677 74493
1678 73292
1679 72814
1680 71992
1681 71985
1682 71790
1683 71512
1684 71351
1685 71282
1686 70557
1687 70440
1688 69948
1689 69709
1690 69180
1691 68570
1692 67541
1693 66108
1694 65728
1695 64800
1696 64709
1697 64692
1698 64302
1699 62988
1700 62903
1701 62427
1702 60769
1703 59268
1704 59135
1705 59074
1706 58958
1707 58460
1708 57468
1709 56926
1710 55669
1711 55336
1712 55025
1713 54982
1714 54700
1715 54663
1716 51721
1717 51448
1718 50251
1719 49372
1720 49171
1721 48777
1722 48409
1723 47355
1724 47354
1725 46759
1726 46720
1727 46602
1728 45614
1729 45555
1730 45201
1731 44572
1732 44231
1733 43793
1734 42687
1735 40600
1736 39517
1737 38086
1738 37647
1739 37286
1740 37271
1741 37011
1742 36883
1743 35733
1744 35686
1745 34989
1746 34166
1747 33937
1748 33007
1749 32949
1750 32919
1751 32541
1752 32322
1753 32240
1754 31734
1755 31251
1756 29994
1757 29707
1758 29419
1759 29240
1760 28564
1761 28074
1762 27059
1763 26630
1764 26540
1765 26500
1766 26303
1767 25994
1768 25463
1769 25451
1770 25180
1771 24035
1772 23567
1773 22836
1774 22567
1775 22095
1776 21513
1777 20225
1778 19413
1779 18859
1780 18440
1781 18230
1782 17742
1783 17724
1784 17212
1785 16661
1786 16235
1787 15712
1788 14301
1789 13821
1790 13633
1791 13278
1792 11999
1793 11621
1794 11469
1795 10906
1796 9605
1797 9249
1798 7535
1799 7243
1800 6954
1801 6707
1802 6566
1803 5775
1804 5357
1805 4294
1806 3146
1807 2520
1808 1538
1809 1481
1810 1177
1811 1043
1812 781
1813 670
945
488 999643
247 998694
1236 996230
32 994636
1396 994621
1282 994010
1253 991378
1149 991179
509 990566
1596 989629
197 986453
773 986301
479 986113
820 986053
983 985516
839 985396
630 984840
1226 983514
1438 982500
1088 981590
363 979255
1545 977545
1408 977521
1177 977107
6 977056
891 976409
563 976360
913 974255
1196 972767
1489 971862
608 970544
1176 968106
1491 968012
1403 967815
786 966996
434 966740
274 961969
276 958469
166 956997
968 956701
1074 956222
688 955811
1101 955120
1077 954815
402 953265
950 953209
335 952394
278 951068
1555 950542
1300 949879
203 947952
1139 945651
391 944273
28 943887
1773 943221
1274 941431
517 941297
523 941032
525 939474
57 938510
639 938042
253 937868
1223 933655
1647 930520
1618 928666
1602 927868
646 926766
1595 926404
151 923804
970 922932
360 922832
858 922088
83 920994
1123 920773
680 919322
1068 918887
1638 916125
1531 911316
930 910323
280 910179
461 909636
1152 909485
350 908837
255 907051
52 906275
1508 905233
1664 904387
1669 899581
1692 899341
1628 899069
764 897876
1468 897373
297 896610
130 895939
1580 895187
1044 893691
1082 892699
1085 890866
533 889272
80 887160
866 886208
521 883064
1790 882909
620 882510
1437 882119
379 881245
1131 880895
1703 879772
1436 879438
1639 879186
566 878211
612 877233
1565 876957
1341 876373
776 876163
1032 875193
1288 875102
1619 874564
1375 874325
1674 873480
1428 873363
282 871468
1737 870610
454 869470
689 868330
279 866724
1717 866530
551 865549
1052 865545
1813 864883
415 860959
54 859963
921 854629
1182 852536
1023 848031
1086 844924
33 844381
900 844246
1405 843064
729 840596
1264 839163
759 838342
1731 837919
850 836659
752 835593
344 835003
96 834457
35 833216
801 832287
1146 831396
611 831261
477 830064
1807 829975
1700 829326
1041 829220
780 828062
1524 825752
1398 824523
449 824182
129 822086
1208 821905
1476 821405
195 821002
1418 818477
266 817256
978 815678
934 814846
458 814556
1369 813926
188 812866
240 812760
1393 812146
1757 810523
1250 810152
524 806610
1536 805192
653 804087
1689 802626
652 802117
1769 799796
1178 796943
1538 796628
1154 796230
1072 795920
361 794916
1442 792994
817 792196
377 791635
143 791092
257 788664
1805 787971
1742 787871
604 786599
14 786338
29 785474
1522 785198
528 784065
1687 783688
1260 781720
492 780710
1512 779560
206 779366
327 779046
1073 778571
513 778267
187 777174
343 773698
277 772820
1261 771369
330 771082
1481 770862
1449 769776
1617 768454
963 767892
1632 766137
414 765564
192 764414
1160 764160
1779 762485
1744 759411
794 758995
1336 758520
39 757849
132 757005
1235 755169
56 754832
538 754807
1464 753854
787 753811
1612 751806
745 751709
1268 751471
790 749917
122 749813
862 749491
1690 748806
972 748402
369 747711
1411 747327
581 746009
1645 745948
1487 745930
1640 742021
427 741855
1547 739862
396 739857
1661 739856
975 739832
409 739033
754 737761
722 737264
442 736456
821 735248
1217 733907
1255 733726
1648 732900
388 731260
273 730641
1144 730476
1741 730400
918 729217
928 726220
927 725657
1191 723266
1720 722606
1338 722002
733 720103
1680 718637
910 714768
622 712158
883 712145
655 711740
462 709565
354 709527
1608 709440
758 707982
1076 706984
1296 705690
152 703484
1210 703346
746 702769
182 702718
1510 702565
299 702382
829 701784
178 699313
976 699298
1205 699172
1399 696524
1339 695649
1784 694372
158 694326
225 693285
542 692115
141 689674
153 688913
359 688697
1550 687352
692 684010
476 680488
771 679105
530 677953
66 675951
645 675395
1209 675067
436 674744
1342 672978
1708 672533
1447 671926
1043 671771
356 671528
700 670993
1738 669940
1694 669852
1092 669173
156 667278
432 667229
1704 667018
1102 666959
213 665891
675 665547
994 663097
1378 662317
1252 661532
230 661409
1133 660908
1186 660053
798 657261
1089 656482
751 656211
619 656081
133 655207
231 654577
370 653368
1445 652320
1684 651445
980 650759
171 650038
503 649386
694 649079
605 648593
637 648126
246 647171
1416 647051
155 646449
1459 641243
1142 640936
621 640886
22 640285
1379 639058
1762 638433
1174 638064
264 635076
191 633556
1206 632456
1320 631817
355 631809
1245 630809
1171 630604
1366 630464
1798 630415
1657 629511
1380 628720
1349 627896
852 622937
565 622427
762 621794
1597 619006
1231 618781
1534 618698
1 617849
1655 617349
1331 616549
1116 615987
809 615102
194 613234
1010 612662
233 610908
1622 609550
314 604111
1327 601241
847 599838
989 598367
1601 596409
1518 594858
671 594729
198 594506
1681 594465
1057 589744
481 588109
384 587974
641 587966
86 585600
699 584956
1358 584853
1701 583548
1563 583307
1347 581902
1570 581250
1803 581054
728 580822
232 580668
505 579793
1061 579766
1666 578445
1094 576844
1180 576077
1337 575417
1170 574363
1811 573646
1279 572417
757 572255
1374 570929
1574 570090
127 563910
1383 563654
212 561916
1359 561274
632 558749
1560 556371
1528 555329
568 553911
593 553217
1478 552766
998 551803
318 550384
410 547819
539 544209
865 542195
540 538112
1365 537661
504 537638
169 535372
208 534261
163 534161
1642 532619
1727 532584
474 531206
1633 530234
1607 529273
1025 528372
561 527625
300 527095
498 526960
696 525415
1636 523632
942 522625
857 520806
1659 519911
41 519713
120 519646
1080 518884
1494 516330
77 513583
1355 513462
1663 512853
571 511910
552 511357
89 510659
71 509135
1190 508680
1234 507343
1644 506919
303 503948
464 503725
1726 503490
576 503323
1421 502945
1770 501866
585 501312
1605 500013
159 499515
200 499273
1015 499161
1164 497076
61 496897
437 496839
1732 495063
1569 494093
669 493655
573 490331
1579 486459
1103 484978
896 484888
1013 481959
1748 481015
635 480873
373 478774
1042 478713
1537 477582
1493 476832
482 476305
118 475616
1004 474241
1504 473264
1581 473248
1606 472027
73 471320
62 471209
1063 471045
452 469714
92 469624
1315 467956
117 467798
1151 464484
1158 462736
938 462661
245 461848
1107 460526
399 460037
990 458100
843 457863
1603 457812
730 456240
228 455715
714 455656
1038 455451
966 453002
1544 449880
1218 447829
1353 445861
884 443267
1109 443100
1422 442223
695 437372
1167 435866
5 435783
1045 434936
27 434310
421 434285
674 433711
111 433565
58 433271
1670 432240
1114 430654
1789 428953
324 426431
1200 424399
967 423824
17 423111
164 422700
455 422528
444 420159
954 418655
1656 418058
1185 414061
107 413630
705 413279
1413 410675
1259 408685
1005 408426
1590 408260
1799 407805
1698 405975
907 405251
1736 404830
400 404729
1065 402645
1219 402075
710 400126
136 399716
1458 398815
1012 398681
1667 398268
1808 395821
1533 395197
1767 395115
879 394804
1309 394067
878 393396
556 391393
45 390299
1791 389177
26 388944
782 386472
74 383907
439 381588
99 381040
1084 379547
1305 378528
1313 378428
1734 375231
1183 374443
475 371643
209 370255
769 369843
1509 368907
1050 368542
433 367745
419 366767
1000 366737
1747 366266
1150 365737
1546 360003
1367 357495
1024 357416
933 356932
890 354891
1136 353702
1240 352205
285 350981
687 348845
368 347905
1457 346576
176 346544
1733 346495
541 346279
288 344598
1322 343963
216 343069
1806 342906
958 341753
1266 339451
1474 339312
135 337494
1326 336837
467 333376
1049 333046
201 332303
70 332243
547 330136
836 328456
575 327361
473 327327
810 327306
508 326036
955 325379
1577 325182
661 325157
1385 324306
1463 323369
1203 319429
625 319384
1021 317541
1055 316950
1078 314678
806 314538
1455 313517
1486 311723
616 307992
1328 304646
1765 304468
1475 303697
1755 301631
731 298430
76 296630
845 293720
1451 291674
329 291434
920 289552
1016 288348
610 288004
1376 287900
106 286554
404 286320
1388 285291
543 283331
959 282539
181 281005
18 280625
1258 279118
469 278623
644 278550
1535 275326
529 274772
69 274616
880 273559
906 273390
112 272885
613 271828
1660 270810
1465 270006
761 268527
1054 268201
342 267766
627 267371
393 266813
553 265512
603 265071
308 265013
1761 262708
534 262153
1333 258406
678 257688
93 256925
789 254581
1159 252905
1304 251194
634 250347
3 249582
113 249326
1776 248698
984 248647
1696 245257
1301 245211
851 243787
583 243443
973 243073
1332 242515
686 242013
1511 241927
555 241315
446 240186
1395 239215
1498 236650
1759 235516
559 234684
64 232688
654 232289
1719 231628
270 230731
1446 229272
1812 228664
1020 228104
425 227624
1110 227324
1441 226567
1503 225134
594 224927
1556 222838
663 220583
1129 220260
1456 218980
909 216088
1448 215643
1169 215324
1291 214166
1373 211935
102 211700
383 210027
1047 209889
974 209776
196 209667
1247 209464
1585 209438
480 207644
819 207040
986 206499
704 206475
914 205912
1364 205639
1710 204017
229 203594
322 203201
602 202533
837 201893
175 201353
1643 199009
668 197667
1276 196858
1625 196206
352 195089
1295 192352
424 192214
40 189673
855 189665
128 187975
1467 187048
2 186945
1787 185345
286 184343
767 183755
1461 181916
1615 181380
1673 176195
770 175985
251 175979
1662 174931
943 173497
1515 171816
47 171420
408 170597
779 170131
334 169445
1429 168627
1286 166671
1053 166566
1572 166500
144 166076
936 164057
1145 164014
1225 163139
320 162018
1372 159680
108 158453
460 157677
816 156811
1294 156582
518 155934
104 154000
385 153870
256 152915
1121 152357
1011 148510
996 147484
795 147388
42 146637
1749 146153
1357 144911
532 142227
1189 141040
1772 139346
515 138469
784 137921
202 136666
1181 131626
1312 131621
735 131024
1071 127512
1695 124142
493 123554
1591 122241
1265 119681
1034 119672
670 119156
1454 118922
1212 117765
981 116870
1368 116666
1752 116190
706 115176
941 114609
376 113716
876 111572
450 111503
596 110145
445 109205
497 108069
332 107928
598 107189
932 106761
916 106736
491 105196
1232 105061
179 104825
94 104750
1386 103616
1631 103439
1529 101059
1653 100839
146 100784
1460 98454
1356 97908
647 96268
1764 95263
1443 95132
1521 94823
1665 94602
1262 93412
38 92887
1143 91912
824 87786
204 86931
1497 86882
234 85919
1774 85782
1229 85658
1715 84838
478 84538
1113 82882
1462 82239
1119 82050
925 79504
1018 78947
316 77683
672 75877
544 74968
1766 73195
1730 72973
1797 71714
11 70039
888 69637
1362 69545
960 68336
210 67991
969 67000
823 66700
912 65382
697 63761
947 63483
1582 62961
1083 62949
9 61793
1554 60279
1624 59440
813 56761
1118 56536
1157 53360
463 53156
1099 52749
1135 51618
739 47745
1371 47241
1722 46647
1651 46035
1248 44259
121 43500
1604 42461
1067 42234
691 41207
1281 40515
805 40430
803 39557
929 38165
651 37324
1658 37287
227 35724
207 35137
567 30070
418 29648
1519 29630
48 28092
116 27997
1397 27711
20 23201
1302 22182
1718 21571
595 21559
1325 20515
1735 20359
511 19282
964 18954
1539 18227
1439 17717
1646 17702
1705 17662
874 15900
833 14021
673 13660
397 12597
1594 10975
750 10399
1627 8641
977 8509
799 8342
1272 7240
1598 6906
339 6562
1239 5902
1222 5568
242 3333
587 2619
309 1469
636 393
222 41
