1936
1 1574
1 1691
2 1817
1 1981
4 2084
1 2185
3 2258
1 3109
2 3819
3 3868
10 4428
9 5448
5 6134
2 6597
11 6936
14 7085
6 7117
8 7130
18 7306
9 7420
16 7452
18 8074
20 9210
17 11283
5 11291
12 11763
5 11906
19 14150
26 14556
14 15102
2 15294
15 15648
16 15999
10 16363
3 16785
6 17177
21 17468
1 17575
6 18755
20 18837
3 19725
8 19995
30 20408
7 21389
35 21776
13 22384
21 22599
20 22951
46 23511
47 24633
25 25339
15 25724
35 26306
29 26760
32 27568
10 28039
42 28495
14 28645
1 28939
25 29303
34 31084
18 31242
6 31915
48 32139
64 33344
5 33450
42 33641
29 34549
43 34659
42 34926
58 35221
44 37623
14 37795
72 39350
57 39614
66 39974
10 40059
57 40118
24 40248
1 40324
22 40519
40 41275
45 42482
50 43003
30 45026
1 45313
56 45746
29 45907
33 46486
8 47281
86 47696
5 47882
62 48324
68 48516
77 48620
15 48834
6 50198
96 50646
22 51115
31 52909
35 53270
64 54327
52 54445
29 55131
12 55395
1 55517
106 56373
98 56643
12 56679
95 57238
62 57635
21 57700
21 57719
30 59620
74 61262
10 61659
67 61686
4 63258
76 63355
25 63399
13 63549
11 64368
8 65455
10 65755
42 67434
97 68986
94 69747
43 69805
58 70323
124 71099
68 71864
123 71915
61 71968
130 72191
115 73220
49 73754
101 74659
105 74719
110 74948
109 75205
133 75901
6 76096
132 76385
124 76829
139 76867
52 77076
114 77191
64 77705
92 77862
113 77968
78 79296
135 79688
61 79996
58 80391
113 80421
120 80539
73 82059
54 82318
102 83014
17 85321
40 85355
135 85373
76 85828
13 86746
75 86987
164 87564
33 87915
99 88737
60 89254
62 90181
104 90908
98 90987
121 91949
46 91967
114 92397
25 92784
7 93565
110 94664
136 95115
51 95133
158 96388
14 96468
39 98173
91 98686
16 98759
90 99425
83 99434
187 99526
19 100275
126 100311
121 101124
150 101584
175 101597
99 102357
88 102909
105 103834
136 103998
3 104390
142 104775
146 106907
152 107258
164 107508
133 107881
100 108286
142 108623
89 110019
140 111060
56 111128
179 112598
32 112773
24 112982
17 113200
138 113242
61 113359
199 113359
28 113644
183 115397
63 116078
30 116191
144 116421
79 116952
50 117033
211 117178
145 117483
155 117704
102 118131
74 118276
218 118408
93 119045
124 119261
143 120448
193 120640
126 121291
111 123713
149 123840
160 125378
53 125450
36 126842
143 127167
115 127439
12 127501
94 127958
54 128388
129 128542
74 128670
95 129152
84 129275
130 129773
226 130409
87 131451
250 131617
174 131748
193 131966
156 132115
128 134299
8 134671
24 134833
131 135109
5 135576
83 135923
71 135947
244 136080
92 136727
98 138400
126 138649
230 138670
257 139338
220 139864
149 139987
39 141331
196 141812
24 141981
249 142025
84 142050
227 144727
229 145382
25 146268
41 148155
267 148472
220 148620
274 149441
17 149634
195 150541
189 151172
280 151632
224 152107
171 153453
2 155641
161 155911
119 156730
213 157209
40 158283
73 158689
284 158787
146 160263
24 160351
95 161419
173 161897
8 162477
225 163730
111 164812
267 165042
82 165854
125 166133
21 166247
97 166458
279 167215
163 167737
69 168155
36 169392
211 169415
246 169473
230 169816
104 169947
229 170061
148 170165
121 170755
135 171115
240 171737
132 172544
112 173479
214 173967
63 174956
299 175044
226 175077
31 176168
292 178149
120 178539
64 179398
99 180422
304 180653
195 182180
253 182457
251 182568
240 183276
110 184538
18 185069
312 185512
84 187129
183 187164
89 187571
46 187766
321 188993
203 189155
268 189512
318 189814
113 189869
181 191371
111 191924
200 191967
289 192384
281 192420
61 192467
306 193324
332 193591
278 195126
178 195686
317 195689
42 196857
248 197118
158 197132
102 198412
174 198682
9 200242
200 200352
171 200554
172 200963
339 202902
134 203743
179 204588
197 204734
249 204798
58 205611
330 205742
45 206291
239 206334
88 206496
233 207875
202 208083
270 208108
3 208394
44 208571
16 208619
263 209119
219 209655
121 210178
234 210956
101 212628
249 213102
141 213643
203 213776
13 214189
88 215834
267 215955
250 216505
152 216597
166 217049
309 217528
247 217763
350 218312
398 218352
321 219010
233 219643
35 221204
69 221534
329 221571
335 221988
374 222115
197 222649
9 223638
238 224700
8 225101
384 225108
358 226246
300 227262
221 227356
401 228692
131 228730
333 228752
96 230458
273 230966
307 231353
20 231520
245 231726
164 232620
295 233458
31 233715
337 233905
93 234851
20 235596
303 235688
342 235728
121 236371
333 237156
373 237317
5 237890
4 237958
52 238092
403 238499
396 238690
409 239113
22 239994
390 240200
417 241380
184 241654
267 241978
402 242500
112 243696
280 244150
369 244169
30 244903
360 245879
285 246123
306 247002
62 247441
78 247577
400 247919
238 248096
257 248098
438 248820
236 249895
396 249946
315 250368
113 250605
108 250609
6 251176
426 251305
406 251348
265 252443
399 252972
27 253201
129 253659
88 254510
455 254741
101 254759
438 254997
282 255390
142 255416
27 255651
29 256497
48 256749
35 256927
363 257210
283 257471
247 257600
445 257722
266 258168
161 258734
300 258861
393 258923
43 259326
137 259436
464 260010
23 261094
66 261636
394 261960
313 262630
460 262857
124 263265
216 263462
286 265422
198 265821
75 266126
3 266615
259 266676
49 267341
9 267902
460 268204
14 269831
429 269845
115 269889
161 272415
147 272467
106 272485
78 273020
64 273259
397 273360
142 273410
269 273506
434 273858
454 274597
285 274793
4 276125
52 276377
400 276939
162 277312
107 278882
298 279178
79 279293
156 279393
235 280413
197 281045
312 281233
490 281855
426 282415
418 282821
217 284067
289 284157
363 285161
370 285217
510 285356
527 285642
419 285721
412 286873
335 286983
99 287121
72 287588
32 287765
546 287953
291 288375
271 288662
256 289415
210 289628
94 289745
551 289798
412 291057
258 291199
189 292001
137 292167
247 293111
228 293375
190 294751
351 294755
161 294990
284 295164
148 295168
11 295895
238 296694
494 296719
467 297236
467 297693
329 297971
257 298271
531 299049
330 299101
509 300125
293 300495
246 301357
69 301432
17 302119
222 302449
46 302588
174 302657
375 302689
115 302961
396 303362
184 304025
470 304814
82 304870
162 305026
393 305496
114 305546
446 305821
196 308954
15 309107
489 309685
434 310430
349 310454
293 310692
228 311186
589 312858
156 313881
102 314308
306 315203
394 317931
585 318547
157 319135
253 319530
538 319596
529 319624
384 319924
394 320116
418 320543
60 320689
575 320808
468 320882
464 321353
557 321609
194 321989
563 322760
514 324053
548 325216
572 325300
388 325648
355 326081
212 326294
312 327007
441 327245
490 327823
169 328215
56 329149
592 329165
82 330459
609 330540
557 330733
599 330855
254 330968
545 331526
119 331876
134 332128
129 332550
342 332850
68 333063
438 334351
231 334492
605 334778
590 336097
172 336771
140 337858
298 338774
521 339213
642 339243
50 339422
204 339727
109 340206
281 340630
528 340736
57 340765
257 340905
566 341776
304 341934
594 342046
646 342843
241 343476
81 343851
521 344275
567 345510
1 345790
568 346763
350 346827
412 347560
387 347723
636 349049
84 350498
447 350601
382 351188
328 352253
234 352267
550 352824
323 354822
502 354977
666 355451
323 356779
51 358302
196 358591
491 359683
536 360069
666 360669
26 360934
314 361557
468 361797
464 361907
251 362204
84 362391
12 363439
264 364190
652 364483
690 364882
686 365190
644 365970
568 367384
228 368021
646 368977
76 369350
37 369389
671 369718
699 370306
641 371051
473 374038
373 374111
431 374261
443 374319
654 374860
54 375018
274 375290
660 375523
565 377307
642 377699
226 377837
417 379297
376 379825
18 379854
688 382217
189 382517
254 382532
326 382764
606 383183
604 383572
597 383812
524 383945
682 384497
128 384793
606 386400
430 387208
511 387302
414 387578
339 387656
566 388122
628 388365
704 388920
152 389148
62 389629
562 391689
400 391891
289 392035
3 392554
513 393713
18 394341
101 394968
487 395713
430 398256
258 398917
404 399492
561 400510
343 400681
264 400698
186 401108
5 402499
272 403565
417 404210
290 404907
187 405362
37 405653
703 405712
661 405882
119 406375
387 407114
25 407520
198 408380
264 408409
25 408478
678 409878
534 410520
672 410896
505 411034
110 411519
225 411528
612 411750
78 412035
644 412913
47 414243
554 414564
402 415583
224 416381
643 417145
42 417651
360 419188
79 419585
150 420645
676 421460
647 422029
514 422434
360 423974
93 424924
334 425153
69 425460
143 425782
757 426139
652 426478
598 426946
435 427061
97 427573
101 427871
727 427931
103 428030
750 428262
704 428280
248 430032
397 430249
505 430465
75 430605
86 430687
93 431222
517 431475
349 432712
40 432966
606 433257
262 433284
112 433847
408 433911
784 433994
567 434387
305 435243
311 435311
587 435708
785 436006
51 436054
807 436083
696 436801
54 437001
373 437111
698 437194
614 437351
710 437912
85 438061
208 438101
676 438388
732 439056
294 439991
696 440515
711 441011
825 441868
251 442249
262 443629
107 444612
306 444676
311 444718
807 445382
372 446532
481 447733
838 448524
137 448549
452 448654
8 449089
552 449424
242 449513
405 449646
302 449834
466 451036
72 451465
732 452227
144 452621
695 453571
277 454158
863 454206
545 454257
803 455115
582 455263
768 455562
177 456353
25 456744
161 456790
14 456993
841 457234
654 458680
324 459119
560 460234
24 460892
626 461057
795 461557
741 462298
726 464270
57 464810
657 465065
97 465617
883 466768
655 467481
607 467720
872 468165
195 468559
498 469733
235 470809
825 471127
365 471207
260 471528
121 471587
57 471663
284 471930
477 472776
542 472901
140 473101
395 473408
4 473907
587 473960
688 474414
135 474768
308 474830
627 476234
371 477649
853 477815
763 477901
425 479245
116 479672
620 479827
254 480135
721 480404
467 481899
287 482736
846 482942
243 484261
144 484273
330 484703
350 484918
674 486103
65 486674
787 486983
310 487037
560 488365
177 489281
476 489406
629 489485
26 489521
333 489536
275 489723
297 490038
419 490696
417 492003
171 492031
57 492851
32 492895
215 493186
633 493517
854 494052
588 494102
566 494493
6 494616
848 494870
350 495840
500 496377
675 496516
345 497717
880 498771
515 498825
514 499396
715 500001
324 500207
744 500694
69 501105
530 502326
804 502613
845 502713
40 502748
746 503243
424 503498
862 504201
893 504805
437 505482
733 506549
136 506629
764 506976
635 508288
555 509627
730 509886
380 510594
432 510755
457 510761
59 510765
676 511469
553 511523
280 511814
887 512276
833 512973
469 513128
289 513983
29 514805
465 514936
442 515271
266 515339
598 515523
395 516291
598 517072
547 517220
763 517430
749 517888
276 518276
67 518318
583 518804
436 519640
573 520316
183 520387
80 520901
324 521169
61 521518
75 521617
347 523338
147 523885
436 524596
429 524771
111 524903
998 525004
563 525116
464 525181
359 526002
779 526669
141 526734
648 527635
1009 528044
360 529039
688 529205
576 530519
385 530789
932 531098
14 531377
153 531745
985 531925
965 532044
761 532443
457 533693
701 533933
919 534097
217 534457
825 534690
676 534895
617 535006
795 535748
214 536199
454 536694
762 537794
689 537861
538 538033
786 538285
51 538345
581 538424
145 538675
327 539499
521 540056
1019 543359
98 543574
456 543612
855 544577
796 546721
1016 546821
125 547570
449 549084
853 549150
701 550530
411 551830
908 551866
26 552490
47 553526
238 553626
901 554620
716 554869
483 555636
793 555641
440 555889
1001 556029
988 557141
388 557652
159 558028
138 558501
406 559003
545 559695
289 560048
252 560234
5 560250
106 561735
627 563308
975 563430
651 564392
593 564553
50 564934
750 566599
737 567707
145 568113
301 569461
313 570337
448 570914
721 571213
65 571840
81 571880
329 572265
238 572436
794 572622
102 573006
664 573341
381 573373
211 573375
916 573846
424 574273
602 575967
510 576044
58 576384
396 577078
110 577134
213 577235
746 577345
515 577805
904 578075
616 578773
445 578911
575 578978
628 579199
317 579732
1075 580787
958 580951
695 581474
168 582484
968 582621
750 582757
125 582938
204 583185
960 583241
430 583810
393 585727
137 586492
586 588715
1126 589100
470 589191
682 589347
838 589994
789 590021
748 590236
913 590689
364 590800
468 591062
975 592258
87 592687
314 592709
685 592804
422 593280
65 593551
1021 593857
448 594293
1103 594843
609 595569
936 595935
781 595962
1018 596022
113 596718
477 597220
379 597531
763 597919
973 598298
1048 598876
710 599747
146 600349
388 601664
475 601682
118 601843
250 603190
147 603412
673 603645
19 604062
318 604646
896 604748
325 604998
871 605227
296 605414
298 605454
1036 605745
60 605978
504 606502
336 606559
565 606930
837 607433
944 607504
1116 608536
230 611866
712 611930
195 613655
732 613792
1054 614051
914 614317
649 614957
896 615019
453 615836
588 616189
1167 616967
976 617109
124 617258
221 617307
1137 618104
89 619100
323 619108
1033 619162
613 619506
577 620251
670 620346
116 620348
677 620365
339 621093
937 621346
1132 621871
980 622467
1041 622704
201 623564
859 623788
301 623842
441 624307
421 624520
324 624535
793 625016
369 626985
1204 627009
635 627270
72 628427
332 628832
490 629233
708 629465
636 629821
284 631424
311 631695
769 633003
756 633758
784 633795
652 635086
631 636680
559 637215
428 637375
904 637458
1165 637827
163 637990
48 639814
952 639864
140 640025
359 641277
697 641480
682 641589
1087 644405
71 644443
898 645296
628 645893
879 645977
900 647131
233 647132
175 648460
516 649226
556 650189
76 650625
753 651153
2 651220
835 652151
750 653150
434 653222
1217 653258
265 653483
706 653685
651 654216
789 656226
401 656365
816 656461
28 656878
152 657513
809 657539
720 657583
1181 657888
1266 657934
499 658097
431 659261
45 659739
912 660550
349 660556
1213 660648
706 661134
747 661301
756 664407
142 664459
191 664799
113 665371
382 665372
174 666037
716 666481
893 666485
495 666996
96 667078
656 667733
901 667801
64 668780
952 669426
1271 670035
419 670079
122 670697
1241 670715
198 670826
539 672035
635 672373
483 672586
533 673014
456 673032
49 673353
58 673867
456 674245
608 674485
448 674544
879 675015
1214 675598
183 675710
1186 676122
383 677186
804 677319
254 677406
202 677620
736 677657
504 677747
974 678205
1048 678240
389 679423
617 679993
1238 681024
915 684056
1127 684470
791 684607
1016 685276
891 685279
185 685356
938 685818
772 686519
515 686707
1134 687115
902 687249
683 687590
724 687714
1206 687835
322 687910
670 687936
632 688287
1137 688429
1203 688927
866 688940
805 691062
271 691845
332 693047
1247 693182
577 693543
739 693761
1236 694202
232 695326
446 695411
1006 696519
847 697022
1258 697983
19 698562
868 698596
963 698796
1221 698979
703 699632
966 699671
549 700059
27 701100
790 701123
200 701861
1317 701987
1087 702131
431 702461
1327 702576
866 703130
1109 703241
1257 703244
349 703485
875 703753
1304 704267
344 704326
1285 704627
553 705551
1088 705858
1110 706003
1061 707333
827 708689
1216 708701
1308 709529
979 710240
371 711069
1097 712963
85 713178
596 713193
35 713327
218 714311
498 714471
915 714597
676 714686
967 714713
1025 714975
608 716071
448 716279
488 716421
1328 718469
396 719698
1090 719817
909 720994
552 721277
543 721754
542 721827
380 722280
109 722343
1138 722992
906 723123
1015 723428
45 723468
137 723533
1214 724425
716 724707
164 724866
1307 725441
804 726189
248 726498
47 726926
649 727459
937 727571
789 728211
815 728310
1317 729885
1084 730040
337 730088
298 730432
422 730909
1228 731176
587 732740
612 732873
926 732921
470 732979
1277 733122
346 733308
362 733611
1028 733726
449 733759
912 735187
174 735781
550 736324
1061 736497
893 737596
788 737614
989 737859
611 738012
1236 738355
1140 738688
1174 738807
424 739242
719 740047
103 740467
560 741878
1215 741941
689 742388
676 743001
554 743231
6 743264
900 744221
1052 744377
1323 744485
890 744561
917 745124
1026 745136
592 745184
1334 745508
678 745715
190 745926
88 745928
773 746233
293 746651
367 746834
281 747712
191 748060
1060 748079
1065 748762
1130 748894
233 749076
506 750319
378 750506
1126 750518
981 751386
1453 751409
937 751718
490 751748
157 753018
639 753089
695 753555
1004 754598
1205 755678
186 756255
818 756989
458 757040
141 757208
1121 758152
300 758510
304 759218
1012 759698
1461 760715
1343 760747
654 760826
775 761238
1438 761978
608 763250
1370 763323
1249 765096
1367 765497
1336 765513
936 766051
1403 766800
240 767045
63 767431
262 767912
1153 768400
482 769053
52 769600
121 770094
1006 771257
699 772940
218 773220
158 774030
431 774252
868 774263
1089 774501
1227 774663
291 774665
219 774705
1007 774991
1019 775069
16 775677
63 776438
653 776602
529 776978
860 778831
105 779424
229 779645
155 782026
1209 782298
1038 782593
1464 782667
335 782740
1308 784520
56 785304
1332 785321
489 785361
372 785519
1486 785672
173 786659
304 787118
494 787596
1244 788231
550 788241
64 788467
866 788865
1490 789361
965 789409
114 790882
1446 790963
384 791771
1162 791827
960 792136
724 794183
994 794206
1436 794883
547 795566
336 796195
1076 796341
943 796412
677 796709
967 797439
751 797462
1037 798683
1530 798975
1038 800642
1531 800813
181 803436
1319 803692
790 803892
68 803960
237 804085
108 804233
1329 804249
358 805754
1146 805890
673 809396
723 809453
1377 809960
1522 811153
1538 811963
1305 812130
1517 813108
1248 813337
174 814199
720 815063
1330 816268
900 816848
475 817721
275 818746
86 818903
510 819632
96 819741
668 821046
1056 821128
553 822232
1467 822801
1388 822968
24 823006
14 823462
1066 823791
63 824865
593 826423
1326 826534
192 827790
325 828001
810 828336
11 830063
578 831625
1418 832000
543 832288
993 834083
576 834117
1613 834495
644 834930
366 835368
452 836036
1414 836313
329 836445
1172 837549
1280 838532
1397 838707
283 838757
1137 839575
819 840334
27 840734
998 841979
639 842914
1545 844658
1089 845279
639 845308
24 845466
921 845775
125 845786
1443 846104
466 846384
1009 848489
1024 848596
111 848660
1323 850123
1609 850253
27 850905
1398 850934
311 851211
475 851965
990 852662
922 853351
885 854518
99 854931
993 855514
510 856271
1556 856356
1286 856920
1137 857265
557 857731
1629 858598
288 859033
838 859339
843 859714
1253 859840
549 859934
1626 860238
1318 861195
1076 861266
1447 861483
194 862527
162 862559
959 863767
332 863774
784 863849
1553 863988
1117 864011
60 864751
1545 865055
527 865083
826 865270
629 865614
776 865665
23 865892
858 865991
446 866247
618 866852
724 867094
1516 867658
64 868019
449 869111
1390 869150
801 870087
658 870097
219 871898
703 872027
390 872059
303 872278
1596 872539
106 873964
1587 873990
1446 874273
51 874511
549 875420
1352 877554
884 878572
187 878841
1705 880195
77 880247
796 880483
1224 880870
970 882828
251 882895
348 883365
1376 883552
1515 883657
1489 886616
443 887117
841 887795
1437 889400
388 889593
274 889739
73 890641
551 891296
55 891990
127 892945
1316 893440
392 893631
1477 894445
1318 894452
1688 894993
156 895100
1619 895246
1089 895426
1335 896316
1083 897293
1211 897517
1678 899659
701 900142
905 900538
424 902210
1 903075
566 903346
1474 903533
1192 904244
1233 905974
735 906002
562 906093
1513 906383
1551 907047
1099 907520
1228 908768
818 908822
315 908947
598 909056
1483 909068
1490 909613
418 909734
209 909872
1021 910308
1465 910658
672 910697
767 911118
46 911968
111 912301
1719 912905
1064 913611
1310 914007
1500 914013
1471 914917
989 915589
879 916035
443 916154
289 916871
346 917191
986 917276
651 917547
1596 917857
796 917957
1376 920198
20 921054
593 922632
1375 922657
1475 922662
1605 922931
1037 923749
34 924936
1215 925789
1366 926833
217 927862
1206 928260
848 928676
197 928746
542 929670
478 930200
378 930529
1351 930540
1141 930624
488 930866
68 932198
1332 932979
1160 933335
1354 933360
239 933724
1570 934307
1191 935301
1086 935333
901 935988
547 936043
602 939021
1795 939415
54 939728
332 939816
120 940288
1481 940675
956 940820
1116 940913
1790 941110
43 941798
1456 941854
286 942184
1518 943040
1494 943474
478 943595
1795 944431
1275 945807
620 945815
1758 945923
717 946388
1235 946526
319 946687
399 947356
878 947434
1529 947451
738 948375
1380 949367
1429 949764
1820 950511
912 950544
607 951407
1118 951995
1787 952213
272 952488
286 952634
923 953441
92 954281
578 954355
899 954491
1584 954551
382 954623
291 954648
1099 955133
1285 956459
759 956806
521 956871
1034 956920
590 957092
1813 958166
165 958453
1429 958825
45 960320
1091 960345
548 960749
446 960884
762 960976
1819 961921
142 961933
575 962076
1636 963352
375 964395
912 964689
491 965674
1289 965930
444 966244
1094 966289
908 967169
1113 968008
1676 969034
425 969345
1565 969794
385 970309
1213 970349
1567 970697
450 971692
659 972135
1231 974153
583 974158
990 975488
1531 975775
325 976354
362 976465
853 976599
524 976771
1186 976926
883 978405
81 978735
13 978819
303 978894
1847 979706
713 979835
612 981182
1074 981877
989 983196
1367 983266
1789 983335
662 983480
490 983784
331 984018
1094 985933
556 986215
448 988066
1293 988210
736 988399
1182 988685
1383 989284
445 990220
786 991092
727 991095
922 991105
1107 991211
197 991461
122 992398
155 993163
1001 993254
390 994952
125 995819
552 995869
265 995996
290 996289
148 997833
1329 997988
736 998252
1449 998698
1105 999294
295 999819
1917
157 507
1588 856
1280 1319
548 2425
907 3019
3 3251
497 4610
158 4638
1190 4733
1505 5113
109 6039
120 6121
1169 6379
630 6753
1495 6978
1658 7316
75 7767
186 8572
1630 9047
246 9170
1113 9289
1582 9964
592 11734
721 11839
138 11987
32 15206
1698 15308
741 15380
276 15437
1652 15682
1638 16139
1385 16342
1668 17367
1919 18774
530 19302
685 19324
1832 20339
493 21071
1323 22839
505 23073
1844 24160
663 24407
1219 24443
646 24689
1482 25144
830 26625
1589 26896
1609 29758
1885 30036
1546 30095
1174 30462
1494 30724
1513 31607
402 31706
1236 31814
325 32319
1542 32340
1466 33406
1149 33562
182 34405
938 34550
1118 35095
1502 36417
1163 37089
453 37102
179 37122
1931 37242
568 37681
1250 38567
1730 38663
528 39304
1936 40713
1329 41375
1146 42407
1014 43210
1595 44028
81 45620
208 45625
1899 46356
818 46499
2 46631
618 46657
650 46799
1327 47333
1645 47535
1182 47565
982 48082
1216 48424
1396 49518
519 49598
1562 49785
576 50096
1438 50171
526 55149
639 55519
896 55644
420 55658
322 57888
613 58126
543 58303
274 58428
1685 59101
524 61978
108 62158
1665 62182
1707 62395
304 63503
234 63815
1531 64161
597 64277
1052 64716
1405 66508
1109 66727
105 66773
1578 66876
1102 66911
282 67341
1030 67902
1388 68561
1644 68579
1173 69392
18 69616
1243 69769
451 69937
396 70290
1414 70359
1399 70547
1227 70742
538 72053
383 73708
939 74289
1285 75277
100 76575
1557 76878
961 76981
92 78197
1694 78542
969 78799
417 79888
121 80368
644 80722
997 81329
1404 83447
535 83580
1310 83612
862 83678
582 83802
1879 83804
577 84776
72 86423
1220 86434
1869 86530
1154 86992
1423 87068
635 87183
1876 88351
1670 89105
155 89183
1738 89627
464 90371
829 92248
1204 93484
923 94969
1834 95867
1572 97095
633 97677
335 97937
1573 98875
1400 99615
1136 99675
1460 100022
1435 100933
1108 101490
794 102908
1028 104561
798 106894
1240 107094
410 107298
1345 107898
789 108070
686 108111
372 108228
1393 108553
270 108660
201 110456
1358 111116
996 111361
936 111614
369 112445
194 115195
1583 116462
122 116695
809 117186
769 117623
1772 117681
332 117744
328 117914
1041 118154
691 118286
1390 118346
1503 120033
680 120110
1130 122177
955 122244
775 122504
315 122854
1269 123233
1671 123447
609 123544
853 126908
1553 127607
1684 127728
361 127737
358 128848
374 129117
1428 129286
175 129887
882 130227
307 130325
1191 130999
1488 131689
806 132577
1775 132581
317 132668
736 132896
1603 133259
1780 133470
810 134250
423 134363
142 134479
350 134889
1908 134953
1387 135109
620 135885
508 136371
289 137331
1319 137461
1803 137966
1677 139681
1782 140566
217 140572
1431 140869
1597 141037
441 141076
1728 141500
558 141565
190 142180
287 142264
1635 142961
556 143077
1770 143356
1206 143509
827 144014
52 144630
1132 144724
1056 145767
1120 148049
35 148129
1616 148299
362 148841
1061 149140
490 150476
787 150678
1760 150928
1469 151329
1384 151939
1121 152447
778 152525
604 153329
985 153636
699 153761
5 154078
1177 155824
1200 156113
1159 156300
1339 156370
1580 156381
673 156558
1784 156795
1721 156896
1212 157009
1048 157520
351 158209
1066 158417
1411 158585
1795 158985
947 160146
376 161300
271 161658
4 161779
1544 161931
1247 162969
813 164836
1226 166322
983 167864
774 168646
1501 168745
305 169044
1497 169574
381 169750
868 170931
90 171271
1872 172102
1765 173012
1819 173068
442 173096
749 173668
1070 175505
1887 175954
285 176052
1467 176784
1934 176843
253 177362
318 177941
479 178671
160 179036
1662 179317
1432 179455
765 181099
521 181162
1193 181581
988 182306
1032 182758
13 183905
1092 184101
1866 184379
42 184716
149 184793
567 185368
1359 189526
1516 189744
373 189956
777 190144
1862 190886
536 191083
1674 192344
922 193304
1131 193442
593 194065
1650 194388
1100 194777
678 195613
1394 195833
395 196774
273 197057
575 198301
1085 198632
1689 198770
291 199713
209 202348
1722 203348
557 203797
1600 204219
348 204439
345 204558
463 205408
590 207072
1251 207385
1475 209406
872 209735
1255 209823
472 209871
826 210072
866 210381
1555 210396
173 210991
1021 211067
1594 211542
696 212909
846 213052
156 213438
1861 213525
1166 214036
1267 214995
1586 215145
584 216621
731 216984
170 217321
478 217738
1813 219245
964 219821
1715 220112
892 220314
600 220650
1141 221318
456 221392
653 221906
1914 222185
1864 222211
494 223031
388 223724
1311 223824
1712 224563
527 224648
1114 224822
759 225206
869 225458
553 225743
240 225868
839 226246
1723 226423
1778 226454
694 226495
843 227035
277 229131
1391 230028
1350 230613
1010 230895
1266 231551
213 231829
1332 232153
1361 232648
1115 232680
1905 232968
522 234044
1176 234468
1558 234777
1105 234824
509 234842
257 235235
540 235544
113 235563
1366 236102
1042 236664
432 236952
870 237690
598 238660
1637 238785
326 239472
1881 239472
144 239486
1933 240255
340 240391
1906 240582
1493 240713
1360 241434
1686 241848
1473 241966
1846 242664
537 243002
1608 243302
1355 243613
615 243837
477 244513
1842 246887
69 247000
953 247606
1521 248201
74 248300
1382 248969
1796 249063
1615 249308
542 249767
1520 249839
195 249920
1051 250323
279 250412
790 250736
1605 250986
1664 251037
54 251145
1703 252083
95 252376
658 252493
1877 254035
1 254409
837 254764
1303 255619
1437 255771
1618 255983
1901 256999
1896 257023
1629 257219
1579 257469
386 258021
1244 258177
147 258547
1628 258565
1666 259897
1189 260034
187 260899
1047 261175
551 261314
79 261790
525 263151
1783 263220
1461 265116
1451 265480
359 265769
1295 266517
123 266603
221 267281
1001 267812
364 267970
656 269347
1194 269892
647 270279
1601 270675
890 270731
1831 270876
1859 271218
259 271593
1540 272969
612 273079
23 273242
886 274467
864 275312
1612 275955
1756 276508
875 276837
1034 276873
1568 277190
1696 278586
1892 278884
1743 279087
492 279249
708 279837
320 279930
588 280328
734 280958
1916 281593
207 282477
1592 282518
1119 282990
59 283155
605 284659
554 285260
203 285566
1699 286237
506 286754
1708 287114
1789 287509
1814 288721
654 289193
129 289576
1221 290036
265 290115
1378 290272
747 290364
1485 291431
740 292198
891 292747
1246 292976
309 293913
898 294068
993 295088
1203 295236
1750 295297
847 295320
22 295445
1640 295542
1293 295629
804 295744
1785 295796
944 295868
357 296104
1794 296716
198 297264
1139 297526
393 299144
877 299448
8 300314
1377 301113
178 301929
754 302229
93 302664
1631 303237
1672 303244
116 303256
617 303973
347 303984
128 304550
581 304680
623 304787
1691 304894
1732 305222
549 305389
44 306272
933 307099
932 307136
1459 307238
1328 307801
788 308699
1913 309376
966 309520
603 310288
1737 310634
1829 311818
1569 312239
1419 312300
50 312386
1625 312776
1055 313196
701 314238
474 314464
16 314596
1484 314817
411 315007
814 315059
1317 316119
1421 316417
1727 317004
1524 317028
723 317217
1291 318468
491 318826
628 319267
308 319433
180 319452
1894 319768
1632 319778
1027 322613
268 322691
884 322865
1826 323037
20 323462
1551 324153
1450 324518
1863 324904
1183 325042
264 325371
1222 325718
152 325831
722 326249
481 326945
398 327662
766 328660
990 328821
236 329068
131 329490
430 330009
1379 330105
1792 330617
903 331684
1232 332177
70 333264
905 334070
1418 335085
436 337082
1634 338299
1526 340647
83 343234
659 343570
1838 344816
48 344958
943 345176
800 345484
1059 345540
1687 345649
616 345779
1769 346133
65 346151
409 346757
1364 346917
727 347570
1094 347928
483 348518
1663 349106
728 349162
1168 349716
248 350855
124 351209
412 351901
848 352057
1697 352634
1152 353356
1821 354119
1532 354561
675 354967
545 355010
516 356554
742 356902
1929 356926
1845 358956
1642 359617
1507 359672
1682 360992
624 361336
448 361361
1072 361402
1342 361530
1084 362103
1515 362300
912 362410
602 362510
1624 362876
1395 363031
1748 363400
1071 363461
205 364273
927 364413
1764 364420
671 364495
1224 365111
1888 365458
1009 365949
1023 365968
825 366920
1850 367132
1536 367179
735 367341
1058 367592
585 367670
1530 368016
1229 368275
1746 368295
1127 368656
377 368931
165 369005
1087 369718
1374 369957
1570 370266
1313 370620
1381 370791
1903 371143
1823 371171
1151 371837
1320 372573
1425 373648
681 373933
247 374440
397 375071
1392 375265
1368 375668
1145 376085
1534 376915
17 376943
310 377052
1611 377977
1912 378310
1349 378787
1322 379912
1053 379981
573 379983
854 379994
963 380473
191 380770
1690 380996
153 381372
1726 382292
1412 382890
1389 383637
91 384030
1228 385107
365 385113
360 385242
1369 385255
1341 385447
627 386819
1559 387321
1571 387964
1453 388898
1286 390256
1828 390623
547 390705
921 391752
1457 392338
906 392649
621 393580
220 394171
7 394385
1284 395470
1855 395725
66 396076
1263 396630
725 396944
1714 397938
1773 398105
1186 398335
712 398363
1812 398793
781 403357
782 403743
879 404403
700 404787
1111 405359
367 406138
945 406190
1272 407494
82 407847
1804 408066
871 408122
1150 409989
1622 410830
1075 411045
57 411892
572 412566
638 413308
1890 413495
1753 413773
544 414101
510 414128
897 414264
339 415114
1306 415681
496 416562
619 418119
1401 419018
587 419707
1171 420408
1256 421223
103 421331
1800 421354
471 422168
1017 422370
1081 422665
1481 423083
1178 423768
338 424263
855 424950
1252 425253
356 425944
1709 427486
662 428300
1734 428890
1754 428950
1768 429173
1915 429697
1882 430487
1004 431095
181 432078
1331 432295
1296 432372
1253 432396
660 432451
1096 432606
1847 432774
118 434051
392 435381
977 437198
1181 437552
288 438053
971 438280
125 438311
636 438821
323 438901
968 439625
770 441274
889 441629
1288 442256
1097 442499
1282 442996
1210 444285
429 444922
1000 445014
1817 445889
1617 445929
1242 446074
1565 446454
148 446533
901 446622
1158 446646
928 446767
333 446828
1676 447032
1566 447603
219 447759
1575 447885
915 448038
1807 448755
1523 449085
1217 450604
946 451331
958 451467
183 452364
1506 452865
608 452948
427 453791
714 454088
973 454226
1337 455379
482 455529
1185 455822
887 455847
1351 456405
1348 457454
894 457545
649 457722
1208 457965
1289 458109
780 458271
1003 458674
1335 459022
15 459208
1314 459230
1856 459260
692 459314
1019 459588
49 460036
439 462562
1858 464537
210 464651
838 465066
1276 465212
1552 465627
1623 465855
1486 467097
1407 467126
1470 467171
1375 468844
1613 469090
1326 469127
1270 469903
937 471009
30 472006
1704 472164
859 472384
261 472425
974 473056
1786 474559
962 474806
1445 475141
1037 477821
1134 478457
972 478772
476 478980
688 480568
596 481379
1446 482280
1213 482466
1907 482633
1854 484129
1008 484834
380 485338
34 485844
1215 485999
698 486174
89 486803
1797 487493
1504 487696
215 488022
655 489080
992 490263
924 490531
1543 491026
1465 491151
61 491167
1924 491682
55 491890
1233 492133
926 492179
1788 492597
384 492662
951 492681
895 493146
29 493320
1621 494193
433 494272
1547 494873
197 497134
1012 497898
883 498693
785 498768
705 499227
1292 499638
1474 499759
28 500253
1910 500266
1561 500375
994 500593
1447 501483
133 501837
1702 502274
130 502814
981 503490
37 503681
171 504491
578 504707
341 505581
324 505729
62 506250
272 506521
1693 506678
1636 506824
1069 506966
112 507215
1155 508327
1661 508906
467 510269
1184 510283
26 510795
815 511709
1904 512302
1180 513046
745 513954
507 515100
137 515683
1117 515693
746 517142
820 517278
53 517481
1199 518144
1179 520352
161 522001
1739 522063
445 522211
687 522354
1099 523538
31 524248
1448 524409
1046 524839
874 525171
850 526033
1409 527127
876 527495
475 527809
1259 528257
1818 528350
550 529304
1587 529460
637 531018
1921 531587
808 531848
1315 532278
1510 532977
1681 533062
232 533518
283 534527
1161 536284
1880 536547
1156 536631
1706 536761
851 536973
760 537055
752 538266
632 538710
1124 539450
489 539697
363 539744
1610 540332
1116 540334
849 540888
863 541040
162 541497
791 544629
683 545854
1422 546507
1241 546663
1376 546781
255 547570
1683 547599
86 547844
1483 548345
199 549297
1895 549536
1883 550273
1062 550385
571 550522
1528 551858
306 552151
1346 553450
488 553714
1198 554172
1836 554890
238 555448
1809 555466
1620 555833
399 556037
1372 557056
375 557551
515 557636
151 557793
230 557994
200 558071
1875 558075
1162 558308
1140 558425
403 558892
440 559037
1063 559253
293 559636
640 560087
1449 561237
706 561241
295 561642
834 562888
771 562937
1209 563301
1112 563773
1101 563811
504 564956
1606 565694
744 566253
58 566592
523 568030
665 568074
715 568754
1920 569509
503 570230
1205 570491
394 570750
763 571525
920 572159
856 574503
514 574608
1735 574863
835 575280
40 575429
407 575880
918 576116
1347 576304
1125 576511
437 577058
239 577144
1843 577501
1441 578463
1430 578710
1265 579020
416 579058
1874 579352
343 579749
743 579780
192 579806
1839 581595
1596 582207
1415 582417
1060 582625
85 583161
762 583236
462 583438
1192 583982
959 584144
1527 585815
1196 586490
294 586544
1827 586794
111 587007
33 587355
908 587813
415 588901
1777 589139
1731 589442
1429 589848
1891 590071
389 590758
717 591285
1898 591650
1153 592137
1225 592455
1692 592914
1211 593579
330 593759
1498 593963
1679 594930
1757 595020
1909 595071
140 595124
6 595397
672 596054
1538 596577
1471 596713
821 596718
1088 596865
1643 597955
1133 598143
51 598615
1673 600307
1089 600654
1043 601607
1860 601949
1235 602413
1083 602674
1455 603500
795 603707
1045 603939
321 605219
25 605390
805 605646
1245 607953
726 608005
1607 608226
1175 608262
334 608391
1165 609019
226 609119
336 609242
601 609957
114 611132
250 611274
1413 611813
1305 611898
56 612599
561 612642
648 612880
1172 612998
690 614354
366 614449
1160 614985
756 615134
1627 616181
957 616214
1733 616878
352 617569
949 618607
1427 618726
1254 619237
913 619438
710 619667
941 619767
1745 619772
166 619824
426 620285
296 621212
1397 621331
168 621404
495 621621
1344 621802
313 622478
1035 622519
1574 622719
900 622888
1669 623448
159 623475
880 623483
104 623598
1729 623812
865 623855
925 625232
454 625720
1365 625731
1343 625739
1011 626872
1651 626994
458 627372
450 628374
1074 628898
643 629465
1402 630112
145 630219
1680 630250
697 630438
1742 630693
353 630714
1545 630982
1277 631778
297 631975
1646 632050
419 632063
71 632766
319 633098
902 633510
344 633705
1641 634015
1024 634159
126 634203
1805 634699
784 635178
888 635375
473 636070
1107 637097
1923 637721
189 639574
1452 640540
1711 641557
817 641622
1718 642318
802 642410
262 642587
1362 643462
235 644673
511 644677
484 647968
940 649253
102 649674
1309 651345
468 652359
414 652788
1095 653166
184 653793
934 653906
1420 653991
260 655723
586 655993
1808 656055
1026 656252
1491 657029
98 657056
1759 657536
1678 657602
873 658110
1841 658131
311 658532
930 658895
470 659217
841 659294
193 659814
1016 660109
1218 660670
792 660857
60 660903
1022 661062
278 661647
371 661726
80 662373
299 662933
1886 663056
965 663406
275 663584
1164 663641
1825 663785
1758 663821
595 664162
564 664710
43 665197
682 666034
76 668316
1223 669047
1656 669776
1802 669792
342 669980
1442 670451
485 670982
1736 671391
1336 676063
1793 677699
779 678304
418 678880
1935 679096
1925 679344
1633 679850
534 680212
657 680961
532 681190
625 681211
1104 681390
842 681815
78 682367
942 683478
185 684170
228 684644
204 684650
1129 685148
1752 685789
776 686478
1002 686670
1519 687333
1654 687531
1593 688046
177 688224
1873 688991
695 690471
141 692826
867 694110
1321 694703
676 695342
952 695774
533 696274
1548 696371
206 697195
529 698092
986 698154
517 698681
1798 699151
1324 699213
1667 701248
73 701692
1626 701962
38 702328
1049 702420
1436 702634
355 702703
163 703059
651 704504
693 704528
823 704838
1333 706072
1370 706407
626 707704
1535 709727
222 709974
1763 710462
1512 710694
1330 710894
36 712475
720 714444
929 714490
1005 715946
1492 717456
1352 717822
329 718274
1639 718751
1508 719483
852 719640
512 720142
19 720749
1239 722237
1791 722817
1249 723091
14 723221
1840 723573
562 724071
1082 725071
233 725183
967 727310
772 727410
845 727415
730 728257
580 728977
1509 729459
1830 730315
1231 730350
1338 730451
368 730759
1649 732620
1238 732700
1170 733552
684 733935
956 734288
796 735188
1675 735527
1039 735647
1383 735941
1926 735942
629 736043
269 736589
1301 736630
1143 737287
1036 737388
390 738056
1849 738392
1353 740072
755 740559
1380 742121
431 742781
1038 742978
1468 743366
400 743481
227 743515
910 744103
1567 745335
738 746233
831 747216
1444 747255
266 747303
751 747391
214 747794
1297 748556
1416 748579
449 748840
1443 749401
1057 749450
1835 749797
172 750261
579 751177
1334 751180
995 752197
786 752783
1357 753177
1103 756269
709 756420
1426 756867
447 756980
486 757267
500 757454
139 759248
119 759276
1816 759277
713 760131
1307 761496
452 761627
301 762408
622 764073
1478 764297
1560 764319
331 764859
707 766412
1755 766510
202 766874
1298 766892
1822 766958
904 767097
455 767140
1868 767158
1138 767876
67 767986
1700 768128
223 768167
1554 769973
552 771945
243 772403
1273 772497
39 772577
976 774561
252 774575
1262 774678
711 774723
954 775166
68 775577
1020 776768
1356 777152
218 777302
1373 777321
1137 777476
446 777878
909 778033
1576 778481
1281 778984
559 779509
1147 779598
1123 780058
1585 780735
1135 781119
196 781159
753 781850
1897 782174
1340 782617
327 783012
302 783183
1201 783183
689 784010
631 784858
267 785991
1911 787508
518 787748
607 788217
24 789325
290 789693
1500 790379
563 790557
487 790892
9 790915
231 790940
1716 791488
1878 791604
136 791709
719 792692
1410 792969
1776 793380
132 793680
1308 794581
1511 795123
224 796235
1655 796728
1462 797569
767 798902
560 799179
733 799558
589 800093
337 801012
1318 802685
1518 802805
1007 803430
1299 803820
1884 803991
1464 805024
443 805125
1806 805148
611 805615
421 805809
1195 806163
1539 806344
989 806452
513 806809
378 807117
379 807185
404 807290
724 807366
1237 807438
1918 808452
469 808743
134 809275
739 810221
858 810813
401 810887
948 811146
860 811292
531 811401
164 812054
245 812298
1564 812333
1499 814107
1851 814408
652 814686
1144 814999
10 815144
1064 816412
1761 816933
1584 816944
1902 817354
466 817724
1148 817880
783 818208
1079 818253
154 818306
819 818474
1522 820101
642 820383
12 820689
1006 820834
143 821643
316 822334
1720 822609
300 823109
1852 824075
408 825202
1207 825277
1930 825470
893 826016
1599 826077
312 826107
1476 826742
94 827064
1110 827176
793 827880
1867 827983
1091 829517
1541 830587
980 831058
1406 831990
1917 832240
1922 832377
824 832419
807 832420
1188 834284
461 834753
606 835030
661 835065
97 835102
566 835122
1710 835519
64 835735
405 837856
1525 837978
1187 838317
385 838427
27 838466
281 838629
1316 839413
1480 839636
591 839762
758 839823
1456 840185
1556 841075
499 841990
1928 842066
1106 842206
438 842328
748 843372
1122 843427
1741 843962
1463 844088
101 844208
169 844650
46 845644
1705 846129
1234 847879
704 849473
978 850316
1771 850453
1302 850934
406 852159
1533 852654
1433 853362
242 853545
1590 854176
1744 854251
292 854899
110 855202
861 855826
21 856595
1126 856836
391 857418
254 859386
1248 859467
1078 860225
244 860616
465 861630
1619 861851
1581 862054
1261 862366
298 862805
773 863487
911 863759
1837 864045
833 864569
702 865123
422 865955
1747 865973
45 866532
878 866672
1496 866914
999 867096
1801 867171
1073 868254
816 869206
718 869219
117 870489
634 870952
1695 871367
1810 872698
1093 875081
1865 875197
1050 877827
1591 877937
1287 877980
501 878809
645 879921
107 880652
960 881604
667 881924
917 882215
251 882956
425 883637
1688 883851
99 884493
881 885225
1386 886825
1514 886924
975 886925
1271 889663
979 890143
610 890315
1517 890427
669 890734
1766 890755
840 890930
1197 891446
801 891696
1044 891718
761 892052
241 892596
286 893433
1300 895306
1604 895718
1458 896555
188 896698
256 897067
1749 897681
546 898950
63 899026
1659 900141
1408 900191
480 900500
435 901082
1142 902276
1725 902290
574 902617
1927 904563
1713 905310
349 905588
828 905850
1472 906769
539 907643
1893 908177
146 908396
836 909008
1025 910156
1779 911111
935 911245
1398 912585
1657 912672
1537 912794
1577 912810
984 912823
1304 913204
1202 913320
1018 913721
1086 914960
885 915717
1647 915765
750 916219
88 916336
987 916766
732 917158
991 917655
413 918330
216 919807
1283 921115
844 921146
1440 922283
737 923303
1648 923346
1257 923512
520 923967
822 925072
1762 926004
565 926212
387 926413
457 926547
1487 926606
314 926774
729 926930
47 927583
11 928096
970 929370
1529 930105
41 930742
1367 931684
1717 931999
679 934040
1870 934050
303 934510
1167 934922
77 935273
914 935697
1065 936881
1701 936882
1258 938277
1614 939198
541 939445
1900 939768
354 940299
998 941164
1128 942359
424 942819
225 944519
96 944999
1294 945767
1279 946599
167 947284
1932 947629
1889 948383
1417 948877
229 949228
1080 950013
668 950189
614 951441
799 951517
1354 951557
599 952098
757 952884
1076 953063
1015 954147
1602 955359
211 956094
1067 957585
1790 957775
666 957959
1230 958331
1479 958674
916 961112
1439 961630
1477 962010
812 962157
1312 962540
1740 962646
931 962692
459 963251
703 963579
716 963820
1214 965320
498 965427
284 965855
1833 966282
382 966319
150 967535
1719 967617
346 967922
1751 967981
84 968255
1434 968638
1724 968958
1853 969161
1098 969513
1013 970322
1563 971207
674 971210
212 971557
1549 971701
641 972096
1799 972528
428 973393
444 973828
1363 973939
127 974073
263 974588
1424 975028
1040 976184
594 976538
106 976645
1871 976666
1774 976785
1033 976940
1550 977830
1054 977896
677 978010
1077 978518
460 978834
1660 979056
1090 979175
434 979729
115 980358
764 980545
237 981453
899 982952
1781 984457
768 984998
135 985053
1325 985648
370 985720
1278 985949
1767 987048
258 987225
1820 987535
950 987808
919 988067
803 988896
1290 989206
583 989345
1848 989607
1274 990238
1260 990456
176 990784
1653 991270
1031 992093
1815 993601
502 993826
670 994172
1029 994629
811 994650
1275 994838
1371 996194
1787 997414
664 998779
1157 998980
174 999398
1454 999754
