1978
1 199061
1 840990
1 95882
1 521802
1 40382
3 695432
3 495863
5 448393
2 877713
2 92719
2 920774
5 320886
4 482592
4 767819
5 374675
2 234865
4 510069
4 839460
4 868223
3 615639
3 247797
4 40309
2 379787
3 724129
2 45331
3 807051
2 523197
2 16853
3 509728
5 320038
5 912302
3 705345
5 508054
2 72839
4 443779
5 853421
5 979492
3 656327
3 644016
5 885372
4 953867
2 822720
5 530410
5 912196
5 932222
4 879828
5 957697
2 303458
5 328014
3 98055
4 739727
4 131935
3 955437
4 709324
2 997972
4 244078
5 135770
2 58254
3 41829
5 911424
2 98969
2 778783
2 550190
2 247551
4 215551
5 116671
3 535136
2 541569
4 979086
4 144807
2 255635
3 745114
3 773169
3 944119
5 43449
2 434425
2 460891
2 851326
5 38239
4 647940
3 165137
3 785782
2 106080
3 37604
3 130730
5 355929
4 435141
5 244841
4 664151
2 628978
4 747561
3 239153
3 766092
3 533494
2 300981
4 81204
5 779712
3 829063
5 852015
4 696623
4 667410
5 849534
4 925868
5 490226
2 6051
5 51318
2 406658
4 886541
2 422193
2 785928
4 696862
2 637262
5 592000
5 947528
3 340260
3 336811
2 406135
4 715878
4 747428
4 471301
3 844795
3 783838
5 896408
2 112257
2 32303
4 231844
5 677432
5 739317
5 923898
5 93259
4 114270
3 409657
3 227567
3 568758
4 425236
4 333853
2 504361
2 798789
2 946556
5 263420
4 884979
5 677130
3 170218
2 869466
3 825280
4 690957
2 841
3 247866
4 6263
4 666344
4 137732
5 104050
4 497201
5 145410
3 514133
3 343768
2 267111
3 327939
5 920252
4 965381
3 812390
3 868713
4 433958
4 719972
3 677256
5 635593
3 300610
3 925258
3 856602
3 379968
3 226706
3 22655
5 970124
5 978091
2 236422
3 877362
2 398539
2 904179
4 443646
5 814404
5 296432
5 180972
5 137802
2 993524
3 135954
5 753366
3 354828
2 300674
5 645360
4 566084
3 9969
4 127005
3 596656
4 171451
5 49418
4 849383
2 88129
5 173182
3 408673
3 575968
4 799525
4 834720
4 364603
2 490920
4 772165
5 635504
2 108276
4 569302
4 216934
2 212758
5 101012
2 492094
5 801378
5 399454
3 973201
3 787711
2 987529
4 427208
5 717069
3 843837
4 740591
4 460634
2 632895
3 637558
4 521626
3 10764
4 55983
3 865731
4 66474
3 792625
4 208445
3 952830
3 358667
2 812022
4 73899
4 74488
3 137509
3 652553
2 770234
4 206335
2 23269
5 692856
2 592666
3 771456
4 256298
2 713203
5 617305
5 688856
3 346637
4 657495
2 334543
4 906024
4 956576
4 680153
2 897965
2 509748
4 985778
3 866924
5 712728
5 515143
4 486746
3 965835
4 755991
5 944547
3 765260
5 553228
2 129551
3 99575
3 405026
3 840778
2 904171
3 726077
3 310243
4 290391
4 258998
5 738772
3 505271
5 180909
4 753828
4 392752
5 142013
2 421248
5 488615
4 291437
2 817868
2 9720
2 397998
3 533805
4 146703
5 311976
5 507840
3 968264
3 765201
3 689448
4 876207
4 371502
4 82850
5 91603
3 226226
3 558910
3 547611
5 708397
5 753857
3 449178
5 352380
5 551205
3 294144
3 829679
4 672692
3 935651
3 270760
3 746152
5 15961
5 944827
4 946564
2 258147
2 745708
5 31933
4 589398
5 64694
2 618112
2 941340
3 442913
4 369475
2 225380
2 958132
3 305107
3 140098
3 835494
3 239768
2 940336
3 552577
4 225228
4 274593
2 987789
2 561289
2 247876
2 310507
3 336348
4 367415
2 857105
5 483180
4 636947
3 853906
2 422894
3 609161
2 387525
2 312909
2 291505
4 139115
2 558995
5 980113
3 423177
5 912637
4 198701
2 77442
2 19833
2 169158
3 436893
5 187698
2 652750
5 300253
2 560998
3 795262
3 237203
2 455513
5 298237
4 44505
2 345170
3 23447
4 277371
4 174880
3 415987
4 785184
2 464094
4 794455
3 406338
2 768670
4 506386
5 477114
3 3177
2 160877
2 713577
2 176435
5 68048
4 653659
2 841612
2 834130
2 908346
4 913179
5 426639
4 585466
3 418485
3 360205
5 370700
4 479601
2 482477
2 408375
5 28181
2 737701
3 27166
3 630293
3 108004
4 241649
5 954549
3 879971
3 978094
4 679215
5 513420
4 448863
3 219563
4 489422
2 171098
2 862283
3 242323
2 598314
5 18184
4 631876
3 755756
3 500691
2 492186
2 353919
4 725727
2 238397
5 118243
4 883965
2 898
3 719677
5 240177
2 292344
2 626813
4 75508
2 997623
3 850945
3 999389
5 59178
4 675307
5 152534
3 681573
4 461392
5 282343
5 317687
2 27833
3 189185
3 101522
3 144284
3 801626
2 607379
4 101927
3 877797
2 807108
2 804798
4 137344
3 130334
4 855726
2 691030
5 182143
3 128346
3 206329
4 115521
4 364126
5 646692
5 303774
4 168690
4 651046
3 716564
5 591060
2 255797
5 42833
2 37103
3 439857
3 323041
4 128883
2 52206
3 652892
4 603144
5 400267
5 327053
4 689920
3 254069
3 769728
3 478851
4 373605
4 638042
3 588748
2 615294
2 115964
5 908761
4 617206
5 523161
3 203501
2 145676
5 985187
4 307442
3 58577
4 79929
5 788669
2 993859
3 198829
5 156012
5 765072
5 487665
2 59288
4 884830
2 568534
2 933337
4 675144
2 718757
3 425779
4 215755
3 585029
2 651784
4 353586
5 675782
4 483493
4 108358
2 741530
3 762418
4 25785
2 683977
2 249464
4 927751
3 620727
5 457574
5 245387
3 926076
3 96357
2 670041
2 970732
3 27665
2 831198
3 747161
2 807274
3 56392
3 329115
4 945678
3 984323
3 876405
3 866932
5 903390
2 249465
5 889036
3 838302
5 512165
4 499378
2 246954
5 795180
5 177339
2 524232
3 153367
5 163949
4 543979
3 723580
4 457585
3 315020
4 156779
3 508894
5 730368
3 658485
3 287067
4 436663
3 861555
2 464923
4 93074
2 735191
5 768833
5 564840
4 740578
2 677837
3 998705
3 728280
5 90551
3 459799
4 644280
4 334937
5 339742
4 369420
5 730022
3 716125
3 702881
4 91812
4 215946
4 936910
5 8324
4 95189
5 995290
4 817957
4 108441
4 251994
5 719039
5 812009
5 893440
2 86374
3 615538
3 452928
5 27167
5 202476
3 599445
4 814946
2 639013
5 183759
5 425700
4 230160
4 817295
2 321569
2 148261
5 929166
3 132591
4 840391
3 87695
2 79127
2 441820
3 100367
2 993007
2 713073
5 929973
3 356392
5 790657
4 185440
4 61346
5 316773
3 368751
2 664218
2 702741
3 151871
2 396509
3 544633
3 643875
3 762102
3 134942
3 107511
5 482691
4 313622
3 8751
3 208129
2 177045
3 7843
4 237123
4 114661
4 9951
3 828222
2 98018
4 370389
4 491692
4 498139
3 634166
5 725221
2 130915
5 771989
2 224548
2 722474
5 672728
3 321066
4 331359
3 255894
3 385911
2 132970
2 925430
4 694398
3 156675
2 982639
5 364543
4 719050
3 331733
2 346110
3 499621
5 17453
5 731063
2 516670
2 206744
5 429392
4 270809
5 933807
3 387561
2 248125
2 325940
5 781103
3 924922
2 905848
5 227811
4 743647
5 60166
3 957282
5 27249
3 853203
3 575690
3 999337
4 487689
3 39776
5 489383
4 710217
5 422731
3 318050
2 351204
5 333693
5 411776
4 949568
4 955942
2 730002
5 91197
4 548164
4 711743
4 573877
3 419377
4 57633
3 39233
5 990517
2 605755
4 861830
3 88408
4 189293
4 987901
4 302851
5 556374
5 568061
5 280548
5 618650
3 565778
2 347872
3 682377
3 743913
4 411237
5 615063
3 80625
2 633984
2 958293
2 265950
5 417226
5 484864
4 532843
4 23310
2 726992
3 222452
5 896351
4 98084
2 200542
4 739785
3 90336
2 910358
5 802363
2 860849
3 191720
5 881929
5 438035
2 656124
4 658861
3 562398
5 742600
2 374402
3 992564
5 528477
4 366832
4 638363
4 451341
5 551761
4 94282
5 280913
5 599539
4 354361
5 129052
4 101099
3 963857
5 525256
2 684685
5 987733
5 624460
4 544021
4 465707
2 934562
2 250910
2 828138
5 948333
3 286456
4 197933
3 978642
3 258742
3 784403
4 572529
3 753187
3 753681
4 744513
4 617401
5 468494
4 271121
5 934238
3 384293
3 360731
4 38181
5 329900
4 566349
4 490561
3 914520
5 254265
4 441880
5 58275
3 750585
3 812098
2 451606
4 458652
5 571111
4 849715
5 479347
3 836377
5 514775
3 639353
2 426610
3 687146
2 819316
5 517562
5 302770
2 391681
2 378840
3 20646
3 463177
3 635040
4 317999
5 312150
4 294307
2 83812
4 914618
4 49253
2 431628
5 661419
3 437138
4 178556
2 180691
2 968661
4 816700
5 279718
2 275593
5 493013
5 623430
4 43712
4 387777
5 440625
5 979020
3 598022
4 150281
2 378628
4 721140
3 829922
4 507454
2 662638
5 620975
5 104460
4 720865
3 681862
4 266294
4 925664
2 983466
2 241905
4 418853
2 224666
2 675135
4 141679
3 957771
3 300564
4 956416
2 302666
2 639013
2 196827
5 81614
3 67879
2 483821
5 933880
3 195092
4 697976
4 181998
4 258997
5 335946
2 793828
3 745134
5 189784
3 498816
2 660092
5 389745
3 862956
5 139636
3 718958
5 887171
2 129924
5 424159
5 611448
3 353520
5 968954
5 262940
2 291306
4 944166
2 835329
4 866618
5 242784
3 166330
5 553064
5 372856
4 414200
2 214963
4 496307
5 67237
4 965589
5 739851
5 596390
4 248156
3 983483
4 344731
5 251818
4 464134
5 885329
4 48585
4 882049
2 597335
3 702386
3 837365
5 16376
3 692104
2 3760
3 236861
5 805667
2 375490
3 247406
3 155802
4 177279
2 593342
4 680548
3 562868
3 433608
2 587882
5 441134
4 816137
4 552075
3 664034
3 283179
3 284141
4 218233
5 824398
4 116366
3 103425
4 632355
2 844346
3 620279
5 233199
3 555677
2 49590
2 503307
5 214983
2 547787
3 58820
3 127790
3 733902
4 183995
5 956971
5 274751
4 950051
3 715026
5 822234
4 743049
2 725409
3 923867
4 104036
3 17924
5 148845
3 234243
4 376140
2 39015
2 378947
3 647364
4 90686
3 655761
2 530558
2 676191
4 440984
4 454817
5 519762
5 673568
5 376024
5 587006
4 657216
2 977482
2 422358
4 940391
3 219917
5 405170
5 228622
2 484565
2 37326
4 391434
4 298477
3 138989
5 290897
5 177392
3 642408
5 939897
5 7423
4 614712
3 245687
3 302620
4 543969
4 611142
3 763983
5 746912
3 6394
4 480398
2 491657
5 529659
4 376067
4 491804
5 390806
4 798750
3 950047
2 366504
5 426780
2 137857
3 746029
5 751805
2 92065
3 767528
3 700447
3 209511
4 97138
2 262540
2 40591
4 125953
2 817259
5 983709
5 685668
3 727062
4 391965
4 840874
3 731687
2 104066
3 189381
5 404619
2 138578
4 905747
5 624742
5 825771
4 93836
2 727304
3 573548
4 502116
2 544968
2 694570
4 322670
3 498749
2 431008
5 153686
2 734504
3 831475
2 591083
2 258156
3 694974
3 529401
3 124708
3 881619
5 625111
2 214252
2 269152
3 131891
3 913594
3 45217
3 15521
5 486512
2 851861
4 366799
5 304084
3 899320
4 439464
3 402717
2 816148
4 698510
2 436781
4 468994
3 572930
2 528033
4 121484
4 791572
5 147727
4 597685
5 419096
2 362802
4 432119
3 96425
3 45345
5 555303
2 710079
2 670580
5 215470
5 671634
4 99486
3 384325
2 399658
4 825187
2 824399
3 615473
4 215721
5 145629
4 364829
3 634317
4 845953
3 163952
4 894898
2 765358
5 595892
4 487163
5 327984
5 338977
4 572615
5 695734
3 948101
5 316958
2 383273
3 857013
3 461017
3 40552
3 681253
2 645467
4 144805
2 386769
3 783665
5 333830
5 348687
3 24666
5 572705
5 707169
2 606097
5 948504
2 798906
5 32385
4 379442
3 494273
5 599325
2 510867
2 649023
4 277559
2 818309
2 107962
2 165194
4 121210
5 172004
5 399949
5 70168
4 105752
2 745319
4 642402
3 711992
3 684722
5 293591
4 695453
3 17590
3 935500
3 757928
5 751268
5 873853
3 848977
2 145419
2 30202
5 506352
4 711047
3 581981
4 122553
4 282804
5 827712
3 963186
3 838690
5 675494
4 154877
2 72020
2 229449
3 6291
3 422819
4 240964
4 939462
5 762739
4 201381
3 89168
2 806415
4 438147
5 665198
5 559546
3 666533
5 331061
4 491954
5 143384
2 945412
5 415029
3 801742
5 248334
3 934679
5 762495
5 108650
4 917377
4 952700
4 840847
4 219656
3 876795
4 163493
2 975620
5 543797
5 662888
4 786675
2 423814
4 943362
5 614507
3 105022
2 576261
2 654133
4 459564
4 987576
3 846726
3 771634
3 837658
4 566014
2 232666
4 599443
5 598499
2 218321
4 207703
3 870433
5 829239
2 216871
5 991851
5 800872
4 861864
5 403700
3 619986
2 792371
4 100606
2 170020
4 228453
4 768725
3 396237
5 916437
2 574095
3 572670
3 133808
5 873055
5 436481
2 31038
2 833026
5 81282
3 881612
3 270800
5 434925
5 85672
2 81987
5 593867
5 59857
3 182345
3 80591
3 337875
2 411207
2 550769
4 923394
4 613700
4 141529
5 326532
5 447256
4 452191
3 746679
3 168512
2 834203
4 259641
5 376996
3 935005
5 514535
5 235473
2 222695
3 227135
5 90888
2 13517
2 939837
5 752402
4 265964
5 868721
5 599084
4 350627
5 579993
5 66968
3 171793
4 209708
2 294057
2 307681
2 982267
5 898279
3 888709
3 322484
5 886518
2 268472
2 360675
4 61795
2 910929
4 783553
4 905835
3 594204
5 45448
4 450802
4 844337
3 436023
4 958337
2 714691
4 572161
4 940998
5 247362
3 196508
5 31865
2 881607
2 579418
5 669876
3 702058
4 967738
2 77848
5 848668
5 40796
2 85114
2 275067
4 322734
5 706676
3 945657
2 886349
5 315973
5 246516
3 746439
2 151653
4 703249
4 421726
5 750591
5 949098
2 802622
3 730014
5 612480
2 644676
4 668927
4 20511
5 970102
4 750360
4 714175
2 194127
2 983735
5 752720
3 400310
3 839628
3 583373
4 769630
3 317962
2 684757
4 645867
3 363733
2 527774
4 819716
5 527103
4 354982
2 674473
2 195473
5 697729
3 928429
3 272595
2 5119
4 75591
3 508746
2 869284
5 209319
3 470458
5 582921
4 421967
2 257355
2 646728
5 255633
5 574547
5 989210
2 58728
4 644515
4 683880
2 910603
4 649180
4 460466
4 200538
5 438635
5 660740
3 791000
2 66819
5 103194
2 788286
5 470998
3 663165
2 333778
5 880935
2 143981
5 238853
2 328943
4 331053
3 463720
5 99685
2 583706
5 2647
3 824738
5 409822
3 2962
5 75831
4 81279
5 127234
4 297683
2 898774
3 987104
5 199600
4 909447
2 14629
5 633753
3 917030
4 30892
3 705657
2 164126
3 307703
5 748631
2 955414
2 28890
2 880132
3 736474
5 966753
4 173490
4 135863
5 122652
2 842173
3 30214
4 234836
2 956747
2 591122
3 688576
3 527970
2 460056
4 415338
3 299741
5 625378
5 773643
5 952863
2 881855
2 308996
4 698922
5 72320
3 722399
2 895737
5 313459
2 299240
2 848621
5 737219
5 424930
5 965090
4 553433
3 649289
2 172596
5 481009
5 509870
3 198105
3 785841
4 853576
2 368399
5 807008
5 342351
4 374185
4 121747
3 940058
5 842339
2 137050
5 465580
5 408600
5 230906
4 713538
4 382284
4 172990
2 739951
4 675031
2 962136
3 707722
2 600472
4 610969
3 91333
4 105269
5 278128
5 418903
5 27280
2 674361
5 716755
3 322711
4 554335
5 891081
4 312405
3 905113
3 112947
2 68034
4 502778
4 886872
3 981795
5 163783
3 681824
2 649323
3 502596
2 187864
3 975730
2 734150
5 752671
2 705287
2 239053
2 917637
5 60040
4 757815
2 780788
5 697675
5 88525
3 288137
3 471775
3 586879
4 183695
4 913415
2 807923
5 73730
2 659789
2 43346
3 301050
4 13757
5 452951
3 470809
5 765567
4 39546
4 194142
3 742748
2 484581
5 507649
5 244313
2 5580
4 482241
3 23331
3 853341
2 717634
5 868969
4 900979
4 118175
3 494473
4 590106
4 577474
5 505066
3 669858
5 496146
4 382962
2 414847
2 117244
2 424528
5 333424
2 821088
2 47473
2 612612
2 386440
4 63692
4 505342
2 688125
5 20514
5 872627
3 901363
2 959659
2 407941
5 378009
4 243241
3 580358
5 230231
5 624542
5 252830
3 524230
2 404825
4 181225
4 804122
5 460762
5 638495
3 718478
3 309619
2 666460
2 109256
5 720526
2 61833
4 942857
2 469181
5 956216
3 449518
4 295373
3 577427
3 76871
4 887816
5 650823
4 373501
2 292782
5 405283
5 383992
4 256208
5 332518
5 262591
3 52332
2 781259
4 265975
5 119103
4 471244
4 398092
3 280169
4 327480
3 827665
3 543719
4 143490
5 485657
4 766583
5 932660
3 882754
2 742078
3 218693
3 373493
5 136968
3 245489
5 389330
2 813662
4 890570
3 129008
3 394600
3 91038
3 917312
4 65366
4 220938
3 463687
5 901847
3 790798
3 576443
4 804499
2 725411
2 706030
3 488276
3 619368
3 349971
5 919052
5 394103
5 561847
5 230411
2 636401
3 524524
5 622910
4 215990
3 390558
2 35036
2 917948
4 878738
2 155823
5 443952
4 283297
5 253144
5 301548
4 257731
2 191935
2 616578
2 984055
4 73944
5 544823
4 929380
5 259428
2 30358
4 190841
3 476715
2 925159
3 868492
3 845014
2 698099
4 957621
4 1976
5 962677
5 523293
4 771978
2 142536
5 497495
2 985709
2 290915
2 794481
5 812757
4 730377
2 272609
3 684685
4 245927
4 950376
4 551040
3 74743
5 570716
5 181890
5 553331
4 266216
3 271976
3 486264
3 276269
5 966766
3 749167
5 822464
5 907890
4 852491
4 193533
4 738596
3 428617
2 871931
2 421816
3 324281
2 905410
5 930241
5 689989
5 716337
3 57337
5 379290
3 781509
5 214268
5 975706
2 706131
3 705094
2 364268
3 327062
2 768761
4 874432
2 277827
2 381263
3 344319
5 36958
4 266953
4 279471
4 194492
2 195871
5 837277
4 693152
5 2293
3 278571
2 962457
3 365198
4 56208
2 695523
5 585157
3 460888
5 876751
2 86115
5 369412
2 722014
3 250450
5 455632
3 105486
4 66898
4 712793
3 745594
5 891121
5 996380
3 965410
5 538606
2 880783
4 815254
2 710301
3 401907
4 193591
4 882816
3 500455
2 632615
5 273175
2 171125
5 22046
3 978
5 457171
5 305683
4 118173
3 692129
2 993667
4 445268
2 13977
4 887812
3 631875
3 46892
5 491313
2 726904
2 155146
4 130573
3 643448
4 181954
3 102686
5 796221
4 632207
2 440205
5 536568
2 280230
2 604400
4 816935
5 428493
2 298393
3 11662
4 102182
4 417523
4 561491
3 662662
3 772393
5 97747
3 238582
5 5276
4 751568
4 984265
3 523580
2 859272
2 516872
5 944172
4 567248
4 137419
2 440005
3 680533
5 237808
4 416785
2 14072
3 35473
4 566527
2 595902
4 56672
3 749670
3 233173
3 66219
2 134918
3 879904
2 468945
3 62748
2 244650
2 135358
2 979768
5 384491
2 80457
5 872223
2 328274
2 385134
5 928198
3 449315
2 938340
3 744485
5 335415
4 402636
4 576415
3 278418
5 105471
5 703833
5 557291
4 908646
4 771195
2 711225
5 544063
4 757762
3 525359
2 878378
3 102736
2 334632
5 335938
3 118674
3 787754
2 209961
4 653245
4 378561
3 260251
2 188523
4 512633
4 155868
3 327380
5 869352
2 83878
3 919915
5 337773
2 27722
3 46007
4 767728
2 558253
4 214151
2 407566
3 905272
4 954363
2 52208
4 533943
4 848850
5 293959
5 318666
2 443426
2 372946
3 562405
5 852624
2 474611
3 391948
3 842203
3 717168
2 608163
5 731234
3 838208
4 107482
4 185713
4 995549
5 466297
2 114615
4 157030
2 711120
4 827850
5 104732
3 285381
2 234712
3 73132
3 198512
2 261266
4 207249
4 241076
4 138509
3 573837
5 218227
4 137113
5 884370
3 293573
4 250069
5 916379
5 643845
4 795290
2 43805
2 787114
2 469660
2 696788
4 274835
4 255256
5 188315
2 786319
5 86544
5 217771
3 236270
4 84655
4 524178
3 797759
5 925438
4 267712
2 965840
2 521275
2 158411
3 473384
3 945407
5 476899
4 71305
2 575022
2 682185
2 223917
2 721535
2 935877
4 44445
4 4732
5 62701
4 837394
4 785809
2 689980
4 844283
3 56624
3 531535
3 85363
3 1140
4 527284
3 235564
4 101654
3 419736
2 141388
3 230634
5 333571
3 795445
5 22620
2 781485
5 38418
2 796207
3 892898
5 627038
3 772278
5 870746
2 248801
5 568589
5 227633
2 430405
3 405487
2 805086
5 43599
5 789185
5 942534
4 470205
5 299155
4 427596
3 232394
2 305706
1914
1528 998714
261 628507
362 907831
1178 526909
329 425274
1253 757340
364 376241
239 473935
1143 900974
1001 182869
459 520426
285 487301
186 506598
1165 969668
442 988498
126 998919
1788 731020
685 126239
1464 132662
475 253606
1810 458272
1554 41090
378 901938
836 396505
1344 333794
1568 239211
801 281561
636 358354
1725 522677
1105 773042
1805 109231
760 2830
800 772615
309 134080
1513 333080
787 703251
136 907687
1959 369627
97 758733
616 799872
603 528084
1697 905684
195 150761
1219 766060
1259 846988
1470 814626
1117 134318
390 858689
434 891254
1776 819253
990 860255
1322 743180
1615 968007
1078 611597
644 364902
1328 662592
1164 933537
210 123979
1210 507705
999 586667
1060 814432
1430 127256
718 878763
257 494009
180 963942
640 341732
1495 956617
963 541264
716 645826
1402 75217
145 589416
1256 981879
46 974673
611 80465
1752 712365
1678 26753
211 208593
1686 376623
674 849392
1236 473892
1208 715497
957 759441
1733 942682
1074 634024
1081 461697
591 700202
1809 465187
1791 499655
1781 889144
1890 454646
250 573029
259 570877
695 260175
247 122100
1327 39054
1496 365101
1974 497885
182 508220
1525 870087
1183 914572
1441 130513
106 690907
135 286831
1304 460116
1506 725454
453 742766
887 49454
1206 751747
406 114149
21 163450
720 255313
1465 998530
286 536714
1169 810446
12 176361
447 774992
972 151081
747 787413
1955 383281
340 280470
273 30615
1202 77497
1028 225414
1741 944946
1111 864340
1871 505731
1551 977883
1669 305813
1257 615769
1108 991933
45 878200
1163 647297
1431 665090
1051 825750
1199 124885
1348 970718
208 889778
1370 32051
753 908850
915 906548
980 383040
1886 712393
667 964062
1799 332184
384 992414
799 667206
1338 43339
476 590830
129 787587
1818 361597
1734 515007
56 489162
1640 792535
204 255947
1939 828114
730 544002
1612 97764
845 232494
1157 777345
826 912462
1490 268132
1720 843227
371 486994
1509 630557
907 76498
1422 687932
1588 884330
113 186616
729 367953
795 895032
1853 818241
375 961652
1645 1600
862 455178
1975 657259
1891 464068
802 136827
653 58041
1475 419317
617 190771
1187 695879
731 879937
240 715662
1049 608323
689 817393
1793 79967
1569 191567
138 943273
1583 191141
1352 6213
1069 7266
1634 181272
662 52633
772 93577
133 776882
1025 352427
609 261571
1190 243241
1532 291673
481 905234
1913 539387
1313 815904
381 400033
1614 947773
1711 912317
595 392034
1861 873895
290 969497
540 790368
924 374488
1407 112764
991 599710
1948 172397
840 521397
157 941458
767 482593
740 103269
1334 567330
1792 128260
1010 632446
307 440324
1878 865731
470 562088
1091 603369
673 710414
14 987258
1931 997078
1260 869466
582 758250
115 813229
1892 954157
1484 807110
1619 58818
1924 194104
788 883734
1453 892899
121 908374
605 526169
706 881871
743 991401
1052 104095
1498 700832
1182 749586
1739 5872
330 656151
224 541455
1824 553817
587 199747
233 236048
1829 112926
921 862593
1574 135993
697 937150
650 77146
1104 704465
828 592675
54 58306
410 998868
1555 93216
1547 39439
1757 202907
1404 240857
552 929865
446 703297
988 880324
1667 470754
124 281967
1594 596334
458 184858
449 281525
735 188938
1670 490954
1046 21392
746 988678
668 266666
497 408889
971 56799
483 352949
1527 305202
1147 653484
359 928289
1968 315102
754 654143
1101 269813
883 597289
1798 883556
35 745236
1543 452499
905 561795
639 777333
25 185438
1691 51683
1558 793977
880 994521
669 956457
1540 788570
1483 829476
630 174886
1808 595844
1015 915904
824 918351
1288 127235
426 242441
1520 982850
713 228513
888 128591
1023 512906
1153 17079
1969 431856
1565 637590
16 274343
39 983406
1827 696687
295 975908
1156 337558
1637 570401
769 426518
1426 596437
1300 597762
1027 226189
213 134464
546 913910
1671 545018
1303 521252
759 52321
683 3108
262 750379
74 827933
1267 698212
171 3314
1395 283729
1093 405298
1914 205340
780 467909
1502 315894
1896 398133
1084 65117
809 394219
164 889417
485 61409
443 326231
1900 382448
1262 892127
964 912485
30 245882
203 749968
1638 30247
1094 489715
461 816576
66 32240
248 209220
1436 307814
861 625015
218 546425
190 822776
619 239830
282 798843
1639 437469
1919 96307
1277 421468
1767 608595
715 310736
258 746144
621 21180
1363 393671
433 310069
1578 678441
934 518292
1662 202574
1002 496652
379 381968
71 198520
926 5244
1503 911353
1772 635919
1144 626149
1858 659523
1965 270743
812 270382
1707 758649
291 99691
1141 660599
1207 610008
567 690977
572 333709
1589 950993
1089 157283
505 827400
702 759763
1387 278310
1511 954877
1042 814497
84 423584
1047 610119
998 1387
1888 168383
736 813375
1935 712249
1553 580478
532 158952
1461 352270
1713 740173
1764 71686
142 318636
1828 60032
424 317264
884 347636
529 161692
1337 146275
1704 891031
929 60823
1832 720837
886 861492
347 391261
36 301679
553 553599
1394 375367
1905 622877
335 833893
1779 851850
302 789615
1083 601225
671 344254
606 957025
889 45823
388 67388
1195 521343
457 401190
1523 804280
933 49797
280 328369
1171 562584
1970 273435
1034 917954
967 319661
1386 875574
327 468403
1448 31865
1851 307526
1391 259046
657 218338
391 621484
1660 678665
1844 972811
1909 484105
575 843766
1803 177943
1582 688661
1474 844191
1239 969593
403 552315
626 299527
1700 43499
1216 123233
520 159423
750 448385
1630 190917
1148 289965
494 184005
1759 990143
367 689790
18 731988
857 589107
1255 966688
170 273873
766 409566
1636 666814
1815 922181
1428 327472
661 246663
1145 659407
1159 21205
1494 372304
343 304605
1439 257526
342 646327
1079 435305
672 601486
1033 659758
1621 775429
1664 237695
1960 489670
1362 101712
986 888736
452 667614
393 790844
1806 909872
1953 22731
1876 95581
429 145508
1287 708123
1571 505872
1360 484434
1489 871915
776 616163
312 309543
466 47395
579 511307
1874 823518
1429 241955
1951 293197
301 789943
1596 206509
318 993802
1460 951573
737 250583
1631 591388
1121 899126
923 852284
1329 179493
643 101327
1883 61825
76 410310
1454 168396
148 591944
1926 303846
140 777910
1761 947412
1795 269844
1030 446281
363 378769
1629 140629
197 404019
1189 596655
712 910959
13 866027
192 983254
1167 166832
1457 365499
125 232054
937 922132
1053 138741
68 146011
1954 382752
1077 51443
1440 656364
241 753078
1972 623351
1479 959832
838 229514
1294 209023
1841 609644
815 107286
271 402878
479 161449
1364 525437
1941 854555
1684 530733
1302 235241
373 653417
868 785573
1695 889607
542 413748
249 477561
127 569570
1326 331515
524 21691
877 656277
793 181106
597 37231
1709 632387
1301 987032
60 795700
1869 995992
1175 955847
427 635933
1045 10123
279 903415
666 174166
751 68192
63 33441
558 819386
1928 77541
1305 109890
1825 152908
604 426378
82 781006
803 26559
1254 595805
1603 51523
1735 46821
690 240157
398 871607
771 565896
181 976742
1912 887389
1281 990525
825 368667
1258 428469
822 615093
744 845639
73 298910
627 985632
908 144257
816 985817
1026 290333
1559 525473
859 700221
435 581138
1225 631358
1903 450484
577 536577
253 321747
1401 289599
1586 143665
114 498480
1383 29930
1458 671104
647 767577
872 398086
865 495430
65 973963
1264 184165
1840 61288
1895 791332
265 887532
50 334769
1573 971552
1080 553919
304 656072
1039 733909
473 333534
1915 321106
1632 775764
1591 615241
535 503231
325 295913
1699 65764
1780 377287
1036 465958
810 248986
645 234044
1706 221932
1813 217765
1116 676994
1524 940030
1356 796723
1819 14288
1435 924629
518 327980
1550 243118
1628 562332
1617 177860
151 796899
326 68021
1289 382475
266 201815
1379 617949
1021 890268
1232 828921
1125 418113
1286 43411
1701 670135
563 372810
890 994486
517 972406
995 89147
1485 850471
480 134510
297 686538
768 357616
794 916750
1587 922892
396 313568
896 588560
454 752225
1201 537319
228 826381
1647 846377
1541 323124
1179 276461
1531 754295
528 488633
1493 980163
781 475953
1031 37325
231 762339
1058 321741
448 126292
436 600980
909 92760
741 37310
1847 426669
1359 183256
622 296491
1784 976903
1406 970079
1110 648271
1801 720267
576 129393
1674 160861
1174 353372
1122 584708
589 692503
234 649387
738 947290
842 502684
111 82177
1934 412856
1753 737240
1865 847260
914 686353
408 229832
1019 987137
242 726810
1129 281771
153 997342
130 14706
1218 667413
1333 771721
87 702207
83 500854
1834 63773
1897 589030
1358 285555
707 418816
482 345769
1420 797577
982 449526
69 996772
1747 675017
1098 597246
1323 709486
421 151706
283 479456
1009 124293
1181 935605
1654 93412
1142 230682
1419 820964
478 547588
1932 567896
1173 37626
1473 575563
833 893812
184 861632
1061 585748
566 822022
103 7108
500 402343
970 102286
554 532038
538 285382
42 472045
173 751709
1908 2119
1347 898936
547 754792
24 608140
762 340317
1240 163019
1242 661698
583 852012
1957 615160
1872 235691
75 684311
790 222440
322 854955
928 355500
973 736671
1774 296347
438 648995
1044 46651
1062 93025
1742 973829
1317 769651
1263 886312
387 97199
638 487948
1038 584818
244 250703
368 776383
1533 783636
722 772325
1266 410228
681 662564
866 487760
116 930975
581 233969
81 91243
869 609953
831 216108
300 499403
1330 873662
1812 520563
1392 721166
1770 686913
86 28310
508 251759
1746 184759
419 126663
284 191382
1177 974554
49 592778
1687 266615
496 344853
352 459633
841 36204
275 551036
495 174216
610 187942
1866 339163
959 744845
1427 761751
1398 446704
93 271325
1692 264571
848 226313
1859 723410
1339 752316
72 921335
873 844651
289 951614
1653 713977
123 370896
428 208948
1936 11506
141 646822
632 337356
950 536220
599 647524
724 347140
1381 121302
1357 766223
17 361189
331 6778
843 253014
830 892649
1249 882819
370 375495
1830 734779
601 418071
691 844867
305 825139
792 376452
1268 503683
172 801718
1421 176991
61 895949
1134 462818
1557 280071
67 850801
32 552396
425 492425
1940 934197
1885 846167
813 114971
1070 738775
212 412226
441 207562
1539 493694
1224 218221
337 997449
1910 420359
324 559052
850 145823
557 429447
1685 174099
1275 99111
407 494967
1013 150497
7 810534
1437 887519
338 866260
1067 516090
117 249077
166 820674
1235 62975
1976 741027
221 655724
1870 35094
1595 918201
1944 305644
108 974658
726 347687
854 534775
817 756631
1100 294729
232 402413
187 940479
1561 702223
642 124235
646 674403
1432 300962
922 315740
1056 319844
855 619908
864 937629
464 753276
490 578023
1279 886491
1635 768583
1308 378063
600 456396
1385 27213
545 778531
996 105590
336 806110
693 423255
1124 679529
70 170633
1625 10942
755 670686
1661 253787
629 691498
414 216294
1916 634005
1376 312533
1486 239870
1346 685200
1658 752581
1012 306322
377 922290
256 231878
1285 907038
41 417798
1449 640556
1765 680581
1311 260794
1766 863114
215 766198
1698 929641
402 979532
596 813788
1611 396104
931 31980
110 449529
28 744221
134 784135
1778 878661
346 519063
1918 275767
570 516198
1797 109609
95 939335
98 714966
78 718178
904 2182
1964 98000
1345 219458
1648 297208
1409 13439
598 743970
1283 241553
472 689082
699 464964
1854 794451
1011 715926
34 278240
1864 551709
1782 861038
348 823013
1807 393221
1488 659413
981 872155
1361 388393
47 180616
849 719648
92 217984
1856 793611
867 884717
361 108338
1945 265281
1367 66798
1623 275285
912 376540
1894 881941
316 462330
511 329930
1248 468891
1649 117072
1748 573894
168 672252
487 806582
625 946434
128 809968
561 26377
120 314068
1521 706935
1719 903270
949 967373
306 441890
1564 926195
147 169245
692 528785
1412 33732
1505 550226
276 8612
786 36973
513 681383
1318 392664
1875 850455
1444 102027
1665 706801
1677 752425
1090 244630
1598 387436
1705 179862
264 380030
183 370831
1927 688644
409 394662
1613 451987
189 634137
969 251041
1203 271462
1198 211362
1754 876872
526 8777
1312 399841
355 308066
945 642034
88 330348
1515 887542
1106 895007
200 967665
659 537784
1599 756482
1446 431882
837 255100
1507 105688
510 148727
288 822340
1690 531902
1790 804479
1907 810169
1956 194682
1898 163873
940 373309
294 167135
1771 283821
217 612449
1794 336014
655 114117
260 414281
574 590708
1003 981742
58 190281
1820 900918
785 242858
281 743672
1624 520082
1162 35512
59 913865
1241 592450
245 989285
832 823453
323 37611
6 88797
1838 74743
663 705095
185 933866
1762 366029
1477 689027
1843 41157
1556 342516
1306 737778
764 621311
1133 31405
1848 38975
1958 930645
1137 774179
1471 166201
353 15154
1211 845061
1332 292679
236 745151
1833 710078
1977 993717
1113 244959
1703 673454
1086 141534
334 410861
1107 205950
1050 214763
467 300287
935 111593
1901 348914
1714 761558
556 922549
763 310962
1324 995493
1068 795619
1575 917599
1882 176413
432 837756
1354 523205
216 628971
573 90924
559 548278
109 106252
775 658859
488 563928
1802 749051
548 955697
658 333578
159 483141
1467 306073
1823 131118
1750 649354
811 489741
1518 37391
1005 875189
1131 207619
1584 501741
251 268839
1929 123714
1860 390429
985 435327
1282 12533
1930 681261
537 420004
308 973691
376 30916
708 5019
1103 518049
1682 621427
143 728517
773 561492
55 16001
1651 130761
696 437968
1933 972965
1710 486002
966 164217
1220 888003
1846 796415
1040 749910
502 2735
1519 398082
1538 520773
1418 916624
1341 502033
365 437002
177 9909
916 309084
139 773246
858 96465
560 520288
439 317172
875 384404
1351 277620
1668 684586
1161 585767
1546 338162
1545 97469
1296 715228
1314 455444
152 263030
519 186110
919 869510
1942 677425
498 463464
230 626447
1230 525899
1522 765236
1140 304726
758 580568
1694 835636
1831 922882
299 654311
385 622420
834 56325
320 427080
568 434716
608 412259
1835 535763
1601 9890
1243 251310
871 188813
569 779053
955 831054
1151 497200
1880 180181
633 150398
354 833133
1510 75461
1022 569377
263 26718
1949 162918
191 427402
829 450975
158 607237
550 529654
688 956205
1681 209486
1310 943744
1504 976921
1715 236494
155 380532
551 426305
728 665500
1109 635520
1066 909308
91 274203
807 359449
1228 604484
1663 412472
131 341100
1740 51003
958 29684
1899 681115
1099 534001
678 472253
1214 623762
1127 692911
1291 83213
533 568356
174 856783
1501 491847
1119 409311
798 624017
938 674541
1530 20329
274 205694
1867 197529
939 350185
1947 414596
313 215361
521 790208
1590 850249
1172 315007
1007 873340
968 842309
1923 992069
437 339827
1284 745130
670 31505
1115 637015
1335 51661
229 378195
1884 265779
684 384134
1340 185939
1185 141826
1321 274206
863 752806
102 514173
344 533257
1696 993197
8 297685
1293 906484
602 612587
961 401327
33 553517
522 517035
1760 540006
1349 808814
1744 997576
1274 162311
580 809581
586 967220
349 894667
1424 587856
1567 676220
531 163992
953 196119
1508 14289
1375 318878
1118 603549
1769 48575
1967 743933
1730 506814
734 114319
405 773011
1537 93957
892 571950
235 42560
1331 583323
878 414646
649 480442
37 517747
1544 691922
1372 430387
1 596729
1455 946104
1688 679748
1743 888510
827 440471
501 334616
1577 306951
20 199916
100 108071
1278 452788
1659 662613
395 573244
783 188443
319 651139
1906 623822
358 896198
1366 489448
686 281797
1212 87288
52 869376
1396 255197
1377 649335
1096 555841
2 923816
664 35290
493 142532
1609 336674
1604 892052
357 111355
835 636700
1452 786246
296 103701
676 164452
515 536346
1800 964881
951 664301
920 395588
1657 574297
941 112857
1325 971469
1382 959164
1017 348895
1037 710798
1008 57135
400 446871
1826 947486
1072 586141
1666 623891
287 409173
119 337632
1693 615011
592 742547
1787 620457
255 286857
1618 172657
380 631230
315 108557
1811 96642
1655 132210
411 476218
1938 496635
1877 640189
1602 347993
1087 746272
64 997063
1786 774386
10 747033
1388 335006
19 820914
1265 129413
1273 871165
539 425441
417 516324
272 797801
462 267252
1622 327930
1581 714659
719 280698
293 69072
90 966474
821 806986
341 704949
757 376923
1570 521315
486 833778
555 680006
269 791368
1413 305749
29 882773
4 5679
85 666178
860 191399
1862 812093
1057 605531
1399 795059
749 587563
267 228222
223 654995
1500 180387
1783 676706
80 455190
1315 854768
252 567597
292 433034
1463 157603
1217 225697
122 129891
477 462172
1737 464860
1075 316805
739 416144
721 808323
1855 356828
456 269119
1149 726523
1064 464663
1408 374254
1459 571056
107 461267
146 245792
1237 768437
1209 25885
593 856464
105 774574
1415 883350
770 9731
366 605687
1014 262435
176 89399
1160 535869
160 412505
1442 564921
745 721683
1472 814657
701 940860
162 110452
588 488979
1796 903565
628 884343
1978 869810
1390 17259
1592 244327
1184 34
1973 53781
227 874594
1417 923189
1732 973591
1476 707208
1319 716624
899 15627
1904 269473
1626 821053
178 205208
983 14165
1204 693989
1679 123542
154 524099
987 629065
911 891431
303 52646
1102 315822
1320 992777
5 834219
870 994047
1200 872942
1736 859220
1534 762400
1451 315800
1755 435815
423 227235
1863 852250
165 232736
1438 728484
913 895074
507 631831
1194 169314
1542 165285
1708 603174
1552 196600
677 306417
1817 901933
40 842386
1154 944024
1845 173500
460 490091
214 225123
1213 649197
1245 343694
665 264658
1316 927427
893 839690
1299 813908
679 288512
394 4682
194 80669
1076 196547
149 4155
1842 70580
897 644233
1244 357069
1063 255296
711 321277
585 178877
1433 132538
705 316842
527 59275
169 325568
1469 615591
541 648733
1499 251674
1369 206787
895 82126
641 638563
943 845341
918 619657
188 310864
536 751712
1222 763273
879 270398
1447 234585
254 189331
1961 628877
1605 258638
1837 188556
1497 937834
1168 636544
1269 791410
1403 679967
993 725743
1411 514728
727 90466
1290 368244
1136 457236
401 76727
1048 325543
1197 7001
317 502925
733 866300
930 595975
198 513699
202 117699
989 549649
1535 953589
226 579294
1378 405740
774 905198
1749 635906
1405 753215
717 317154
1921 177109
96 269644
1839 162559
207 511758
1238 163896
503 386044
1128 98228
193 699261
451 978710
543 285838
179 189035
523 815573
1950 548172
778 452221
901 929145
1925 771558
530 11726
1095 912701
1468 484417
584 386854
144 800981
206 641905
1597 794628
1146 53151
201 948611
710 651191
779 1085
104 883187
1085 178526
1852 720613
1130 168978
1138 16951
372 165574
1580 837773
1016 280795
1887 215218
1071 670787
1374 326534
1536 748140
1487 919929
1276 75121
415 89724
31 778228
392 807428
756 198669
742 73130
26 440684
199 693772
1491 352207
1416 396699
1937 869571
549 135307
725 523620
491 365801
805 612779
345 48543
246 179295
1516 37755
1155 328048
648 41531
156 190352
660 632867
752 578537
1004 532656
445 754558
1943 309554
431 500940
1641 218848
853 129560
613 381874
1606 608521
709 31930
11 182103
1723 475178
270 94663
1065 940083
420 908765
997 727253
167 870133
1962 664507
894 975661
1055 490578
321 639182
1689 561027
383 32340
1247 528398
196 415394
723 104483
332 422110
1373 412327
1963 76946
455 546275
1726 695269
789 597982
590 872639
1120 793988
1917 704278
1380 757633
614 367602
1822 352393
1642 833430
499 107877
516 594520
1226 329388
652 901965
1227 207483
979 398344
51 525660
856 703412
1514 187628
43 873136
698 396614
1233 292474
1785 799074
654 116158
1971 956493
351 615041
965 166165
1763 295931
360 16631
1756 219204
1425 670177
1633 435858
57 996090
277 727881
118 848649
1393 646541
1672 115851
1868 88828
1526 8683
578 690693
1889 473266
1857 887285
1006 414171
906 570345
1717 226056
374 824543
962 780095
1059 532779
637 418397
876 305431
1229 618025
1112 60273
1768 85711
620 465307
137 80662
369 234749
1492 597650
298 789893
504 696014
846 170865
714 846219
1414 701831
675 977114
1478 721048
1371 237345
225 536906
1729 381729
814 215436
356 336551
1576 310498
1186 729748
946 236675
1271 860866
960 588699
1745 408766
1610 350677
465 537142
1946 791217
984 560984
1280 420687
1092 278092
1652 67287
534 738363
1724 580622
450 200704
23 798506
1616 732507
1607 708769
1849 440469
492 98131
1223 296118
910 331994
974 416318
903 537033
819 453036
1114 789046
1024 536613
565 913145
1683 873823
484 913733
150 546546
9 981858
1751 596745
925 484880
1261 816443
1529 582233
1775 523024
808 386299
440 812497
1789 138643
1821 744696
1718 442880
1644 90490
682 861826
278 470059
777 399222
1205 971440
1132 730117
1879 544737
544 941628
976 558507
62 761179
1731 392165
416 192778
413 842222
1307 734292
823 99921
1152 766440
161 967835
1777 189716
512 805190
732 175834
44 963974
1560 730578
412 418882
956 953452
1054 724108
1384 329597
1758 680152
89 282785
1082 310569
1097 357340
847 539949
333 122959
22 476661
339 871809
1727 697732
1562 856801
38 686856
791 523767
101 904618
389 971604
430 912284
623 595717
932 725858
784 720243
1342 76146
1646 181204
243 688407
1215 197365
844 786726
927 670188
851 84216
328 508068
1850 492378
1814 638231
1549 795225
1135 212956
874 579412
220 438398
1400 107197
885 363259
1456 119406
680 955986
382 182180
748 201213
418 16791
1123 798382
594 269394
1676 151534
852 301472
474 989879
1221 889568
1193 8803
1020 457551
1920 361081
132 672681
804 718117
1423 207388
1073 203506
1600 838108
1579 508199
1188 329827
839 21519
1252 664689
48 55146
917 482345
1728 293897
209 789956
1836 806396
1881 456317
1966 62108
618 409453
422 168417
1029 912061
1343 740095
1773 902042
1673 703
1350 499673
350 692927
471 42676
469 620588
607 91490
615 764594
525 568353
1656 436855
1355 990602
882 232812
992 720813
977 252526
53 507431
1593 166920
1893 571141
1650 696472
1804 476807
881 452446
806 347503
468 428280
489 785548
1041 739233
1368 244628
509 530024
1196 863680
761 91021
900 44209
782 248057
399 233646
1180 478114
1680 987474
948 332897
314 725908
1712 397986
3 700354
1389 912070
1158 565438
1816 47837
1336 754719
1231 879554
386 464497
1250 786162
700 531199
1517 312379
687 828380
1298 312670
1297 183688
1563 507957
796 649513
902 916041
1481 474490
1911 735835
978 852475
1126 864472
1608 702380
1365 770071
994 993275
238 652934
444 743209
624 86595
1873 988574
94 881816
219 852173
1272 117953
506 461887
1450 625734
268 733963
27 602042
936 273213
112 739089
311 366516
954 217773
1309 311631
1246 355952
651 492732
1018 82580
818 902566
635 441661
99 711003
891 576744
175 288989
944 714858
1445 717405
222 669671
1170 191273
612 1149
1397 941358
1353 713048
163 78004
1410 537491
1466 318798
1434 522128
