1956
1 351
1 569
1 964
1 1042
1 1277
1 2029
1 3217
1 4142
1 4666
1 4756
1 5301
1 5700
1 6002
1 6260
1 6882
1 7712
1 8520
1 8893
1 9528
1 9850
1 10233
1 11535
1 11661
1 11779
1 12012
1 12176
1 12999
1 13004
1 14813
1 14870
1 14886
1 15123
1 15266
1 15657
1 16073
1 16330
1 17969
1 18471
1 18477
1 18805
1 19571
1 19884
1 20328
1 20938
1 21594
1 21934
1 22820
1 23399
1 23454
1 23508
1 23586
1 23607
1 24543
1 24555
1 25320
1 25854
1 25997
1 28271
1 29788
1 29998
1 30779
1 31649
1 32651
1 33723
1 34605
1 34899
1 35174
1 36408
1 36520
1 36839
1 36994
1 37957
1 38176
1 38778
1 39717
1 40196
1 41199
1 42845
1 43502
1 43537
1 44848
1 46085
1 46108
1 46441
1 46708
1 47170
1 51251
1 51498
1 51648
1 52276
1 52301
1 52600
1 52927
1 53024
1 53197
1 53859
1 54751
1 56013
1 56036
1 56296
1 56579
1 58185
1 59501
1 60130
1 60230
1 61152
1 61243
1 61317
1 61596
1 62487
1 62616
1 63207
1 63399
1 64303
1 64519
1 64557
1 64905
1 65273
1 65522
1 65973
1 66640
1 66777
1 66988
1 67620
1 67955
1 68087
1 68152
1 68707
1 68805
1 69062
1 69349
1 70022
1 70063
1 70342
1 70997
1 71754
1 72309
1 73201
1 73782
1 74515
1 75755
1 75961
1 76053
1 76106
1 76252
1 76370
1 76455
1 76506
1 76520
1 76650
1 77017
1 77085
1 77682
1 77798
1 77873
1 77882
1 77997
1 78888
1 79384
1 79483
1 79832
1 80027
1 80831
1 81289
1 81840
1 83446
1 83546
1 84005
1 84152
1 84452
1 85583
1 86019
1 86465
1 86502
1 86680
1 87802
1 88404
1 88570
1 88660
1 88759
1 89423
1 89667
1 91497
1 92055
1 92295
1 92499
1 92766
1 93056
1 95379
1 95437
1 96465
1 97123
1 97442
1 98003
1 98799
1 98972
1 99033
1 99357
1 99549
1 99586
1 99838
1 99999
1 100297
1 100333
1 100699
1 102197
1 104933
1 105146
1 105345
1 105743
1 106207
1 106550
1 107450
1 108252
1 110427
1 110629
1 111637
1 111801
1 111995
1 112415
1 113482
1 113985
1 114804
1 115150
1 115419
1 116483
1 116589
1 116783
1 117466
1 117956
1 118822
1 118974
1 119259
1 120057
1 120598
1 120641
1 120778
1 121135
1 121449
1 122729
1 123067
1 123468
1 123469
1 124320
1 124538
1 124548
1 124743
1 124754
1 125492
1 125890
1 126399
1 126748
1 126880
1 127130
1 129626
1 129835
1 131095
1 131574
1 132018
1 132804
1 132916
1 133516
1 133612
1 135202
1 135400
1 135776
1 135980
1 136044
1 136508
1 136801
1 137451
1 137548
1 138734
1 139856
1 140047
1 140294
1 140684
1 141708
1 141730
1 141846
1 142108
1 142180
1 144004
1 145359
1 145894
1 146308
1 146428
1 146450
1 146570
1 147209
1 147735
1 147833
1 148468
1 148989
1 149624
1 149661
1 150623
1 151159
1 151161
1 152290
1 152668
1 153952
1 154109
1 154499
1 154859
1 155347
1 155517
1 155704
1 156248
1 156958
1 157300
1 157615
1 158560
1 160316
1 161499
1 162304
1 162322
1 162543
1 162618
1 162742
1 162872
1 163153
1 163317
1 163358
1 163679
1 164261
1 165733
1 165832
1 165963
1 166433
1 167036
1 168170
1 168979
1 169575
1 170295
1 171790
1 172404
1 173297
1 174094
1 174186
1 175568
1 176071
1 176543
1 177325
1 177710
1 177808
1 178521
1 178598
1 180747
1 180864
1 181142
1 182195
1 183026
1 183280
1 183643
1 183734
1 184378
1 184467
1 184788
1 185485
1 185785
1 185955
1 186275
1 186531
1 186579
1 187380
1 187406
1 187454
1 188937
1 188971
1 189153
1 189269
1 190054
1 190368
1 190645
1 190984
1 191142
1 191801
1 192052
1 192101
1 192104
1 192575
1 192877
1 194259
1 194594
1 194986
1 195288
1 195382
1 195447
1 195748
1 196633
1 196829
1 197971
1 198120
1 198719
1 200100
1 200735
1 201375
1 201984
1 205069
1 205757
1 205949
1 207412
1 207961
1 209366
1 209377
1 209644
1 209905
1 210434
1 210700
1 211383
1 211685
1 211863
1 212101
1 212166
1 212308
1 214095
1 214537
1 215284
1 216738
1 217071
1 217149
1 217390
1 218975
1 219981
1 220563
1 221481
1 221861
1 222117
1 222554
1 222644
1 222692
1 223387
1 224328
1 224956
1 226044
1 226308
1 226687
1 226840
1 228067
1 229340
1 230142
1 230513
1 230957
1 231001
1 231199
1 231521
1 232124
1 232478
1 233050
1 233055
1 233058
1 233148
1 234360
1 234560
1 234944
1 234990
1 235010
1 235359
1 235656
1 236725
1 237077
1 237173
1 237495
1 237668
1 237874
1 238516
1 238904
1 239199
1 239259
1 239318
1 239976
1 240479
1 242276
1 242884
1 243514
1 243555
1 244178
1 244293
1 245358
1 245858
1 245986
1 246198
1 246779
1 247231
1 247851
1 248153
1 248161
1 248604
1 249532
1 249754
1 251172
1 251919
1 253028
1 253283
1 253422
1 253837
1 253988
1 254291
1 254336
1 254370
1 255302
1 255435
1 257208
1 257383
1 257624
1 257764
1 258395
1 258496
1 258991
1 259446
1 259695
1 259990
1 261135
1 261549
1 261856
1 262820
1 263751
1 263884
1 263890
1 264393
1 264536
1 265039
1 266041
1 266863
1 266904
1 268192
1 268198
1 268678
1 269209
1 269287
1 269630
1 271139
1 272034
1 273535
1 273540
1 273559
1 273717
1 273817
1 274597
1 274943
1 275485
1 275593
1 275711
1 276042
1 277162
1 277270
1 278992
1 279234
1 280317
1 280598
1 281461
1 281471
1 282550
1 282679
1 282688
1 283052
1 285501
1 285779
1 286445
1 286749
1 287495
1 289310
1 290000
1 290188
1 290221
1 290232
1 291014
1 291159
1 291711
1 292147
1 292241
1 292349
1 292456
1 294276
1 294334
1 295056
1 295455
1 295645
1 298516
1 298741
1 299192
1 299425
1 299727
1 300401
1 300487
1 300825
1 300958
1 301672
1 302227
1 302433
1 302926
1 303385
1 303455
1 304530
1 305034
1 305864
1 306019
1 306437
1 307381
1 308686
1 308868
1 309144
1 309178
1 309220
1 309808
1 309863
1 310627
1 310686
1 310782
1 312482
1 314029
1 314176
1 314325
1 317086
1 317332
1 317364
1 317937
1 318158
1 319761
1 320022
1 320150
1 320898
1 321287
1 321453
1 321707
1 322024
1 322384
1 322628
1 325092
1 325984
1 326674
1 327115
1 327121
1 327632
1 327890
1 327997
1 328006
1 328011
1 328267
1 329735
1 329837
1 330514
1 330628
1 331055
1 331600
1 332419
1 333433
1 333719
1 334268
1 335373
1 336581
1 337255
1 337975
1 338949
1 339711
1 339860
1 340161
1 340782
1 340944
1 341105
1 341761
1 341936
1 343216
1 344263
1 344445
1 344837
1 344859
1 344909
1 345266
1 345884
1 345915
1 346048
1 346157
1 346224
1 347407
1 347936
1 348050
1 348327
1 349035
1 349265
1 349864
1 350391
1 350955
1 351539
1 352376
1 352889
1 353020
1 353111
1 355031
1 355438
1 355559
1 355570
1 355834
1 357181
1 357428
1 357947
1 358603
1 358658
1 358864
1 360190
1 360361
1 361223
1 361572
1 362815
1 363074
1 363356
1 363583
1 363710
1 365096
1 365204
1 365536
1 366017
1 366697
1 367080
1 369508
1 370412
1 370998
1 372229
1 372910
1 373068
1 373519
1 373849
1 374427
1 375267
1 375459
1 375847
1 377000
1 377049
1 378010
1 378391
1 379701
1 379755
1 380056
1 380741
1 381362
1 381521
1 381644
1 381928
1 382920
1 382944
1 383255
1 383315
1 383962
1 384222
1 384347
1 385474
1 387655
1 388711
1 391909
1 391911
1 393784
1 393903
1 394281
1 395608
1 395673
1 396931
1 397366
1 399877
1 400180
1 400464
1 401160
1 401346
1 401493
1 401912
1 402431
1 402589
1 402875
1 403153
1 403825
1 404910
1 406134
1 406330
1 406343
1 407083
1 407220
1 407332
1 408173
1 408551
1 408747
1 409267
1 409878
1 410293
1 410740
1 410915
1 411644
1 412478
1 413615
1 414204
1 415072
1 416347
1 416766
1 416799
1 416827
1 418373
1 419231
1 419578
1 422003
1 422150
1 422793
1 423374
1 423474
1 423836
1 424292
1 424583
1 425649
1 426062
1 426112
1 426496
1 427205
1 427749
1 428634
1 428748
1 428764
1 429975
1 431380
1 431940
1 432003
1 432862
1 432904
1 433402
1 433587
1 433590
1 433807
1 434154
1 434267
1 435121
1 435681
1 436463
1 436542
1 436909
1 437528
1 437930
1 438481
1 439493
1 439658
1 440751
1 441231
1 441310
1 441421
1 441700
1 443300
1 443795
1 443821
1 444574
1 444747
1 445197
1 445677
1 446216
1 446674
1 447627
1 448365
1 450129
1 451359
1 451432
1 451550
1 451921
1 452831
1 452871
1 453443
1 453647
1 453698
1 453738
1 454186
1 454274
1 455636
1 456558
1 457296
1 457437
1 457449
1 457713
1 457860
1 457879
1 458044
1 458059
1 459164
1 459237
1 460111
1 460557
1 461310
1 461828
1 462314
1 462801
1 463253
1 463259
1 464275
1 464997
1 465151
1 466438
1 467979
1 468065
1 468453
1 468855
1 469447
1 469589
1 469834
1 470010
1 470174
1 470243
1 470279
1 470417
1 470528
1 470582
1 470664
1 471055
1 471149
1 471196
1 471481
1 471544
1 471670
1 471911
1 473285
1 473399
1 474369
1 474630
1 474670
1 475510
1 476074
1 477134
1 477245
1 478469
1 478979
1 480724
1 480894
1 481241
1 482131
1 482145
1 482442
1 482445
1 482584
1 483203
1 483891
1 485442
1 485826
1 486724
1 487804
1 487918
1 488362
1 488399
1 488412
1 488532
1 489188
1 489654
1 490086
1 490328
1 490881
1 491213
1 491804
1 492105
1 492140
1 492660
1 493975
1 494396
1 494425
1 495265
1 495289
1 495893
1 496100
1 496594
1 498123
1 498303
1 499459
1 499632
1 499814
1 499928
1 501474
1 502136
1 502496
1 502972
1 503107
1 503735
1 503979
1 504194
1 504712
1 505104
1 505838
1 506304
1 506922
1 507258
1 508000
1 508471
1 508552
1 508794
1 509093
1 509353
1 509421
1 509792
1 509824
1 509860
1 510358
1 510831
1 511469
1 511933
1 511995
1 512095
1 512126
1 512222
1 512585
1 512629
1 514388
1 514437
1 514449
1 514651
1 515110
1 515345
1 515568
1 515852
1 516738
1 517236
1 519131
1 519394
1 519398
1 519457
1 521043
1 521282
1 521828
1 522796
1 522888
1 523305
1 523311
1 523729
1 524227
1 525416
1 525873
1 526321
1 528004
1 529134
1 529275
1 530107
1 530237
1 530837
1 530956
1 531193
1 531222
1 531601
1 531650
1 531707
1 531791
1 532384
1 532476
1 534108
1 534208
1 534338
1 534433
1 534529
1 534614
1 535024
1 535443
1 535616
1 537551
1 537958
1 538699
1 538808
1 539655
1 541889
1 542455
1 542494
1 542699
1 542813
1 542843
1 543006
1 543763
1 544979
1 545942
1 546516
1 547891
1 548582
1 549056
1 549628
1 549983
1 550073
1 550685
1 551768
1 552439
1 553131
1 553169
1 553256
1 553429
1 553804
1 556058
1 556215
1 556394
1 558752
1 558769
1 558842
1 559193
1 559707
1 560276
1 560709
1 562241
1 562519
1 562980
1 563690
1 564082
1 564659
1 566000
1 567105
1 567155
1 567289
1 567866
1 568012
1 568758
1 569143
1 569177
1 569620
1 570282
1 571276
1 571508
1 571908
1 572485
1 573346
1 573885
1 574038
1 574492
1 575667
1 577036
1 579108
1 579636
1 581892
1 582416
1 583695
1 584284
1 584349
1 584780
1 584902
1 585849
1 585926
1 586117
1 586445
1 586739
1 587290
1 587296
1 588519
1 588877
1 588937
1 589928
1 590441
1 591577
1 591985
1 592399
1 592449
1 592467
1 592952
1 593328
1 593559
1 596411
1 596760
1 597253
1 598049
1 598142
1 598626
1 599364
1 599463
1 599802
1 600739
1 600992
1 601407
1 601483
1 601740
1 601922
1 603206
1 603955
1 604088
1 604602
1 606581
1 608075
1 608420
1 609090
1 609847
1 610043
1 610173
1 610827
1 610909
1 610932
1 611653
1 612234
1 613056
1 613581
1 613717
1 614377
1 614391
1 615364
1 615633
1 615942
1 616162
1 618771
1 619456
1 619639
1 620169
1 620543
1 620926
1 621773
1 623594
1 623601
1 623728
1 623770
1 624091
1 624196
1 624252
1 624559
1 624645
1 624764
1 624845
1 625695
1 626243
1 627582
1 627892
1 628063
1 628979
1 629445
1 629921
1 629994
1 630424
1 631304
1 631696
1 631715
1 632573
1 632868
1 633003
1 633854
1 636039
1 636437
1 637757
1 637940
1 638111
1 638270
1 638789
1 639022
1 639698
1 639728
1 641361
1 641643
1 641854
1 641886
1 642080
1 642247
1 642559
1 642894
1 643205
1 643239
1 643503
1 644055
1 644459
1 644467
1 644935
1 645031
1 645115
1 645164
1 646537
1 646980
1 647461
1 647673
1 648774
1 649802
1 650403
1 650565
1 650883
1 651329
1 651631
1 651688
1 651811
1 652353
1 652652
1 652754
1 653230
1 653620
1 653821
1 654692
1 655224
1 655298
1 655656
1 655775
1 656726
1 656841
1 657089
1 657208
1 657465
1 657749
1 657869
1 658170
1 658181
1 658396
1 658579
1 658767
1 658836
1 659207
1 659312
1 659424
1 659641
1 659969
1 660307
1 660377
1 660770
1 661276
1 661710
1 661793
1 661877
1 663512
1 664180
1 664290
1 665879
1 666104
1 666856
1 666891
1 666979
1 667187
1 667592
1 668338
1 668595
1 668979
1 669167
1 669279
1 669459
1 669698
1 669874
1 669881
1 670313
1 671141
1 671642
1 672223
1 673231
1 673375
1 673467
1 674116
1 674406
1 675406
1 675694
1 677315
1 677698
1 677775
1 678271
1 678354
1 679399
1 679410
1 679678
1 679785
1 680152
1 681289
1 681702
1 681992
1 682462
1 682541
1 684095
1 684980
1 685625
1 686144
1 686651
1 686673
1 687457
1 687926
1 688563
1 688805
1 689359
1 690356
1 690683
1 691208
1 691870
1 692469
1 692482
1 692601
1 692690
1 693575
1 693723
1 693746
1 693886
1 693949
1 694107
1 694503
1 695101
1 695247
1 696071
1 696273
1 697245
1 698017
1 698580
1 698760
1 699318
1 699815
1 700588
1 700712
1 701059
1 702022
1 702075
1 702273
1 702689
1 703414
1 703721
1 704055
1 704072
1 704410
1 704968
1 705610
1 706114
1 706733
1 706764
1 707051
1 707768
1 708254
1 708444
1 708707
1 709132
1 709346
1 709717
1 709927
1 710881
1 711892
1 712345
1 712688
1 712961
1 713387
1 713684
1 715258
1 715260
1 715274
1 715871
1 716415
1 716822
1 718655
1 718691
1 718734
1 720094
1 720238
1 720241
1 721855
1 722119
1 722615
1 723164
1 723999
1 724962
1 726101
1 726258
1 727036
1 727830
1 728338
1 728793
1 729510
1 730369
1 730510
1 730539
1 732178
1 732208
1 732577
1 732770
1 733132
1 733444
1 733826
1 734365
1 734787
1 735409
1 735463
1 735753
1 736501
1 736504
1 737123
1 738233
1 738574
1 738666
1 739355
1 739466
1 739786
1 740117
1 740127
1 741181
1 741466
1 741926
1 742163
1 742366
1 742743
1 744280
1 744339
1 744388
1 744566
1 745094
1 745234
1 745577
1 745781
1 746230
1 746806
1 746999
1 747210
1 748737
1 748768
1 749146
1 749458
1 749713
1 749767
1 752245
1 752578
1 752610
1 753217
1 753356
1 753518
1 755597
1 756113
1 756199
1 757137
1 761411
1 761805
1 762050
1 762058
1 762175
1 763393
1 764115
1 765478
1 765805
1 765915
1 766553
1 766890
1 767456
1 767563
1 767598
1 767940
1 768008
1 768074
1 768341
1 768671
1 769682
1 769979
1 770690
1 770764
1 770843
1 770853
1 770859
1 771979
1 772115
1 772204
1 772661
1 773956
1 774130
1 774379
1 775112
1 775619
1 777283
1 777439
1 778972
1 780039
1 781230
1 782985
1 784083
1 784379
1 784628
1 785658
1 786112
1 786120
1 786317
1 787280
1 788804
1 789205
1 790550
1 791648
1 792224
1 792335
1 792350
1 792465
1 793001
1 794043
1 794126
1 794388
1 794591
1 795475
1 796917
1 797075
1 798254
1 798730
1 799068
1 799143
1 800187
1 800840
1 801368
1 801590
1 802235
1 802854
1 803061
1 803193
1 803204
1 803757
1 804223
1 804720
1 804919
1 805623
1 806039
1 807765
1 807768
1 808022
1 808113
1 808223
1 808776
1 809241
1 809725
1 811377
1 812319
1 812840
1 812849
1 813166
1 813520
1 814217
1 815295
1 816022
1 816392
1 816758
1 817011
1 817127
1 817463
1 817607
1 817937
1 819332
1 820738
1 820794
1 821635
1 821693
1 822262
1 822393
1 822989
1 823300
1 824164
1 824966
1 825006
1 825651
1 825728
1 825742
1 826369
1 827117
1 827273
1 827353
1 827773
1 828340
1 828844
1 829049
1 832585
1 832958
1 833516
1 833905
1 835707
1 836279
1 836388
1 836854
1 837529
1 837659
1 837969
1 838296
1 838548
1 838887
1 839451
1 840181
1 840617
1 840752
1 840777
1 841544
1 841573
1 841867
1 843171
1 843209
1 843250
1 843545
1 844140
1 844731
1 846108
1 846303
1 846508
1 846660
1 846673
1 847179
1 847489
1 848034
1 848187
1 849390
1 849452
1 849501
1 850889
1 850944
1 851180
1 851810
1 853355
1 854419
1 854887
1 855292
1 855360
1 856572
1 856839
1 858002
1 858467
1 858592
1 859678
1 860488
1 860623
1 860714
1 860958
1 861618
1 862128
1 862179
1 862519
1 863389
1 864400
1 864527
1 864692
1 864916
1 865043
1 865052
1 865357
1 866349
1 866588
1 867725
1 868103
1 868144
1 868276
1 869358
1 869969
1 870139
1 871066
1 871302
1 871319
1 871622
1 871927
1 872490
1 873803
1 873827
1 873992
1 874034
1 874328
1 876333
1 876393
1 876516
1 876999
1 877040
1 877744
1 877921
1 879152
1 879152
1 879330
1 879939
1 880015
1 880078
1 880950
1 881822
1 882089
1 882266
1 883205
1 883411
1 884370
1 884511
1 885270
1 885286
1 885951
1 886144
1 886804
1 887386
1 887421
1 887482
1 888916
1 889342
1 889453
1 889883
1 891826
1 893234
1 893336
1 893558
1 893969
1 894724
1 894766
1 895007
1 895276
1 895657
1 896387
1 896526
1 897092
1 899462
1 899618
1 899623
1 899819
1 900175
1 900894
1 901121
1 901372
1 902184
1 903577
1 903578
1 903582
1 903612
1 904417
1 905095
1 905176
1 905282
1 905958
1 906061
1 906588
1 906787
1 907335
1 907788
1 908617
1 908721
1 908745
1 909149
1 910048
1 910550
1 911418
1 911463
1 911595
1 911824
1 912094
1 915355
1 915833
1 915836
1 916502
1 916557
1 916568
1 917001
1 917564
1 917607
1 919799
1 921017
1 921139
1 921169
1 923787
1 924045
1 924364
1 924751
1 925569
1 925584
1 926483
1 926906
1 927287
1 927512
1 927955
1 928087
1 928394
1 928477
1 928600
1 929762
1 929925
1 929956
1 931211
1 933007
1 933771
1 934243
1 934602
1 935244
1 936436
1 936701
1 936720
1 937055
1 937264
1 938700
1 939108
1 939158
1 939485
1 940741
1 940784
1 940875
1 941385
1 942144
1 943035
1 943781
1 944440
1 944854
1 945197
1 945236
1 945477
1 946680
1 947396
1 948013
1 948771
1 950176
1 950272
1 950533
1 950672
1 950780
1 950819
1 950834
1 952015
1 952267
1 952365
1 952564
1 953020
1 953099
1 953395
1 953423
1 953557
1 954186
1 954404
1 954447
1 955513
1 956806
1 957200
1 957223
1 957625
1 958228
1 958383
1 958696
1 958970
1 959286
1 959774
1 960599
1 961183
1 962081
1 963027
1 963220
1 963880
1 964460
1 964488
1 965673
1 965877
1 965945
1 967070
1 967395
1 967565
1 967876
1 968032
1 968355
1 971324
1 971623
1 971776
1 971860
1 972846
1 972860
1 973162
1 975466
1 975984
1 976186
1 976742
1 977726
1 978196
1 978899
1 979913
1 980223
1 981051
1 981122
1 982015
1 982178
1 982933
1 985138
1 987038
1 987814
1 988389
1 988429
1 988829
1 988921
1 988930
1 989047
1 990024
1 990568
1 990870
1 992673
1 993283
1 993618
1 993720
1 994086
1 994124
1 994661
1 995526
1 995995
1 996372
1 996537
1 996987
1 997029
1 997854
1 999055
1904
956 80
1314 300
1194 1619
1729 1633
1066 2002
275 2014
1530 2135
799 2268
629 2283
706 2653
274 2843
86 3488
1529 3720
80 4167
165 4213
1 4372
1869 4837
312 4932
85 5163
1053 5338
446 5666
1151 5865
1328 5900
1682 6915
867 7498
1371 7993
1567 8367
561 8955
1040 9021
889 11323
315 11363
1268 11874
372 12029
1659 12561
1355 12636
94 12656
505 12687
443 12701
357 12805
261 13687
853 13926
983 16375
1933 16376
6 18027
33 18047
1370 18292
444 18973
445 19070
1327 19790
636 19813
307 20017
1284 20303
1391 20576
1907 21018
596 21110
1849 21506
1129 21710
1794 22346
1541 23402
1060 23539
1577 23832
133 24508
88 25032
557 25911
162 25939
1653 26367
1103 26752
1102 27276
932 27894
1054 28373
405 28418
1490 28873
478 29425
614 29868
383 29910
1643 30028
752 30159
1628 30753
841 30801
447 30943
1461 32556
1153 32850
250 33308
1387 34195
1556 34341
1024 34897
635 35789
1009 36330
376 36377
176 36489
1101 36866
1930 37503
1428 37532
379 37655
1917 38609
1751 39313
1474 40984
1146 41682
97 41795
627 41849
500 43501
650 44617
115 44694
1138 44738
1273 45028
750 45070
1675 45936
570 46492
1125 46727
43 47455
914 47716
1323 48718
451 51585
1771 52282
294 52528
712 52673
590 52676
660 52875
935 53754
1429 53947
839 55342
622 55436
1112 55978
649 57017
1076 58642
1568 58717
371 59137
1747 61097
1155 62058
1341 62890
1760 62893
5 62952
1369 63872
546 64153
1685 64182
780 64227
31 64332
954 64460
793 66299
456 66569
519 67491
1224 67713
1621 67999
1301 68424
971 68762
1654 71680
702 71786
32 72013
1588 72527
1397 73440
833 73816
182 73901
1819 74761
1734 75598
1852 77392
466 78106
1894 78778
400 78940
92 79042
700 79085
490 79183
283 79264
1329 80180
1442 81106
969 82132
514 82333
1119 82785
699 84717
644 84906
1839 84959
1349 84982
796 85484
268 85696
1426 85772
277 87118
440 87231
1504 87569
695 87828
1352 87977
1386 88097
526 88349
248 88946
15 89053
359 89599
262 90182
886 90326
1438 90564
38 91113
196 91424
1432 91449
1472 91794
1956 92465
597 93370
317 93448
1507 93611
233 94878
1137 95576
1637 96540
668 96966
1085 97197
157 97447
503 98040
1459 98688
1678 98717
1342 98824
1021 98929
887 99157
559 99336
680 99646
132 100144
1107 100422
131 100572
612 101451
1458 101637
147 101825
1900 102341
1591 102730
1891 103282
492 104611
1779 105572
1696 105626
1117 105971
435 106137
11 106242
1767 107687
855 108955
1928 109386
931 109399
52 109401
850 110616
805 111722
429 112385
392 112938
814 113176
1897 113306
1808 113338
912 113403
1686 113973
200 113990
925 114753
1596 117370
1404 117829
1670 119255
1475 119583
344 119989
1865 120634
560 120826
74 121825
1433 124432
1027 125424
1870 128202
1565 128699
989 128969
1484 129497
374 130257
1434 131597
1807 133049
297 133179
201 133239
1318 133576
358 133777
219 134268
1758 134299
1381 134690
1618 134911
1947 135274
1424 135556
1315 135937
798 135962
1495 136006
881 136957
770 137105
1920 137699
1389 137979
1725 138068
1531 138196
808 138403
926 139366
948 139518
1223 139561
521 140162
1724 140368
337 141925
1664 142790
1663 143382
1077 143758
1677 143873
958 144364
738 144378
999 144629
523 144724
1597 145924
1913 145995
1089 146217
512 147074
1844 147101
1270 147201
1528 147261
1238 147714
496 149844
1196 150484
1400 151155
1436 151736
1848 151804
1631 152565
1732 152726
1343 152793
82 152881
1874 153005
974 153569
1294 153898
211 154062
1267 155117
419 155158
663 156353
1420 157411
469 157672
1934 157806
1815 157903
984 158073
370 158649
1020 159136
225 160069
109 163115
885 163491
778 164006
398 164093
753 165131
626 165470
1276 167645
192 168183
1006 168376
104 168466
1538 168804
303 170064
138 170773
1083 171973
284 172801
313 173722
1944 173786
1785 173936
1489 174102
1246 174735
923 174788
290 174914
1640 175265
1782 175692
1861 175785
1275 176026
617 176106
1220 177371
865 178250
1030 178346
1681 178665
1470 178722
1082 179026
247 179188
809 180505
1132 181408
308 181487
362 182185
37 183059
692 183099
1141 183342
102 183541
1368 183652
694 184798
1829 184983
1768 187231
19 188312
1922 188652
662 188959
108 189306
22 192474
1716 193020
1098 193403
1770 193739
1406 194952
1657 194992
1135 195363
704 195907
1880 196631
1609 197773
965 197971
495 200006
976 200141
1787 200450
1441 200921
1047 201158
1700 201492
1908 201580
50 201582
1237 201850
1296 203087
474 203335
1016 203688
601 203786
1058 203971
1025 204615
1648 205732
298 205845
1555 206178
322 206631
1011 206751
1062 206953
352 207092
1927 207171
1388 208435
23 209390
1635 210002
221 210163
1242 210567
1578 211425
1161 211730
910 212604
66 213065
826 213508
536 214575
1277 215218
748 216137
1421 216513
361 217139
271 217972
1838 218064
1095 218333
1004 218532
1340 218838
1735 219895
1526 220134
403 220598
428 220622
666 221254
795 221350
848 221557
368 221803
781 222417
1836 222643
927 222738
78 222789
955 223203
756 223654
1912 224722
1634 225214
1230 225991
675 226054
1754 226644
859 226883
1510 227650
489 228563
113 229307
711 229712
103 231141
13 231688
1226 231929
332 233146
871 233390
977 233763
1821 233810
829 234035
430 234057
329 234405
1175 235442
967 235643
821 236700
1208 236979
243 237302
202 237362
139 237518
17 238242
1505 238366
1477 238392
326 239607
1334 241266
1073 241529
763 241584
350 241868
434 243890
483 244526
1167 245288
1285 245298
1879 245388
148 245627
1705 246659
643 246713
890 247008
1673 247380
101 247397
843 248597
1533 248612
414 249334
937 249378
124 249718
1711 249984
1854 250101
673 250716
418 251739
1613 253143
754 254135
632 254633
278 254874
1500 255902
203 256442
1625 256502
112 256526
1636 256882
785 257835
8 259854
896 259991
1750 260569
1824 260717
180 261021
1172 261023
338 262284
858 262513
1708 262608
509 263182
759 263894
760 265280
1571 265982
95 266285
860 267458
81 268047
458 268318
1482 268422
897 268506
1503 268915
216 269011
1178 269710
75 269833
336 269908
306 269909
1074 269984
215 269990
1467 270063
1018 270249
749 270596
1895 271329
592 271713
198 272278
55 272315
177 272692
1545 272866
240 274313
730 275466
724 275681
98 275905
875 275933
151 279158
1570 279427
1644 280141
1544 280397
624 280763
1419 280794
1361 281434
608 281685
3 282373
1254 282613
894 282909
4 283426
1065 283618
1674 287093
128 287635
90 288207
1918 288621
1812 289260
65 289351
722 289472
734 290367
1585 291456
60 291736
1316 291993
1057 292626
1187 292870
874 293275
1915 293343
1561 293915
191 294049
18 294378
1701 294727
195 294973
87 295631
1603 295836
566 296356
1898 297808
259 297864
1936 298674
951 299266
1261 299432
460 299727
29 300064
1496 300078
591 300974
1350 301179
1583 302152
903 302193
772 302233
864 303121
1109 303160
703 303703
653 303892
408 304007
415 304109
163 304460
386 305038
1013 305145
717 306120
720 306285
280 306411
479 306566
917 306763
1846 306800
682 307188
1826 307305
1719 308000
595 309107
1204 309831
656 310324
895 311249
745 311259
1222 312898
1519 314128
1847 314681
1290 315146
1014 315828
7 316797
1902 316867
21 317637
1450 317700
320 319521
189 319948
1614 320122
905 320210
1955 320225
733 320462
994 321716
916 321999
1516 322140
844 322736
1853 324535
1709 325102
220 325613
525 325948
571 326683
1740 328618
1632 328920
1456 329720
1935 329728
1818 332023
1198 332554
387 332936
588 334329
224 334888
1833 334912
327 335398
1108 335548
1921 335723
1354 336488
411 336546
1548 337135
1170 338214
558 339156
1514 339373
427 339938
353 340618
69 341915
908 342475
1217 343369
1804 343709
1830 343980
628 344638
1206 345121
1946 346050
1243 347199
1156 347253
1641 347253
1525 347826
1202 350555
76 350584
1131 350803
1512 351596
226 351848
1312 352134
517 352234
205 352428
406 352437
1586 352699
1416 353105
1546 353969
1121 354606
1581 354772
1185 354984
1152 355380
1857 356269
389 356320
586 356335
944 356349
1227 356739
1945 357286
1536 358235
1463 358475
1691 358992
342 360268
1569 361133
1938 361692
1605 361849
1012 361987
1255 362026
1535 362327
1029 362474
1792 363769
1032 363830
1855 364099
664 365059
1919 366276
299 366625
346 366969
1810 367182
1043 367536
83 367699
577 368258
212 368501
690 369070
746 369326
1078 369686
1863 369901
625 370296
547 372299
341 372502
137 372586
1773 372850
611 373631
1564 374059
707 374067
488 374258
42 376069
1291 376164
1498 376807
10 376932
282 377337
293 377792
751 377937
118 378035
1096 378464
584 378640
245 379105
96 379446
1886 380227
343 380541
1550 380692
529 380799
1100 381679
1017 382150
463 382299
1144 382396
1784 383686
39 384300
218 384614
667 384706
1049 384885
453 384948
878 385002
732 385356
1253 385722
1866 386134
616 388474
569 389477
943 389553
508 389696
755 390315
99 391311
136 391330
1394 391639
122 392488
140 394182
1090 394218
640 394262
1168 394396
1019 394498
1393 395615
166 395823
286 396360
1114 396949
296 396951
758 397387
1183 397848
170 398234
1437 398600
1713 399062
771 401323
530 401696
1610 402862
1706 402998
823 404719
1460 405467
870 405925
459 406096
439 406283
68 407028
16 407537
324 407583
1464 407973
568 408046
528 408804
1904 409223
736 409253
355 409787
915 410186
412 410642
1881 410880
1502 411306
473 411323
1828 411663
1809 412995
377 413452
1110 413538
589 414558
1252 415268
541 416146
1665 417007
1860 418928
1447 419385
681 420025
741 420088
1256 420269
1390 421205
511 421310
1097 421405
1572 421673
1951 422596
1174 423141
776 423280
599 423369
936 424669
1607 424934
1462 425475
877 425751
457 427180
838 427415
1232 427469
1948 427575
114 428959
922 430040
285 431033
883 431904
981 432862
486 432865
1746 432866
1892 433000
946 433743
93 434163
289 435529
84 437180
291 437558
1599 437799
689 437935
1304 438015
941 438210
335 438595
375 438701
1056 439283
1348 439380
461 439760
1379 439896
1071 440520
1445 441583
835 441638
993 442129
543 442361
146 443529
621 443840
89 443912
1333 444641
740 444811
1086 444842
1796 445518
527 446353
1793 446604
816 447526
476 447722
921 448017
1765 448512
1269 448626
199 449420
891 449580
1164 449821
1001 449903
384 450781
1403 450812
1868 450953
1169 451026
515 451049
402 451313
1163 452172
1225 453047
1600 453286
1485 453483
1642 454066
1745 454660
719 454703
1218 455567
420 455998
837 456122
1241 456240
305 456932
468 456937
1710 457626
91 459057
1221 459755
861 459757
256 459938
168 460671
1399 460718
646 461660
1515 461964
1850 462098
645 462202
1753 463269
1068 463360
484 463836
142 463916
1877 463964
222 464476
630 464527
516 464543
395 464971
1478 465247
550 465255
939 465626
153 465719
1563 466485
1914 466756
117 467003
1159 467507
709 467596
270 467616
1344 468404
725 468827
604 469100
849 469824
1841 469956
957 470225
433 470316
134 470534
1730 471347
450 471945
416 472600
269 473841
393 474013
1200 474075
582 474080
1309 474789
685 475427
1752 476218
851 476476
1123 476858
258 477073
1415 478217
397 478273
800 478330
572 478777
959 479500
1825 480759
1626 481117
1094 481371
573 482112
581 482177
1154 483874
716 483929
472 484000
1715 484595
1534 484607
1191 484981
1703 485612
1052 486780
735 487946
1148 488134
295 488405
1506 488565
467 489394
1772 489412
522 491629
845 491667
380 493479
53 494231
129 494987
1923 495482
765 495859
585 496647
633 498104
639 498296
1492 498861
1617 498924
506 499047
183 499912
831 500031
1240 500578
231 501023
613 501213
807 501345
210 501549
902 502373
1451 502696
1278 503954
1627 504301
723 505742
1201 505808
1662 506167
2 506295
58 507485
1736 508418
1320 508725
726 510468
804 511292
1039 512095
553 512808
884 512981
1717 513214
820 513517
1672 514680
1694 514986
929 515008
204 516724
1347 517238
499 517582
998 517619
739 517658
1231 517767
1616 517804
1418 518230
1188 518492
991 519859
455 520027
1207 521194
1813 521794
743 523064
1003 524008
234 524640
842 524973
1234 526084
1937 526325
1139 526327
658 526738
77 527256
906 527302
1689 528284
1573 528302
1142 528306
766 530646
49 531285
1574 531887
314 533781
1926 534368
678 534969
801 536372
47 536391
1789 536965
947 537261
194 537668
1473 537870
1799 538299
1543 538600
164 538611
1326 539167
462 539199
116 539838
1693 539903
764 540006
1466 540057
351 540184
1540 540396
300 540458
242 540993
688 541277
155 541372
1364 541595
1189 542016
246 542685
1872 543339
1414 543432
437 544331
1755 545941
1916 546245
899 549239
1279 549429
442 550593
1307 551041
1351 551449
1620 553549
1508 554793
1551 555443
1471 556029
1136 556563
1080 556949
1497 557015
1676 557367
169 557628
1491 558944
348 559703
1742 560285
1698 561142
1235 561586
1851 561614
609 562315
1798 563132
366 563305
888 563844
907 563851
970 564111
1162 564748
235 564971
302 565379
1901 565582
309 565720
598 565967
1726 566377
71 566568
574 567468
1480 567984
334 568865
1602 569161
1317 570667
535 571348
1405 571411
1325 573351
1392 574227
1739 575432
70 576567
648 576658
1385 577363
1229 577402
1216 577422
783 577895
1660 577919
840 577960
1319 578303
1589 581069
600 581729
1704 582965
1443 583315
1518 583866
510 583969
605 584586
863 584783
787 585253
542 585829
1353 587185
1769 587357
1493 587459
1611 587633
323 587757
1048 589011
1733 589495
1811 590059
287 590209
1488 591105
144 591368
980 591900
1282 591906
1126 592219
1554 592390
552 592498
594 592967
1007 594864
824 595433
1638 596362
175 596674
1211 597282
1193 598039
973 598964
173 600239
1339 600331
642 601081
1797 601264
1335 601686
452 602961
1274 603057
1899 603102
769 603677
847 603777
1801 606050
330 606630
761 606634
441 606674
111 607000
828 607627
1051 608281
918 608300
880 608862
394 609164
1652 609679
318 610470
1656 611577
674 612858
1738 613672
1864 613757
1337 613790
1645 614209
1576 615811
356 616121
213 616929
1210 617082
1363 617506
1845 618002
325 618438
1247 619604
872 619667
822 620031
424 620473
340 622205
1383 623361
1439 624159
548 625902
48 626709
1079 626894
1562 627814
63 628902
276 628930
239 629383
641 629685
892 630201
41 630784
333 631031
120 631822
228 632194
1120 632368
1449 634227
127 635155
1757 635956
1055 636876
1395 637938
1802 639787
1542 639793
321 639868
1598 640505
470 640563
1271 640609
1764 641357
551 641658
1888 641666
1205 643719
1843 644711
502 647827
593 648166
655 648220
701 648221
1160 648450
1069 648727
940 648946
1707 650389
54 650815
1308 652858
978 653047
107 653835
1823 653914
1722 655163
267 655823
1182 656833
1398 656855
167 658094
1431 658124
214 658735
995 659816
432 660002
708 660436
1099 660486
407 660538
206 661395
1499 663517
562 663655
431 663767
1766 664054
158 664425
1448 664960
1362 665550
1374 666056
784 666166
471 666178
1215 666985
1714 667057
1537 668615
1906 668727
61 669246
1831 669596
223 670020
311 670492
1723 670543
555 670847
727 670955
996 670960
1780 671689
1453 672658
1044 674514
385 675838
747 677115
1092 677139
1777 677470
56 677680
930 678404
909 678468
1590 678576
110 678630
812 679074
1817 679627
1858 680427
185 680567
1266 681748
815 681974
567 682791
1806 683328
105 683806
1249 684036
882 685123
564 685536
232 685718
1088 686308
1258 686773
945 687103
661 688198
481 688926
236 689369
1313 690902
1646 691032
160 693429
728 693717
1661 694038
40 694058
179 694261
744 694315
788 695060
145 695718
791 696033
1124 696172
893 696467
1298 696744
942 697514
193 697846
34 699350
209 699518
493 699572
1111 700566
1036 702392
1410 702489
449 704118
1684 704576
696 704798
1228 705116
672 705244
464 705454
1629 705788
715 705900
1816 708317
1209 709943
1214 711868
818 711909
1786 712483
684 713443
938 713526
252 714229
623 715180
1330 716273
767 717610
803 719012
1468 719451
254 719695
924 721627
1413 723249
125 724033
227 725071
360 725938
1059 726246
1365 726346
773 726610
1604 727429
141 727890
1513 728029
1345 728152
288 728167
713 728828
1038 729353
1941 729590
1106 729699
794 729712
1871 729767
1517 729834
1409 730560
1702 730595
1575 730715
1236 731516
9 732025
1033 733127
1558 733250
1435 733418
975 733594
775 733910
1010 735846
671 736124
659 736253
1697 738093
1731 738736
1181 738937
1539 740399
1649 740550
1373 741231
1651 743342
532 743884
487 745492
676 746065
1619 746357
150 747631
802 748106
186 748311
396 748748
669 748841
1402 750503
1683 750732
1552 751759
1579 753164
1553 753244
1233 753647
1192 753837
1283 756118
45 756764
217 757598
1310 757756
373 758771
1893 759677
381 760703
1688 760864
501 761473
737 761835
249 762271
1411 762670
1346 763566
920 765516
1454 766041
1081 766129
1595 766802
1520 768086
349 769056
263 769084
417 769341
1756 769374
1522 769562
1712 769722
279 770007
347 770053
1150 770400
1890 772044
631 772448
1633 772675
465 772843
762 772910
1195 773134
67 773442
1427 773522
1882 773894
1158 774245
123 774370
1835 775502
992 775908
197 776423
789 776910
475 778148
900 778685
1521 778936
610 781825
1302 781982
987 782479
1748 782630
997 782826
1647 783329
1949 783812
1259 784819
229 784943
1925 785276
1147 786420
331 786851
607 787359
830 787617
779 788428
1582 788690
149 789082
266 789554
281 789688
1452 789977
1372 790032
537 790463
698 790539
172 790970
1179 790982
12 791137
697 791438
1549 792560
1295 792570
1244 794834
367 795004
1932 795223
51 795742
1425 796579
1180 796902
1592 798026
1775 798786
382 799560
1063 800609
14 800727
1832 801022
354 801743
388 802013
156 802940
1749 802971
790 803240
46 803247
1885 804378
647 804629
1594 804732
960 804866
485 805304
365 806094
391 806720
126 807005
1408 807617
79 807701
363 808987
986 809677
1523 810461
404 810821
1803 812975
1031 813190
1116 813464
1087 813934
1199 814095
538 814720
1566 814884
130 815784
1481 816322
190 816460
119 816874
966 817532
378 817587
913 817608
491 818039
1759 818138
854 818152
1299 818219
953 819021
304 819252
1288 819883
1837 821408
836 821927
159 822915
919 823356
686 824000
1699 824105
1658 824128
634 825214
990 825240
1741 826238
1679 826519
1008 827327
972 827643
615 828044
1668 828455
868 829006
1173 829117
238 829706
423 829943
1744 830075
1133 830586
1532 831024
1695 831272
1023 831763
901 832755
390 833919
620 833955
578 834235
825 834565
1105 834962
1720 835013
1950 835116
1476 835302
962 835363
30 836416
1929 836621
652 837476
757 838021
1324 838356
1145 838491
1878 838616
1165 839774
504 839864
72 840608
1026 840812
1104 840837
1322 841422
933 842078
1483 844014
1667 844080
1015 844332
731 845615
438 845891
1263 845954
1954 846426
1280 847481
1219 847608
1671 847751
152 847839
1814 848143
264 849351
1262 850998
687 851096
1820 851258
135 852275
1479 852286
1072 852708
1486 852946
1417 852994
1650 853089
1940 853265
714 853478
1856 854410
1035 854502
964 856411
1338 856831
1375 856936
862 857156
292 857303
1624 858067
1781 858146
273 858850
121 859218
251 860007
1171 860338
806 861421
1559 862492
1875 862884
498 863158
237 864118
1190 865040
1264 865404
1859 865910
1245 865922
520 866248
1800 867134
184 867168
1149 867422
813 867683
1440 867700
253 868473
963 869075
1655 869315
852 869355
1455 872103
1527 872236
1593 873538
531 873710
1002 874647
59 874851
721 875534
654 877993
742 878564
544 879489
1184 879621
1412 881208
979 882527
857 882701
1380 882815
729 882876
421 884181
413 884391
1666 884509
1680 884757
422 884808
705 884895
679 885076
1873 885233
670 885323
583 885790
1623 886308
1359 886424
1791 887318
1469 889076
638 889085
950 890275
1876 890865
606 891061
1084 891746
24 892182
1293 892595
1321 892883
618 893514
1251 893522
1615 893681
1721 894705
1776 895051
28 896109
777 898289
1867 898481
1911 899112
1357 899705
426 900142
1630 900224
1130 900313
1942 900938
1166 903545
106 903612
497 903713
556 903727
1331 903992
1292 904308
1446 904976
1366 905131
1718 905585
1401 906629
1303 906940
448 907008
401 908705
1783 909005
1524 909871
1822 909977
1601 909984
1061 911011
1091 912302
834 912925
1407 913176
1465 913361
1761 914410
187 914949
637 915637
255 916270
1356 916495
869 916597
1113 917155
62 917359
898 917666
866 919011
1186 919016
1842 919057
768 919465
100 920013
1788 920993
1037 921645
832 922171
301 922210
1827 922675
20 922934
1134 923140
1376 924244
1050 925506
1790 925855
911 925867
1367 926672
985 926781
1203 926925
36 926944
1931 927012
1143 927292
1336 927882
817 927886
310 927990
369 928504
1257 929118
1487 929478
25 929612
565 930049
1557 930083
339 930309
952 930798
677 931056
1834 931065
1795 931184
587 931518
774 931750
1176 932143
579 932410
1862 932585
409 933102
1687 934093
1041 934950
786 935251
143 935664
27 936605
1692 937016
554 937622
257 938117
1622 938567
876 939563
1728 939603
1887 940155
1197 940336
1212 940417
1608 940662
1248 940726
819 941328
319 941487
244 943159
1122 944682
410 945020
1213 945379
782 945427
968 945545
1034 945592
425 945691
1028 946242
161 946763
691 946819
477 947183
1332 948130
1005 948748
934 949067
345 949533
171 949814
1560 950527
576 950619
57 950983
1430 951072
1382 951365
1910 952408
181 952852
846 953780
1396 954225
174 954704
1118 955032
480 956443
230 957037
494 957091
1743 957500
619 958386
580 958603
518 959338
1840 959504
1612 959953
73 959994
1281 960530
1727 960539
1939 961132
1762 961377
1093 961459
1584 961971
693 962271
982 962568
534 963491
44 964169
1457 964238
856 964414
1690 964555
208 964577
1384 965242
1763 965268
928 965585
1272 965818
1022 965966
879 966323
792 966481
1305 966517
1000 967007
549 967220
1300 967421
454 967442
265 968335
1909 968555
513 972023
988 972124
1778 972910
1311 973544
540 973904
272 974143
482 974645
1903 974818
1075 974919
873 975126
1045 975170
1943 976227
1360 977827
436 979799
1378 980025
1494 980767
1444 982294
26 983092
1924 983160
949 986621
603 986854
1509 987418
1953 987706
188 988074
1128 988687
1889 988766
1289 989020
1587 990783
1422 990934
1774 991844
718 991897
1070 992767
961 992849
178 993366
1358 994329
1265 995104
1511 995458
1260 995946
1306 997381
602 997755
1177 997782
1606 998259
533 999261
1884 999662
