87
1 331
1 552
1 870
1 296
1 798
5 869
1 658
7 61
2 512
9 300
2 845
7 355
9 741
7 754
10 409
2 472
4 848
1 995
18 149
14 175
19 862
1 110
21 662
2 606
16 564
24 793
2 343
3 594
22 864
18 856
3 499
20 732
22 289
1 593
20 544
27 405
30 377
27 88
31 803
6 540
33 802
40 746
34 629
36 68
16 722
16 733
46 699
37 505
37 937
15 629
36 730
3 997
52 576
41 846
27 784
42 747
15 617
19 717
35 245
39 375
40 221
42 733
27 741
3 957
61 427
59 330
33 776
39 455
63 774
67 536
53 109
38 430
43 445
63 243
28 209
41 434
75 40
68 553
17 428
28 101
1 180
48 129
72 136
17 20
62 157
79 861
57 711
66
32 748
42 445
48 865
47 502
18 272
43 55
23 797
20 441
40 933
58 501
56 726
41 181
30 829
61 374
68 496
5 166
7 100
86 708
49 579
8 969
66 588
21 171
33 591
2 343
1 260
65 779
29 416
14 852
51 818
31 117
62 218
54 627
22 664
11 947
44 853
63 196
27 359
15 336
53 881
67 57
57 815
38 52
17 760
35 218
72 650
24 450
59 71
34 746
60 719
55 55
78 303
36 363
16 469
71 945
9 867
79 867
85 824
73 466
83 365
3 502
4 980
37 532
64 596
19 781
69 340
75 163
