123
1 1822
1 1522
2 6113
3 8307
3 2267
2 7528
6 8290
6 4397
8 8444
9 2693
10 7843
11 1659
12 1266
13 7063
7 4115
13 6750
16 7265
5 1029
14 2339
19 6177
20 6599
21 7067
22 4887
23 5040
24 1880
24 1146
25 3062
27 8981
22 1688
26 1106
30 5417
31 4215
30 6368
33 8491
34 5365
34 406
35 8869
36 232
38 12
39 8744
40 2887
41 6763
42 3666
43 9237
43 9152
45 7700
45 2440
46 4900
48 7920
49 9727
50 9691
51 2213
52 3878
52 4012
54 3571
55 6106
54 8444
57 3300
58 8732
59 7745
60 9759
61 2951
62 4818
63 6614
58 7905
53 8854
66 4196
67 2886
60 2703
69 233
66 6821
71 9060
72 3790
72 256
71 5634
75 1506
76 8641
75 362
47 2588
73 5261
80 5832
81 8879
80 5026
83 9011
84 6291
85 9056
86 4466
86 6245
88 3731
87 8192
90 9789
91 6753
91 1033
59 8697
56 7784
95 5790
95 493
97 4633
98 6151
99 8239
100 8661
101 1259
97 583
103 8642
104 2685
102 6534
105 1715
107 8501
36 9748
109 4957
110 5989
110 8946
112 2681
113 6321
114 2290
111 6251
116 7044
117 8877
114 4907
119 4935
120 4552
121 9537
122 2849
48
14 6212
116 8152
57 8655
30 6870
122 2043
58 8764
4 8342
118 7589
112 103
115 204
94 8381
47 3185
77 5326
95 3937
13 3647
39 254
73 7467
8 9275
82 3260
23 5048
28 6772
91 6373
24 6454
44 2709
21 3867
83 2743
98 3426
84 4120
60 3187
33 1136
51 853
2 445
101 9317
79 7677
69 3413
35 4716
29 9445
10 3753
89 111
104 9515
106 5923
48 61
18 7304
40 9636
49 7611
32 410
68 4294
90 9364
