808
1 590
1 6391
2 6163
3 1035
4 2127
3 3497
3 1472
5 9411
8 828
1 5811
4 1919
8 4230
11 5404
5 194
2 7521
4 8033
15 7393
17 3377
14 9233
18 2045
15 6791
21 7477
6 1822
20 3646
18 528
21 8211
8 5157
16 7712
26 9144
14 7370
20 1914
14 7209
30 587
7 2966
25 4624
9 4556
34 2461
33 8460
26 164
18 9456
12 5031
38 1758
8 5750
19 2860
17 2554
43 8474
33 545
15 1747
30 1389
28 9560
46 6589
40 166
20 4479
7 4590
4 4097
37 6151
4 746
54 1072
4 2118
28 7838
43 6961
61 5856
9 1112
31 2784
2 8094
39 3702
17 7179
66 9694
18 4334
8 4347
29 9090
19 1306
42 7270
29 6540
69 100
68 8167
36 2185
38 1096
45 6037
8 1714
34 5492
45 4452
56 9633
53 4546
17 148
11 8500
14 328
12 5017
30 5685
48 4346
65 3017
65 8067
12 7612
27 4088
82 1797
56 9019
21 9700
1 3910
14 3247
27 5816
46 3656
76 8587
99 7129
65 8630
51 8125
65 2792
53 223
90 3776
81 3278
4 8863
84 9565
83 8974
62 4245
77 6214
43 5545
30 1934
25 878
46 9904
73 8956
62 914
32 9072
67 2392
80 3220
65 626
79 9377
14 2202
96 7855
111 5841
86 8094
98 2484
100 4245
129 2909
3 5996
82 7193
128 7705
76 928
3 7947
134 1320
50 3774
38 3735
88 7852
127 1099
110 6272
76 6833
7 6831
35 7346
52 8823
122 9852
121 655
15 9736
61 8922
58 5576
63 1362
84 2079
23 2346
105 749
144 1515
56 7394
14 4319
61 7650
153 3665
53 1539
15 1166
28 874
34 4129
91 915
57 174
52 2247
97 5334
40 2535
97 1063
116 3117
61 1634
144 2799
151 9369
12 1995
96 5151
130 8198
98 4058
134 4201
46 6556
21 7226
24 134
75 9800
68 1225
173 6781
125 4259
76 2966
59 8778
179 8118
174 9757
161 1685
23 9490
11 9723
98 8880
129 764
125 9370
141 6937
133 9039
14 7274
96 8769
126 5584
184 3090
7 2513
66 7257
71 4483
113 4168
207 7441
10 5350
55 7425
207 3170
102 6521
77 4807
40 6814
83 9311
163 1956
60 4091
154 5431
83 7761
44 4721
217 5388
120 1343
72 7067
208 1118
128 1047
3 7127
194 7554
11 1970
179 4378
15 6270
129 6318
160 4133
117 9178
22 1873
164 2134
66 2983
166 7480
205 7957
145 9083
87 6333
147 9813
203 3924
86 9319
105 3461
241 9830
64 1383
212 3464
68 1820
72 7239
57 6703
53 890
83 3844
17 1619
80 6629
175 3697
145 7546
141 5941
210 7536
152 5955
29 4175
101 2918
112 632
102 5231
191 7561
134 3948
207 7927
113 2147
213 4566
189 433
234 6381
137 5362
90 4737
142 1155
30 6049
101 8077
236 1354
179 5757
37 5394
99 2308
245 1040
36 4740
59 1353
253 5614
199 6255
14 8185
225 8330
113 1778
204 3048
19 5613
279 6358
24 5789
283 2452
19 1519
257 6337
8 9650
151 4241
113 4431
283 1078
183 6653
112 3956
72 8343
101 118
13 6533
7 3416
153 4424
17 6126
150 1772
299 8720
96 9409
286 533
207 9725
12 3401
167 5659
57 1101
3 4723
127 3133
286 97
277 3101
91 1738
205 260
60 4239
148 539
53 4944
40 5255
191 8434
121 1169
315 6572
162 4808
322 786
121 9225
121 4349
317 4616
215 9657
105 9649
222 3915
218 2845
158 7850
221 164
175 9464
243 8972
274 4421
228 5380
31 4498
96 2779
142 2271
269 9942
30 2680
88 9272
24 4564
106 340
178 8345
151 1811
45 2478
41 8739
168 4648
305 5403
121 5005
173 3207
358 2298
110 7721
8 7135
78 8606
67 1843
38 9116
77 1729
346 2112
260 335
122 9289
32 2025
327 9519
69 6795
168 4870
369 6603
284 566
161 2848
367 9139
47 8281
294 1818
92 9193
62 1921
278 6163
150 2090
25 4772
6 226
306 7294
236 2693
251 6235
311 481
361 8170
103 8784
75 7368
390 1527
345 5677
346 5294
292 6597
64 6755
94 6891
238 6346
145 2835
131 5995
381 6620
267 6265
79 7260
338 2973
335 6267
178 615
333 2094
287 9448
378 891
395 2087
285 6982
85 4976
12 2395
153 1683
322 3945
233 682
169 8762
161 9093
88 6516
353 437
295 8361
50 7231
77 6468
336 3491
331 5709
355 2880
236 8296
15 6475
117 62
407 6575
397 9393
152 3548
83 5223
45 9007
226 3776
7 582
89 7771
132 7866
12 5654
362 9137
124 3070
344 2860
180 7217
285 2498
277 7921
186 8763
261 9369
142 9841
247 5097
35 448
163 5887
430 2180
152 4255
396 4754
431 9663
49 2435
415 3177
272 3897
357 2480
230 3396
402 2183
23 3671
329 9804
215 5506
54 8330
317 7762
378 7223
272 9514
278 2557
75 8259
96 3886
158 7904
347 7044
285 7277
457 4521
321 9934
449 9108
199 1936
107 9131
71 4409
177 9562
286 5675
77 4919
210 5385
92 1962
342 9433
205 7054
370 8883
257 9057
168 5904
357 3753
460 9363
415 1197
205 660
439 7362
76 5672
110 2153
439 3831
381 4853
104 4367
12 1837
49 6489
425 7068
102 9174
503 1604
455 3804
73 4514
503 9563
40 7011
373 3643
276 8089
486 6472
301 6540
135 680
18 6314
414 3751
389 4284
373 2369
279 957
405 8586
467 9450
436 2117
307 3320
344 1334
414 7529
371 7793
352 4231
301 2568
49 6394
399 3985
136 5348
63 2166
448 9376
62 1204
467 2766
284 5606
390 9180
486 7227
194 2743
536 6650
48 1375
95 8773
273 9897
481 4600
221 1684
423 5958
283 5315
131 8055
515 5414
11 2979
195 5933
122 4682
59 9450
415 5832
413 1390
286 5440
408 9210
300 3564
50 2301
265 1878
433 8685
405 5375
261 4345
24 8382
465 9893
453 5804
157 896
347 9390
505 8208
77 9509
311 3172
419 8658
343 5585
421 7690
475 1659
155 4738
332 4509
558 8630
59 5068
92 9341
460 5467
296 7528
283 585
492 9500
314 4749
528 9151
198 2517
572 2646
380 5664
158 1498
121 1794
136 1140
428 9610
415 9618
31 6700
362 1724
372 3504
249 7035
334 1975
478 3892
20 17
504 1627
102 5680
495 663
509 1769
568 1826
525 2526
511 3338
528 966
139 1348
142 7202
580 6753
260 6749
66 1740
12 3107
141 4914
535 931
146 56
233 205
129 7819
602 6543
518 6353
130 5147
598 7512
270 335
282 4993
72 7430
474 6931
444 6645
112 5299
608 3887
418 2119
301 4761
258 5978
589 4640
328 5078
541 8645
167 6720
415 2448
118 6488
247 7512
197 3525
68 9280
149 5176
324 3244
186 2766
340 3560
493 1179
210 2124
81 7907
102 3609
540 5585
60 4405
577 4119
532 520
335 9885
526 4776
594 7613
615 1915
485 6165
587 1523
580 5386
588 4976
384 4866
50 9261
645 6457
83 7198
323 9258
148 4855
223 2422
578 408
569 255
475 3081
253 2331
60 2548
387 4279
335 7681
163 7238
351 7730
344 1950
614 306
427 8484
97 4593
414 3916
605 9034
355 3522
172 1884
371 5297
454 481
15 2576
400 4170
82 3753
116 8436
54 6164
63 8340
316 7577
238 457
50 2767
254 945
187 978
561 8509
321 7257
598 8016
649 4216
104 5800
401 2177
24 8866
601 4864
369 1487
453 1093
404 2746
173 4889
268 6341
660 633
66 4809
189 6002
165 3957
444 235
533 3001
261 5780
322 6855
571 2882
646 5822
620 5915
522 1062
381 1425
630 1064
568 8632
476 1805
302 6853
662 7831
388 6741
215 7934
473 1233
618 9548
353 9506
242 9822
704 8358
153 7807
164 7455
733 5768
592 8795
288 7827
136 8656
415 7560
327 4311
230 8073
628 9899
368 3790
421 1215
241 1392
508 9471
716 4467
265 5181
154 1853
392 1321
311 9759
426 318
679 5523
679 2286
472 4836
424 9
207 7573
233 4672
390 9018
73 7909
348 8340
256 2529
555 1838
614 5432
116 2091
353 9067
95 9970
52 1539
447 4135
541 920
662 725
414 5755
390 3460
341 6848
133 287
730 895
647 1981
236 6589
119 97
374 3628
204 7885
249 8005
473 9513
449 7277
150 3100
576 8410
45 2342
396 3956
346 9349
420 872
390 2763
404 1127
194 824
741 2071
495 8158
735 5807
692 379
432 9511
697 6126
307 2161
575 2640
174 8563
11
357 69
567 4355
525 446
645 1823
569 8865
531 7763
21 1113
226 9654
266 7605
748 1398
374 4102
