899
1 63
1 98
1 38
1 43
1 39
1 35
1 40
1 10
1 97
1 7
1 51
1 24
1 43
1 21
1 71
1 61
1 4
1 51
1 78
1 60
1 82
1 63
1 12
1 87
1 34
1 47
1 89
1 90
1 36
1 19
1 27
1 94
1 88
1 14
1 33
1 98
1 60
1 41
1 49
1 92
1 45
1 72
1 78
1 99
1 54
1 76
1 37
1 64
1 49
1 8
1 23
1 34
1 55
1 89
1 27
1 18
1 10
1 84
1 71
1 78
1 20
1 22
1 21
1 18
1 11
1 11
1 55
1 76
1 61
1 62
1 43
1 17
1 30
1 41
1 68
1 23
1 3
1 18
1 82
1 51
1 71
1 1
1 33
1 71
1 14
1 15
1 54
1 62
1 39
1 56
1 83
1 77
1 8
1 45
1 3
1 24
1 89
1 81
1 73
1 28
1 80
1 74
1 63
1 38
1 93
1 62
1 48
1 9
1 19
1 87
1 7
1 39
1 79
1 39
1 11
1 79
1 43
1 27
1 83
1 65
1 6
1 84
1 19
1 43
1 74
1 64
1 74
1 62
1 69
1 6
1 36
1 88
1 30
1 95
1 96
1 12
1 44
1 32
1 6
1 96
1 50
1 39
1 4
1 26
1 2
1 99
1 40
1 40
1 63
1 5
1 69
1 5
1 25
1 8
1 73
1 58
1 55
1 31
1 36
1 38
1 34
1 80
1 14
1 65
1 8
1 79
1 19
1 53
1 44
1 13
1 8
1 5
1 34
1 56
1 35
1 85
1 9
1 15
1 39
1 12
1 40
1 81
1 68
1 10
1 29
1 56
1 20
1 34
1 20
1 30
1 12
1 31
1 44
1 40
1 7
1 93
1 76
1 39
1 71
1 55
1 17
1 8
1 61
1 67
1 16
1 40
1 63
1 47
1 89
1 87
1 16
1 52
1 25
1 13
1 49
1 20
1 32
1 25
1 93
1 19
1 30
1 92
1 45
1 97
1 94
1 98
1 3
1 27
1 97
1 28
1 47
1 60
1 59
1 42
1 29
1 66
1 57
1 80
1 40
1 90
1 7
1 73
1 46
1 58
1 6
1 9
1 61
1 29
1 73
1 69
1 29
1 45
1 37
1 37
1 45
1 22
1 30
1 67
1 81
1 91
1 18
1 75
1 15
1 15
1 71
1 21
1 51
1 99
1 3
1 89
1 41
1 90
1 94
1 3
1 62
1 53
1 21
1 22
1 93
1 41
1 52
1 84
1 84
1 80
1 7
1 91
1 39
1 68
1 95
1 35
1 55
1 58
1 5
1 61
1 48
1 27
1 20
1 93
1 19
1 28
1 81
1 90
1 23
1 62
1 57
1 4
1 29
1 61
1 75
1 22
1 42
1 23
1 58
1 31
1 9
1 94
1 97
1 89
1 92
1 31
1 15
1 53
1 86
1 93
1 18
1 25
1 73
1 66
1 14
1 24
1 96
1 80
1 16
1 53
1 38
1 36
1 23
1 89
1 57
1 39
1 33
1 14
1 95
1 40
1 81
1 16
1 31
1 75
1 12
1 43
1 71
1 2
1 45
1 7
1 5
1 26
1 69
1 19
1 19
1 19
1 37
1 15
1 60
1 2
1 51
1 8
1 64
1 65
1 17
1 17
1 73
1 55
1 28
1 37
1 94
1 35
1 41
1 8
1 43
1 58
1 63
1 68
1 13
1 26
1 48
1 37
1 67
1 41
1 53
1 77
1 77
1 17
1 50
1 16
1 38
1 64
1 62
1 56
1 5
1 1
1 29
1 5
1 32
1 23
1 99
1 51
1 46
1 68
1 94
1 46
1 77
1 93
1 2
1 83
1 58
1 10
1 74
1 45
1 6
1 98
1 41
1 90
1 81
1 2
1 93
1 66
1 54
1 72
1 75
1 67
1 38
1 48
1 45
1 39
1 72
1 68
1 58
1 93
1 58
1 58
1 81
1 57
1 80
1 8
1 94
1 94
1 70
1 54
1 90
1 69
1 43
1 74
1 9
1 48
1 56
1 76
1 26
1 27
1 2
1 32
1 73
1 81
1 75
1 5
1 35
1 68
1 23
1 62
1 44
1 98
1 91
1 84
1 20
1 69
1 34
1 93
1 8
1 60
1 67
1 92
1 52
1 14
1 96
1 10
1 46
1 26
1 89
1 83
1 24
1 43
1 2
1 79
1 66
1 12
1 60
1 1
1 68
1 73
1 83
1 8
1 59
1 47
1 86
1 90
1 22
1 69
1 92
1 89
1 90
1 69
1 67
1 63
1 21
1 87
1 32
1 45
1 48
1 35
1 29
1 70
1 13
1 25
1 58
1 98
1 42
1 19
1 96
1 91
1 95
1 50
1 25
1 76
1 91
1 81
1 70
1 25
1 2
1 85
1 23
1 51
1 36
1 38
1 85
1 62
1 36
1 71
1 17
1 73
1 22
1 74
1 57
1 79
1 26
1 3
1 76
1 27
1 60
1 4
1 97
1 34
1 7
1 85
1 100
1 39
1 64
1 7
1 13
1 20
1 8
1 32
1 97
1 81
1 23
1 80
1 66
1 85
1 61
1 44
1 60
1 62
1 63
1 40
1 84
1 91
1 75
1 42
1 59
1 100
1 20
1 63
1 55
1 24
1 96
1 25
1 57
1 95
1 65
1 79
1 36
1 91
1 64
1 72
1 92
1 27
1 38
1 100
1 27
1 79
1 22
1 3
1 85
1 12
1 87
1 66
1 8
1 36
1 34
1 82
1 80
1 60
1 71
1 36
1 8
1 68
1 70
1 25
1 57
1 40
1 25
1 78
1 63
1 69
1 81
1 17
1 85
1 7
1 62
1 69
1 39
1 55
1 24
1 55
1 96
1 14
1 98
1 97
1 63
1 51
1 77
1 58
1 13
1 76
1 42
1 37
1 92
1 92
1 75
1 28
1 28
1 7
1 3
1 6
1 7
1 9
1 48
1 24
1 65
1 69
1 71
1 90
1 56
1 1
1 25
1 55
1 89
1 3
1 28
1 90
1 69
1 31
1 19
1 95
1 36
1 39
1 36
1 13
1 12
1 3
1 29
1 60
1 29
1 40
1 36
1 43
1 44
1 17
1 41
1 68
1 81
1 64
1 78
1 67
1 68
1 13
1 2
1 89
1 28
1 51
1 88
1 32
1 2
1 100
1 19
1 34
1 3
1 22
1 62
1 88
1 25
1 38
1 24
1 49
1 52
1 29
1 34
1 21
1 85
1 32
1 60
1 28
1 2
1 87
1 62
1 35
1 69
1 71
1 50
1 92
1 26
1 60
1 6
1 29
1 29
1 83
1 54
1 12
1 11
1 16
1 36
1 89
1 29
1 24
1 82
1 47
1 31
1 33
1 36
1 99
1 54
1 68
1 79
1 58
1 5
1 61
1 11
1 61
1 39
1 18
1 64
1 61
1 87
1 86
1 49
1 13
1 74
1 84
1 58
1 91
1 68
1 10
1 84
1 78
1 55
1 17
1 43
1 43
1 72
1 26
1 89
1 60
1 40
1 36
1 48
1 17
1 58
1 96
1 61
1 2
1 65
1 23
1 69
1 40
1 48
1 45
1 92
1 44
1 84
1 64
1 76
1 68
1 32
1 63
1 36
1 13
1 90
1 77
1 97
1 64
1 77
1 60
1 99
1 94
1 27
1 59
1 3
1 14
1 36
1 56
1 59
1 72
1 12
1 28
1 99
1 71
1 14
1 99
1 9
1 48
1 29
1 90
1 85
1 56
1 57
1 85
1 61
1 84
1 84
1 98
1 4
1 30
1 83
1 84
1 63
1 87
1 95
1 77
1 99
1 17
1 82
1 46
1 71
1 38
1 52
1 65
1 48
1 8
1 33
1 65
1 59
1 91
1 90
1 90
1 16
1 65
1 45
1 74
1 74
1 34
1 16
1 22
1 83
1 7
1 61
1 80
1 79
1 76
1 61
1 12
1 81
1 55
1 81
1 85
1 33
1 3
1 11
1 52
1 99
1 75
1 80
447
356 26
762 32
616 70
511 28
206 37
39 52
588 33
587 41
147 82
398 95
229 90
524 37
435 41
569 5
574 19
872 18
368 13
1 63
36 6
372 9
748 23
487 7
277 25
740 5
763 84
331 48
323 44
272 80
340 9
472 5
552 56
548 17
280 93
733 16
67 100
310 52
186 74
183 59
742 63
2 16
532 15
91 94
32 68
225 48
651 87
585 36
208 26
104 19
38 92
427 41
890 7
792 83
193 97
369 39
632 65
111 82
724 29
765 32
707 48
162 99
830 40
778 83
809 83
611 12
573 15
819 57
582 85
43 16
566 48
727 27
113 13
151 16
549 97
160 47
618 96
624 50
760 58
559 18
223 99
471 69
749 56
376 69
575 76
627 65
424 16
41 65
73 66
252 90
27 67
661 39
25 90
411 98
187 72
29 12
52 61
10 9
334 25
788 8
735 99
822 64
841 97
817 62
617 3
71 55
457 11
490 27
739 92
558 89
292 32
810 36
738 32
19 78
420 48
204 57
173 13
428 98
757 11
844 75
440 44
274 40
271 56
421 10
418 21
482 10
694 34
396 14
319 42
793 4
107 48
899 30
181 57
354 60
8 93
596 55
806 31
236 93
535 8
210 55
244 89
114 36
119 13
330 54
281 46
864 55
885 69
875 56
710 34
737 80
155 5
110 44
343 42
158 72
649 92
44 69
366 75
820 49
13 61
196 84
523 24
824 85
465 35
336 63
514 15
625 81
546 79
448 45
393 93
322 22
72 87
876 90
189 33
866 22
68 74
386 14
796 70
691 11
399 22
491 92
256 18
291 93
652 68
325 38
132 66
506 62
250 28
370 87
118 55
831 9
327 18
48 67
450 14
781 32
663 87
798 65
795 21
816 16
556 71
307 68
859 25
335 84
577 66
92 24
613 60
28 33
614 40
264 94
636 24
362 84
347 15
345 4
600 83
500 72
228 47
94 31
211 100
123 77
797 100
452 19
541 67
149 29
829 6
884 65
716 67
5 44
144 47
459 52
723 40
299 58
751 92
131 9
509 10
47 84
615 54
431 1
540 50
260 41
31 13
416 63
852 27
226 37
353 92
669 33
276 41
286 86
46 3
318 98
142 5
571 85
529 77
719 71
295 55
750 33
81 80
708 79
743 3
17 36
430 90
462 6
672 39
24 27
263 37
251 17
163 15
726 91
120 100
294 65
58 98
324 51
836 83
807 28
408 77
373 31
224 42
481 27
412 78
898 82
881 90
545 54
894 9
496 6
391 15
607 17
758 60
74 18
867 1
275 99
518 96
706 22
790 59
563 93
786 34
525 8
33 60
350 20
832 71
886 91
826 74
628 7
59 74
69 99
90 51
645 41
406 21
818 66
854 96
794 90
415 42
179 10
634 38
557 9
789 52
803 48
689 47
638 5
504 83
670 18
326 89
316 34
522 19
434 95
130 94
521 76
812 68
417 59
306 79
287 88
453 79
635 73
447 99
456 65
253 30
85 97
489 91
785 82
237 33
772 31
255 90
865 87
352 95
849 59
82 91
365 37
100 41
825 58
125 70
608 64
839 6
648 94
134 38
338 33
745 57
773 93
768 9
42 19
309 4
848 69
486 80
305 92
153 17
883 96
734 100
141 51
232 51
860 82
512 43
432 83
198 21
364 30
621 96
505 9
599 44
805 29
442 24
371 36
437 42
400 28
783 55
570 49
390 66
547 50
381 37
209 62
61 48
592 14
732 18
777 2
49 76
99 56
11 23
572 34
828 13
197 88
857 72
188 3
896 34
243 58
303 82
200 41
83 49
438 59
403 24
311 30
57 50
891 56
542 35
889 56
626 78
597 99
650 28
610 8
289 94
463 16
234 86
644 36
474 11
519 20
18 66
165 13
78 80
468 88
536 36
177 88
665 81
382 90
699 32
3 31
446 17
22 17
715 64
23 71
146 7
77 22
767 12
301 63
833 3
394 31
601 4
782 7
268 34
526 19
878 100
385 40
175 27
530 100
199 62
401 45
75 39
