1083
1 37022
1 265054
1 184002
1 83723
2 23355
2 343935
6 387687
3 924090
6 220323
3 279703
10 216520
9 705142
8 996248
7 740957
4 785771
13 49615
5 891748
7 930793
10 142969
14 276308
1 733277
10 520347
9 905860
2 756196
9 305147
20 607588
19 678424
10 332410
28 788526
2 768368
19 950683
20 349601
8 219448
15 403416
30 298787
1 324381
33 172201
7 192237
12 812532
21 774674
24 49178
12 289953
38 378064
19 940812
27 767087
17 880956
38 586197
25 932018
34 221280
26 754095
29 993892
46 76457
12 20439
47 321096
34 172999
45 254504
56 3750
53 973967
7 513098
35 720606
24 376531
29 78335
51 349938
21 634685
41 247810
55 896186
33 948924
54 921415
11 380605
34 537028
24 811610
62 232711
15 801343
65 579257
62 615062
8 135445
22 389279
29 972900
1 598632
66 551430
73 12782
27 540327
68 18111
68 819213
63 56234
30 856653
23 353685
73 663729
12 294447
73 811476
64 742083
38 601153
40 733097
55 912533
56 734165
28 671377
34 861992
28 863963
29 689466
93 969647
34 499294
40 400900
90 631362
42 917464
43 617645
54 395583
1 221127
70 416814
90 372496
21 722869
63 950601
60 679538
10 450207
7 771222
103 719615
47 375753
73 901710
84 794861
44 462360
83 200575
61 349253
112 186367
58 144487
22 792883
65 376768
50 127099
4 988198
86 420747
86 718582
17 560200
121 880387
106 922678
120 143371
45 613697
31 282945
75 240332
21 980130
55 936281
76 401554
42 122625
136 941050
68 307892
112 790987
73 779146
71 282713
114 171470
138 307829
59 945055
30 521250
149 268097
149 94091
28 505985
136 847515
55 81786
70 768421
94 608697
70 503104
82 168740
70 803853
65 836303
157 476073
73 748096
39 471085
18 491788
151 265767
161 776420
87 326341
77 390258
80 206928
16 395518
134 989498
25 368125
88 619711
52 953683
5 590117
113 985697
7 968964
99 861663
160 950553
121 447999
143 687233
12 410922
29 452270
70 783472
5 293324
181 149841
157 173523
144 110794
160 235304
14 504302
111 179953
42 686356
75 706122
13 279757
155 296878
62 307564
49 803234
27 140632
142 819630
77 300478
9 498432
36 70200
154 503974
26 273495
71 818937
198 392370
4 259477
142 838554
111 201243
133 313348
6 980565
165 646905
87 533823
124 432549
79 993294
183 927517
192 111546
85 598101
183 924596
154 74335
120 441972
98 675638
143 648666
155 632705
66 168912
51 206423
124 498755
49 786273
100 935835
157 785805
122 373596
47 564467
140 722707
50 527094
68 605639
197 890483
93 540575
70 85653
238 88774
112 849301
217 909545
165 385168
242 74069
142 564902
127 946560
166 593873
58 824686
174 542322
162 15116
121 400438
29 475975
161 942189
247 440425
207 505428
48 111357
240 538664
226 5316
218 720050
89 102126
41 661691
47 906568
53 702572
77 740217
23 733055
176 605870
249 524133
239 988980
53 70463
7 540487
131 150627
126 282671
166 887015
202 985864
115 930309
149 685811
192 89582
188 4864
194 363254
105 890462
20 408025
244 246458
73 956849
193 915516
230 136194
163 233407
160 466557
210 340637
44 203771
52 982782
70 142669
279 665860
184 248642
144 851217
196 137789
10 221881
185 611428
31 971356
155 182729
50 450938
159 864235
157 787083
100 428434
198 780740
280 279829
76 322832
243 122224
263 852563
144 482892
186 904050
238 211942
269 624517
229 582499
101 395347
95 157420
159 541852
129 482980
40 156611
128 66304
115 970955
219 362233
70 321982
264 619104
231 917707
86 183028
315 507631
237 17220
194 452067
68 258507
227 29109
63 365453
30 32593
11 505663
252 962372
7 776989
141 390833
12 912958
72 407962
55 943024
189 584724
163 476529
326 127497
287 169750
42 613178
311 930394
201 233513
321 854350
307 230909
68 255132
325 941689
223 818109
30 104530
35 161699
74 977996
215 886047
207 510596
72 229763
88 800904
255 32024
184 944569
24 841920
244 956353
254 903402
192 30173
248 695451
286 900795
362 310839
196 357889
213 197157
38 606513
243 346336
343 675283
347 590185
367 186413
329 289257
288 476028
9 94623
343 346193
307 236952
169 621836
190 954265
357 428719
100 970421
109 828517
343 764789
240 238103
126 947020
292 424418
110 466068
25 201211
77 357846
380 478576
158 328351
35 188622
15 266231
118 167953
40 223946
48 247929
54 890404
72 905727
117 139174
287 613755
224 550973
50 472270
185 569755
31 708311
62 526662
371 74283
14 320116
153 305087
119 19923
144 889473
395 956361
157 989230
7 996373
58 915383
356 657463
40 156201
44 457035
119 372192
205 870827
12 130479
308 32765
202 338054
20 948507
215 189253
320 674388
224 47972
41 607796
27 621777
266 677968
9 459438
102 118575
332 415799
225 151524
33 682695
9 369828
29 473547
191 222177
164 203782
420 953792
12 233557
159 100666
32 194180
214 960219
261 939275
220 239154
89 125596
133 127375
314 517705
181 904605
144 113294
448 413661
130 177226
445 79334
405 579138
241 352833
17 464846
342 434777
155 867447
392 604628
260 680258
178 620086
210 900832
123 704390
107 21982
182 621767
319 793746
359 446725
130 618216
55 79685
173 380390
45 769325
39 455829
183 864467
291 176182
2 961855
371 343652
217 802652
408 758910
47 243106
408 815252
157 488838
259 151285
151 970592
177 895656
427 373013
337 942417
361 915566
371 602444
330 828843
44 453587
458 135324
166 870998
15 53185
181 533724
89 12495
385 780667
354 553766
380 914674
167 286503
388 178956
1 169145
128 636633
241 937406
299 31949
427 109929
19 68767
442 142831
505 100078
20 590794
234 338322
175 194177
499 524599
405 312387
79 201491
263 178911
23 792734
202 755738
57 206830
128 617525
24 67842
157 731625
31 392660
28 469544
152 247186
19 980551
92 613327
175 730275
23 983546
52 838223
486 724167
71 532843
396 522807
111 181674
144 576602
22 447680
143 751101
153 871334
450 40046
326 630464
367 543997
259 679290
107 948898
379 363090
427 2642
249 22964
426 902525
134 246432
243 186248
415 825302
294 37667
469 757875
80 864569
394 420562
170 87595
463 474778
252 821683
215 129384
7 439583
395 616947
223 829141
40 601961
445 448110
283 868265
254 739739
264 835607
258 772691
382 743204
119 692165
556 505597
32 803611
1 326935
348 91167
238 79159
387 502997
220 199047
1 389940
184 600251
387 713816
341 359999
494 753187
248 826116
164 191080
71 136452
455 859581
397 164049
396 100983
528 357420
452 159087
544 474418
193 708698
498 703455
399 369380
199 385062
193 385663
99 486990
281 692498
361 218876
579 359583
358 446625
66 712909
547 650429
515 213392
368 647284
108 117483
2 980950
504 199816
261 558949
302 469694
164 534022
248 161456
346 131469
277 909501
210 796782
516 481274
17 447460
449 34226
562 302545
443 110014
377 126498
27 446259
112 269898
545 221991
324 460900
298 598957
394 433621
357 457277
147 776559
88 429488
174 681202
315 78571
196 370156
400 711388
227 519002
555 756629
56 697509
258 652595
318 563027
106 59466
49 860730
287 245987
203 285797
593 264737
189 8787
10 311408
345 230109
581 772403
320 72023
497 479638
444 568382
12 593724
166 135702
75 542925
261 250432
279 957913
512 979319
121 466405
621 391946
443 607173
418 310731
202 357433
660 225392
544 551092
117 709464
270 253047
135 831131
75 734798
504 950139
164 652254
192 699692
573 214760
43 75799
478 37474
441 31915
606 491066
351 798927
165 972310
78 300236
280 702196
463 843926
86 407547
286 973189
281 441536
442 309973
327 668930
611 512825
578 875399
643 333066
376 611547
116 522995
42 476573
432 398872
118 95626
679 646613
559 402919
526 762604
669 906283
383 371724
199 135596
121 439780
587 424269
295 976935
260 310727
593 111377
583 145414
666 129406
102 784592
505 384361
250 760527
403 567125
95 414200
512 320187
600 122846
17 704230
549 715257
568 821368
34 822513
147 881561
679 425338
276 306832
402 854936
269 88518
447 454265
154 785915
600 910550
281 648134
593 130993
633 170291
415 164260
510 132859
578 957194
49 564512
293 265911
680 959218
707 739241
436 598419
123 420847
213 404385
33 887528
356 969850
160 619500
254 825414
16 434003
539 106997
275 615186
176 199363
19 360150
253 490210
113 98060
1 220849
686 717682
152 566804
415 525646
88 934712
209 488401
351 312807
222 376219
22 619140
487 113309
99 998109
35 234945
605 709105
636 188844
281 617220
157 266804
245 597327
665 585930
17 478819
488 366637
4 439318
487 554748
525 170322
35 623442
166 327028
107 388400
312 340897
372 884778
324 660801
148 551646
348 32773
105 149339
447 898094
482 233256
501 731552
179 727976
251 208659
246 723267
62 453527
763 775464
645 132472
235 196062
230 227342
737 286190
538 40245
599 418281
251 433809
511 12731
612 464980
278 222152
318 347092
339 819955
51 316890
517 248538
576 357793
427 122122
121 463068
583 744129
146 489126
61 497432
586 218935
764 442972
312 126807
604 913669
39 275078
456 482313
94 734006
653 569987
42 952953
281 634268
778 137329
396 181049
214 371314
429 733085
486 117377
772 346230
166 394373
625 648094
329 620849
418 973046
82 752536
790 172782
212 616481
399 629116
398 50833
397 773607
545 899040
250 334503
57 276105
432 447742
717 634078
288 661566
759 353985
446 264150
209 574427
623 406835
730 750125
735 847258
357 227094
765 913865
25 317752
496 8402
483 173693
233 430643
670 807865
536 893352
713 682617
199 551268
784 724958
515 724492
705 291303
400 942025
570 52943
151 800723
744 845136
752 825932
441 592205
98 601122
518 327945
752 175579
510 701335
795 634918
401 836813
511 477991
785 474464
297 492585
631 604665
247 174982
741 565374
622 154116
661 672683
65 527376
285 996787
447 221043
639 649100
417 595555
601 908103
468 553473
375 374790
254 232519
473 628575
110 375465
770 405503
193 535482
564 780520
785 32804
643 409622
490 607598
533 579619
191 237871
118 209437
311 813329
407 636634
863 840438
267 113901
409 881423
848 239268
238 159870
431 508839
720 615708
16 712105
597 339488
862 331536
709 769546
584 291919
275 343089
410 110745
751 768328
661 880337
488 982690
412 656497
537 670488
304 89898
216 132219
134 523171
49 948815
417 972895
607 50280
352 557989
281 585972
686 776487
111 292360
575 446563
896 399944
514 314160
821 13701
200 293556
678 236094
815 161061
90 357364
882 838780
171 146689
261 318200
157 483451
719 895450
18 190032
38 95786
401 955811
893 853339
559 780626
660 555913
5 811893
661 128588
14 102826
518 140323
826 75147
26 617403
931 975836
30 247846
93 276342
734 87529
905 939975
414 699010
510 594886
58 450590
121 237670
821 193742
623 928377
299 358037
541 991362
968 64369
948 390574
766 891791
686 288067
557 346600
888 819855
498 137844
187 988545
781 596792
517 137855
334 990640
267 761320
410 872135
312 887773
643 258320
844 506145
839 698770
427 347999
952 813826
528 977680
140 293460
109 813885
725 891503
2 446807
788 518311
503 145077
80 932336
35 400141
397 553224
119 119979
306 907473
223 922393
665 704736
185 761949
589 442440
493 935646
48 270337
158 186858
905 255853
908 429759
100 450731
59 653724
467 608744
883 402737
622 923365
808 145746
653 441691
1011 56125
543 937301
252 468077
348 489422
157 633953
229 776157
177 653901
780 750046
909 261428
204 864224
625 13875
167 200826
165 859070
296 114029
324 15471
639 134004
523 219799
392 741272
516 311469
689 481914
341 859733
817 16394
781 431815
946 128685
205 981649
512 129754
228 373315
725 878035
215 363690
894 398045
453 443940
17 945155
6 899567
254 591433
525 363967
165 16580
454 807493
28 415313
367 675785
1026 978100
532 37763
142 728999
222 643545
861 115537
946 705534
1044 911538
485 534996
656 497736
591 716958
560 443580
963 645655
377 932681
750 887319
960 873357
484 130638
876 708156
1028 246293
311 440799
633 874789
591 919522
106 704971
480 701978
4 621680
560 472528
516 85254
917 550059
397 650347
946
189 958635
230 843626
14 773924
127 63494
698 244641
874 511108
333 485286
882 714766
52 122691
1011 850860
915 786967
806 642227
322 267700
98 508380
112 301355
215 666080
419 198511
911 37294
768 262497
33 88135
132 137764
301 420610
429 329310
711 835365
510 599703
612 22710
635 476078
15 468843
929 308168
733 347073
593 902368
1050 547362
977 36005
901 237751
1043 306734
1057 3169
450 123510
885 277304
688 772967
421 538663
86 14630
1021 884106
275 885338
633 19314
394 46733
27 315862
982 806695
208 915419
691 207820
825 841016
1019 350085
85 160262
361 818550
625 676609
191 491330
532 62890
389 813161
1035 985801
305 232962
844 95523
1016 325809
983 684447
708 842455
11 895543
916 344165
71 509108
287 312944
368 982941
69 91819
469 851524
546 191541
1005 778314
808 223275
411 231443
314 599681
254 256962
303 965908
169 257600
29 590359
652 540237
1070 220795
194 102970
895 65435
26 764834
53 325796
227 69931
422 527256
843 158261
627 557579
949 49239
153 972140
62 771003
489 56755
600 68549
447 514102
903 266381
238 511053
1 844164
336 496190
1076 313331
401 573661
393 140715
432 458723
452 306757
148 79003
701 617061
356 718750
70 775264
442 902387
39 658503
771 430137
795 982080
479 199119
142 898630
616 439433
317 954031
700 895399
260 288929
637 7698
744 152773
102 758910
6 714716
534 155263
484 787938
538 679483
747 795816
1065 17095
848 521547
425 184239
960 374347
528 361083
371 634683
841 427296
66 610023
226 284026
604 79124
803 522882
666 736440
137 222888
1054 91727
495 874297
855 977348
657 370153
571 170117
910 520751
396 890688
965 55754
905 455857
829 248378
55 398041
274 592662
578 414392
994 914108
266 2277
1064 3009
603 176048
859 473549
130 612848
659 327549
362 53424
758 431114
471 860102
985 274014
1003 81820
577 555146
972 399034
518 671419
807 369679
986 982055
930 685225
912 561203
828 429807
974 528500
681 377718
531 593928
213 312488
873 146742
219 18553
443 602001
218 279467
575 351150
228 266957
583 48786
99 32163
325 372752
1047 543593
962 125951
778 250906
892 429172
566 164188
935 650333
267 834328
644 719118
42 75870
1069 789873
734 356166
379 384284
788 462768
1036 924282
426 23212
154 677229
72 41074
185 825527
95 409870
939 602801
271 617363
288 785316
321 764285
704 990034
92 176613
876 32713
539 300102
380 588572
991 525754
106 977542
270 644229
650 866142
527 200746
164 611053
867 242212
456 561906
741 514756
548 817314
197 965357
766 878326
1052 794087
613 134615
1062 619284
462 748789
392 833230
65 717035
186 613169
521 203886
545 948594
331 541278
1009 536509
397 120877
723 122846
444 450995
770 199517
937 935219
567 28005
814 910988
714 340097
1024 544935
59 97919
854 874179
21 326092
914 976177
475 898649
1053 116740
16 791089
660 402646
519 479417
680 254057
757 432040
364 716770
670 867032
802 52602
155 324349
391 222545
211 357554
256 85736
405 514078
894 429520
756 562936
715 411544
611 836214
783 70504
654 304896
60 567692
433 344008
754 193970
121 843463
7 750768
205 420476
170 522896
173 464126
507 302431
956 632865
900 389181
878 315675
503 766854
348 499484
646 52221
459 782949
329 805748
764 474944
195 831062
1040 334712
597 115333
679 206156
767 502936
591 164317
647 334722
40 134834
51 192350
1045 644522
1030 112916
729 445263
907 789490
838 99841
192 985303
199 630601
749 931922
76 49919
1060 346446
513 991095
504 269082
993 704308
792 785876
203 465795
552 909455
724 853607
607 738222
35 764771
933 325112
309 618627
370 498060
284 79318
1032 37704
486 260471
976 706501
145 256588
32 832788
46 181065
1066 285991
250 584882
824 748188
430 665286
283 76593
837 184082
2 337669
573 91199
152 455270
246 791771
25 565456
477 977338
161 402494
332 288031
67 302986
775 528714
958 687510
353 464850
177 400047
399 950531
1080 242419
403 954460
160 760422
1073 932107
457 530518
12 752287
835 491234
193 784257
547 494630
1051 182288
446 483001
282 403063
1031 380969
350 153257
38 516127
798 271760
74 810330
465 244741
89 869052
253 854910
313 846228
811 880408
989 965109
5 946121
281 639233
1037 991764
1002 195420
398 413416
449 251963
508 242945
100 559975
438 240127
387 140599
686 77936
549 91666
73 989531
629 198354
377 616054
842 678609
272 842190
712 601427
634 435084
1010 450696
609 116330
668 123982
198 561198
630 942711
295 73880
113 326005
483 663185
979 996422
726 547650
1023 92424
372 548947
176 641607
969 633936
133 169114
595 333638
168 735111
163 574195
45 6588
319 974652
48 28977
101 306496
673 991805
511 157619
37 639115
861 403001
232 976530
887 461745
435 84051
695 789678
730 456218
731 632987
785 358680
683 210944
291 384863
427 189489
522 767892
533 935002
649 328971
165 673535
587 82608
171 766101
736 24961
790 444030
980 340032
269 513175
687 144643
932 421187
897 336502
496 442379
618 455597
581 305319
559 197027
782 222257
502 944216
934 732410
402 55044
1079 61253
964 617134
761 836089
746 27033
990 418971
463 165984
1078 229861
404 39127
926 863598
180 131765
827 59786
966 223127
221 595088
702 459615
812 671638
445 816010
692 270486
366 659403
617 554045
852 314908
93 993338
544 78986
732 273445
579 887357
278 923911
676 127766
957 607517
1025 948098
941 46272
23 991854
280 840816
149 337284
156 752829
360 886154
576 523342
448 608787
899 872102
805 576548
943 398241
162 538250
373 454063
713 616824
264 691142
1042 308695
794 587135
772 12614
147 473799
141 455303
63 918733
1014 219227
342 464462
248 369526
88 774505
759 437108
973 620431
656 213435
407 170270
718 430600
722 998180
890 845563
115 706544
888 440970
1000 880410
648 510954
981 651544
563 646984
588 245529
671 221825
277 884664
639 930977
850 268353
781 232024
515 61317
999 517679
408 269763
864 65509
791 204655
224 579800
622 328397
123 157165
1072 367280
543 543332
682 546294
868 538214
860 862852
128 648787
963 993192
773 30385
41 43504
225 187267
599 560261
884 950473
345 251148
1075 177669
500 973492
480 109227
44 994473
386 40628
202 103191
1038 293904
787 91326
466 662303
631 531422
458 889351
786 955430
762 568769
150 18687
653 403332
862 996951
624 935818
410 27617
952 925831
1041 774123
568 772102
1048 386901
725 708864
416 393807
883 251637
434 320747
390 584331
482 531753
49 780996
636 495768
310 416553
870 894242
297 202224
565 772100
819 779179
388 424779
437 633765
383 509755
358 142337
1033 828589
470 63971
621 240394
1049 646471
406 102532
136 621230
1012 934998
554 606627
642 348574
946 424835
116 932046
672 569983
498 809690
677 631124
743 797189
68 104728
214 674512
596 862310
120 297025
959 260275
1046 946491
615 432217
1013 872410
488 372602
181 347353
478 811523
846 346229
338 459785
90 444856
9 180790
229 725506
582 525412
669 181343
706 379500
10 474296
114 554349
953 476040
970 436594
918 490284
699 145849
290 212813
138 126685
61 928130
424 185567
590 861130
357 282103
276 784038
748 890844
931 872933
674 938485
921 66550
320 127987
494 624751
289 168580
594 29732
886 118817
505 804182
853 344749
328 442277
409 182617
273 183653
760 446117
352 9348
3 56100
1039 19352
961 877984
678 334190
922 969517
512 486711
661 513179
928 681528
468 293291
315 377926
623 407488
306 851488
378 414124
658 36399
940 313591
506 172864
56 6284
183 297010
832 162210
144 352509
1007 515679
451 774888
851 851698
755 142549
836 596638
77 236128
296 125361
551 194830
261 58718
1056 181517
268 112955
1068 975038
472 952961
992 562269
13 486606
1008 586029
17 171646
619 565203
135 90689
292 41665
1077 303212
751 3167
871 413947
1044 704995
769 808870
460 898877
365 204179
349 162466
487 241024
1029 885663
550 389807
330 385693
585 770721
140 673300
204 67298
167 958959
693 165883
728 320207
880 909078
815 337013
31 315979
300 430207
312 752947
339 491555
818 846273
235 577754
663 944957
209 599483
1020 854352
817 725311
602 77443
942 419529
131 130346
78 103331
43 368441
231 136359
157 649848
810 541074
737 775011
324 227821
889 714845
111 543892
640 148551
721 42627
996 69962
108 575159
938 880062
826 812955
58 625277
326 674563
988 612340
804 809679
923 697877
244 835035
689 253134
1015 890175
75 143446
327 131778
641 862762
896 78845
263 850580
143 54095
796 195037
745 487933
172 207725
188 446436
524 547982
187 525861
1071 564884
241 319926
530 37500
1074 599105
97 2334
1018 706264
537 929514
418 223854
103 132721
243 409637
200 40108
376 663868
24 246340
906 947522
233 783814
872 571779
561 57546
28 950604
516 224737
834 460332
413 406928
124 238753
47 308877
294 935816
797 689664
1017 629760
707 294691
119 43457
967 235379
492 440858
1081 948653
323 956620
514 331814
662 59463
423 347614
920 297357
417 567468
645 497113
316 562529
572 733074
655 220041
262 2433
526 76927
340 906421
1083 53200
739 659901
485 298435
258 628489
727 750143
525 597718
638 480591
307 264262
4 111515
385 13700
908 825442
847 945880
998 891819
190 457744
335 89575
464 920042
82 847794
954 722941
945 146178
369 320046
83 332125
428 831187
948 142566
709 270533
564 385333
159 455880
978 476978
118 290685
251 703051
589 55848
823 505951
891 270435
400 765507
950 328325
809 431447
363 590609
341 788855
995 482016
821 294664
1004 872107
151 198150
476 570328
694 54652
217 111084
987 663974
816 811867
557 473344
501 732941
252 289662
947 562188
542 747646
216 58578
592 871694
820 307945
129 523426
893 791434
601 345323
318 483274
626 700780
776 170035
955 989762
913 398570
716 764343
222 754741
94 543529
415 115911
840 634285
944 403872
22 871001
856 661807
875 503324
234 15979
64 516770
439 695252
774 606873
664 480223
909 286175
236 747179
182 127073
927 864120
620 326361
879 997097
800 350544
735 930463
719 175790
381 185224
667 966406
997 882625
355 363276
833 816124
374 970867
523 631815
105 928187
175 175554
1006 149655
690 330017
898 100274
675 749915
212 173992
158 610310
497 417081
1059 850963
1067 341698
54 907767
1022 857414
347 292899
562 921957
81 640668
499 475215
304 513798
750 645193
237 673772
558 159097
904 950996
455 828540
107 38141
255 577690
628 363361
975 758368
454 365687
784 790582
866 299046
34 570350
799 775641
569 237471
643 240712
684 283899
247 823681
50 763258
763 290038
453 487357
96 460786
346 464399
869 136517
302 924057
801 208026
925 575660
178 454459
1082 859640
84 639020
57 939405
936 967914
536 616335
184 267814
917 600306
196 967014
420 79894
126 509769
610 433291
560 764872
122 385934
210 738025
777 645216
720 408768
