11924 358079 704080 661697
500
97716 795308 102548 887232
67821 693972 80612 734384
175453 949038 184430 961329
12529 521748 27896 575375
865500 460423 868339 534323
734761 777627 744812 861977
662676 7584 673996 46577
859826 189461 866231 287854
883946 375813 889464 437783
722904 399624 727823 447767
886726 410863 887508 443890
173452 167547 188645 219301
259617 905076 259879 947182
733901 738342 734647 781701
464173 114238 471660 192655
387048 257201 395141 273094
346964 356654 362148 389699
527486 139742 537458 171663
625568 421330 640569 482608
189388 500044 196200 531241
532311 516146 548974 551542
554044 350456 564387 367970
456039 667744 462943 713569
74096 737265 81952 785560
701792 211473 712606 243849
756421 606796 774167 649587
662159 10717 662370 83252
280484 239210 289222 283312
853511 892840 857101 931238
938609 906289 942857 945032
357465 701867 374117 794976
844226 438699 863831 521606
279364 848255 287755 945295
97961 790864 105446 811073
957447 707236 973160 806687
256010 158001 263330 169682
781877 911374 801340 957564
310784 107539 316015 172161
708777 462633 720401 542279
951306 930875 953911 981592
429328 639335 438304 680993
273682 908982 293573 911418
521877 654488 525666 751124
304876 52924 317208 110732
398050 950970 405253 951829
952458 93373 963554 130123
362659 525483 369124 567654
525460 33684 537831 104125
149294 512132 159486 549905
418858 831497 423095 875906
176325 275795 193625 344304
815061 794751 819668 872044
710910 132584 719177 181141
524861 115316 540579 120790
115256 635107 131433 683454
911413 204264 917792 297012
239553 85587 249378 91884
165723 281842 173892 293780
115786 66054 130734 118389
866431 723958 886255 823830
103954 343624 107817 406598
515039 805446 516227 845047
712053 10725 729136 84496
769044 36569 780300 85040
75276 381174 91618 463067
470263 538045 484367 572897
983139 104381 992979 122913
668578 917495 670672 956731
822178 56962 839268 143156
301362 932471 311873 980884
240601 976053 243898 997134
486053 62130 501894 62990
770041 682602 782009 707478
275949 460407 287001 536302
691866 718440 700304 763269
467033 430003 481263 469995
482508 222735 500997 234872
731392 110898 734290 123873
415015 873086 429517 938467
555716 515283 555803 570405
72604 787160 73729 817820
637451 384156 639133 433205
428063 94055 436554 141527
65592 698963 78560 780602
888062 729697 894473 810871
325656 355926 333713 444518
389699 367939 397215 464825
382848 895022 389172 918031
96383 572541 115875 665137
410609 304742 415326 342335
697560 612923 701106 636941
878637 445577 879931 447510
725028 730862 735226 773030
648490 57129 662107 96128
683895 898227 691824 972034
874497 718326 889480 743046
495347 255482 502506 307186
949580 219793 963918 249310
916044 475634 922044 572320
385215 129187 385237 171911
708337 397345 709276 411156
708342 603836 711889 675960
77617 134017 89954 191313
124021 151569 141643 225970
163803 578359 176839 637877
741809 183577 750849 235138
936860 597577 939610 630617
195670 472294 203754 515413
918848 575961 920265 642598
956107 552790 971818 554427
602310 195408 606763 229216
428906 292681 442208 311527
304660 713796 324631 780177
58135 171932 74817 265184
399684 813949 402328 848963
543255 60428 546781 93418
81450 143238 90626 237168
223594 273813 223931 294001
518642 641336 528099 651822
653240 794192 669044 893771
855294 246458 863371 296396
251227 575171 253511 625875
236680 554281 247758 626265
52706 518777 61564 614042
674372 606324 679716 696606
966044 374801 983600 420324
702702 50768 708637 131544
235339 154756 254937 166786
638284 54010 642747 102554
351523 705617 351891 778957
85047 614144 94073 689989
131353 425781 132250 499797
816389 470928 823588 474725
788779 369110 793528 447857
649873 423599 662230 445358
633793 852863 650194 868339
633556 631580 651686 696057
563234 34396 580236 49886
145457 406663 148423 410948
370812 505191 379328 542032
655380 10366 662005 100937
717073 851336 730407 877336
410724 687378 418871 726340
206152 669934 217108 768105
11415 393928 21840 450446
115516 881707 128046 881778
263572 870286 263980 961636
219874 388197 221116 411037
963754 495021 976251 497395
520029 954318 531001 991508
517988 418210 535302 474423
674847 551870 684695 557383
458902 745411 478077 787369
77119 728491 86178 740218
747070 255347 748837 352505
865032 621596 867379 718701
778012 191585 784156 220693
325112 194111 336628 280807
892785 892567 911807 929527
978774 483506 987780 557992
192454 7572 193029 85055
904456 743370 916119 755236
55264 523508 59949 557614
858238 259260 862979 302533
746622 478427 760644 534220
483921 417331 491073 461924
339937 828448 355227 833861
400039 892352 405679 945400
713564 391722 718053 452760
462051 762532 462504 782343
322572 197456 332226 209606
463154 51044 471463 74896
72132 316247 75309 338031
642078 324771 658548 423981
791856 368811 810891 440593
405136 258540 417175 295065
258368 496112 277321 497701
238333 255292 249767 269215
756435 420601 768296 429206
818 163434 10059 253408
273860 192038 279165 281000
674521 684341 681714 714272
940505 931926 958316 997304
634907 639588 654894 693936
500526 124155 519194 126062
640053 221003 643558 282238
529925 723864 534838 796098
773041 859602 784951 890142
186033 450227 205171 514390
963039 933389 978409 996931
436217 117732 445655 154140
2186 512127 20586 567249
501476 443628 514104 499971
458485 786157 470549 814895
599929 660360 602644 684505
546105 955826 556102 963741
467441 560124 478606 630759
128048 370245 137994 468452
15607 362989 27052 413503
862526 754041 874609 845804
142309 423463 155356 513033
280014 797202 293007 868797
499884 914225 502055 972500
3737 385737 10091 388951
56236 911524 74222 918589
756368 85197 775926 100925
207526 191382 224562 213176
994983 104867 996270 126912
923513 79763 925821 130487
165764 906621 177828 962922
198532 73230 217736 108382
336605 506949 344781 577439
786790 72301 801533 135468
850404 230790 856110 252707
971258 2377 988737 51317
156475 180394 168813 260445
123723 441887 130818 490857
992543 392225 994167 451232
60655 272445 78254 316310
301533 69546 309107 90509
569741 134116 579303 222481
634283 784879 634962 852701
270996 468521 287596 556861
45081 497737 61877 549654
338641 476494 346142 480312
668885 426 682338 77464
71886 581552 75378 678614
796545 551310 808898 558806
390756 65665 405591 83126
903724 70589 910435 152593
707173 453083 710350 545208
358508 501775 374074 575396
808733 259889 820128 299384
530671 858945 540713 860933
681196 290332 687891 348435
930906 266066 935108 313791
56454 890489 72977 984908
839295 798200 841806 823205
665559 13858 669222 81221
179512 158722 196772 212804
399172 838898 419098 923758
967877 900621 987597 941248
665288 753674 675503 832533
578460 273261 598069 368066
322168 303709 330633 402836
543481 293849 558879 350521
496572 260241 506426 285388
258056 56433 270745 104264
442713 404824 452885 497489
554684 866452 570416 932327
761421 815396 776334 879986
770776 693327 780276 760239
819076 496356 826036 538263
116207 680928 127294 686524
966970 942023 982651 980310
640954 824296 654991 921118
92520 642061 95006 711799
546229 60618 548970 143358
72493 87037 75393 154337
599053 391345 605274 488462
726667 157253 732583 223653
762840 175022 768547 188467
679939 155461 690200 196037
255255 46812 267670 51255
729391 601216 745838 671627
559937 769662 561808 848003
373879 916862 392343 974443
458383 739049 462140 760689
357848 231999 374996 317341
355547 81624 373286 122989
818405 304544 826957 377746
754223 238631 761676 288625
480632 814326 495909 867158
247113 892439 263821 927488
614710 530993 617503 600122
563189 849384 564186 938995
972107 278780 985981 287701
123792 734079 137736 748839
103904 74691 107343 83102
880888 268323 895502 361682
113280 786354 118474 816489
338037 693871 348606 703005
881880 206948 890602 299597
356177 176143 358351 219530
608184 353649 615605 406169
709554 580367 721359 584892
121513 467565 130658 495681
421014 736981 422838 796599
416707 454073 435489 476225
601820 173952 612004 197330
471445 538357 476121 589372
287592 85885 291117 158970
760344 531203 761396 592298
217608 12747 220905 77006
827216 183985 831873 249403
622824 266602 632868 325531
237504 92282 242647 92680
436735 257241 453533 294530
722915 194676 725187 222837
921669 210544 939668 296977
484417 441233 496974 445625
581776 330460 591200 429480
52540 675550 67399 765338
520306 170687 539485 250579
120022 504300 132110 584037
172759 149057 181640 177076
543371 602767 558739 680413
68324 477769 87968 569104
212392 210094 219598 300594
74549 748287 88347 781404
447838 948544 460165 968563
286561 869006 299528 932778
325476 701646 344219 729201
534213 887255 552784 925274
684227 677250 692903 732824
615834 924097 625618 941430
874593 10443 880637 87472
297540 532658 306519 583983
448501 100407 466092 119055
30515 68444 39849 116287
654722 823089 656698 908963
442619 685945 449064 729320
334408 290186 343846 387184
732919 723275 750530 745368
918019 117529 930185 176552
362820 803743 371455 849914
928745 69834 947158 133932
949574 79471 964398 89461
555983 9047 559705 97495
104481 465858 113636 542598
664810 722551 667832 759975
586726 546267 597950 633467
399555 107827 407360 131611
797015 445602 813225 525802
28227 673949 30469 728050
823612 926430 828213 947915
643290 677522 661061 706353
302487 822511 307572 900782
655917 696605 661857 705515
201054 269187 212248 303125
36659 580608 48797 676893
160386 518568 160587 614833
148309 226206 164654 297475
859677 502585 868883 567656
148453 173928 149829 241320
49383 512576 50196 606302
704661 711979 715849 798832
380944 215862 399552 253070
621651 575926 631997 612806
671081 154069 686682 228804
920341 574017 933770 574019
463376 162690 481243 175995
849317 88545 851490 180934
762618 241690 770273 326768
557407 921704 560756 938696
969349 345616 984954 369436
245697 71483 252156 122797
823035 334542 829604 361506
514150 362057 523717 386043
357923 157 365685 74977
387760 711227 392589 769498
610585 402993 611161 493291
353021 335047 364218 387669
636994 741352 640393 778558
178790 903158 190334 972547
320355 617830 322105 675684
509535 423980 514454 467714
978690 368343 982340 381998
683909 189317 700441 221696
558840 98594 577005 106566
249581 693230 257731 791132
772317 581661 779711 627566
220000 146647 229750 229811
153607 321619 157746 381976
827643 256265 838741 270820
581520 106661 593522 196005
3796 651253 15373 740193
193039 695780 200326 711600
873203 489252 874157 564888
560458 546263 571046 616976
698404 172900 710445 261834
146306 633672 158990 730590
842778 544840 844312 573870
241227 188320 250099 267378
989520 79743 998973 81174
855432 407809 857045 473929
338776 30565 356630 125773
609611 597468 613725 602969
882742 58379 893876 84815
422639 671264 423713 692486
914230 727711 924266 813047
853564 432 862446 27105
128452 622241 144412 715719
962984 912054 974468 979324
653590 342344 670256 419196
629072 79875 640713 118614
581487 106287 598417 189145
810485 432058 823676 434719
192910 773746 205209 819580
459371 966029 474453 981494
644875 103460 648997 202366
512133 685886 513450 779846
246284 278156 246990 350376
620178 253032 626475 333534
398492 949815 408505 997128
298308 496776 303304 536982
328760 211811 339944 240187
942481 75628 943062 93831
787293 503228 793009 537453
740802 607622 757963 626596
88115 712485 101705 772772
235076 708847 236395 772580
524264 723811 526715 770306
662534 14721 669142 112388
95542 947643 104486 985323
766675 167776 784616 245335
778155 876232 795814 895056
44098 248192 50473 317666
714676 5775 714750 26048
974218 714047 982609 809933
987301 706069 997986 745122
88761 285282 100876 360994
804330 584896 818843 674484
906840 316099 915746 350569
501152 923462 501287 953127
39849 358690 57050 364488
480628 147987 494097 229013
820167 577661 838885 635084
119595 367061 126925 404135
95955 651799 109816 728315
76842 347094 86695 420338
769352 599226 778685 691501
242464 570614 250401 630926
434888 320173 453180 410517
832379 345791 851048 347601
721135 911905 728013 927242
905647 765524 909035 789974
707090 175389 708432 232210
30610 436650 35252 525557
662848 424239 678373 436003
445956 787443 454950 801256
771039 596684 784059 673386
188624 952141 200941 975133
977173 722357 985514 738109
463989 636864 467313 658234
34689 34388 40912 107335
409112 249940 426379 314454
765492 465393 767966 481866
40133 440685 50794 467319
764067 172115 773693 261896
791837 820449 810277 900150
994138 970375 996741 989766
674098 690605 691856 731700
972940 893585 983086 969072
536910 302750 544165 345107
523929 270388 542643 319027
255851 94360 261527 161661
745941 164076 747085 227328
668596 357784 680050 394300
135665 151267 151180 192705
134062 119002 148874 184838
744168 471494 753675 481820
744797 157827 749239 171595
878988 143757 893791 173940
126158 847732 137400 874373
146665 773626 156568 787933
795672 41121 802032 62849
505568 911590 510298 988768
145474 807757 149275 879947
900164 332463 911067 398373
916862 326899 921889 353984
480917 636049 487483 663384
828191 75007 836823 165538
484749 825678 488394 839388
827510 219121 844635 244692
563440 272 576404 74855
740717 732246 750484 773888
297619 781278 308337 880854
617894 51386 628643 134801
839861 825827 855788 859393
856454 65634 874112 93917
890133 409996 891367 463031
225274 839060 228083 903242
65278 306795 68291 314792
817333 518078 836598 536390
27436 565974 37137 621669
10739 527241 22098 603131
756996 940798 763750 954950
886394 253663 894578 292860
981651 496996 994926 504719
98322 703754 103717 760103
535181 728405 541167 815934
920456 678897 929983 756699
273409 384293 289569 482538
272410 552729 272418 634805
853001 817271 866440 915491
715182 118860 716111 160886
733133 376919 746673 435573
307730 273717 323290 331308
158271 824754 160124 904141
