147490 408674 562535 665187
500
876427 414564 969507 474586
568666 2513 594779 23997
494818 808439 511272 831090
684887 194372 722939 292845
1046 863044 44153 907460
442871 483302 464140 499200
473820 708693 545578 793175
331210 24709 419842 74545
832312 911511 884564 991884
585957 37075 655567 91120
374965 75453 448429 129843
122154 119669 148609 169200
38473 575371 66760 614126
585864 836430 621656 865912
200127 397106 290614 483612
512420 800794 548111 854257
656949 159372 672472 251708
282257 937905 362553 975486
892601 903467 972164 959181
427441 49066 464071 135468
374269 59952 460271 116522
114160 259018 208565 329089
221677 848025 308831 908418
565673 43867 635017 111049
790928 690030 856115 771838
564142 465766 583408 558778
348276 974461 435429 992735
23569 750807 62401 783810
550316 686303 560498 752346
933868 424062 938688 477467
145011 313696 235289 377868
527853 308938 565603 374484
172954 587334 246026 658371
384304 601212 411875 610323
63348 587808 145983 659928
844090 739964 926054 756818
723557 292446 753555 304956
525557 869307 597480 880754
171724 370323 234953 379757
628422 6177 629247 41216
243515 464856 334303 498186
326864 166197 372622 242608
502353 109470 552224 145180
677536 872246 711329 934976
12675 117577 51172 209195
372265 266625 408518 346304
645504 47588 684141 87081
835906 589212 839486 675330
598557 672678 598780 681568
651669 429490 745483 511960
155636 397166 194220 465562
587838 80662 659437 90489
780896 499678 844738 516142
208006 562881 231911 614395
612233 407863 680728 414043
632016 536765 676548 633117
483251 961910 498412 978238
234255 889392 297602 954515
548182 238049 638912 266576
508397 944315 515286 975624
413164 741478 431361 826844
219519 537192 259066 578720
8347 489438 95048 569919
91286 516806 151835 609740
272425 376856 350791 418100
5653 857485 82265 901717
480204 241920 506478 317482
767190 598638 824200 616691
161747 659805 187639 720308
622998 701672 666991 710047
606920 509153 634587 584946
87679 142641 116527 166183
881294 542092 900949 622079
542332 432044 631282 442133
171355 661131 196459 713753
702353 162373 723887 217658
195581 362100 197076 420683
308839 405273 330647 439437
492270 472796 507350 483553
723690 85219 798665 149175
912336 664039 938963 683333
455413 798045 526594 832122
62751 218118 146033 304126
596410 531895 692428 573460
469319 89199 569305 116375
714769 743878 747579 756481
263738 497639 352001 501629
466122 99367 486022 116735
297738 916152 363515 969208
668507 902695 754529 975789
771084 919550 806197 922341
374347 288768 466815 307009
40975 747163 68270 835313
136873 194983 203120 251176
383654 890404 394888 904151
239373 105334 337530 108329
483716 47782 555428 66658
682312 252919 706282 272066
56486 874700 87775 974242
291874 617740 332135 689310
639955 606182 662364 640053
772685 313512 855153 372024
604665 221551 663472 301694
339734 836981 439401 891622
471113 287927 511376 306859
253772 646860 261440 674388
114103 904193 120474 917151
316962 968752 393076 985906
265776 133663 322840 217879
599649 874815 651855 923859
575079 544705 663853 610866
341545 206237 347986 245537
549568 443558 554018 494686
369090 901015 419661 950091
78670 269732 153878 298305
12328 256471 43918 324087
486959 963895 520243 995631
275658 468122 286860 527154
472945 104961 540746 176913
217831 281145 284482 298075
405306 816142 437625 885001
465278 543738 543327 597696
272296 431542 350098 529643
406842 608898 493608 635767
461441 816657 471626 889503
837661 626655 880364 659618
322546 457226 345123 544915
156940 347618 205460 424674
897750 765236 932365 792798
29104 900911 101145 958239
401961 577418 481301 609490
564123 113886 623999 155172
560969 367275 659535 379116
653094 501486 719999 550025
721325 36420 792262 87107
320772 127420 400574 141137
799276 359693 894577 363568
688879 210835 721979 310285
123087 619276 153970 685926
469071 343100 492641 407239
382685 54908 406892 107264
499402 195240 579142 235751
832105 490458 877056 579806
333731 660008 363115 707460
809683 887040 868251 982804
539117 328137 610811 371470
343310 753679 345424 816214
793669 592092 889582 653744
269684 246868 337889 304824
519777 261918 540117 293719
311199 638395 370867 692077
805481 771525 820133 779040
682403 327589 714519 351106
407034 274360 470416 310056
724444 358078 788274 457900
676606 598454 744210 644852
173836 217890 188722 238521
883517 177070 905197 199190
683960 566226 770361 567094
814538 693835 851837 706403
686575 541667 719350 576992
608169 677803 620914 690154
777181 642593 783204 667934
787671 644869 833079 717197
556044 576145 609954 584009
652791 684329 694064 741381
671968 87173 709276 132650
734021 639700 765094 672466
293325 102376 370143 131742
732938 163975 748980 176222
680154 941468 773531 987351
331313 862954 364062 928607
522943 973301 531127 982185
534560 732106 608909 747749
743784 915189 798865 920693
254794 613785 263491 617889
964142 709888 995986 747513
694133 571640 783132 588850
454663 769510 474131 822067
886615 817056 982768 857591
875034 70715 905340 85043
979035 378934 993425 441952
259425 232501 277308 296687
852053 693233 898623 766445
555816 254108 615797 298160
255330 525766 317679 561726
739941 290531 818017 315334
613347 15175 709607 25917
289502 287548 363285 369135
179996 62006 181240 113777
542334 348414 600050 349608
405976 25234 428780 49947
60782 87778 114976 154245
276742 84839 314954 109442
655989 868833 741219 968606
123064 645095 158117 699451
642325 293992 663706 335339
735130 919394 791681 958279
446390 203878 523185 245589
353907 843209 403926 935436
953617 141535 973195 176704
671818 125301 720872 197460
174186 631966 176602 709384
564040 487029 644851 507889
686162 262205 718110 282165
727073 739162 826653 778896
347084 170638 428379 239040
793940 594839 822772 620474
80522 176608 166258 246986
151504 259352 161493 312437
945220 575713 988934 597857
589703 912492 599799 992947
502492 689819 570333 721173
685309 260007 711056 311750
671007 330811 677587 342944
912856 929918 949299 939931
663049 180738 688842 275499
906027 698843 948161 794841
814408 96425 829160 162174
431232 642831 458577 718802
354257 413007 409334 441919
255184 293020 345510 316326
129366 651687 221257 745850
564677 538808 660962 608917
201375 211986 210719 236177
774321 638147 821980 669298
452031 103924 496339 183890
88997 576558 102475 661412
650022 487473 706023 516374
755904 393377 786717 486068
877465 685096 937443 777664
23950 475534 35566 513817
338988 392507 379500 474242
369675 426439 387209 486837
924944 549227 995972 551844
931241 755531 935452 775256
253438 322175 283484 389462
296030 327767 392435 414997
502851 19011 536328 29479
352864 23140 353016 84310
416692 842057 470757 887086
611681 268973 709698 361687
860804 698315 954778 746522
491359 142516 536356 215146
121269 277746 220697 306008
981122 469060 991326 473135
90891 747800 153409 845673
117075 14709 189608 89698
837881 529941 854765 543582
86046 341640 100249 375625
309888 223208 354886 300611
678981 197631 696173 221513
856935 700206 935768 770431
585799 663496 628440 672744
503556 675700 508100 708950
52259 45776 127242 110214
354796 38486 404430 133204
262162 230126 278828 247808
57246 257355 77432 293474
780997 927705 819369 928024
755833 694254 794240 739839
110283 763101 194653 803747
427727 233908 464669 320918
771881 22614 791692 55570
129723 100584 135719 179372
617234 92284 689802 167675
22836 248640 102583 271064
386512 645291 407256 669758
699225 663368 726976 747907
930650 852139 932258 919354
589461 32387 594149 46002
376578 826411 447237 879028
502613 881634 532545 980555
305256 779862 336036 863762
602086 205253 667316 251357
492027 688296 560485 721063
477313 483662 547539 548324
379087 648738 382104 688159
346856 904986 380065 979548
464180 399028 490850 475741
353214 241967 411735 336973
24341 146534 89085 205980
673576 330145 740102 392476
658209 302681 676894 356804
270715 687960 340465 783928
573748 778050 586236 860879
62098 738295 84964 826026
647811 880757 718164 929907
722376 278777 814655 284804
370923 729029 446482 787706
679214 342749 710055 409567
229944 642599 264938 737694
22786 437876 107902 503370
751395 773194 816790 775633
694548 473794 751001 486188
224252 174633 292441 226345
773763 423712 825676 465414
168516 219625 201700 276464
111908 248585 150071 295029
349113 916682 435527 975216
474315 217215 543912 281988
762628 555218 772016 592643
449321 531675 475006 603290
528799 737360 538623 809585
239238 855362 318176 876834
399629 76981 424227 84740
411582 670108 505224 769540
360427 132447 427983 189214
792027 810998 835041 887578
78639 499516 175655 507575
343110 622449 370440 667664
745872 548274 779636 635460
475414 482075 520591 494100
597342 762471 651374 838377
759915 841870 852504 894595
701202 235851 761804 310061
223769 126381 262291 199121
793818 678629 811759 705840
735583 302997 794980 307335
684508 340831 752821 415544
4218 85007 24466 89094
660456 505298 689000 584940
799180 654744 865137 708291
640206 312150 711250 395870
317223 257561 375706 301330
653129 889036 741489 943289
44003 869128 57076 925573
97392 528721 155019 604390
776271 616659 795994 653591
44024 475915 55655 497704
728775 203190 788577 233012
759891 784661 857592 806761
156512 479002 186302 557450
748765 329091 791982 342336
180647 17728 277950 104719
673616 282931 730022 359875
316458 675047 395904 689284
549748 13375 568890 38230
910344 951627 969676 986179
213015 860132 292228 907515
340807 496842 340865 564788
317636 282413 336452 365339
913202 881584 966573 911174
818511 574631 888127 599160
708065 93308 735620 140670
588080 333948 666708 401677
7246 45370 87004 90475
274101 923327 345346 966107
682721 896723 746756 940440
337853 724566 363957 756519
171679 170532 216899 180017
872762 757072 909480 798388
376352 839353 385470 931124
692533 115865 754385 210162
364317 729473 416257 767448
814945 320457 880784 402926
181371 883020 248177 891963
736382 239267 776385 240231
328678 877651 379452 975160
867530 928082 938090 949274
448119 849555 497627 886044
702649 397635 777186 421092
231133 145107 236441 230244
780075 76825 844228 83142
408404 104105 428915 196057
278005 27143 374550 78181
818796 754430 862500 814700
241136 884716 273544 911180
189619 628793 213929 673370
36064 447669 102384 489963
480197 823797 540517 871360
169123 863882 253101 879151
520344 537753 560974 613869
845659 438649 884281 482363
471465 500501 500381 536782
735823 67089 791036 161761
391298 102572 419973 150264
290137 564129 329185 618788
914873 626140 938842 700405
177129 221991 234006 277091
586825 538520 639627 551636
418319 115634 465523 152197
19939 668773 118582 707780
229890 96622 264476 157170
442861 64479 456037 99989
694923 617838 718114 619461
32105 28477 85924 64264
757332 841108 758778 932789
883534 175031 885589 198094
783486 958688 817445 984770
778811 234319 869803 297844
41563 158095 127308 193138
735730 672439 808479 706104
580459 483642 583651 525146
701167 323881 797596 418914
708331 299799 772067 353619
853413 802461 880241 841805
171458 628241 195534 727776
800651 500395 872263 572561
46245 520986 73071 618358
170385 512376 186841 527536
7142 21810 86719 51676
153748 295308 247763 324247
628732 162534 685680 184303
598325 398263 642810 467442
294875 863656 376356 941926
708916 120378 730815 199697
552349 221028 582903 238304
499068 528169 555149 548941
487780 278444 510537 314923
263623 702950 348238 761176
831723 785983 895210 810159
861738 468275 936382 514726
253227 836395 262447 865590
90449 43083 165640 138684
714521 110519 788246 180911
466236 472556 524275 562420
64149 802681 74677 894650
448508 674752 541348 698068
343226 577507 364087 641249
385431 260821 477764 282486
137292 355125 207356 419673
333992 854805 397463 915501
638423 670249 676284 673440
549794 464246 566112 552054
522295 704463 523132 790605
262520 579630 323150 667998
165802 947626 233872 983643
443042 478528 523603 576676
249723 850291 285195 853444
582037 737557 599757 776848
502305 235960 565141 327129
835168 607953 898456 693347
47075 790577 74459 886215
139888 145223 178827 188937
564121 583235 585418 659826
888258 484896 928409 565296
279428 214824 336889 254278
705045 706003 748578 761916
710467 590675 738844 675807
560721 894899 615053 919111
662675 890257 687354 986847
396465 118553 495167 149721
557092 150105 628970 156284
377785 123463 379363 208112
27261 804880 36890 885546
313775 578553 413404 670700
263362 808126 318333 835516
740276 721329 785524 795075
361115 789771 416859 869825
833450 202513 893284 245607
183592 445088 205982 463927
491989 426239 574767 433862
282969 758655 364097 827246
517961 27692 586812 112441
948513 256385 977903 354768
289652 375577 331593 382585
464932 287325 545005 378189
643045 675185 712618 711888
472387 899585 539687 985659
250845 526397 333043 614137
340360 90891 410114 169226
21285 972297 105413 984605
554416 836900 648828 885614
89221 73962 171106 107007
857380 172034 918738 174765
354552 427747 444250 459963
26775 421716 65127 506725
927931 120874 937242 190709
241534 580971 335726 679200
222281 524783 314607 616857
740675 923042 811538 969091
718632 120574 812361 206507
936619 722950 952875 774033
720796 471525 801339 497918
341719 536059 433813 537217
485013 290037 486730 383200
173487 191870 254763 271620
438377 15555 442774 33323
31958 918550 67261 923481
22559 223736 34415 297562
963164 603215 991109 689544
291962 583925 358133 654223
418975 575007 487637 674953
731724 264816 779281 352880
358558 372622 400625 384867
383781 275636 477370 302803
108512 876270 204184 884206
296805 590197 396272 660850
881642 341264 950435 399063
195907 301570 288001 332973
885768 123014 972736 147549
426848 894318 518624 959803
533098 36205 585861 60772
671089 309453 708234 346746
115040 867817 200762 916605
919318 969430 921336 986693
325083 541504 327687 623214
581655 384086 667524 450589
265312 8772 298927 99028
