206836 262180 579136 792236
500
208277 878167 300877 943093
525089 220971 622218 298616
571054 578753 628260 674823
554074 839771 623774 880467
902759 258801 996059 326811
448479 122995 521627 154844
460621 451717 545469 512270
684509 874710 690497 951517
298961 632558 396051 732321
183753 402350 267369 442183
665435 694916 719154 705999
775550 258467 847119 273045
590118 903055 668128 941975
762402 12619 832881 17116
835053 753526 929194 804449
255407 308420 308728 341534
556573 38296 626858 94574
524546 265871 540655 301316
141661 541563 167676 620307
359084 467084 447336 497530
643545 657407 702417 721644
727641 467154 781593 555670
427356 233911 461963 259654
55981 557956 146932 650845
308354 422837 403529 490864
444834 822494 474728 898683
791173 79379 805859 116935
456421 235936 534839 299598
646788 151675 745462 202231
879257 24546 960152 60281
738953 19175 788297 47299
769475 774106 850794 847737
230707 215779 248273 308905
559905 11276 563138 40327
137879 714643 148613 779924
47814 310002 60168 352156
101651 187186 194675 263042
963506 822949 982308 913545
626193 99661 653625 163114
813049 418814 862973 434938
299502 63122 342557 83092
777952 737375 813748 766803
695111 881689 729007 943404
95622 211473 161111 239495
304949 6442 349031 27878
386961 167446 423191 177455
696680 151395 775950 176249
606360 95356 613032 174991
508138 327360 564353 337663
386906 587804 434323 618599
651478 889828 681276 979050
672239 894270 728010 976810
105868 614156 201489 615933
187593 820699 260451 892325
186013 218807 252423 224031
339443 73099 384369 98145
753910 691396 843212 790568
700163 500755 790966 595140
736155 296247 819191 316065
479908 916118 534551 956499
879831 57433 886605 95190
383747 582448 437303 605914
103132 339543 111204 433563
498251 266429 589092 364618
26443 867470 35637 950537
216184 784167 234977 817319
587768 787647 652874 886973
647947 119321 680687 183243
189305 356684 278637 435840
919749 108297 933564 173045
308629 195784 328167 295463
35959 486213 72284 583131
64772 659490 144413 711426
637558 811733 639470 818670
105157 87778 140704 162834
234246 340093 293597 353705
283429 639272 331621 667880
826688 868804 843141 929222
800501 45284 818724 133697
394739 735592 471397 832946
905942 926628 916253 932733
352563 816302 411368 844242
32453 89478 68388 133001
385183 732642 427420 820367
235296 225560 239189 271442
547659 992525 610794 998389
155521 73527 254890 156971
915871 157404 988545 233287
391880 885808 471811 952562
392099 325370 438759 411052
832717 61144 840058 143639
141616 42813 212357 120067
862439 219543 876089 273497
810092 768910 845563 818810
732274 588844 822866 621085
411708 328113 491942 419160
82501 683987 95338 688861
360807 895106 458771 955311
577243 26529 665700 47575
897058 336639 921631 426611
820585 453593 898189 546026
912235 523794 924721 579068
625223 104264 644403 166822
364303 594123 433807 646839
727086 822773 809439 842995
324420 647690 379332 708076
601658 573479 640470 587890
264289 491235 295311 564215
449746 147086 535622 246477
789909 780447 847969 817810
468655 75532 504984 153965
3005 605794 94327 608069
916372 968093 938136 989578
532031 119612 565800 194688
906659 824783 955774 830495
176873 370683 180681 392787
876572 729652 915791 797503
157166 365673 241014 373116
415629 275647 492248 352264
596331 6936 670379 40032
559098 501971 577139 548448
396508 489398 455444 529880
110 3592 53110 98040
344576 333105 371518 358065
203841 811751 220444 876477
899522 81026 979324 89086
183205 755463 192759 833468
565925 288256 572432 313870
862748 477820 915330 501471
402985 640729 427573 720217
603271 657055 641046 728523
600324 91828 692953 147849
370245 744105 405558 810332
766532 572823 864361 655775
497993 192182 557330 286474
786595 768972 847142 861715
612617 506442 620027 561111
25480 696386 47488 786026
41741 643435 137643 673032
189460 629042 276067 664691
888989 628548 916055 702463
459898 520137 534386 570763
336565 299825 422787 305859
268820 521817 294193 590985
80679 702912 130238 748209
821614 50789 916005 112537
946014 75366 999391 118464
741543 507736 825915 572347
652932 907206 702218 975069
91433 161959 179365 259819
306240 645655 406087 657800
942101 533938 997973 626958
218136 34924 249651 47191
108214 506025 194029 595895
377390 456591 443253 506263
405186 842196 434959 842455
520843 224938 555685 239499
47348 8925 99093 51763
497244 731595 585403 766846
493981 671164 510798 711932
591335 21316 608753 93532
831931 756419 859732 771826
201730 61525 271959 125075
479027 165957 479783 256485
882949 638930 952182 699381
790142 662694 863745 735844
481086 780807 486623 845791
662314 846752 756948 893391
918457 863761 938875 877303
439429 811245 466434 835660
291159 411527 346349 474400
676976 167159 728406 259601
569799 5812 652178 55918
791476 855430 860024 870944
875877 449486 939027 532107
612961 38957 706300 125261
15727 150881 100726 239914
665233 242829 728275 288835
751341 34540 786090 44420
118799 538954 176852 623056
241240 685279 340305 759658
444846 287265 507827 342910
290085 734652 331307 784948
807261 934763 882604 940578
892857 692195 914089 736287
119011 845470 140631 899576
130358 831836 220801 895203
175234 821526 204817 874035
41131 408232 90585 430859
888997 322675 889628 398272
845785 131233 944889 155244
326198 212653 368944 220042
78604 863220 124695 890991
858976 178275 875987 235370
580939 760225 604173 763450
881646 626907 944096 639900
267226 461344 316493 480756
572824 578424 632344 664426
934696 519666 980346 574900
863909 124097 902300 176717
186461 389329 259339 461658
693127 718108 710026 741923
616577 710084 701792 734752
272228 513811 280636 598152
502367 23324 512367 111238
785020 527759 844009 627435
85584 899847 152212 958356
416643 878867 510188 958193
205803 736641 225331 834344
445825 188497 510281 274315
769914 870104 821769 914309
736966 734665 778880 769508
735498 764154 813458 813963
446965 511676 448476 536595
535325 271468 552843 353971
95541 895650 155650 960170
906733 842466 985312 897102
58584 164278 79422 170356
117161 323789 160110 377450
765398 52596 825381 129409
302883 349629 315695 369946
561829 844015 609546 886435
195478 762390 214718 782552
215437 496579 297005 563103
695570 669798 748169 673892
601258 399944 648386 446461
210768 50261 219624 109796
361966 435038 421429 471141
339198 543631 379613 546748
911874 813840 925990 835734
620088 748979 638983 765733
252573 123223 259536 191146
383569 576198 454819 578362
819537 752078 853040 810625
630255 557813 630576 653126
223934 830425 260637 923416
470596 815371 546479 904037
429227 772539 457851 844977
307647 177650 309094 231170
41750 314765 129222 394068
794807 652017 836205 723579
509767 102837 563994 170572
277935 769980 356939 841288
558362 159676 601492 177198
275069 580559 284333 656611
609176 959370 661851 979626
640426 600423 653075 604288
122350 956250 135442 961372
522856 628599 597455 705203
665 227501 71328 289912
228436 146966 280987 226209
763188 267559 843734 319921
230216 830111 301414 876866
458806 748236 502329 835420
386754 323223 456584 416387
220343 696229 274768 718991
764629 448779 770285 533244
162466 185222 211343 282220
636012 425954 731611 461334
987224 110521 992009 129102
725043 269709 790424 318242
1992 703286 100517 749529
756929 159009 852788 177775
187815 882465 209427 938483
574396 879752 584121 930031
88229 732370 120700 759255
984565 613356 984865 659106
279232 113901 351134 160579
1894 678390 62948 738597
70259 534889 117343 572032
890685 843743 975502 882773
309295 553455 312242 557921
472758 381043 505790 439504
54162 423964 151166 456544
551058 334717 560695 336459
180264 422950 193611 429481
513687 238986 540676 334884
307608 572590 396161 654383
613243 299697 651166 368452
815141 893001 858050 956532
311529 905318 370423 912026
53920 49653 118622 108224
444796 393418 447804 481600
831345 743839 851936 795252
121500 365936 185617 381854
508932 919109 561412 976712
925708 455904 947394 528593
450935 137601 538146 167544
782005 218381 862792 298589
656244 517363 684612 529209
857727 198449 943036 290388
702004 537717 761431 561340
604916 218539 641358 299711
762152 320430 799658 415156
757271 552040 816177 563320
611531 402354 677411 484281
163153 758912 169991 843892
693205 217084 721071 282759
714177 707455 777389 771440
600528 807372 622139 835505
933317 835013 976304 923249
372278 326002 462899 416581
616149 13124 702472 98667
1742 350509 90634 377126
216371 830130 251740 850393
221051 157200 275295 175703
189795 53747 224375 133578
847600 905215 926138 927777
13866 849327 64025 936658
645008 664832 738924 695731
888467 592288 964481 688632
551740 296176 608005 304473
50973 617376 70749 665379
45863 936712 105928 948100
412504 539870 446745 596774
768242 727668 773571 739130
364381 538658 411762 542401
400022 526812 455847 596343
183401 340850 226536 410745
219784 381835 297932 474395
125323 941334 177219 959462
18136 76447 77031 157787
663200 746446 686580 758206
532971 169975 544378 209321
501269 643219 582495 689384
677820 161379 723430 225471
559377 93345 585888 144277
540482 323208 589185 325184
932926 241606 961606 283078
364124 948173 382063 958737
675728 331023 768150 381407
385324 346155 416697 405933
35536 916603 54937 947613
445830 96022 446280 118941
414435 501682 415910 540134
944635 86569 950087 115871
704718 140689 796531 179409
472261 421329 500952 461132
875908 679053 929300 715942
703588 430097 792531 434548
270368 839293 281247 855549
733705 447252 820333 477096
473789 696013 476482 765463
445578 850077 512987 887882
212418 923496 243218 996179
530204 83161 574750 150534
719280 334828 773156 402894
212638 659333 310096 714453
880253 391487 923559 400471
96618 816976 110565 882854
814901 753797 824542 850635
120335 893367 145683 912797
683362 51419 747686 81599
855531 121029 873360 211156
3558 670605 18543 721578
530902 514924 585383 518636
586738 470201 598250 503893
812336 634257 894060 705213
387676 213780 487287 287878
254128 421704 255604 491414
235856 922425 262653 965216
107873 454377 188573 464387
658020 59193 698609 81551
754353 182807 785096 281239
501038 249623 592089 260485
908446 816533 934056 887151
666333 49024 666812 64197
494594 575653 592474 584397
422098 652212 476470 699262
567106 649146 586206 714897
653069 590744 737032 596393
529224 584279 574520 672877
744521 531279 768836 572241
243861 619199 305622 627600
963323 686639 995346 746821
8748 777459 25447 874090
782511 494795 822495 519752
791786 738328 855236 787711
170753 864715 195771 918135
144538 677515 232180 757938
511434 390896 590839 430014
902453 752974 970055 775167
572737 357763 606261 438412
553364 767669 568362 839302
570913 944512 586167 953191
312671 404131 319031 463344
238176 165720 320844 233083
42780 929028 95081 970851
617837 770164 656646 799892
184900 147916 211498 196507
643430 89146 658969 129029
613111 755492 643793 832414
869655 693193 923656 772338
339217 732660 396954 830955
627199 213378 668879 262236
637326 678697 719432 741384
575027 43344 575243 117812
434185 457947 446005 547922
252785 767930 294378 771597
524691 288739 592388 320820
647788 365801 734050 431999
130999 206146 168684 248436
269263 435125 277146 485521
121786 348087 158687 429012
332732 263034 404882 310969
830476 522032 904086 596936
579786 353933 625221 385471
744728 286108 761555 337040
66185 792242 133759 843700
194097 268357 217981 326743
127136 17310 226772 48073
201019 561085 300508 646050
994462 415732 994634 515670
220463 943820 256162 946431
430999 569146 454771 639080
648124 664168 708833 665090
561462 641289 622494 704346
882362 917902 905687 937964
918949 350049 974985 439040
45591 42339 53313 117759
465075 841181 487224 876059
413378 980174 421330 996089
108716 712354 155142 736500
92003 119115 162072 146733
543016 778385 559990 802839
125027 259329 177879 323344
140644 690938 176399 711341
840683 869639 852681 878490
637018 492167 693430 560519
531929 833318 575732 878821
153322 360649 186591 417536
730206 541293 766814 585691
152861 172884 176540 263092
354225 180663 409221 199477
260154 252931 340216 297074
845404 467485 882354 553856
74047 361284 118423 461157
516282 115720 517525 161879
535402 597963 625281 678845
813343 317654 885190 317982
434033 551086 480365 605875
768489 601510 796395 639843
667532 505715 765368 596829
107957 771546 172764 799641
225185 125074 234087 165391
872080 269707 949097 308550
210678 545549 240839 593960
192377 160315 269919 249203
435745 99039 511187 133251
306323 849550 406149 878486
424516 266465 499088 294655
56445 542046 99838 633081
110552 470425 203341 494002
835138 531261 874452 608564
13935 539343 112937 625587
539741 857493 619091 910398
830867 333371 846081 363087
211557 707791 277013 793664
309137 264963 405513 297057
142545 75455 201846 93241
854593 902992 923364 920221
748907 404467 756277 407960
261505 332928 299927 410441
830638 695428 837734 792508
806306 770229 819299 810828
423879 186420 470293 263505
238221 208484 244975 303145
562025 280610 588909 353751
476556 424728 495720 432920
850817 91309 892076 157916
353356 524182 417371 550019
371362 560844 382715 605540
355408 630629 386319 647771
55195 19472 136072 105420
726309 682408 807665 756194
284478 137095 286355 226055
292668 661355 295604 695254
959694 639161 983106 734609
106682 635075 160776 694164
604347 833016 619271 902429
677867 733717 679834 782396
125258 413358 143285 431271
460315 703076 534045 791756
128496 497944 217254 580556
79552 375995 79694 463824
909028 468313 998151 540627
733867 673704 812926 754298
77170 70548 153311 78449
416910 519816 495561 525859
530454 280931 615286 317945
839971 169239 876510 206273
241969 652900 318534 686934
913440 377781 979465 434162
121457 114322 126578 184104
829958 32258 908267 85191
259875 540483 287804 583120
949076 542611 989278 554288
842508 516957 890702 570949
435575 233671 456859 251440
40962 838773 123700 934919
