24032 335563 638269 764631
500
86125 492833 91597 590537
936474 98474 942265 177866
80873 69251 81503 139940
670426 777493 678808 805072
288906 290174 290015 360383
35605 91835 43173 117116
829043 580267 834032 643853
892696 718201 895827 761031
172137 888723 181441 933023
667119 717234 674017 808218
13047 202243 14741 232264
712756 785236 716348 799698
94065 622125 97150 721198
928030 79858 931248 160553
952322 636504 952972 671042
522576 562841 529509 566551
482175 255628 489852 288080
663601 572662 671804 610345
808068 353498 816414 372109
539623 510394 546229 565208
184485 68069 187277 140363
126110 902697 135201 966848
593933 47313 597423 88207
747078 439031 750588 469885
917022 409843 925218 473314
838251 269602 844701 345975
972058 460617 977233 534610
29122 368091 38665 422175
864931 665778 869253 695051
510699 625026 517316 710610
22871 642706 25096 679345
526946 976133 530708 999260
716494 790510 723892 831014
148162 229030 156432 229586
931418 924206 939539 976001
113675 848207 118651 942629
152948 860759 162422 871524
981381 138649 985342 194969
214094 777294 215181 849513
75060 38175 81222 45360
3037 179123 9254 228702
54297 39585 61183 102683
931242 788472 933436 841925
704062 231213 712207 248626
663838 583214 665921 630617
493198 884181 502593 970522
289461 937584 296847 951985
822899 363222 832085 448371
412621 861341 417603 921540
959327 355944 969150 368425
133755 623849 141631 640966
658386 644981 666010 701557
498698 452937 504659 507877
306730 273532 313949 290314
199767 595925 200583 689261
455878 419591 460356 465864
149995 370968 159615 419264
324042 630397 332620 683084
736061 541826 739739 573743
501222 464236 507543 507908
158111 878977 165809 934597
781822 670866 791026 730633
759079 701916 766476 782463
50715 543655 59533 615424
59380 855526 68266 925127
470459 427759 476516 461402
722934 45188 728457 123111
309925 588616 316861 673570
793217 484652 802181 505043
751907 1704 758676 29495
307988 138038 314946 161182
838026 757792 842736 758503
681267 589899 689735 676532
622338 912792 623449 943273
336199 7615 338708 56709
297913 756171 304683 782277
750255 167348 750603 206201
59690 591320 67334 670385
81605 770200 84009 784973
276653 76375 286248 141258
538729 414797 546776 417199
628061 467484 637846 539914
934477 810038 941841 848279
401222 301623 406640 360406
371454 136500 379728 139635
514709 166032 521990 228400
202213 894171 202852 974170
60965 133567 68959 183433
554217 238018 560509 309566
349537 380243 351327 409124
407478 413576 413716 493641
581727 432073 589034 501468
533096 904374 534482 959197
610273 264167 617994 313198
744590 421137 744991 490990
407457 895798 416671 947977
608576 793124 610265 886558
734070 516699 741932 614167
431303 476518 433186 570668
63352 530982 66571 610990
24649 183255 33170 211325
11547 681375 20303 780225
358692 478389 366879 483179
588694 311354 597256 376536
822983 682792 829369 701170
484845 658146 493105 669234
304486 122356 306878 176108
223758 368926 224874 383586
96518 836685 98528 840513
633053 327146 634608 400859
507592 79770 516791 160610
948362 965267 949740 980477
261742 487031 267146 522039
41977 63335 42126 153449
561334 646453 563671 705427
11602 228007 20519 279698
970998 298832 976063 392426
372473 247871 377862 279363
292978 867768 301771 937463
777550 764888 785525 800801
426192 478947 435796 516983
826477 517389 828064 573798
226262 718897 229484 733269
13355 626169 18138 643193
997507 200062 998637 231388
277203 787311 282642 812902
128108 782538 137919 814506
443776 787587 445373 796076
760538 396514 760917 450665
661556 854513 671455 859828
94722 473988 96214 537921
924401 310299 924424 361374
482590 37863 491607 100985
652132 328595 653542 383881
287281 131362 290299 219782
801683 424105 806634 437557
135674 660426 138696 697315
452855 108602 459779 122269
21058 405958 30213 438796
410572 848970 416353 937651
489848 6041 495550 63467
858486 8873 868196 36829
863130 950481 870680 990901
285459 574955 290116 604140
552145 740169 554316 743158
834765 616824 836777 701059
117693 799831 123865 803457
995630 718860 999323 723969
370686 582418 374979 668650
511640 302200 515947 366427
839546 810719 846558 909230
651542 117545 654621 158056
84000 497755 89062 576481
663645 510831 673001 605582
338447 791800 342601 811460
477224 350915 486563 432149
808844 419975 809619 483179
361813 539661 366959 595057
286616 805394 294190 816248
213969 851553 221940 877369
355012 392782 355926 477010
918893 167 925450 76298
906917 362934 916688 396869
643407 900429 645548 926474
446727 44792 456224 66657
177490 554763 180880 603811
767858 361452 769502 397931
751504 362303 752561 390487
799971 402775 801451 497354
459567 203317 467477 229456
582107 670327 586360 730495
959847 542285 960577 591678
777598 891364 778857 970446
322380 693389 326945 777973
484798 509709 487513 569002
856722 781306 857038 878491
648244 401613 652422 453492
649113 717227 653764 724073
280135 336701 282901 357371
972402 469186 974399 509922
801195 903260 805469 994578
218559 129731 220456 220332
633855 956833 642706 970079
643840 622588 653118 646579
612603 432323 614081 492126
400786 727083 401754 785348
510908 888075 515668 901837
305240 143590 315217 192765
676103 672506 678725 767239
871559 543654 874007 602103
866114 118374 874414 218252
160714 462820 170673 543681
938959 517067 947209 553721
223811 469094 228967 531948
604808 578039 609203 601653
254086 632591 257274 725087
887020 845265 888256 938803
301412 464526 303451 511163
774552 405853 776241 483798
592451 681803 597299 765891
507327 778237 509774 853257
386496 320686 394652 400910
856987 554509 866469 634438
953057 71330 953138 170489
31237 413042 32217 451497
635441 88658 642330 132391
885136 371021 892185 385423
852572 934133 860780 972102
721828 167710 727870 177354
664074 876349 669052 939869
728045 682256 733829 742855
430602 956807 437300 958737
328263 844399 332110 932861
287411 560692 296741 633325
775114 269942 775125 284238
605626 144922 613278 218218
661662 790649 668795 834194
483058 307503 489365 323742
808539 754574 812190 754842
223587 607816 225488 614311
794891 186522 795439 224295
608003 856387 612930 862428
952551 7718 957210 58877
409057 564850 413099 637048
836311 176603 839299 223017
135500 8290 138057 42538
542490 757600 544050 814965
349067 831472 351234 894660
73875 638365 76125 723327
449028 749911 455854 823610
549769 483220 557349 561437
780158 884234 784474 941093
250844 911586 256195 969670
772937 584057 781574 620322
1752 458310 8655 466266
616933 890317 621605 950065
183855 850331 190964 918999
302279 275242 304704 350567
926822 369527 929246 444314
465251 538545 471160 562763
818645 486900 827613 516940
483018 554268 491630 592235
22153 621411 25628 715415
270296 258171 279863 357227
628584 693901 633042 712513
123575 658781 129935 679124
33075 428653 36110 476845
202167 496496 206090 542350
341904 126769 347537 192143
679983 873015 684183 925647
318747 343166 321402 427245
19809 199364 26699 225878
858682 878645 863022 905216
756243 639905 760506 733821
597086 14825 601990 62839
952878 829716 954866 881715
162002 633744 169194 713554
649996 866415 650643 935346
663506 189972 665001 280874
6563 954945 12126 985203
98882 133200 103520 221497
780704 739496 790162 825327
458596 481545 461573 517706
758955 674865 765531 766651
288844 578750 292301 603482
119382 709986 128849 777605
906612 344957 906816 348006
92517 346651 92523 376553
880072 39356 883859 136278
414059 672486 417763 705290
537313 217217 543091 223508
733077 624112 734709 706304
642803 115054 646041 214179
915596 195150 918243 206379
556067 861473 559793 914216
712360 807703 721531 858310
782907 703903 790271 777542
306772 924402 316052 934786
177944 85004 185940 172662
955780 152761 957654 227786
267914 649339 275499 680421
265776 541899 270466 627270
538087 141990 541210 237789
238139 878663 242571 908947
81481 451187 90534 479421
610676 620223 618449 668015
924484 562254 932300 618370
731530 596195 738165 641055
581206 569643 588463 641783
274118 325194 276999 402391
391274 130027 391398 165680
833085 621244 839158 668656
328804 112939 331131 127494
438600 461808 441980 542553
540969 172821 545562 200069
418396 156084 420765 234809
89875 222694 99229 234714
434587 472121 443959 567136
909157 536230 911663 623286
16198 775394 19284 817751
315973 970663 320250 985743
359183 826340 361473 865085
115377 532530 123938 628336
565400 872260 565945 894868
904448 758324 911196 771159
495153 779424 500005 820787
746884 332563 754450 405145
548081 811590 554867 870888
282882 638661 288311 692277
665730 523397 667145 615140
171465 731411 173751 771903
560644 891463 569336 893296
680320 349170 686133 390412
757507 174921 766355 271488
67383 384413 74999 421208
209859 151623 214610 158001
252945 865721 254521 955116
927878 944329 928024 992503
933254 341917 941285 371346
473049 398978 473831 432158
536978 480810 537059 539120
829476 165795 830309 183727
76637 388262 85633 441805
757329 441898 758136 498929
857695 590048 858797 638821
36077 173439 44466 198624
81520 257215 81796 302948
716255 733574 720571 799087
267787 203891 268480 206188
132081 476355 137415 562408
717137 58562 722571 117601
991470 927786 993592 979098
304325 256096 306618 339595
519531 867427 529370 880422
532410 62832 539519 105461
174238 131462 178981 182005
26423 281902 32549 345097
438822 74179 445425 136742
250245 79814 255092 88818
579277 455935 579531 547632
922237 619160 926579 674327
577370 4888 581939 22226
768637 525395 770067 623124
179616 921202 180072 967536
887870 215272 897142 255938
860703 546156 861030 628783
154950 990688 162445 998899
7972 824224 14533 909011
396296 789644 398699 851205
378851 667500 383076 765300
742911 575261 748012 641274
140439 843969 140792 885624
265450 80694 267605 139326
387829 374640 394532 420915
172400 256954 180813 280287
330090 788592 330292 886980
714261 191835 717629 284551
397491 66776 398615 118303
977414 118436 984398 209005
23962 508304 32019 511464
408163 10511 410563 22967
475380 222615 476463 251383
538802 196118 545719 235236
552520 868724 561566 883238
534005 857163 536245 871177
321686 67897 331602 158353
405291 908459 414081 961806
610764 20288 614454 78235
365310 557889 374916 635042
543415 524742 548830 532192
705955 771651 712766 802830
788491 40972 798089 70838
548779 571502 551633 659740
477610 168844 487138 215811
561475 329011 564195 354762
681161 306547 687066 352761
49488 248280 54213 307137
964260 325846 970545 421568
240833 61931 241435 85672
53793 492533 56141 555307
373707 80568 375685 139664
24730 609463 27684 695290
183393 85577 185094 97094
583268 433669 592659 477204
687872 381210 694828 442654
412456 432241 415524 436921
172737 465410 178763 543474
455649 628926 458088 705783
682474 14928 688697 29047
819707 394429 821056 443923
727174 428957 732065 459383
711154 794147 715592 802241
546343 262918 552359 338488
603483 291559 608611 366012
842971 75658 843672 175012
844633 734546 845940 773903
99809 708978 101003 802194
886054 760278 892475 848009
552702 229721 561073 273099
179779 407983 188531 490464
400663 721459 404369 744499
700508 117800 706119 165052
296228 765608 303112 776060
81025 294139 88114 333557
203544 251435 210001 318944
704186 712214 704531 772889
257545 682612 261729 714597
379238 379799 384037 441618
145637 11746 155516 73583
979096 930992 984214 951586
860411 310750 865327 338167
951968 722313 958365 730868
397551 551678 398835 644378
246738 250781 248162 334445
769402 515953 776491 562115
675863 798526 677695 879519
240122 143167 249338 190069
677465 910143 685253 922702
494688 161544 499306 166330
337250 485483 344688 539537
261853 480679 265966 509193
456418 550032 460712 583417
779837 344645 788583 362376
329706 924523 333997 959879
319817 455568 325933 543324
949542 380670 955877 402253
204724 927823 209529 952824
594594 698262 604379 729404
298822 223976 306318 313007
189913 125116 191280 197116
831126 475654 839631 560755
870431 460674 875230 531314
920040 612859 923548 682570
588302 890159 589812 928099
902404 438523 908001 481469
828546 635949 831699 670824
613614 482537 618007 542761
303420 163537 308399 211563
838639 249271 841368 292019
597935 213664 602419 300621
34351 860260 43422 915634
958287 42243 963646 59585
203420 126543 209043 205035
268573 733949 277311 784711
958155 160977 966562 236146
600928 396107 605171 430315
575410 733492 580050 775638
41426 509738 47524 599459
395318 795553 399588 867934
703391 698428 707762 725221
307268 720435 316617 764868
899053 950559 899407 996220
153460 900450 162392 969866
322888 823910 326713 912607
812190 764612 821829 845727
273712 721484 274687 732002
49895 510659 53476 598879
348744 460253 351285 502559
176984 237534 182307 261579
20653 413198 24692 499426
320930 819351 325992 884958
178149 218661 183889 294946
940281 807557 944370 863764
807339 262285 813949 268058
429161 452393 435261 493195
39508 246219 44548 334244
815970 586718 818042 629155
959327 888685 967357 978064
567073 162537 570019 246120
199025 590544 205331 657133
242420 495080 247805 588797
323686 259254 330792 357620
296906 839253 302475 899359
639008 501840 641570 561071
977843 192685 980907 219791
919788 304214 928112 376737
431935 140778 439083 182345
729105 387907 731405 442930
880034 610642 886453 624633
649883 340686 659535 373742
284992 918475 288092 978236
996312 684957 999196 759972
573164 803399 574727 824751
741403 99499 749015 168492
757478 514258 762524 519421
20438 50854 30014 142712
456485 210389 461091 210622
402289 265029 405255 363504
782143 611487 786814 631553
861610 169427 864601 217230
905566 368533 914238 444896
287778 880013 294156 964494
655689 382762 655729 414001
267444 563296 274505 583029
426489 766551 427809 807646
345510 185538 352661 225199
238019 797598 238752 805229
225026 619179 225700 713473
676794 610629 679121 669974
106924 877075 107235 956215
