478465 363485 805823 502164
500
504049 445473 561960 464955
205615 888003 305535 920812
956959 167044 979520 233050
319999 486537 348940 517549
40843 376780 140424 469261
728082 892002 745935 907761
393716 545233 477237 639980
173346 625561 272431 694164
834882 699206 932660 787633
143072 495447 184743 542018
635856 845319 660191 917718
350254 607010 350404 644873
106529 782988 174483 828589
89818 671903 174979 674801
590505 1153 683088 14948
547567 488326 571293 489404
476989 879055 532752 902244
311413 812740 311734 889011
39929 331959 133133 427646
479225 896536 550881 965308
856593 169231 896184 195115
879954 868953 891719 931520
410549 783802 442923 832630
176304 110084 237032 127164
748093 422823 810842 458890
566196 725073 637019 738808
528963 975446 623791 986762
165214 576716 203552 608391
182899 367364 241517 433182
430767 452914 460097 547633
41488 654228 139991 697827
233167 162817 259376 261341
842929 725563 878113 816977
281265 795967 343822 875264
427850 435767 525121 490906
607442 86288 622611 93853
756731 953319 845351 974563
617146 129702 686701 134568
36162 787655 63346 838064
491315 158495 544079 253309
821240 164160 869442 197570
244911 840089 285802 916561
114765 140999 186433 214739
429947 922826 515056 961799
488199 619878 584707 642135
549026 116748 621274 214771
632871 792765 710378 850287
306875 344954 348659 427999
649973 773156 738129 822667
313811 310532 329641 385112
220619 765562 280734 850444
796322 510942 847187 607205
390971 561689 470596 641523
705769 810808 737166 823163
106356 115288 198994 121652
356043 104867 393305 189463
327838 451516 359696 507096
478337 422987 506757 492779
120907 686923 181772 738601
764849 910737 785033 918147
65342 960613 140215 998959
159014 527394 191281 580117
94920 913436 97304 925074
439222 968223 514649 985035
484074 178536 557075 185070
713651 577921 728375 676433
587885 20932 614195 114335
612558 94636 641548 127344
795695 714900 880695 735212
283269 949825 339933 966309
798994 240607 829037 298336
146892 389934 233143 464531
976902 536509 984022 598529
283184 847294 338840 929067
76250 1198 165262 10599
1641 288189 52114 382532
297910 867580 304039 951757
901052 727177 996755 791297
194871 70324 277161 136950
659788 370534 728351 450154
426404 740342 518936 822158
439733 319425 524389 373376
889337 674137 969563 719182
389808 62710 416258 111765
469801 17202 487735 111781
454223 3470 485656 67045
355285 238313 403029 297536
891638 291536 920610 359274
567218 762607 588117 852623
927742 10026 930767 69236
441866 746652 452954 751953
744387 236026 833590 236932
344656 922639 431197 981326
574723 363096 609719 370994
130196 378639 164255 386237
603929 37486 685562 126073
597748 186127 697575 276643
331947 649307 412060 705156
5852 688820 103976 718009
877515 210316 975226 228103
193213 922187 230676 960095
844836 427365 885458 504032
492680 84451 561695 128323
302186 772268 374434 852661
474363 235531 526708 261707
684562 584840 755085 668525
106860 342505 198702 416979
764536 859497 768691 955602
686184 377259 723265 446267
901893 373392 997792 431463
890520 945325 944320 977413
459536 17986 551783 28051
695584 419450 792825 496156
935791 91923 977655 110223
60699 617238 100466 631058
895117 114340 898405 208912
678569 895310 758569 905053
47663 179011 97125 260148
24783 781819 60501 862788
939108 615457 985472 640216
572237 152028 656385 158112
637050 420378 655432 430507
517455 68219 572497 99572
39368 705915 125544 805705
597959 91979 658518 96447
493715 34759 590737 50217
310515 815543 392347 869960
482148 757092 567610 824510
2586 711715 48831 747151
249472 464906 301823 551910
549907 604057 632265 612954
430722 755671 454427 848435
300676 543934 303173 544291
917323 493429 961704 502962
755360 593597 776631 598568
1591 86745 20062 180253
126954 134880 167259 222502
550665 928319 571809 946496
435955 153948 468453 239426
622319 565828 655471 610773
751756 419588 805721 439532
388081 503773 397744 520071
907823 658757 927951 711827
722177 920522 781820 937865
762130 380835 837090 437072
390995 619412 462628 718126
861809 429831 911192 488513
810120 74355 871378 150791
143022 413615 202217 511587
329866 745976 330762 799746
323239 629651 404331 645447
640425 890926 732292 951207
3325 513771 36828 533906
757388 696039 841693 742493
656885 89493 755722 123831
50950 644286 89948 721437
410715 679171 441310 729764
541064 718121 597198 796694
726696 644258 744863 664406
795465 207265 819884 217773
710702 719930 764556 731740
23405 38066 71264 117522
98445 209983 108825 299497
455804 701932 553543 745164
821266 423997 875282 488723
750927 754122 803556 762311
58613 147850 120056 246343
913827 832244 981122 873922
58767 555677 118950 562791
128596 714795 181169 737389
803108 502317 891271 592176
811731 551964 892276 591968
576328 467235 577207 487993
737798 144990 801541 147929
339733 570005 424365 596247
973999 133375 986328 159008
311600 496260 357280 577269
647089 801713 725429 894839
840795 574438 881655 594634
213773 190886 275843 215041
187635 356434 233311 379892
918259 711566 993832 716610
726352 212813 786812 260599
268604 120270 336288 136718
859098 289432 878330 294797
859767 913184 888839 957835
158342 640617 200790 694066
15263 97449 79319 187610
416179 946559 505233 968429
302968 174190 374984 250830
497163 761813 502982 792464
70352 111549 160848 125801
553799 350089 652998 432868
139275 232197 210781 259499
736212 564427 759073 633182
622351 868523 646968 908639
324282 13849 360020 76894
475117 709794 548306 788946
860773 344987 910587 386119
381390 449425 459126 457972
879747 683543 944368 726963
734858 59965 797788 67591
220377 263673 282883 321826
397526 90909 424116 147862
817648 179329 858687 257725
248718 539431 279166 613499
126367 30482 218417 62943
70940 708750 76381 786990
501922 49629 529226 69783
691524 960216 704479 970864
623182 726906 676970 806999
293086 348731 392793 372097
474718 777595 557546 850772
816328 456926 836238 529209
387256 943136 430484 998596
724231 727184 742709 760292
198257 180041 256567 252129
471369 482422 530070 546726
894449 330765 982383 347998
940133 385381 976377 474041
687291 162982 703573 226798
97709 55698 103507 84234
326806 15738 357468 109526
388844 502375 400971 505348
840820 442669 877460 503935
458934 211484 539193 282793
127505 280930 171402 314706
730574 554908 781842 588893
750495 550861 782937 643844
777952 425546 833601 511714
3451 717259 83367 770150
647472 772679 710696 779595
787241 383865 835240 390382
762744 893206 826919 945866
816030 73617 907523 129313
128907 744509 199748 745185
786512 488053 856142 506993
849671 928057 901602 979776
682854 811867 703674 898718
165197 245508 192818 291549
494712 51499 565597 136450
415104 250289 511982 344928
805680 93444 856376 136916
345079 437346 409327 444522
796178 474549 883813 526217
757276 297404 830633 322095
347532 587450 443323 647452
155182 779527 254932 819342
674300 900982 753963 976846
402565 955906 444354 963310
646447 435642 653049 459324
61124 53047 61589 152144
555134 21856 573901 74007
195310 675331 255988 731008
326682 553491 371153 646365
70673 662610 141934 758262
684599 96784 724032 121313
258016 456504 282837 536975
49441 311598 91349 354187
328076 171007 394748 254975
345169 818322 440541 913423
435584 642588 523282 713744
344978 628440 385857 643502
784832 822706 875921 911772
795550 728692 864498 781068
894236 597468 929885 690366
609891 316630 709373 324943
134463 20810 190338 89363
859996 310057 938788 325072
642848 608840 676908 617328
637832 749513 711066 783348
802122 85507 898981 100996
581903 677943 648010 734023
416724 237053 494858 243647
828243 244490 898603 342411
704974 487545 747231 557436
869995 916041 888522 989378
339676 505088 413711 579435
289646 230797 373619 320138
816629 562961 831088 620453
898345 444336 906492 518361
96458 3886 155198 55984
661616 727048 737707 767208
902559 824750 970269 881099
645622 470009 688339 540096
312547 169382 346042 240958
467514 697481 525586 770903
146808 477076 173211 518361
627032 286983 722960 356317
394554 812114 454364 906716
108533 936417 205733 943216
413622 315426 465518 379773
445424 818503 445836 887539
730025 157673 802708 224778
72011 127929 138638 213236
357990 136277 453783 229101
613357 187313 678010 195485
919779 420353 981212 421134
652983 865033 711208 946310
465485 813927 523255 857494
316871 672909 395166 756430
347513 747150 362840 837544
299826 588354 336342 609119
121745 262299 215430 332273
407303 333301 457686 382650
716058 232518 776034 309763
789495 214447 826209 259933
463319 484889 555312 495956
344303 336229 366033 417762
795092 698048 807826 739281
715636 299163 746312 317273
891445 214084 932666 278365
72906 561735 138589 640043
688742 779379 738327 809414
67153 804025 154541 873462
471125 204179 536441 223970
551076 347607 601985 363517
674592 664328 762532 666825
839546 430390 898130 457747
35016 599266 122289 676526
754418 745837 825306 770702
641801 586365 666271 650880
541612 604789 607553 642011
182336 560148 192657 635308
771888 330720 778681 377712
255689 842535 312626 846703
73261 798661 124154 860591
526063 888150 601716 968464
742241 371120 773061 436947
912953 937036 976642 959317
373669 509679 431786 570275
614675 286942 621355 332220
385454 165698 387324 221383
132436 602312 141981 667932
754419 142514 840950 166182
459755 444893 466007 516477
113739 747757 120312 788713
551118 782204 596869 845361
248104 290329 316903 349528
411116 425026 421429 483559
208188 418169 268370 499319
584069 49064 584556 108400
256172 493570 334094 511803
476881 690769 480450 780064
475488 271256 552622 340408
390132 293655 429875 307241
835793 151315 879033 215801
147798 855140 185440 936099
516623 362029 569585 372489
221715 690835 247184 776029
260143 548258 353204 600680
731069 464917 804792 543831
121316 554831 132931 587640
203416 534520 244722 585294
903153 312467 956581 389226
269174 498990 365637 583509
788617 677891 817606 680952
40415 226084 108059 249198
568082 897893 617182 900322
351283 806536 421599 838050
638998 312942 734374 410431
733025 546968 761891 620021
476771 709964 554886 724753
249197 532091 333930 620846
65398 449726 100278 465486
17627 306722 31338 322363
111526 886329 176253 890310
301603 64399 331446 127970
962864 495622 994788 577005
458217 689919 526837 728870
820589 469688 893505 492148
712871 756063 769808 785841
695844 264127 776727 344668
210516 474944 295722 536980
184526 521844 186427 591742
883715 362789 919138 377177
386761 356587 459732 400765
477475 343741 511010 399244
904654 527279 938432 535665
784660 177151 789941 238464
443924 34376 497619 37500
564008 689854 587576 694831
479004 789743 497949 869046
276943 441939 306635 485379
189817 865009 286812 911225
329968 870903 385738 950731
962668 396720 964274 495680
352710 820598 424901 833975
421375 344886 503183 363967
667119 551900 740756 626868
390718 155079 390755 233595
109237 685863 168737 730724
105311 813236 194318 870300
579254 420406 643437 423355
959718 428849 996570 491845
761100 243739 800978 264151
944177 520060 954487 604998
74126 502397 83440 593627
672218 715946 720433 791723
116650 669781 124831 732415
752550 785341 835740 848607
817195 620398 910280 688783
734921 416670 818830 467309
993849 518194 996253 603193
823894 542246 911262 561796
138982 518902 208952 594293
840284 300734 873759 346428
860848 565536 954199 630177
36301 939215 110719 990564
711579 289359 748318 300713
866894 7447 877341 12343
646533 831126 683161 876800
81226 849098 156272 858895
164906 624577 245480 669476
597153 78892 626531 108863
633393 220325 672741 271310
376768 821 437131 10417
775525 430474 809915 524217
848666 148528 928775 206183
340058 400602 372094 447621
107259 183125 165991 192096
63078 709507 127660 799121
179496 602456 252643 647938
752861 563576 790893 604728
887209 845097 966533 902351
734415 336615 767802 414440
576403 788731 672817 816806
201158 865550 253341 956798
181849 635527 190209 676542
287157 793577 322567 883564
849618 384875 925936 413097
783845 645100 866180 743562
676588 437734 715411 495220
240317 535454 262099 609111
95519 389341 183044 476728
650763 425905 693601 474552
858308 612445 867977 693508
165930 425372 247259 481741
343189 55081 395073 119214
119535 148735 164152 189017
333018 273045 333592 322482
376301 55798 382402 65437
207345 194042 285404 264823
239018 284170 305491 361715
765365 528051 831359 592604
954765 467172 999445 564020
270763 800903 285307 862274
337095 434492 366072 444863
560803 678700 627685 736895
864555 861335 943454 923541
384892 763293 468489 768022
192736 425692 214815 457123
81167 265223 118158 289734
640314 129243 679586 189879
678298 524176 759265 604958
291391 59648 336421 147287
833544 142216 900453 234539
189685 568060 264804 662419
249040 165273 262850 188173
489211 99060 525756 123388
346624 278818 378248 300070
658672 659191 681110 676778
431339 461172 432016 546404
485190 66437 518470 128003
324840 444100 382880 514877
95471 51511 103450 83872
811044 521042 813903 553072
259695 190212 281945 280099
584059 696727 626814 744142
855074 471105 923334 541435
439443 323813 498450 349350
742759 818414 786137 904331
480695 401439 580355 454914
600341 385976 651827 435341
288954 615218 303461 635669
417510 44636 497952 51399
47674 357708 70054 410092
571556 268537 656174 345491
395919 673867 432192 719183
260600 228370 321963 244628
69216 392513 157969 392722
243599 276284 325804 311495
537380 677509 580260 752110
928720 179369 931858 220237
606417 116209 610150 206631
444861 343465 540760 404863
506542 36930 577575 94482
777402 409643 863948 465738
845267 276941 890774 317230
752846 52684 843123 128976
110856 286999 119401 336525
440679 790252 456454 840860
639836 182884 670044 261075
294111 239622 388845 245562
463874 6391 542533 63007
326734 220167 357987 293193
882924 208932 973556 279724
378951 662880 434582 726715
871161 915388 916096 970450
671811 846087 694994 909349
