490 396 692 677
41
978 546 990 645
99 279 121 376
873 86 954 101
551 193 627 207
564 217 620 301
351 681 354 723
722 193 748 289
325 667 377 711
603 251 655 315
258 520 290 567
924 901 967 910
460 90 501 101
59 813 121 885
347 712 378 744
736 153 797 227
285 667 298 759
457 77 523 143
445 521 510 594
915 417 958 420
326 262 375 330
521 217 599 264
926 914 981 915
784 822 840 904
702 883 727 963
654 627 701 698
74 294 122 387
331 535 404 558
626 198 632 237
476 297 512 341
732 843 788 934
884 776 976 782
768 513 770 601
658 966 707 982
166 639 253 682
389 356 460 423
761 599 780 615
737 491 819 517
12 577 97 578
57 651 112 654
537 223 618 304
883 338 970 357
