386 355 596 617
50
361 131 410 341
648 329 669 508
889 69 895 104
669 51 669 423
445 545 543 629
888 39 947 241
163 517 216 862
775 100 791 229
800 465 899 820
245 243 257 514
584 76 602 416
906 134 961 513
355 379 422 629
360 613 433 816
493 593 530 989
225 178 240 531
474 209 563 503
96 254 132 574
728 275 729 474
677 576 733 973
447 165 527 334
648 544 694 594
895 631 913 928
715 184 809 410
323 520 358 913
546 170 560 539
540 610 627 768
74 1 112 69
323 61 335 446
286 598 342 869
191 58 288 371
294 105 353 119
838 101 921 244
925 674 995 944
201 495 208 729
643 142 682 468
311 310 376 454
676 164 759 445
367 681 408 742
853 425 935 740
722 349 738 644
87 484 95 626
433 281 516 534
650 160 703 498
394 626 426 921
438 680 502 900
577 631 649 798
21 693 91 914
814 30 880 364
723 402 729 611
