271 197 767 984
50
96 785 209 789
626 410 686 497
401 414 472 435
893 895 920 942
371 534 718 585
91 734 217 749
458 751 554 793
211 453 436 520
189 149 283 153
52 591 299 599
587 647 859 647
641 50 799 124
295 146 682 150
634 571 821 647
847 302 948 315
902 237 950 330
325 663 567 680
291 75 479 122
130 565 486 620
582 845 615 943
749 400 912 459
508 624 880 646
261 692 646 778
470 881 496 899
47 339 402 412
53 834 276 920
384 473 527 488
148 267 508 305
87 618 249 644
831 110 930 182
6 312 363 313
617 356 629 369
553 470 656 499
72 848 146 937
622 779 676 834
180 241 361 300
145 650 307 679
352 917 568 988
338 949 451 993
140 730 294 739
770 848 840 858
730 777 880 815
455 135 765 198
173 681 552 708
154 557 467 614
221 373 349 373
243 754 476 834
565 575 702 662
707 425 732 472
354 791 666 865
