699
871 872
531 532
775 776
784 785
251 252
441 442
1000 1001
413 414
141 142
214 215
502 503
354 355
672 673
527 528
616 617
911 912
827 828
950 951
232 233
249 250
1 2
981 982
699 700
129 130
738 739
766 767
597 598
971 972
132 133
743 744
566 567
786 787
534 535
779 780
958 959
161 162
605 606
936 937
700 701
483 484
691 692
928 929
317 318
909 910
794 795
145 146
726 727
728 729
548 549
491 492
642 643
187 188
345 346
971 972
780 781
680 681
667 668
836 837
77 78
177 178
473 474
280 281
652 653
20 21
84 85
409 410
40 41
545 546
586 587
536 537
948 949
15 16
406 407
56 57
413 414
673 674
122 123
127 128
875 876
310 311
41 42
66 67
892 893
120 121
18 19
747 748
46 47
240 241
523 524
300 301
896 897
777 778
755 756
407 408
79 80
74 75
223 224
144 145
282 283
385 386
707 708
920 921
978 979
744 745
815 816
609 610
784 785
773 774
518 519
958 959
219 220
922 923
662 663
604 605
373 374
740 741
458 459
36 37
693 694
313 314
349 350
630 631
913 914
527 528
529 530
768 769
816 817
249 250
398 399
38 39
647 648
137 138
831 832
611 612
610 611
635 636
515 516
43 44
257 258
456 457
280 281
964 965
845 846
886 887
613 614
129 130
341 342
830 831
142 143
234 235
141 142
114 115
248 249
571 572
233 234
960 961
680 681
155 156
556 557
382 383
583 584
925 926
711 712
762 763
416 417
491 492
318 319
869 870
639 640
197 198
712 713
783 784
647 648
652 653
30 31
327 328
760 761
995 996
545 546
529 530
716 717
442 443
931 932
969 970
177 178
629 630
818 819
196 197
386 387
12 13
441 442
495 496
32 33
35 36
150 151
508 509
42 43
871 872
487 488
495 496
190 191
483 484
207 208
215 216
833 834
920 921
12 13
615 616
352 353
772 773
51 52
797 798
83 84
750 751
663 664
512 513
989 990
321 322
494 495
64 65
691 692
290 291
203 204
895 896
451 452
200 201
815 816
479 480
286 287
904 905
698 699
60 61
313 314
841 842
804 805
696 697
353 354
984 985
346 347
492 493
408 409
567 568
99 100
667 668
887 888
773 774
381 382
243 244
194 195
345 346
479 480
22 23
684 685
21 22
877 878
190 191
354 355
834 835
852 853
592 593
201 202
815 816
962 963
435 436
818 819
947 948
770 771
199 200
395 396
159 160
706 707
711 712
17 18
947 948
970 971
1 2
500 501
210 211
231 232
790 791
347 348
741 742
42 43
179 180
344 345
348 349
736 737
440 441
215 216
232 233
125 126
558 559
231 232
82 83
891 892
159 160
448 449
546 547
527 528
553 554
520 521
716 717
286 287
357 358
843 844
130 131
495 496
677 678
724 725
993 994
128 129
583 584
600 601
246 247
693 694
878 879
403 404
672 673
738 739
425 426
0 1
126 127
409 410
866 867
674 675
230 231
251 252
89 90
606 607
304 305
650 651
615 616
0 1
947 948
577 578
767 768
572 573
214 215
324 325
500 501
281 282
641 642
984 985
904 905
601 602
195 196
597 598
385 386
453 454
365 366
876 877
577 578
342 343
485 486
939 940
67 68
574 575
460 461
527 528
267 268
173 174
638 639
344 345
914 915
949 950
278 279
716 717
32 33
7 8
973 974
72 73
483 484
970 971
761 762
142 143
548 549
46 47
706 707
585 586
715 716
114 115
166 167
444 445
512 513
251 252
558 559
545 546
491 492
762 763
488 489
647 648
519 520
221 222
701 702
554 555
412 413
735 736
908 909
857 858
68 69
675 676
957 958
440 441
393 394
935 936
960 961
8 9
125 126
696 697
524 525
540 541
936 937
446 447
214 215
831 832
434 435
821 822
333 334
241 242
744 745
883 884
963 964
355 356
848 849
327 328
214 215
29 30
189 190
197 198
923 924
587 588
467 468
292 293
400 401
488 489
38 39
466 467
63 64
268 269
391 392
801 802
148 149
302 303
600 601
779 780
222 223
481 482
100 101
571 572
889 890
121 122
684 685
168 169
314 315
455 456
734 735
370 371
499 500
245 246
540 541
838 839
81 82
232 233
84 85
76 77
424 425
331 332
610 611
703 704
110 111
749 750
233 234
888 889
930 931
853 854
489 490
438 439
198 199
483 484
31 32
198 199
390 391
43 44
857 858
609 610
858 859
707 708
617 618
503 504
253 254
454 455
474 475
901 902
300 301
454 455
828 829
265 266
828 829
763 764
105 106
238 239
953 954
368 369
155 156
820 821
662 663
770 771
408 409
48 49
431 432
731 732
194 195
151 152
614 615
959 960
890 891
715 716
571 572
3 4
88 89
633 634
406 407
217 218
471 472
700 701
911 912
400 401
26 27
762 763
825 826
471 472
43 44
224 225
877 878
166 167
974 975
823 824
329 330
759 760
435 436
886 887
38 39
469 470
833 834
470 471
748 749
749 750
963 964
0 1
847 848
455 456
652 653
89 90
689 690
543 544
441 442
930 931
316 317
42 43
144 145
951 952
337 338
181 182
109 110
23 24
81 82
663 664
110 111
95 96
288 289
938 939
361 362
853 854
934 935
953 954
341 342
211 212
481 482
32 33
408 409
408 409
774 775
555 556
136 137
320 321
598 599
272 273
500 501
983 984
463 464
927 928
289 290
516 517
935 936
805 806
288 289
852 853
500 501
762 763
71 72
866 867
286 287
693 694
233 234
640 641
263 264
851 852
73 74
694 695
952 953
62 63
817 818
917 918
285 286
962 963
219 220
718 719
809 810
328 329
980 981
897 898
480 481
671 672
292 293
154 155
808 809
323 324
882 883
593 594
803 804
418 419
405 406
560 561
177 178
325 326
767 768
777 778
118 119
837 838
598 599
88 89
183 184
689 690
944 945
762 763
158 159
620 621
469 470
475 476
993 994
812 813
405 406
313 314
198 199
322 323
304 305
979 980
801 802
667 668
158 159
29 30
701 702
852 853
835 836
3 4
300 301
831 832
979 980
213 214
390 391
356 357
414 415
677 678
678 679
458 459
864 865
782 783
834 835
464 465
306 307
422 423
61 62
915 916
660 661
935 936
52 53
913 914
996 997
238 239
1000 1001
121 122
122 123
26 27
757 758
491 492
931 932
513 514
978 979
194 195
