3014
678 679
830 831
861 862
957 958
623 624
207 208
602 603
47 48
642 643
819 820
231 232
602 603
299 300
602 603
198 199
330 331
154 155
620 621
753 754
306 307
929 930
966 967
227 228
418 419
610 611
131 132
358 359
595 596
166 167
481 482
707 708
326 327
525 526
315 316
396 397
150 151
759 760
59 60
575 576
118 119
280 281
0 1
185 186
480 481
437 438
18 19
476 477
299 300
860 861
612 613
225 226
919 920
119 120
252 253
939 940
571 572
223 224
489 490
675 676
149 150
362 363
718 719
739 740
714 715
870 871
984 985
582 583
999 1000
478 479
972 973
719 720
565 566
191 192
85 86
140 141
217 218
468 469
585 586
983 984
797 798
0 1
81 82
133 134
211 212
306 307
766 767
184 185
646 647
191 192
341 342
931 932
122 123
574 575
735 736
145 146
322 323
210 211
173 174
997 998
626 627
938 939
330 331
602 603
93 94
701 702
274 275
771 772
486 487
964 965
394 395
777 778
527 528
946 947
998 999
561 562
492 493
980 981
711 712
462 463
122 123
941 942
94 95
562 563
337 338
522 523
729 730
640 641
441 442
964 965
172 173
118 119
525 526
340 341
426 427
318 319
359 360
23 24
880 881
611 612
292 293
928 929
922 923
540 541
42 43
878 879
172 173
802 803
373 374
288 289
783 784
973 974
358 359
130 131
590 591
712 713
470 471
538 539
193 194
329 330
745 746
807 808
768 769
19 20
658 659
4 5
411 412
109 110
337 338
948 949
866 867
305 306
743 744
258 259
839 840
49 50
830 831
631 632
495 496
325 326
929 930
531 532
560 561
322 323
54 55
881 882
451 452
136 137
233 234
651 652
108 109
955 956
909 910
911 912
538 539
872 873
510 511
956 957
26 27
413 414
535 536
766 767
297 298
337 338
641 642
556 557
200 201
20 21
58 59
293 294
670 671
141 142
739 740
409 410
55 56
602 603
390 391
25 26
127 128
362 363
432 433
292 293
895 896
446 447
490 491
773 774
994 995
139 140
361 362
88 89
805 806
85 86
607 608
266 267
786 787
798 799
47 48
228 229
196 197
752 753
926 927
480 481
535 536
668 669
341 342
353 354
752 753
876 877
651 652
289 290
982 983
554 555
409 410
5 6
873 874
710 711
642 643
764 765
920 921
678 679
908 909
274 275
822 823
730 731
845 846
365 366
953 954
28 29
866 867
248 249
224 225
332 333
351 352
205 206
210 211
548 549
955 956
62 63
623 624
492 493
186 187
10 11
24 25
648 649
663 664
284 285
391 392
611 612
828 829
304 305
211 212
821 822
760 761
330 331
660 661
457 458
200 201
350 351
744 745
801 802
761 762
361 362
623 624
56 57
803 804
984 985
273 274
371 372
163 164
815 816
808 809
781 782
917 918
355 356
770 771
261 262
481 482
101 102
279 280
665 666
816 817
347 348
323 324
566 567
777 778
99 100
235 236
369 370
663 664
255 256
148 149
428 429
889 890
566 567
254 255
631 632
127 128
574 575
356 357
102 103
725 726
304 305
405 406
828 829
648 649
808 809
424 425
861 862
814 815
215 216
22 23
485 486
166 167
4 5
815 816
756 757
858 859
790 791
484 485
630 631
559 560
511 512
12 13
756 757
977 978
874 875
800 801
588 589
821 822
207 208
47 48
208 209
326 327
176 177
297 298
975 976
551 552
295 296
988 989
812 813
907 908
326 327
27 28
440 441
869 870
282 283
803 804
370 371
701 702
496 497
138 139
9 10
42 43
849 850
345 346
649 650
601 602
829 830
868 869
625 626
8 9
377 378
708 709
823 824
431 432
479 480
584 585
379 380
337 338
652 653
840 841
77 78
818 819
831 832
213 214
496 497
35 36
451 452
905 906
26 27
963 964
17 18
836 837
339 340
795 796
21 22
214 215
227 228
817 818
397 398
917 918
232 233
108 109
139 140
404 405
714 715
745 746
20 21
187 188
573 574
808 809
356 357
627 628
39 40
117 118
498 499
565 566
298 299
916 917
969 970
665 666
81 82
494 495
348 349
170 171
170 171
547 548
353 354
558 559
666 667
96 97
930 931
742 743
546 547
986 987
740 741
557 558
16 17
244 245
210 211
687 688
647 648
154 155
980 981
631 632
171 172
648 649
263 264
902 903
200 201
897 898
195 196
45 46
803 804
160 161
637 638
113 114
968 969
997 998
692 693
739 740
660 661
639 640
201 202
238 239
296 297
851 852
367 368
464 465
114 115
136 137
238 239
225 226
494 495
902 903
539 540
303 304
423 424
377 378
609 610
696 697
105 106
284 285
417 418
961 962
499 500
36 37
647 648
748 749
889 890
464 465
47 48
214 215
72 73
14 15
53 54
825 826
166 167
201 202
824 825
843 844
324 325
123 124
2 3
138 139
152 153
581 582
982 983
790 791
198 199
705 706
552 553
666 667
165 166
169 170
562 563
498 499
486 487
966 967
567 568
644 645
256 257
57 58
468 469
767 768
233 234
614 615
95 96
241 242
704 705
400 401
325 326
890 891
118 119
589 590
250 251
821 822
251 252
97 98
127 128
996 997
267 268
631 632
223 224
284 285
788 789
963 964
79 80
978 979
478 479
422 423
229 230
651 652
159 160
50 51
111 112
1000 1001
16 17
635 636
615 616
537 538
463 464
653 654
479 480
123 124
711 712
202 203
968 969
563 564
970 971
179 180
107 108
463 464
486 487
814 815
962 963
358 359
404 405
23 24
496 497
820 821
546 547
909 910
839 840
850 851
638 639
223 224
38 39
587 588
504 505
349 350
285 286
177 178
380 381
848 849
229 230
652 653
995 996
777 778
482 483
854 855
684 685
653 654
784 785
800 801
991 992
595 596
934 935
367 368
457 458
150 151
797 798
718 719
807 808
177 178
489 490
715 716
455 456
722 723
763 764
803 804
873 874
517 518
231 232
141 142
73 74
600 601
506 507
578 579
49 50
204 205
3 4
595 596
742 743
63 64
916 917
230 231
416 417
159 160
449 450
233 234
619 620
852 853
560 561
864 865
839 840
762 763
532 533
378 379
121 122
253 254
767 768
886 887
88 89
764 765
693 694
247 248
597 598
684 685
448 449
7 8
608 609
754 755
219 220
953 954
52 53
930 931
999 1000
923 924
100 101
487 488
897 898
106 107
693 694
165 166
140 141
499 500
975 976
802 803
225 226
134 135
422 423
436 437
31 32
312 313
729 730
798 799
592 593
149 150
681 682
646 647
613 614
818 819
871 872
85 86
970 971
60 61
466 467
527 528
150 151
147 148
610 611
290 291
642 643
836 837
89 90
850 851
692 693
755 756
52 53
393 394
975 976
790 791
637 638
199 200
499 500
685 686
36 37
710 711
220 221
539 540
685 686
661 662
632 633
562 563
313 314
536 537
665 666
962 963
47 48
864 865
59 60
744 745
799 800
189 190
472 473
157 158
240 241
886 887
44 45
679 680
252 253
513 514
386 387
247 248
921 922
609 610
627 628
666 667
405 406
345 346
132 133
0 1
635 636
23 24
377 378
724 725
321 322
443 444
423 424
968 969
80 81
424 425
387 388
112 113
134 135
214 215
946 947
897 898
838 839
897 898
24 25
154 155
606 607
161 162
43 44
73 74
500 501
957 958
497 498
707 708
831 832
835 836
660 661
223 224
387 388
389 390
107 108
450 451
988 989
799 800
407 408
550 551
698 699
146 147
65 66
564 565
770 771
146 147
615 616
516 517
19 20
129 130
380 381
530 531
235 236
864 865
629 630
104 105
884 885
286 287
182 183
361 362
595 596
65 66
219 220
549 550
265 266
74 75
532 533
794 795
399 400
254 255
54 55
916 917
602 603
320 321
795 796
215 216
526 527
629 630
703 704
980 981
938 939
631 632
290 291
299 300
147 148
191 192
634 635
53 54
724 725
397 398
413 414
768 769
752 753
428 429
446 447
823 824
747 748
101 102
991 992
511 512
434 435
114 115
998 999
980 981
941 942
901 902
981 982
603 604
336 337
448 449
261 262
606 607
448 449
615 616
966 967
339 340
252 253
320 321
621 622
644 645
638 639
150 151
582 583
688 689
929 930
394 395
575 576
955 956
524 525
309 310
317 318
425 426
643 644
631 632
942 943
954 955
86 87
228 229
423 424
783 784
895 896
387 388
495 496
740 741
958 959
481 482
352 353
264 265
537 538
300 301
628 629
514 515
16 17
343 344
840 841
733 734
523 524
58 59
292 293
811 812
962 963
445 446
151 152
256 257
860 861
374 375
978 979
306 307
670 671
412 413
106 107
820 821
288 289
585 586
663 664
259 260
120 121
320 321
703 704
103 104
569 570
886 887
12 13
343 344
860 861
346 347
731 732
226 227
268 269
279 280
436 437
560 561
711 712
405 406
235 236
891 892
891 892
132 133
513 514
389 390
268 269
240 241
360 361
721 722
796 797
460 461
959 960
878 879
791 792
525 526
862 863
500 501
218 219
553 554
735 736
851 852
328 329
179 180
551 552
921 922
720 721
950 951
950 951
864 865
821 822
862 863
592 593
433 434
1000 1001
472 473
637 638
753 754
597 598
891 892
640 641
259 260
306 307
768 769
0 1
886 887
509 510
440 441
887 888
27 28
464 465
672 673
152 153
710 711
519 520
300 301
932 933
77 78
801 802
637 638
211 212
233 234
709 710
256 257
407 408
731 732
537 538
719 720
993 994
623 624
579 580
565 566
627 628
553 554
801 802
741 742
925 926
320 321
991 992
70 71
7 8
104 105
163 164
232 233
664 665
767 768
519 520
781 782
996 997
792 793
257 258
348 349
479 480
221 222
877 878
727 728
531 532
639 640
985 986
767 768
1 2
910 911
147 148
578 579
619 620
364 365
787 788
863 864
242 243
105 106
727 728
122 123
988 989
27 28
737 738
761 762
972 973
745 746
305 306
825 826
106 107
327 328
112 113
319 320
509 510
330 331
624 625
729 730
756 757
783 784
993 994
334 335
328 329
455 456
852 853
755 756
505 506
635 636
202 203
538 539
426 427
12 13
395 396
408 409
870 871
621 622
363 364
940 941
898 899
154 155
885 886
737 738
634 635
268 269
666 667
958 959
49 50
920 921
278 279
351 352
113 114
877 878
442 443
248 249
351 352
755 756
787 788
221 222
852 853
244 245
252 253
218 219
829 830
245 246
967 968
652 653
80 81
349 350
548 549
753 754
868 869
586 587
490 491
799 800
116 117
623 624
578 579
620 621
489 490
980 981
363 364
941 942
836 837
890 891
807 808
418 419
917 918
297 298
155 156
10 11
769 770
386 387
85 86
937 938
575 576
185 186
288 289
953 954
683 684
565 566
637 638
643 644
16 17
709 710
120 121
633 634
581 582
539 540
439 440
370 371
986 987
358 359
649 650
381 382
572 573
110 111
703 704
66 67
805 806
591 592
13 14
609 610
517 518
354 355
860 861
206 207
372 373
401 402
5 6
220 221
175 176
966 967
678 679
229 230
93 94
358 359
380 381
709 710
480 481
394 395
321 322
969 970
250 251
218 219
519 520
670 671
760 761
975 976
208 209
360 361
65 66
837 838
847 848
353 354
36 37
831 832
855 856
569 570
584 585
116 117
55 56
96 97
654 655
473 474
718 719
295 296
5 6
27 28
571 572
414 415
80 81
456 457
274 275
453 454
667 668
678 679
969 970
560 561
927 928
279 280
170 171
103 104
655 656
284 285
508 509
456 457
226 227
50 51
801 802
985 986
839 840
646 647
976 977
810 811
960 961
315 316
704 705
860 861
497 498
732 733
404 405
300 301
127 128
331 332
639 640
821 822
648 649
37 38
409 410
948 949
560 561
388 389
71 72
704 705
441 442
905 906
695 696
350 351
804 805
513 514
226 227
697 698
347 348
203 204
188 189
487 488
149 150
792 793
696 697
759 760
708 709
1 2
388 389
846 847
939 940
610 611
42 43
559 560
190 191
92 93
338 339
286 287
653 654
119 120
496 497
507 508
830 831
526 527
883 884
729 730
682 683
66 67
139 140
472 473
540 541
843 844
436 437
770 771
976 977
858 859
330 331
4 5
538 539
658 659
544 545
108 109
714 715
951 952
646 647
753 754
407 408
363 364
741 742
327 328
723 724
674 675
911 912
845 846
525 526
419 420
997 998
45 46
809 810
958 959
675 676
655 656
295 296
428 429
477 478
671 672
332 333
131 132
529 530
940 941
166 167
878 879
946 947
461 462
776 777
829 830
995 996
845 846
105 106
388 389
127 128
666 667
426 427
478 479
160 161
510 511
321 322
923 924
40 41
101 102
626 627
804 805
489 490
623 624
992 993
174 175
567 568
951 952
163 164
799 800
588 589
989 990
942 943
374 375
446 447
412 413
785 786
792 793
451 452
999 1000
182 183
24 25
722 723
53 54
162 163
714 715
849 850
284 285
28 29
15 16
61 62
832 833
471 472
195 196
58 59
131 132
505 506
15 16
300 301
395 396
712 713
76 77
45 46
908 909
606 607
642 643
114 115
854 855
822 823
74 75
357 358
865 866
328 329
205 206
35 36
138 139
834 835
14 15
628 629
159 160
85 86
312 313
76 77
779 780
907 908
668 669
802 803
145 146
444 445
99 100
273 274
381 382
657 658
164 165
165 166
550 551
504 505
595 596
670 671
895 896
368 369
693 694
862 863
812 813
815 816
76 77
982 983
562 563
246 247
407 408
50 51
720 721
190 191
574 575
846 847
762 763
560 561
888 889
296 297
12 13
79 80
201 202
688 689
190 191
646 647
207 208
350 351
715 716
629 630
485 486
430 431
786 787
694 695
870 871
355 356
308 309
390 391
99 100
563 564
51 52
117 118
733 734
730 731
683 684
73 74
646 647
77 78
731 732
183 184
746 747
786 787
373 374
497 498
543 544
408 409
213 214
153 154
692 693
640 641
148 149
422 423
220 221
830 831
128 129
339 340
233 234
264 265
752 753
783 784
711 712
337 338
567 568
661 662
437 438
658 659
321 322
823 824
126 127
182 183
984 985
844 845
290 291
250 251
511 512
508 509
194 195
544 545
595 596
912 913
100 101
545 546
334 335
302 303
187 188
590 591
471 472
432 433
375 376
245 246
597 598
229 230
226 227
482 483
893 894
131 132
739 740
948 949
818 819
676 677
927 928
803 804
209 210
590 591
618 619
75 76
255 256
383 384
84 85
699 700
872 873
791 792
834 835
837 838
249 250
39 40
32 33
304 305
948 949
147 148
929 930
764 765
418 419
415 416
470 471
765 766
591 592
815 816
275 276
553 554
579 580
398 399
779 780
19 20
642 643
711 712
570 571
537 538
781 782
917 918
637 638
656 657
739 740
755 756
279 280
90 91
836 837
895 896
425 426
668 669
220 221
228 229
385 386
341 342
30 31
830 831
953 954
695 696
71 72
235 236
774 775
617 618
779 780
521 522
936 937
194 195
22 23
247 248
648 649
558 559
165 166
511 512
646 647
534 535
393 394
398 399
94 95
673 674
260 261
890 891
414 415
161 162
942 943
273 274
656 657
554 555
286 287
12 13
221 222
11 12
278 279
48 49
766 767
711 712
477 478
526 527
331 332
384 385
983 984
488 489
246 247
739 740
314 315
211 212
52 53
383 384
59 60
355 356
129 130
659 660
263 264
344 345
486 487
659 660
52 53
773 774
890 891
275 276
51 52
551 552
280 281
370 371
164 165
378 379
220 221
885 886
524 525
602 603
820 821
958 959
849 850
48 49
500 501
448 449
750 751
643 644
417 418
495 496
488 489
344 345
8 9
257 258
907 908
216 217
345 346
955 956
481 482
370 371
526 527
916 917
340 341
628 629
141 142
917 918
904 905
722 723
537 538
702 703
268 269
602 603
9 10
675 676
812 813
600 601
600 601
202 203
89 90
197 198
873 874
907 908
424 425
641 642
893 894
730 731
493 494
80 81
786 787
757 758
87 88
254 255
126 127
574 575
42 43
844 845
645 646
822 823
336 337
774 775
907 908
538 539
813 814
815 816
843 844
785 786
583 584
837 838
562 563
536 537
69 70
136 137
822 823
592 593
22 23
955 956
810 811
62 63
924 925
146 147
831 832
417 418
308 309
660 661
182 183
744 745
293 294
346 347
425 426
688 689
196 197
277 278
236 237
248 249
94 95
436 437
294 295
247 248
193 194
829 830
548 549
43 44
227 228
425 426
382 383
636 637
848 849
290 291
674 675
371 372
899 900
42 43
457 458
922 923
188 189
815 816
421 422
537 538
880 881
520 521
556 557
313 314
104 105
106 107
332 333
608 609
633 634
882 883
624 625
483 484
773 774
410 411
724 725
266 267
658 659
204 205
598 599
801 802
760 761
644 645
891 892
422 423
896 897
487 488
60 61
54 55
256 257
197 198
209 210
527 528
645 646
925 926
556 557
705 706
416 417
200 201
76 77
299 300
99 100
492 493
580 581
668 669
230 231
177 178
555 556
381 382
242 243
374 375
193 194
448 449
22 23
108 109
57 58
201 202
208 209
787 788
784 785
886 887
604 605
545 546
390 391
457 458
855 856
164 165
204 205
584 585
45 46
910 911
529 530
228 229
307 308
391 392
216 217
114 115
310 311
990 991
890 891
273 274
137 138
925 926
223 224
847 848
766 767
56 57
912 913
486 487
187 188
571 572
218 219
995 996
928 929
826 827
57 58
870 871
121 122
623 624
28 29
174 175
0 1
410 411
434 435
415 416
990 991
799 800
572 573
219 220
242 243
890 891
882 883
740 741
769 770
450 451
934 935
42 43
450 451
5 6
613 614
415 416
799 800
28 29
735 736
58 59
398 399
31 32
961 962
464 465
142 143
85 86
682 683
487 488
164 165
728 729
158 159
756 757
572 573
493 494
523 524
659 660
519 520
416 417
430 431
781 782
248 249
872 873
92 93
58 59
486 487
150 151
890 891
302 303
591 592
82 83
265 266
818 819
837 838
916 917
28 29
513 514
487 488
527 528
84 85
960 961
183 184
716 717
97 98
39 40
621 622
984 985
81 82
631 632
653 654
95 96
534 535
19 20
342 343
741 742
938 939
298 299
643 644
373 374
702 703
124 125
231 232
326 327
389 390
510 511
648 649
350 351
891 892
250 251
185 186
266 267
851 852
693 694
746 747
248 249
952 953
788 789
229 230
294 295
61 62
212 213
66 67
927 928
101 102
240 241
755 756
461 462
331 332
602 603
498 499
59 60
11 12
45 46
303 304
963 964
386 387
914 915
729 730
612 613
542 543
223 224
370 371
424 425
947 948
64 65
293 294
408 409
973 974
882 883
709 710
871 872
804 805
18 19
904 905
355 356
659 660
614 615
984 985
509 510
910 911
490 491
739 740
197 198
328 329
387 388
23 24
483 484
258 259
422 423
657 658
64 65
373 374
359 360
194 195
157 158
303 304
79 80
818 819
606 607
879 880
734 735
246 247
870 871
485 486
19 20
351 352
354 355
353 354
272 273
773 774
702 703
893 894
286 287
274 275
874 875
897 898
740 741
766 767
936 937
676 677
20 21
606 607
122 123
139 140
124 125
568 569
881 882
265 266
715 716
958 959
981 982
993 994
133 134
140 141
869 870
184 185
845 846
395 396
954 955
206 207
325 326
952 953
572 573
938 939
672 673
924 925
447 448
861 862
315 316
837 838
302 303
911 912
706 707
998 999
220 221
607 608
196 197
169 170
872 873
534 535
155 156
28 29
515 516
650 651
137 138
14 15
25 26
321 322
543 544
607 608
579 580
143 144
673 674
146 147
253 254
333 334
145 146
71 72
566 567
777 778
412 413
503 504
657 658
103 104
246 247
48 49
962 963
904 905
248 249
496 497
933 934
252 253
435 436
33 34
383 384
73 74
926 927
714 715
933 934
660 661
719 720
625 626
449 450
192 193
112 113
539 540
306 307
567 568
724 725
461 462
775 776
109 110
896 897
587 588
917 918
823 824
505 506
784 785
521 522
102 103
332 333
363 364
412 413
288 289
322 323
437 438
859 860
927 928
61 62
285 286
382 383
399 400
675 676
710 711
753 754
24 25
541 542
751 752
774 775
761 762
631 632
480 481
626 627
224 225
293 294
729 730
825 826
988 989
395 396
932 933
630 631
941 942
97 98
347 348
901 902
23 24
243 244
688 689
94 95
378 379
972 973
816 817
135 136
50 51
898 899
611 612
224 225
456 457
535 536
134 135
314 315
301 302
491 492
673 674
356 357
685 686
372 373
103 104
277 278
263 264
468 469
904 905
859 860
951 952
804 805
628 629
757 758
490 491
470 471
9 10
813 814
590 591
362 363
92 93
273 274
680 681
886 887
207 208
400 401
300 301
274 275
863 864
23 24
688 689
918 919
982 983
74 75
218 219
576 577
681 682
46 47
658 659
189 190
312 313
558 559
191 192
457 458
156 157
380 381
969 970
939 940
173 174
582 583
853 854
581 582
494 495
791 792
966 967
274 275
761 762
451 452
770 771
406 407
951 952
233 234
513 514
78 79
472 473
868 869
948 949
276 277
598 599
264 265
309 310
479 480
667 668
681 682
241 242
9 10
385 386
267 268
429 430
816 817
420 421
447 448
557 558
107 108
944 945
792 793
193 194
780 781
537 538
591 592
399 400
443 444
429 430
746 747
249 250
838 839
238 239
106 107
986 987
471 472
675 676
695 696
922 923
89 90
99 100
842 843
113 114
780 781
959 960
28 29
724 725
481 482
207 208
485 486
693 694
605 606
836 837
33 34
433 434
919 920
702 703
622 623
695 696
511 512
653 654
949 950
234 235
523 524
493 494
506 507
710 711
89 90
876 877
410 411
799 800
789 790
659 660
110 111
181 182
325 326
234 235
382 383
564 565
67 68
590 591
665 666
559 560
948 949
19 20
501 502
451 452
663 664
1000 1001
204 205
388 389
20 21
76 77
924 925
111 112
241 242
399 400
571 572
482 483
614 615
106 107
891 892
725 726
888 889
384 385
728 729
724 725
333 334
735 736
626 627
122 123
294 295
918 919
582 583
22 23
247 248
712 713
361 362
172 173
161 162
243 244
505 506
940 941
878 879
760 761
812 813
494 495
126 127
395 396
561 562
420 421
705 706
603 604
72 73
974 975
86 87
752 753
731 732
698 699
276 277
27 28
919 920
123 124
553 554
140 141
851 852
473 474
114 115
836 837
980 981
501 502
992 993
517 518
454 455
141 142
807 808
62 63
18 19
657 658
95 96
167 168
770 771
342 343
1000 1001
684 685
524 525
79 80
978 979
100 101
370 371
102 103
834 835
964 965
942 943
942 943
816 817
519 520
499 500
511 512
544 545
53 54
373 374
536 537
979 980
667 668
423 424
279 280
479 480
412 413
11 12
760 761
516 517
405 406
499 500
776 777
764 765
125 126
277 278
338 339
231 232
88 89
258 259
381 382
214 215
296 297
861 862
124 125
727 728
956 957
263 264
635 636
549 550
396 397
83 84
146 147
341 342
184 185
279 280
746 747
188 189
372 373
562 563
589 590
593 594
281 282
398 399
954 955
636 637
142 143
376 377
854 855
104 105
478 479
671 672
792 793
242 243
545 546
439 440
805 806
674 675
736 737
161 162
336 337
253 254
326 327
526 527
466 467
292 293
17 18
221 222
491 492
536 537
395 396
444 445
358 359
566 567
835 836
350 351
702 703
384 385
660 661
835 836
583 584
722 723
94 95
455 456
665 666
65 66
687 688
482 483
806 807
456 457
581 582
328 329
7 8
210 211
949 950
657 658
155 156
142 143
826 827
844 845
62 63
215 216
593 594
521 522
707 708
236 237
350 351
59 60
919 920
547 548
23 24
38 39
336 337
520 521
142 143
587 588
512 513
880 881
556 557
161 162
286 287
571 572
148 149
746 747
681 682
266 267
620 621
195 196
661 662
132 133
515 516
134 135
957 958
972 973
14 15
617 618
158 159
751 752
964 965
968 969
905 906
311 312
689 690
100 101
169 170
232 233
542 543
739 740
54 55
177 178
593 594
761 762
517 518
816 817
517 518
249 250
936 937
989 990
284 285
19 20
316 317
406 407
610 611
235 236
302 303
571 572
298 299
930 931
317 318
647 648
376 377
606 607
701 702
343 344
110 111
776 777
293 294
296 297
684 685
774 775
499 500
124 125
733 734
139 140
289 290
954 955
667 668
810 811
419 420
438 439
680 681
546 547
637 638
914 915
464 465
507 508
394 395
447 448
878 879
630 631
963 964
515 516
28 29
439 440
195 196
745 746
354 355
189 190
639 640
699 700
860 861
189 190
798 799
873 874
267 268
709 710
94 95
736 737
331 332
966 967
833 834
73 74
793 794
149 150
992 993
797 798
32 33
801 802
124 125
898 899
159 160
631 632
610 611
702 703
176 177
613 614
290 291
263 264
731 732
677 678
17 18
741 742
842 843
17 18
258 259
148 149
91 92
81 82
796 797
663 664
541 542
153 154
198 199
784 785
495 496
716 717
75 76
484 485
425 426
567 568
27 28
42 43
54 55
808 809
147 148
608 609
995 996
92 93
816 817
679 680
936 937
985 986
85 86
657 658
857 858
25 26
982 983
519 520
873 874
645 646
965 966
44 45
331 332
117 118
28 29
948 949
591 592
788 789
82 83
453 454
72 73
668 669
269 270
783 784
243 244
384 385
549 550
384 385
550 551
347 348
227 228
904 905
710 711
458 459
620 621
43 44
497 498
984 985
714 715
278 279
400 401
544 545
198 199
556 557
721 722
458 459
320 321
345 346
998 999
345 346
312 313
193 194
640 641
651 652
428 429
646 647
218 219
523 524
831 832
799 800
186 187
22 23
313 314
635 636
769 770
973 974
350 351
293 294
832 833
341 342
730 731
962 963
418 419
712 713
701 702
690 691
527 528
122 123
159 160
180 181
673 674
11 12
441 442
47 48
289 290
465 466
442 443
932 933
958 959
576 577
465 466
840 841
280 281
758 759
560 561
752 753
967 968
579 580
597 598
863 864
921 922
954 955
629 630
382 383
705 706
506 507
364 365
794 795
791 792
502 503
267 268
820 821
178 179
203 204
24 25
378 379
605 606
861 862
966 967
889 890
944 945
616 617
182 183
631 632
75 76
695 696
641 642
801 802
879 880
876 877
374 375
594 595
969 970
881 882
90 91
964 965
856 857
330 331
617 618
870 871
477 478
819 820
914 915
323 324
327 328
652 653
130 131
65 66
615 616
99 100
416 417
489 490
232 233
969 970
705 706
190 191
284 285
815 816
485 486
846 847
716 717
182 183
487 488
930 931
605 606
488 489
354 355
285 286
575 576
290 291
499 500
475 476
811 812
30 31
593 594
790 791
107 108
63 64
164 165
463 464
787 788
483 484
611 612
499 500
423 424
867 868
514 515
706 707
241 242
658 659
206 207
354 355
554 555
711 712
630 631
531 532
290 291
651 652
715 716
564 565
249 250
810 811
973 974
179 180
990 991
399 400
127 128
834 835
987 988
607 608
750 751
73 74
240 241
773 774
69 70
577 578
487 488
369 370
459 460
557 558
338 339
236 237
731 732
842 843
992 993
470 471
721 722
