10691
307
209
917
713
266
972
808
100
23
603
245
446
718
280
418
910
908
153
978
439
872
825
443
617
64
355
789
814
912
983
428
194
727
506
77
467
989
7
827
113
754
908
730
403
461
749
97
861
992
446
535
103
435
124
658
625
653
496
727
101
852
658
222
802
995
429
143
91
137
456
687
484
355
516
561
888
782
741
91
399
644
50
533
117
354
485
907
422
605
74
504
981
644
733
784
943
763
810
726
47
578
573
126
614
943
777
511
668
448
575
179
581
806
579
879
217
149
401
694
379
648
16
967
281
974
780
857
278
989
387
84
580
688
426
746
661
854
632
553
466
974
783
344
254
971
917
324
210
420
851
112
492
24
49
226
370
966
274
660
57
462
335
29
459
300
927
142
626
972
704
945
595
899
78
184
950
768
250
701
147
81
966
626
629
262
987
898
823
298
506
938
409
245
508
310
348
144
320
979
750
690
355
495
481
990
765
118
677
90
512
468
986
26
252
355
924
186
154
600
273
224
656
306
256
247
436
232
121
778
769
26
796
389
579
763
326
476
355
614
216
584
61
92
510
654
186
986
301
338
181
847
89
979
521
502
183
625
727
493
920
506
663
989
702
683
667
10
711
960
88
688
782
282
381
638
479
773
755
848
299
513
680
704
828
721
21
20
527
899
536
578
735
729
118
603
426
516
872
692
64
335
271
777
546
484
374
337
228
367
912
151
139
889
485
333
693
690
832
209
661
278
585
733
481
638
126
874
950
819
2
265
397
813
58
727
153
775
930
593
840
61
664
37
711
539
955
867
3
587
312
156
345
859
169
726
478
965
775
732
989
584
441
335
873
97
709
682
886
615
26
361
16
213
511
482
737
666
515
172
620
217
549
429
533
530
49
161
208
580
746
502
211
563
951
604
865
527
236
675
804
768
59
295
541
563
59
742
354
321
4
385
73
628
855
188
132
848
992
603
285
427
894
417
229
362
845
59
679
381
903
645
204
876
511
268
341
134
216
477
683
476
112
608
415
774
303
922
942
810
75
525
824
822
694
174
793
931
36
246
833
49
129
403
545
228
911
958
326
365
962
922
488
748
376
289
228
460
928
673
805
239
729
800
594
617
914
667
838
757
763
793
723
491
927
659
643
222
614
794
509
922
205
485
730
834
232
542
155
894
634
344
482
722
683
208
242
399
984
99
998
19
329
11
881
370
615
810
915
189
614
866
992
836
158
545
235
757
854
353
779
566
926
393
537
779
708
677
844
20
319
403
456
74
762
487
189
601
652
618
602
976
724
867
63
980
770
943
560
447
184
856
629
523
445
752
617
87
286
452
607
225
938
508
562
179
462
445
476
722
609
571
800
556
866
84
616
731
673
674
386
947
755
37
763
343
222
673
644
413
349
41
154
340
910
992
475
989
590
612
881
581
654
803
62
35
123
133
820
929
622
554
128
229
333
239
916
608
500
810
754
264
934
937
939
992
907
235
496
656
228
137
932
791
618
728
20
659
604
254
24
527
934
152
885
653
121
603
837
176
502
143
10
651
337
713
8
147
595
245
377
413
915
981
384
73
883
622
152
793
1000
545
927
560
73
641
369
912
609
349
344
628
640
871
432
853
802
521
307
152
453
923
765
558
692
221
262
530
351
77
138
236
405
330
653
496
29
507
359
1
636
444
894
258
736
873
488
582
149
919
683
223
707
884
319
10
904
709
672
450
950
509
594
457
335
446
81
282
989
502
801
728
552
576
481
83
815
277
757
724
49
511
739
215
75
461
33
951
813
822
905
959
1
553
26
162
171
336
776
26
68
65
122
839
725
883
891
763
266
114
931
180
479
410
111
95
260
81
206
410
341
258
941
981
32
471
860
973
300
734
950
957
956
818
910
377
141
649
379
368
413
787
467
89
83
863
165
409
269
410
789
910
318
900
901
717
384
90
430
670
439
913
818
991
58
432
936
161
672
984
627
163
550
525
878
715
928
223
478
434
521
400
792
804
680
493
114
588
154
213
397
413
407
555
345
921
776
975
334
43
125
226
17
983
786
305
796
462
972
780
116
742
181
943
698
262
374
351
518
649
256
475
114
485
820
887
609
382
126
203
372
402
627
142
39
539
681
578
531
715
5
87
976
4
471
186
553
887
295
460
388
283
498
263
462
754
365
296
682
507
961
233
788
303
751
752
866
130
698
994
821
564
704
227
327
4
901
672
211
717
827
63
712
979
368
997
62
320
22
788
409
424
10
25
418
328
156
35
199
66
794
834
41
250
100
925
271
372
145
819
475
128
57
8
790
841
966
952
154
916
76
331
389
49
887
694
179
87
717
954
857
704
645
769
581
523
771
484
812
847
173
433
736
375
320
253
419
277
680
388
669
20
511
205
439
655
552
794
292
471
603
559
588
604
389
999
222
83
402
951
239
166
818
841
905
210
91
539
836
447
724
673
47
247
283
13
631
854
364
61
944
200
720
79
378
631
141
735
42
251
587
635
97
370
788
557
924
855
885
975
324
128
803
312
53
257
374
49
346
968
898
856
594
822
609
392
51
688
266
860
431
857
629
458
804
313
345
117
548
653
312
411
60
499
444
481
778
420
188
7
888
880
801
316
823
609
482
439
703
119
966
772
771
588
684
92
109
625
676
426
120
246
274
245
572
594
580
182
172
978
520
822
924
286
488
807
841
478
390
796
778
719
904
419
48
613
442
215
503
672
199
802
833
999
315
486
72
500
270
35
441
996
149
84
789
169
849
463
648
796
118
328
633
676
965
574
663
782
427
996
103
472
275
62
890
369
109
175
989
87
983
795
347
298
942
232
957
77
517
742
684
278
222
128
104
530
922
63
251
668
947
611
936
854
557
275
427
787
14
52
25
569
762
646
363
27
242
110
957
767
627
715
420
956
874
430
229
601
995
785
993
546
749
441
461
85
343
143
321
682
526
475
642
764
987
336
83
75
48
196
630
415
56
824
614
52
386
148
970
740
550
842
453
237
640
618
486
330
688
883
269
742
568
112
181
576
932
273
85
489
170
803
482
425
832
619
608
705
871
298
713
864
743
45
693
116
831
134
413
697
67
482
530
763
44
382
196
416
743
375
111
633
702
681
629
365
564
434
351
794
713
15
345
849
139
619
78
328
842
243
547
113
459
992
145
531
698
532
31
387
433
476
304
149
814
25
936
368
236
377
124
776
791
156
560
535
853
145
248
22
859
860
442
387
273
828
816
534
687
702
949
684
873
453
119
829
44
689
358
135
594
141
243
343
634
354
198
533
496
230
86
839
304
158
10
315
612
762
724
944
27
919
641
342
442
679
222
740
757
20
999
67
327
373
891
926
820
943
784
769
351
474
164
94
94
802
377
613
778
477
5
877
326
377
494
284
550
538
306
986
607
492
275
840
923
282
383
16
922
951
41
260
400
129
311
584
387
561
962
196
389
859
191
337
121
912
694
596
227
57
744
650
786
627
43
296
262
985
585
103
146
656
65
502
962
931
287
58
206
195
798
739
730
482
287
8
529
782
931
931
92
750
917
853
188
140
441
759
862
397
687
577
416
58
993
365
235
627
601
577
648
835
906
491
265
20
447
524
356
289
100
333
143
612
851
839
978
430
854
645
147
932
741
280
789
412
242
565
116
388
269
979
931
373
78
955
691
44
481
254
532
676
672
916
302
201
642
156
376
930
645
862
527
234
749
690
859
551
461
183
918
646
37
964
183
885
117
499
841
494
886
525
575
683
140
634
971
568
213
768
992
22
218
821
77
53
904
703
220
753
691
599
256
355
550
829
978
134
254
743
14
94
964
655
426
837
881
287
420
647
395
331
411
861
886
12
837
245
680
879
61
628
262
936
999
831
25
79
393
112
882
569
26
237
584
642
171
4
778
350
176
911
362
568
962
988
322
84
215
189
908
63
555
175
840
494
412
801
925
296
225
343
260
292
186
798
797
127
609
932
654
216
776
80
869
211
567
188
899
561
39
991
269
357
319
540
680
406
1
792
886
454
838
949
725
33
71
354
904
973
909
145
573
845
820
495
512
115
813
585
334
664
42
561
763
663
57
56
269
853
673
65
897
160
706
588
983
687
393
594
507
409
623
794
106
854
85
75
904
85
636
253
537
601
242
932
370
887
358
682
892
996
281
239
107
672
612
686
913
321
149
655
93
99
422
466
480
323
510
610
375
417
578
965
509
471
710
479
711
907
395
800
934
632
124
168
543
150
184
585
86
692
56
666
561
373
303
144
98
65
381
163
365
52
591
586
766
240
8
553
782
999
698
478
875
50
570
402
249
678
681
886
791
244
341
381
506
563
343
348
589
580
326
847
199
492
959
967
74
170
493
455
910
676
417
985
946
964
116
70
513
99
67
446
943
575
396
430
533
566
790
867
38
130
451
773
217
771
14
957
284
116
201
194
316
60
33
350
736
1
713
43
894
638
266
195
480
590
550
282
850
399
201
446
299
968
683
500
594
530
784
319
412
265
416
318
654
685
757
64
828
280
316
319
709
899
1
680
272
449
258
198
444
973
478
89
709
598
272
787
147
731
493
588
183
432
953
17
774
637
955
324
319
443
961
837
584
562
660
783
671
252
106
931
67
963
521
713
62
201
908
714
298
17
891
186
697
292
532
117
704
941
128
300
84
202
62
778
732
304
315
749
272
536
959
448
746
749
357
176
57
662
786
124
95
949
18
131
461
198
15
560
932
575
935
893
721
763
987
550
738
219
649
947
724
665
443
143
552
476
358
501
250
196
724
694
311
197
835
396
679
105
674
174
276
288
653
613
546
287
828
4
437
18
638
73
433
727
860
983
91
703
713
155
698
955
202
127
985
820
989
543
676
411
756
449
585
153
435
744
256
439
182
294
961
559
469
318
875
276
667
644
630
879
163
179
729
829
97
352
967
836
955
465
375
704
313
336
184
979
623
41
833
44
265
501
908
467
222
254
205
461
144
799
180
813
439
469
497
320
231
958
775
526
777
117
767
251
453
976
133
307
431
529
275
719
910
357
665
652
734
453
1000
352
666
79
417
1
348
970
693
664
319
702
91
737
268
570
576
888
596
550
112
785
963
619
940
288
49
678
518
294
83
205
537
623
779
388
55
320
395
692
793
559
170
850
101
815
624
343
3
923
774
311
747
700
954
131
171
370
570
522
78
460
326
833
29
184
493
143
648
794
526
682
185
380
261
848
937
264
511
516
169
489
424
213
936
397
414
665
858
215
831
526
854
362
59
429
204
487
209
262
481
233
577
142
668
384
622
63
821
299
544
550
796
686
617
778
774
38
426
20
526
417
102
354
255
986
763
620
132
772
805
878
464
527
619
47
110
420
812
672
177
134
835
173
917
420
419
523
26
843
410
635
857
720
17
297
462
673
894
152
840
564
357
587
126
606
678
745
487
567
113
975
521
27
604
577
337
923
326
489
800
141
528
222
690
905
296
369
270
769
304
798
21
619
330
942
309
65
224
639
531
476
253
240
935
744
816
501
115
871
869
758
757
457
298
354
659
965
958
646
85
668
844
706
514
916
516
494
749
250
978
501
533
873
563
3
569
517
41
893
490
911
762
257
771
16
539
921
690
197
579
53
898
937
254
560
149
316
994
692
89
468
117
223
154
994
897
143
812
430
991
273
537
450
177
604
849
984
439
583
411
110
77
518
266
674
935
36
887
387
435
531
545
727
608
168
617
151
82
876
42
31
75
403
46
134
300
612
399
340
788
492
130
713
85
4
567
764
636
714
471
9
734
512
890
934
17
170
32
734
609
915
682
440
980
483
27
619
518
6
497
118
464
866
433
581
389
812
290
947
874
754
781
708
393
862
796
191
130
516
886
362
799
214
596
140
437
770
629
365
946
956
67
110
475
647
966
942
526
788
981
304
266
552
233
64
511
67
512
2
997
262
101
209
497
899
359
362
401
257
622
997
842
24
802
630
207
827
461
509
965
167
145
470
287
451
318
40
400
464
904
364
703
202
902
186
510
974
805
177
267
454
375
345
128
2
820
786
115
448
954
389
781
552
645
821
693
203
53
859
38
303
446
552
452
47
708
111
187
156
166
272
81
528
436
349
538
889
226
27
887
625
352
394
859
366
616
75
554
717
294
465
768
941
390
443
37
427
264
459
182
582
768
422
746
667
62
213
276
545
992
619
291
867
220
916
227
772
306
884
146
493
650
655
433
749
232
390
192
441
591
628
394
618
389
741
603
645
118
339
963
681
21
254
332
956
515
609
343
192
989
862
705
768
246
356
133
991
957
950
369
460
342
162
947
593
848
198
588
582
752
773
259
383
309
708
969
864
842
396
706
861
564
939
1
379
460
374
53
441
681
171
707
157
434
391
597
703
369
181
121
511
614
784
698
65
295
68
27
355
736
999
651
314
117
193
236
240
8
377
474
411
929
352
492
768
431
832
560
272
779
715
269
442
134
652
860
895
358
972
840
26
362
534
986
129
634
678
458
847
492
94
446
269
678
612
284
219
280
896
136
806
573
731
427
876
938
951
474
55
928
342
657
449
260
239
999
957
59
576
548
241
506
27
106
898
101
452
804
81
283
37
904
314
84
287
774
819
354
559
561
712
444
971
471
487
9
212
19
15
9
531
522
860
770
953
535
54
273
435
806
604
590
439
500
196
232
983
823
554
187
414
202
669
877
974
761
649
689
826
578
263
183
290
643
637
419
410
771
227
677
257
744
363
183
912
650
289
277
613
988
226
222
333
63
703
955
486
327
529
250
817
180
643
85
859
966
238
336
905
462
623
714
995
8
49
386
603
687
239
519
695
949
254
852
210
362
818
558
343
540
32
364
323
364
286
208
142
477
970
787
530
209
595
849
596
706
795
928
757
323
728
326
565
552
209
852
450
885
357
764
382
917
251
757
810
10
230
877
932
217
423
246
452
849
205
474
166
319
42
575
463
657
812
288
375
943
103
748
492
17
772
854
55
369
93
127
838
165
562
388
610
237
573
610
996
251
412
109
73
678
172
723
256
728
199
738
233
546
915
94
863
588
454
147
403
978
555
157
577
579
984
461
355
52
436
50
600
849
365
268
968
22
527
760
417
460
417
343
139
693
155
700
384
252
630
478
670
814
728
865
113
207
670
233
453
101
392
413
723
721
168
634
346
908
140
340
441
202
543
460
310
256
990
158
172
321
626
667
231
894
253
967
223
4
808
728
69
94
697
334
35
683
642
745
853
250
622
810
407
68
478
732
163
604
893
441
123
681
813
610
109
352
738
361
43
984
888
773
861
932
562
989
558
936
699
344
230
787
960
945
298
725
513
644
696
380
995
348
311
982
955
167
621
724
531
94
13
46
847
720
454
834
70
440
892
38
35
112
546
771
383
286
921
526
64
712
659
608
150
914
263
228
314
431
133
854
216
581
758
20
370
298
79
918
665
574
972
780
420
377
591
172
797
584
293
632
677
568
195
184
884
789
364
586
897
625
241
763
349
701
631
28
99
301
190
371
21
267
42
731
581
95
989
410
32
228
598
459
747
990
825
153
560
401
99
620
80
508
851
651
566
142
696
938
518
950
215
702
376
769
269
937
84
694
685
108
471
370
634
841
329
111
311
580
822
903
472
140
450
714
11
852
865
39
527
599
369
429
668
641
864
518
787
583
346
217
27
776
237
218
932
409
405
45
136
60
467
56
952
229
107
204
167
836
306
806
659
375
267
554
761
751
634
275
951
458
641
115
83
104
503
727
481
452
914
542
691
211
27
614
374
890
926
138
891
474
998
623
316
298
562
373
414
643
280
492
475
598
943
713
923
111
971
728
682
14
685
497
663
94
769
304
123
289
379
114
210
711
630
889
285
807
519
616
187
48
227
546
522
392
478
601
845
166
218
64
694
687
997
541
618
444
769
101
761
493
874
914
903
964
580
148
786
177
276
713
637
282
405
766
18
165
944
795
885
685
557
421
65
556
926
713
140
904
177
358
659
446
796
871
906
763
197
632
630
358
860
416
855
672
414
690
2
376
547
928
508
221
189
753
306
670
499
131
346
47
6
200
80
782
646
98
362
429
991
37
485
90
128
566
53
957
243
857
455
537
635
549
728
252
897
80
521
344
313
187
540
847
178
678
548
964
75
778
397
114
243
127
678
246
109
65
555
188
565
66
535
21
526
208
422
962
435
520
177
538
781
526
888
867
564
437
83
588
322
636
481
250
657
529
617
988
417
719
465
199
349
455
815
916
783
153
726
139
479
39
786
959
370
134
212
147
372
909
588
360
635
698
892
356
789
490
229
56
641
333
765
21
472
412
869
476
5
636
438
965
193
262
378
109
645
134
422
646
798
828
697
861
294
7
564
441
914
874
750
900
245
668
603
527
505
236
210
435
563
492
444
763
820
991
942
539
856
83
841
899
359
955
497
192
908
499
503
657
240
578
117
512
577
615
880
670
709
586
20
908
981
469
451
531
7
461
626
685
141
792
174
150
168
397
598
792
153
818
729
607
366
924
654
233
508
875
172
376
942
90
140
489
437
987
666
616
30
870
675
878
861
218
50
457
800
257
482
464
56
312
757
233
178
250
514
797
967
771
696
878
131
564
48
151
333
146
469
680
949
498
682
405
277
475
116
475
190
720
733
399
913
768
674
508
431
416
506
539
970
868
337
419
700
61
795
35
945
896
621
611
45
778
829
588
992
918
540
396
822
147
755
176
107
378
847
922
238
887
35
184
589
84
971
789
125
317
565
468
996
780
488
808
180
785
226
340
693
741
835
842
152
147
305
89
693
375
939
642
291
961
726
842
147
84
118
706
548
520
703
972
626
640
779
484
77
522
30
663
310
605
94
528
33
406
141
699
27
66
832
212
533
750
820
118
447
977
762
415
581
492
309
596
234
700
606
367
6
15
840
177
900
261
713
392
609
482
828
48
730
324
573
339
56
474
708
27
296
667
533
947
406
578
767
71
891
858
106
886
325
251
305
329
555
184
431
979
871
257
937
454
74
795
479
873
520
312
204
925
458
537
191
177
124
931
339
149
709
475
222
896
264
610
273
288
746
729
104
98
340
132
391
819
632
29
492
373
859
512
28
275
664
911
506
684
853
635
546
152
934
263
79
522
54
403
826
227
136
246
875
606
28
712
489
718
745
960
700
366
292
860
7
761
378
106
822
371
3
929
906
201
423
911
974
680
711
130
380
958
295
539
202
582
422
351
113
816
37
8
347
57
641
662
508
998
789
587
998
888
220
899
629
917
199
358
970
316
124
57
60
351
795
251
963
238
230
907
88
846
214
859
738
535
711
830
258
733
657
429
698
903
728
989
881
663
224
695
285
554
722
420
337
907
66
99
202
20
860
694
176
886
244
720
342
72
239
660
643
381
623
46
242
951
354
489
475
235
739
729
299
361
359
649
611
75
32
118
35
479
905
451
550
32
548
5
588
256
336
175
740
660
940
773
797
745
93
12
60
150
58
904
859
473
265
196
878
962
424
494
298
638
597
177
110
69
189
819
726
943
521
683
482
549
229
636
251
371
41
636
12
927
24
10
724
342
314
423
920
20
651
580
598
462
583
498
69
516
772
780
15
591
166
20
589
533
229
751
563
752
28
261
492
358
24
509
746
153
994
556
408
858
610
49
606
24
19
491
452
987
1000
176
282
642
817
142
603
740
950
996
306
848
636
956
988
555
381
495
406
533
870
183
872
647
504
32
775
390
192
625
971
265
904
29
958
240
923
695
393
552
265
171
598
654
920
626
932
118
911
605
968
170
937
299
202
7
337
376
978
491
612
301
878
382
612
792
301
921
730
578
781
736
137
473
812
254
306
903
668
562
604
760
490
440
83
645
655
586
769
763
559
384
650
660
601
363
556
118
61
147
395
800
409
431
487
107
159
547
955
140
523
69
174
217
248
271
491
335
940
942
622
56
435
385
929
412
767
260
739
412
810
49
477
628
379
47
86
173
598
942
450
517
438
218
15
687
757
904
921
984
575
335
329
270
983
965
484
11
238
564
252
507
430
5
342
45
316
804
124
826
125
433
564
246
226
353
849
866
542
20
372
261
959
834
112
502
463
598
421
128
189
463
371
658
100
229
30
124
358
723
509
8
720
434
904
62
368
697
848
924
617
289
263
166
646
728
857
934
19
802
386
948
850
121
644
866
54
135
545
140
628
368
555
32
542
553
601
803
145
105
843
402
502
555
217
181
981
621
981
903
205
921
561
486
272
782
811
490
807
303
986
946
244
306
547
752
478
862
683
764
220
700
70
335
978
31
114
156
853
911
791
398
248
872
528
556
361
319
400
30
148
644
748
938
575
439
920
181
913
478
500
972
863
417
164
835
967
325
945
417
170
93
813
334
83
606
568
454
864
977
218
510
585
51
930
252
220
983
835
882
962
927
691
941
364
785
365
815
843
690
165
902
211
2
79
775
724
174
728
429
441
708
996
126
773
664
704
344
164
15
905
392
136
71
638
324
223
925
815
823
994
548
434
993
136
766
582
790
844
515
856
170
396
136
856
954
806
518
330
654
12
92
867
91
684
133
385
586
395
368
323
174
358
267
685
712
835
839
807
243
804
740
100
608
799
854
910
793
901
4
701
626
317
914
587
644
700
879
209
50
551
395
406
466
597
370
468
868
832
291
512
244
162
893
379
68
224
160
259
453
848
810
222
302
773
421
466
850
84
112
892
92
666
38
742
738
414
35
36
363
631
48
665
474
559
562
285
399
26
39
896
701
869
917
697
394
28
169
335
763
142
294
317
650
238
939
732
808
882
778
965
900
634
199
825
856
682
944
724
856
389
164
813
858
415
533
562
87
762
46
310
889
340
500
382
497
54
149
404
616
224
499
809
908
263
57
509
186
239
69
686
390
342
104
77
93
114
129
564
937
578
868
300
785
698
801
776
211
782
560
300
713
948
984
40
85
505
414
561
274
366
661
671
340
948
147
877
276
532
533
251
356
154
949
739
599
429
335
348
2
44
446
118
487
685
845
322
675
166
836
900
79
150
285
681
217
829
888
350
938
261
985
878
6
678
641
754
213
549
222
679
523
179
18
728
231
131
460
718
61
155
924
479
516
814
17
711
158
870
674
638
9
358
175
992
677
833
885
567
167
428
910
996
624
559
322
750
700
423
740
53
706
68
775
918
814
122
406
897
664
233
102
918
323
414
95
655
732
557
929
417
969
246
150
559
776
689
237
822
177
249
632
434
107
52
730
742
657
574
384
77
629
389
48
829
603
425
1
458
212
268
600
815
827
680
243
19
186
176
552
869
122
246
984
23
174
534
743
357
587
645
493
659
931
584
751
144
935
408
906
778
493
303
111
563
785
662
847
859
690
89
911
857
89
758
141
636
91
182
6
186
335
841
109
401
734
810
374
638
113
190
599
204
43
718
950
699
70
237
357
698
340
138
932
858
103
27
827
624
251
94
311
357
214
309
499
401
299
367
379
282
321
178
559
995
688
132
128
327
369
402
416
307
520
955
728
67
636
136
799
733
108
963
242
910
268
74
151
749
912
998
332
139
526
652
763
86
463
155
569
795
212
617
519
45
119
33
12
407
891
809
14
600
983
265
261
968
319
344
580
296
557
331
387
739
21
49
720
734
485
695
985
167
25
119
140
679
598
43
293
559
418
940
301
126
199
149
395
645
591
482
733
197
899
839
970
404
794
399
847
217
452
589
286
352
725
573
444
695
643
38
281
35
462
225
807
577
512
736
561
563
756
279
425
132
435
610
331
852
817
796
628
842
942
261
630
465
529
656
884
160
528
598
845
47
424
839
744
120
495
506
276
146
47
384
158
744
83
477
749
560
891
188
912
554
650
61
652
295
59
147
185
504
758
904
106
870
848
45
295
235
927
820
335
216
123
859
389
928
687
231
350
51
563
342
922
156
73
835
766
285
594
14
138
700
518
949
859
713
838
119
144
814
773
743
253
183
80
407
836
592
740
764
673
222
749
636
908
571
654
422
93
824
690
103
325
344
763
135
532
142
986
519
550
199
512
387
635
172
549
362
101
245
184
279
503
460
446
14
347
261
350
937
191
627
950
950
918
666
661
549
644
559
3
544
86
883
883
202
532
302
995
347
6
845
485
639
847
851
488
47
411
757
501
946
118
153
750
643
791
780
55
688
320
93
443
494
757
404
34
304
562
437
297
796
654
413
685
934
740
912
162
845
127
98
621
195
704
641
618
584
368
141
66
773
893
929
862
982
180
637
266
192
271
277
972
831
917
652
341
219
691
213
778
726
173
286
779
111
441
273
683
899
286
481
427
758
645
323
820
359
733
780
246
180
84
649
856
512
517
467
659
884
893
67
905
369
849
470
10
987
255
983
711
719
412
99
453
937
862
874
136
742
589
781
220
274
122
212
522
4
363
488
962
374
81
809
341
871
153
876
785
724
478
656
861
114
888
461
948
50
272
187
916
871
630
120
91
986
164
559
392
236
614
346
520
393
117
360
550
883
869
294
321
685
86
275
966
926
107
81
590
941
883
673
124
621
382
945
214
453
486
673
34
39
812
935
941
137
68
780
988
411
495
756
365
118
991
744
777
281
299
426
47
718
538
861
959
798
920
766
589
905
899
683
172
986
421
1
16
239
606
674
616
951
161
424
653
109
753
294
491
597
61
969
854
34
850
697
863
311
498
339
952
114
515
98
576
556
64
604
93
195
43
884
253
64
3
933
291
465
87
827
423
485
902
665
862
468
491
547
103
464
681
737
512
771
233
185
445
73
649
221
961
5
952
321
240
214
616
564
857
147
748
168
335
721
643
20
993
940
304
931
403
561
555
34
118
850
709
412
954
571
318
435
502
615
641
788
984
90
796
28
251
9
829
163
201
209
323
820
125
49
784
492
500
717
948
981
481
99
399
518
961
139
175
813
848
598
796
413
224
842
670
199
515
128
182
854
154
370
765
529
278
111
4
706
36
521
401
324
828
980
518
806
277
268
655
101
461
776
170
755
589
637
319
96
594
999
593
987
860
879
461
239
729
16
253
216
66
310
623
8
512
143
117
953
877
211
142
985
652
597
198
265
956
372
593
339
966
696
822
427
663
847
752
431
370
282
493
480
286
218
34
453
984
858
442
405
836
243
610
52
440
772
104
292
564
148
516
150
491
484
949
65
810
728
170
13
782
885
551
787
76
438
255
986
681
444
128
547
995
466
283
334
468
550
372
825
539
517
12
35
275
69
634
961
245
881
918
207
701
707
922
295
137
272
324
215
454
527
127
450
574
520
170
394
381
496
911
309
905
560
421
387
305
725
372
511
760
313
931
891
306
557
349
834
47
307
338
141
790
263
746
958
468
99
540
94
569
969
519
9
702
634
215
241
410
480
166
321
10
450
747
707
750
606
439
760
675
694
333
956
346
105
584
626
894
819
666
485
200
376
309
413
374
443
59
803
763
709
52
221
156
299
928
382
201
226
954
111
519
854
431
440
527
456
264
500
930
65
161
788
77
408
328
409
420
862
128
847
79
867
811
726
335
643
801
761
934
153
350
475
705
320
203
249
551
676
871
696
741
29
139
693
467
14
471
662
179
4
33
67
645
810
711
207
426
915
305
366
890
90
351
291
361
68
692
521
335
30
547
213
655
979
916
243
376
523
333
444
961
912
76
964
466
344
335
329
117
950
811
348
708
574
526
948
354
146
960
770
93
308
949
766
441
649
584
710
332
894
377
195
407
444
856
522
711
100
253
964
167
396
183
387
344
343
195
792
114
331
320
139
744
239
733
44
920
338
929
585
760
23
118
63
473
837
358
824
413
532
843
510
41
244
210
705
780
808
363
449
986
145
847
47
930
827
898
690
981
213
814
562
785
241
903
874
663
829
252
482
84
426
589
769
619
925
812
984
69
330
17
483
521
460
130
192
610
18
840
72
874
122
237
68
781
372
600
887
216
771
259
181
292
113
859
358
688
138
34
264
753
304
506
265
747
900
770
169
867
372
517
355
441
438
335
515
847
653
321
106
172
326
694
488
692
468
881
29
439
378
721
849
585
63
389
860
504
229
832
212
564
105
107
81
280
349
115
648
408
351
235
280
858
806
248
807
582
187
789
566
88
163
96
912
533
410
733
491
290
293
886
63
902
211
39
849
922
108
987
996
961
639
242
646
528
722
536
576
839
414
345
22
985
61
722
182
80
25
122
275
549
904
708
815
88
146
571
788
336
254
464
70
231
48
746
632
526
764
159
202
59
662
192
981
43
223
876
431
491
274
502
937
699
263
164
666
215
597
748
402
434
38
692
318
988
368
14
686
228
184
927
596
17
151
630
356
967
667
676
584
871
421
114
925
81
517
940
350
915
867
370
399
297
932
356
122
777
169
740
829
668
858
862
51
301
990
522
411
679
686
36
692
107
753
843
194
760
428
990
436
372
711
77
609
746
699
710
583
586
356
510
8
549
195
174
43
122
39
525
547
935
716
603
976
944
8
261
109
189
709
477
767
192
406
539
847
678
656
448
517
912
278
678
730
853
892
3
812
813
500
446
437
223
252
263
385
501
333
386
364
496
251
772
266
409
886
328
962
995
939
660
357
507
764
407
637
542
675
269
648
970
911
236
781
57
485
609
16
582
510
377
772
375
25
53
372
282
137
355
131
637
533
27
815
289
671
598
818
923
689
864
126
768
169
596
220
270
608
118
767
453
237
784
519
4
255
396
37
777
964
473
783
951
348
68
280
232
601
960
912
176
254
997
75
427
141
719
988
474
895
550
56
419
284
149
264
141
593
878
595
417
356
546
392
157
153
958
308
565
243
272
504
79
271
994
980
911
690
230
560
571
871
957
491
525
584
141
813
351
366
357
836
274
357
698
227
900
711
230
411
12
338
180
750
314
373
826
355
393
587
115
829
501
78
49
653
826
373
778
423
785
95
553
288
616
412
612
23
859
608
115
802
755
975
600
262
579
397
405
608
890
53
3
752
458
801
565
682
742
455
837
32
874
794
613
764
723
4
389
953
440
244
933
118
47
185
328
656
190
713
870
778
225
402
774
561
577
941
482
877
596
922
881
69
527
847
79
313
649
464
642
359
82
799
606
856
373
497
672
978
828
854
861
276
382
612
486
882
317
835
338
57
541
778
608
620
543
435
86
829
920
831
248
744
867
259
813
988
978
445
811
568
938
959
362
47
492
191
157
854
322
354
243
782
654
737
140
213
120
669
437
230
937
149
377
388
414
241
359
836
342
431
607
780
527
607
684
139
377
197
87
451
471
963
277
43
26
377
502
899
355
422
349
510
729
52
645
261
582
755
640
558
898
182
142
52
457
344
608
462
500
363
217
317
228
953
173
158
827
69
377
201
767
304
779
989
846
940
13
377
929
445
537
572
808
219
954
241
491
394
107
52
879
38
465
331
13
110
228
457
1
418
899
527
533
243
846
455
7
664
379
582
557
593
118
586
151
436
31
770
875
594
898
662
828
844
754
207
479
868
765
342
371
199
342
255
935
162
94
169
632
641
880
808
50
514
168
617
539
434
447
977
42
467
724
152
641
885
156
279
153
154
751
996
15
981
654
161
206
426
572
501
820
211
379
40
911
481
909
526
78
461
169
154
524
450
519
954
567
308
26
609
737
381
245
551
445
23
420
624
624
62
76
708
751
668
798
348
883
763
564
845
273
442
274
764
137
118
24
449
889
569
273
307
839
504
306
493
61
86
110
691
992
564
728
761
899
800
178
805
436
274
76
47
177
640
765
649
859
663
349
53
579
814
366
388
643
115
241
382
674
757
56
278
194
271
94
178
651
420
762
832
175
614
45
314
743
685
658
416
110
273
358
648
154
82
665
163
507
325
951
35
847
880
904
310
784
104
552
465
654
894
116
386
354
204
673
131
472
371
144
632
157
781
908
232
470
233
156
698
324
898
852
361
134
16
484
56
684
150
591
953
822
305
806
719
831
193
261
988
72
706
788
777
951
289
814
293
217
108
944
430
911
369
111
750
197
943
466
562
490
992
948
241
400
264
337
267
894
527
460
330
634
816
77
54
744
435
635
458
128
471
43
455
782
665
969
813
851
717
383
491
822
790
607
929
820
902
845
636
959
620
291
316
224
229
402
917
802
247
722
787
248
545
851
525
313
287
205
282
315
743
232
540
232
464
362
637
456
74
287
211
605
746
382
908
326
398
322
827
500
300
873
354
397
76
377
874
2
379
321
548
490
543
778
678
999
738
72
256
140
95
580
249
256
459
711
178
698
689
970
324
306
323
78
581
277
464
213
687
502
509
22
680
959
837
264
514
599
840
968
876
994
362
721
160
97
366
516
486
297
61
247
619
893
189
227
240
374
271
142
991
504
871
49
320
726
893
205
163
716
549
744
253
852
742
111
783
680
212
470
806
903
395
691
378
238
910
24
337
272
366
957
735
487
207
572
769
545
616
212
747
316
149
779
748
59
72
130
113
272
582
25
436
913
109
538
831
216
837
884
373
609
473
141
148
663
322
544
379
867
329
463
742
494
520
511
773
618
766
71
677
208
573
884
354
391
68
306
685
790
355
646
196
112
628
758
615
653
247
728
307
609
657
428
393
91
769
824
34
859
985
70
914
1
524
39
493
106
289
66
79
816
145
949
577
565
113
285
967
153
582
890
934
932
964
336
85
105
844
521
523
115
291
220
774
569
446
711
457
643
355
119
417
739
560
377
336
256
200
205
405
984
162
645
822
315
589
650
718
965
226
18
914
390
818
191
202
196
916
865
806
441
338
745
774
12
442
332
980
983
917
938
298
453
490
926
923
489
423
552
553
374
915
287
64
104
783
56
93
18
916
281
435
372
999
469
387
244
425
794
934
590
635
409
61
185
769
522
262
3
306
50
239
500
589
608
735
425
57
616
642
677
912
773
321
121
386
462
687
587
350
971
262
576
225
316
628
933
889
435
472
994
343
793
889
117
184
757
829
433
32
338
584
994
840
71
523
222
326
262
638
396
577
717
228
836
155
690
107
517
80
930
693
144
671
828
545
221
624
811
684
711
14
664
90
258
518
971
379
454
707
722
832
105
308
627
243
722
66
217
436
557
863
277
746
486
112
326
723
109
766
35
351
674
221
360
327
947
856
492
741
290
303
76
716
145
217
842
742
955
570
468
491
969
644
639
850
377
984
456
729
606
321
796
108
782
297
445
729
335
387
912
578
674
299
303
8
128
513
53
234
237
112
285
475
571
567
423
393
119
73
658
735
917
109
49
883
342
114
519
401
173
794
454
583
896
445
908
101
43
550
207
611
127
946
862
751
502
279
46
62
127
824
385
306
763
736
163
525
75
907
118
53
894
774
151
690
531
173
191
108
975
295
517
277
498
332
773
333
694
518
752
871
137
75
697
735
388
977
614
167
143
412
435
535
690
132
778
58
36
873
566
945
3
117
932
540
748
109
149
377
882
539
660
98
726
290
989
946
823
439
351
434
638
200
226
475
602
259
574
335
928
959
309
582
982
511
260
850
298
924
739
251
32
577
275
341
855
771
312
818
110
3
14
224
434
994
988
576
703
842
849
699
622
252
212
244
484
588
131
655
703
346
692
312
72
732
964
825
805
737
19
80
499
318
180
909
595
923
450
402
145
34
147
893
152
732
329
989
180
613
419
634
755
357
765
145
639
302
958
673
406
444
529
66
677
582
706
74
144
180
693
863
452
977
259
487
955
456
584
636
555
344
518
925
783
408
467
846
119
68
450
375
824
307
92
852
620
910
674
58
445
918
14
66
890
680
339
630
684
351
803
540
325
515
659
362
41
700
976
853
868
479
439
263
374
678
480
571
837
230
158
805
320
895
794
115
593
990
869
723
782
945
491
385
65
777
12
877
310
421
709
552
322
951
758
247
915
42
127
879
544
737
703
809
743
6
891
41
558
883
898
963
493
377
450
643
737
107
953
232
539
227
341
174
222
174
862
425
936
566
700
77
852
502
377
863
839
194
724
612
901
405
166
635
906
450
676
933
766
596
382
581
86
897
663
535
796
408
254
210
892
238
369
979
533
811
745
683
697
500
86
93
809
10
920
23
816
957
627
459
495
147
113
770
599
408
983
862
652
820
777
396
308
601
973
313
104
112
998
268
408
382
739
984
519
262
561
331
950
230
6
982
537
759
934
683
952
237
379
650
212
249
84
928
487
554
559
319
366
848
373
561
768
558
277
498
314
503
78
77
386
381
84
219
105
465
157
716
668
522
945
596
34
749
235
818
869
333
298
921
395
829
556
418
829
506
543
104
541
47
409
533
487
964
248
645
311
182
234
692
548
926
254
400
710
290
698
946
830
683
868
42
968
463
963
123
915
180
992
834
975
367
970
101
219
732
280
996
698
495
853
292
606
275
507
861
238
291
980
751
463
252
255
391
130
959
831
645
729
115
465
448
512
266
833
626
4
705
523
711
537
809
289
928
277
168
890
489
893
313
228
913
621
119
72
6
836
773
882
942
317
76
646
794
886
448
772
472
441
95
442
539
965
973
324
584
314
444
905
210
605
723
200
688
820
532
563
550
600
775
234
302
44
234
781
460
965
417
891
210
86
225
692
274
187
169
467
532
139
344
534
320
495
736
486
406
775
574
582
519
583
411
724
564
604
11
778
615
842
541
106
508
298
848
897
85
102
955
622
591
368
259
800
554
289
224
155
100
464
7
40
418
91
499
743
40
993
831
280
700
477
214
637
241
786
379
497
459
144
114
724
645
515
54
340
948
977
707
908
71
845
915
164
473
65
991
129
295
792
753
164
277
5
927
102
437
222
895
276
128
21
885
617
69
48
325
497
782
989
853
45
383
953
645
568
768
748
820
260
314
534
81
852
694
44
342
52
408
502
573
725
490
945
559
816
967
260
139
264
132
652
774
7
9
474
985
931
613
410
946
833
244
887
663
629
261
795
874
657
510
377
799
602
474
11
649
317
673
604
534
298
270
427
722
582
637
793
129
205
220
393
489
220
498
285
157
326
890
79
619
656
846
873
926
959
942
66
665
188
641
968
971
115
773
728
731
299
308
270
530
760
1000
87
490
312
258
870
363
173
515
285
371
117
419
543
149
557
702
290
852
267
218
814
942
284
464
525
912
236
48
962
493
7
284
714
391
665
424
262
119
845
779
173
430
746
631
512
178
49
643
751
227
923
512
830
113
649
432
879
430
222
827
653
527
789
931
440
822
84
132
210
443
303
998
426
622
746
659
504
295
147
682
513
407
534
496
39
234
792
787
302
897
941
549
43
786
933
24
146
342
931
338
417
39
796
832
43
977
578
800
783
886
298
772
722
202
655
616
910
834
679
261
842
39
108
638
306
971
756
587
73
927
921
769
812
602
953
526
400
398
923
349
424
300
280
719
913
516
599
326
930
969
19
777
389
626
57
609
719
670
27
740
501
798
524
833
761
6
25
354
348
825
600
173
678
689
555
508
224
298
878
249
866
874
924
531
753
439
547
790
859
546
600
260
538
890
466
203
976
830
283
364
914
319
726
358
513
904
211
247
742
217
716
586
61
715
754
34
506
111
696
949
137
7
669
908
724
833
308
967
708
735
25
910
280
27
889
45
21
867
971
615
201
106
919
248
439
532
660
37
306
172
290
329
343
421
764
271
975
408
132
22
769
335
254
882
92
56
120
300
184
157
288
698
301
719
843
204
667
424
734
539
595
801
481
558
555
16
858
745
796
924
595
14
367
282
774
475
901
119
523
635
171
732
847
174
853
817
782
28
157
113
403
307
285
325
191
638
770
876
343
318
477
461
481
667
454
300
62
672
939
71
484
395
460
931
446
639
902
350
80
697
355
692
638
989
651
843
566
578
869
487
745
33
680
929
725
662
539
773
342
911
129
460
862
391
661
276
749
910
334
411
750
106
703
65
138
394
250
226
787
217
615
591
400
108
207
338
216
783
186
786
397
327
583
642
718
521
641
528
804
821
396
548
228
110
957
708
624
644
181
265
858
769
887
409
361
363
86
284
991
825
546
73
56
763
355
843
498
90
879
251
127
585
875
628
246
787
520
883
245
943
473
202
811
925
742
139
873
345
77
428
745
120
175
895
165
466
579
731
770
281
239
533
629
999
242
244
6
215
775
722
924
616
491
296
930
103
760
389
76
720
199
382
932
412
357
909
27
125
636
41
901
957
731
635
216
329
478
117
800
7
37
365
985
258
974
833
777
871
348
203
127
41
51
95
11
202
634
838
10
786
770
209
702
56
221
13
348
552
842
847
884
689
654
577
166
407
712
723
86
67
505
8
283
402
892
369
525
362
811
372
357
938
13
496
762
801
303
390
180
684
10
768
591
758
267
16
306
203
226
144
277
675
383
387
101
412
965
724
191
802
336
923
63
449
572
967
899
332
707
553
149
206
328
471
493
594
894
485
757
319
971
482
381
779
694
411
220
922
587
250
548
628
686
741
127
375
843
465
178
849
356
47
77
846
438
529
412
8
483
475
569
485
310
952
703
421
493
390
722
104
149
951
377
174
868
460
669
282
274
878
540
793
6
679
901
973
154
863
882
918
683
70
650
790
479
477
772
761
943
546
187
189
337
403
231
634
653
124
730
35
685
743
149
125
774
194
737
222
955
500
25
267
292
536
23
902
733
577
681
792
659
750
311
828
62
903
437
457
699
800
237
347
432
400
901
762
862
2
893
545
208
483
413
898
321
774
170
27
335
935
400
38
86
846
691
542
408
132
11
705
234
749
39
369
891
815
551
824
501
513
877
403
533
326
768
158
47
382
577
108
967
275
460
645
288
158
677
165
545
854
132
891
65
709
926
392
602
429
205
518
375
695
353
533
354
456
67
963
345
971
578
551
52
864
577
582
811
33
580
865
292
116
812
245
267
715
227
452
253
980
170
825
46
119
442
869
301
315
238
751
806
125
487
871
892
484
429
768
989
599
108
909
455
975
249
574
373
597
866
245
112
255
763
923
9
632
379
162
756
293
257
119
2
368
184
885
466
117
113
511
229
962
823
212
793
475
275
161
238
380
650
227
499
367
972
253
292
898
981
419
277
2
141
661
827
303
382
129
451
392
416
443
361
465
555
941
655
7
652
766
370
193
592
363
882
39
840
657
690
216
994
437
806
944
10
943
152
654
495
232
740
97
736
388
281
476
475
646
103
606
519
987
427
401
984
621
396
842
244
262
976
271
555
215
402
355
783
510
143
896
780
672
167
730
998
153
495
311
674
374
750
316
540
987
753
524
652
726
350
486
614
424
881
636
819
313
32
80
623
978
40
901
314
959
304
984
280
818
323
926
711
153
819
500
653
23
326
281
691
700
945
231
264
588
827
646
546
816
637
385
943
278
43
656
265
412
13
906
586
583
410
961
290
33
552
95
680
650
998
623
776
176
372
10
436
581
422
178
987
380
862
896
908
688
434
282
290
224
855
246
640
558
84
78
498
506
883
285
275
965
607
904
677
370
155
73
594
611
812
487
90
876
324
886
619
179
30
468
623
565
195
619
607
920
682
461
789
230
302
740
218
960
451
548
153
768
623
406
883
320
600
933
456
417
118
223
650
802
115
89
526
332
263
772
653
954
880
279
528
490
282
817
547
250
161
48
58
330
235
597
648
574
761
213
27
208
592
64
64
303
685
426
867
261
422
480
924
612
847
385
579
709
18
762
915
8
438
779
308
547
59
757
189
523
403
602
630
275
735
613
973
620
660
223
163
760
852
253
969
310
969
809
110
102
228
895
974
701
807
28
794
205
67
977
806
400
990
511
918
51
617
566
357
193
750
16
434
705
742
786
404
169
864
970
665
255
665
322
776
728
124
867
120
320
964
119
129
525
737
5
711
143
664
5
498
268
852
567
422
811
520
548
975
569
26
638
388
245
793
610
331
38
120
117
313
733
580
964
385
797
282
961
473
466
745
594
599
493
68
820
447
286
517
434
656
525
525
236
968
565
327
946
667
539
795
651
127
80
770
421
880
696
521
330
805
675
186
729
859
133
705
927
601
212
858
237
948
201
49
126
291
724
879
798
819
456
827
966
666
721
768
455
674
969
896
743
144
525
837
670
466
209
109
303
720
801
28
425
829
972
626
9
448
860
236
735
210
904
698
485
785
89
391
692
576
728
388
491
328
187
719
110
98
689
422
374
259
405
820
802
988
126
196
79
725
24
803
496
327
457
204
88
896
860
503
782
10
221
749
861
707
705
952
124
157
54
237
483
461
593
881
709
409
526
334
633
234
905
362
547
535
677
718
218
407
629
15
416
713
809
437
743
879
214
147
351
164
92
384
565
777
605
314
775
479
826
317
474
264
180
549
210
125
865
40
103
560
419
577
868
208
871
30
535
26
454
141
529
844
624
120
821
298
174
912
895
26
907
801
147
703
490
618
192
882
803
374
384
984
742
573
665
657
88
720
849
348
864
111
332
829
646
516
78
853
938
552
380
499
485
763
33
71
709
999
567
963
39
945
589
847
269
932
397
817
231
704
729
510
137
912
170
301
573
391
654
444
947
3
76
175
502
237
529
540
551
911
452
217
890
432
147
15
225
153
544
112
625
484
1000
900
55
894
407
740
575
644
211
435
799
610
620
874
995
265
526
38
645
338
43
369
413
783
592
985
661
501
285
114
952
511
278
384
720
9
355
113
625
160
255
282
597
427
993
100
433
734
215
620
191
308
49
662
347
618
663
209
1
425
334
889
541
869
7
218
893
206
354
685
38
443
305
530
877
350
927
842
77
266
675
920
323
673
407
591
543
685
234
719
622
852
578
607
986
573
696
873
949
342
679
787
294
419
657
293
217
651
264
377
296
734
31
514
537
965
114
66
659
897
308
191
577
511
239
899
903
769
36
506
940
420
579
534
383
996
562
347
934
649
746
50
292
150
918
261
847
977
706
105
498
568
870
592
679
140
111
477
516
141
354
891
492
970
58
376
726
966
587
203
492
794
565
5
11
722
511
122
251
147
81
196
835
659
540
165
742
463
335
379
138
230
463
190
832
235
721
876
789
100
534
354
959
954
429
60
418
221
385
152
497
415
47
82
234
579
899
233
740
554
66
502
13
629
364
890
100
13
508
132
279
765
838
453
690
501
105
551
471
1
895
661
938
707
254
626
273
776
623
720
252
592
667
550
375
171
627
401
704
114
641
767
988
131
891
742
582
763
950
321
414
10
922
965
630
878
869
967
513
313
43
507
171
654
171
308
7
192
773
433
810
792
283
554
845
249
24
416
868
968
386
430
119
533
508
894
218
132
693
577
907
668
302
552
742
343
357
723
851
316
147
836
682
311
615
710
549
925
776
811
686
885
793
500
970
352
671
611
991
206
871
991
448
214
936
12
84
201
391
635
634
964
966
849
661
934
711
568
828
662
82
52
500
865
823
614
732
477
300
174
485
909
316
507
830
506
297
245
658
402
65
390
604
518
529
244
776
780
156
632
137
854
25
496
139
686
392
21
400
219
22
656
392
414
623
931
752
673
4
723
905
958
464
9
227
779
607
121
129
635
427
339
502
220
557
651
486
853
251
494
89
936
205
601
277
293
782
953
246
644
259
222
143
138
887
350
480
685
510
72
507
685
353
257
657
241
366
178
707
827
367
542
76
864
158
105
576
865
152
366
586
630
748
153
986
836
649
557
929
417
506
415
199
400
35
237
293
897
403
846
792
531
404
164
793
550
696
325
391
184
177
953
585
562
592
51
396
615
960
933
698
122
820
854
617
418
734
553
598
260
430
316
609
950
85
581
949
444
464
976
55
865
576
70
579
405
455
151
46
820
518
126
163
921
407
134
778
665
907
514
669
450
517
539
844
23
821
251
17
448
394
904
732
206
588
31
612
702
848
106
732
503
72
110
345
328
314
730
880
677
688
681
140
271
233
305
652
119
608
753
607
189
283
663
154
444
893
286
877
859
940
495
862
132
28
693
39
117
594
628
93
107
184
752
300
666
297
54
725
606
994
986
575
851
278
524
408
80
95
704
513
981
883
876
75
609
483
939
525
853
841
618
788
845
408
147
159
665
631
527
755
150
990
862
996
457
835
739
889
605
372
534
343
773
709
98
37
67
60
934
979
629
771
25
488
833
518
747
12
408
434
673
860
480
117
403
559
386
534
667
721
879
595
862
197
794
75
173
67
454
427
475
523
721
393
732
48
359
2
400
564
972
64
815
36
766
423
640
273
181
131
919
503
924
646
410
87
403
611
920
940
489
713
416
110
270
440
821
456
660
153
238
996
497
936
837
990
111
540
327
599
