15678
22
788
525
624
381
898
884
62
382
8
742
426
240
176
142
327
110
154
732
561
822
355
164
91
199
536
410
359
123
221
876
556
385
971
733
342
618
722
616
880
486
59
425
555
886
259
81
406
579
754
501
211
558
731
722
565
165
413
221
185
424
320
736
971
143
173
328
691
968
501
79
302
236
99
95
608
21
931
192
378
938
963
679
108
762
828
367
284
125
912
50
849
894
342
205
725
919
215
250
656
242
493
475
879
177
870
225
943
772
124
174
230
981
802
845
373
385
416
340
152
764
338
766
898
175
946
980
863
164
80
467
36
434
9
795
518
665
69
718
162
364
442
623
405
728
388
309
711
418
143
736
307
703
209
587
762
777
312
560
724
155
349
516
155
928
969
283
334
463
807
888
98
7
948
87
455
167
931
989
669
788
406
809
527
944
213
69
756
134
914
61
488
456
669
173
339
338
656
730
367
850
344
383
781
525
448
634
390
275
908
155
584
162
868
156
858
301
467
16
698
468
106
385
435
265
48
640
699
492
33
494
319
104
319
783
96
609
591
721
371
554
156
509
735
215
567
244
455
309
568
981
350
271
267
515
214
295
56
912
567
541
335
895
408
226
407
221
162
553
810
195
633
376
654
21
722
867
313
839
486
317
720
345
996
938
322
533
61
403
380
848
647
529
668
174
497
866
535
108
352
8
567
9
933
892
223
597
631
993
543
959
953
476
853
339
661
377
532
698
599
599
460
882
442
96
75
160
373
933
921
125
870
958
46
640
501
502
517
96
216
159
375
448
78
878
76
343
417
598
163
739
172
335
445
363
311
190
281
672
668
418
738
229
544
621
424
841
66
902
921
781
91
135
624
494
933
902
849
510
148
284
176
712
872
406
320
18
977
45
495
17
305
570
544
74
73
284
721
296
973
232
307
489
646
557
996
870
768
616
963
203
213
266
838
937
144
382
363
867
584
95
401
190
900
311
501
900
450
372
681
522
955
301
787
626
593
674
473
242
982
564
584
479
395
124
405
112
260
895
669
93
556
94
847
107
852
6
870
689
923
857
627
100
20
255
305
554
486
960
584
112
187
264
361
567
322
951
666
744
674
340
929
39
499
882
542
547
541
638
357
954
394
561
926
764
656
807
208
311
738
317
670
35
439
89
577
574
742
10
914
270
920
577
555
122
750
545
678
212
98
986
360
56
446
707
242
553
153
481
261
102
12
929
806
23
630
918
251
45
663
690
746
209
675
177
330
714
795
746
703
492
623
883
107
482
41
468
843
606
362
118
483
580
126
49
631
375
646
890
515
931
93
530
673
90
863
432
281
103
924
122
592
380
784
92
393
315
265
295
224
398
456
304
133
376
162
566
191
546
921
575
735
558
204
40
502
844
686
769
281
982
738
399
582
618
168
10
406
565
506
345
91
944
341
12
323
517
322
330
759
592
787
120
833
481
151
853
259
132
620
937
907
340
234
829
943
525
310
391
733
567
82
254
653
157
523
240
874
410
413
152
381
210
438
930
848
974
704
624
147
775
232
982
760
517
58
176
229
386
948
869
534
159
368
229
788
907
782
828
40
145
786
193
563
193
884
345
809
885
751
486
749
487
682
238
380
387
745
952
462
419
818
180
857
573
485
676
123
161
416
198
1000
793
426
13
16
280
671
53
230
519
774
460
961
458
293
872
520
722
361
363
546
131
182
499
406
71
877
306
91
462
849
743
62
780
849
398
254
30
501
57
768
944
957
506
351
320
624
306
661
799
794
386
301
386
268
537
387
998
310
215
655
226
838
262
542
715
947
830
627
324
614
75
215
16
880
840
750
175
27
724
169
870
415
253
548
385
888
125
912
789
613
381
289
720
74
992
212
305
34
981
482
334
705
194
519
756
63
858
185
186
99
675
586
687
584
482
56
907
699
971
88
211
194
619
165
386
455
233
224
44
965
709
656
806
633
952
231
196
806
648
483
655
212
807
966
442
713
695
158
894
326
330
227
126
406
473
409
475
798
380
507
393
941
24
603
813
999
382
132
293
742
101
731
887
987
743
564
637
218
374
98
225
196
520
833
830
251
556
539
547
2
636
378
912
85
833
530
507
76
545
935
597
408
354
887
686
303
115
605
140
799
784
20
183
717
351
114
792
987
616
830
759
593
76
762
700
534
31
275
423
152
742
868
722
107
169
88
494
822
933
415
559
965
406
706
651
733
680
686
640
120
675
373
176
731
749
660
558
446
317
259
815
285
779
578
482
530
589
627
350
559
916
357
612
525
554
337
730
603
359
562
527
219
214
987
414
66
407
280
685
803
782
193
36
660
170
221
323
317
724
828
402
260
334
441
483
606
273
540
30
316
926
403
410
700
567
802
321
607
896
35
108
309
503
729
727
910
540
144
413
599
440
554
917
969
390
826
170
343
802
50
344
514
640
659
288
585
695
817
655
319
697
713
182
96
210
353
594
630
8
158
640
835
340
255
674
372
907
248
905
375
398
299
364
814
702
418
927
1000
321
50
812
516
709
835
574
184
525
566
111
947
738
610
106
835
497
735
307
431
171
453
8
205
509
566
863
111
615
137
466
663
216
399
571
622
702
99
996
591
633
563
138
815
900
423
205
537
495
369
921
334
918
678
246
107
624
731
186
85
842
358
897
437
17
900
804
319
64
459
170
483
11
343
606
8
288
891
941
130
243
255
820
640
238
781
963
28
133
21
108
256
702
228
912
219
166
662
734
3
366
474
970
418
802
863
247
986
570
343
562
314
232
841
239
990
909
96
149
914
478
328
259
23
973
471
888
765
581
484
309
319
210
763
389
432
681
364
664
740
961
822
725
636
879
526
936
43
84
819
988
363
594
17
638
221
449
333
646
109
428
84
882
488
941
46
772
929
485
465
372
238
167
159
169
661
19
913
654
968
98
536
546
670
962
780
34
584
68
185
998
790
935
751
660
824
18
361
768
724
816
166
240
673
246
287
134
213
662
516
521
177
503
319
724
197
512
978
337
839
995
988
205
336
620
410
12
173
29
103
347
970
996
751
202
577
433
857
979
477
742
242
206
253
956
261
437
723
750
573
106
419
802
402
536
247
666
87
579
717
461
272
132
470
885
804
820
41
771
741
323
219
559
751
470
720
519
253
214
993
672
864
212
790
220
321
922
243
949
877
774
59
563
83
59
266
364
678
408
927
128
403
634
714
107
675
393
524
15
679
347
427
409
703
362
574
795
736
32
871
757
918
923
89
86
113
663
707
949
924
157
775
788
808
777
981
103
84
365
534
990
22
748
773
358
444
892
345
708
490
272
484
631
362
43
606
937
518
606
405
958
992
881
372
743
493
154
973
862
146
777
975
985
53
141
542
709
348
180
869
569
886
977
246
525
892
904
551
96
316
604
111
468
239
450
683
985
345
437
84
331
26
901
36
162
333
196
813
53
30
242
784
537
832
742
342
801
274
948
454
464
258
941
781
447
253
200
412
793
480
769
529
987
396
794
72
430
997
517
551
237
372
286
214
820
710
16
635
100
292
553
933
281
468
938
942
183
523
549
789
207
393
901
760
475
238
181
829
887
889
552
153
186
156
208
400
295
727
751
340
100
534
261
901
122
590
584
296
219
532
293
390
843
503
161
251
494
473
58
909
31
898
277
331
461
533
517
690
939
312
656
677
433
731
827
370
677
132
765
175
581
887
711
68
582
795
902
156
934
915
301
244
601
993
740
730
766
843
146
368
425
467
900
921
131
411
652
587
318
713
724
879
719
522
360
253
531
764
995
153
972
699
374
780
335
834
178
994
437
801
648
398
644
909
69
539
347
142
332
894
844
803
233
165
799
309
359
820
588
55
362
102
371
862
257
460
132
841
718
841
49
276
178
457
1000
516
445
706
196
872
405
279
785
49
335
586
742
214
841
80
925
328
850
664
464
799
818
625
484
566
656
274
720
921
664
247
223
763
100
932
134
760
719
484
386
983
48
952
360
224
158
247
5
929
91
208
580
769
197
928
506
297
463
486
479
905
635
90
57
46
495
726
848
415
963
807
480
687
757
185
205
790
225
194
819
284
376
364
561
544
92
316
843
997
648
172
545
490
564
570
889
806
657
431
999
587
555
60
545
929
676
437
345
131
932
243
431
144
608
219
331
87
477
649
987
312
935
542
895
276
960
966
662
722
128
404
827
418
590
808
721
958
62
725
910
197
884
416
919
336
771
326
610
478
780
137
290
78
319
48
831
370
254
703
938
95
542
529
429
649
225
880
837
912
125
59
301
698
488
165
366
470
13
495
483
637
697
891
358
35
684
129
673
344
548
264
683
762
336
696
435
823
442
620
426
772
810
453
705
753
108
51
751
705
298
909
811
473
190
372
888
852
433
259
131
97
891
174
43
954
132
620
836
744
429
491
318
836
770
458
775
849
619
671
59
282
957
41
526
490
355
806
949
834
385
759
358
156
292
785
725
948
207
470
544
861
724
324
636
685
488
486
515
40
867
568
936
24
921
952
835
6
210
536
127
719
216
450
585
679
551
29
89
326
628
683
444
780
976
16
408
657
19
631
887
130
424
336
562
650
458
402
95
138
629
743
520
132
320
622
251
247
736
932
621
650
875
986
601
403
598
148
668
978
323
766
427
565
839
337
791
748
322
207
102
696
950
487
762
183
799
82
577
512
73
2
652
158
818
517
713
577
275
81
274
168
699
526
304
820
899
731
154
443
783
604
603
685
696
992
931
589
565
920
409
422
880
629
330
675
690
811
352
929
639
49
135
449
641
895
672
668
678
352
782
333
831
237
563
239
838
614
652
352
16
629
409
903
384
435
382
421
843
611
371
752
364
146
868
222
801
881
466
773
979
9
607
322
257
163
509
432
81
49
788
765
257
94
631
459
106
632
186
712
509
169
941
266
299
591
125
460
321
207
725
355
139
911
708
276
116
930
440
846
881
964
61
906
83
587
78
633
920
864
971
479
950
577
416
31
34
440
795
418
706
828
565
671
336
716
258
996
689
337
780
669
696
770
900
129
249
283
25
773
728
264
996
363
816
42
592
60
572
442
145
300
440
310
101
735
551
854
937
187
220
974
414
275
405
85
756
131
492
518
795
540
747
247
756
427
342
898
933
95
775
907
594
454
212
534
559
929
770
499
470
367
130
823
420
730
408
44
390
521
617
704
894
147
780
892
314
12
489
52
662
635
318
679
286
944
153
219
821
259
492
822
128
120
929
349
413
279
620
408
633
104
402
380
160
24
97
518
336
572
109
766
883
72
680
531
69
629
546
52
120
361
342
539
849
236
520
637
518
894
914
749
833
754
480
855
515
790
922
544
68
154
904
230
965
850
558
531
666
193
656
227
25
933
789
687
397
518
797
710
65
662
973
976
929
418
351
191
143
968
342
864
179
461
599
734
270
282
194
789
608
169
168
974
33
115
12
776
435
505
969
823
625
230
757
713
137
413
775
206
584
162
360
240
38
849
293
963
188
116
538
123
810
795
421
456
337
658
116
306
129
886
403
991
96
804
761
281
79
710
902
520
621
506
756
661
216
605
112
1000
665
770
877
947
763
397
245
271
436
394
807
459
785
544
52
849
850
22
220
959
426
187
835
656
247
84
284
178
355
472
305
621
361
659
80
797
594
313
649
861
305
408
972
291
827
735
10
723
950
545
155
203
263
768
910
59
474
281
962
947
941
332
31
448
42
655
943
790
685
72
732
851
20
780
876
772
643
70
644
34
60
800
926
80
980
115
163
332
100
533
653
609
862
685
635
481
316
100
454
27
276
385
968
91
538
27
143
535
952
46
560
754
447
255
167
179
187
684
53
767
58
872
573
599
905
461
298
221
946
729
780
542
606
153
344
746
704
421
842
927
714
290
573
257
457
771
626
44
538
444
251
968
648
129
789
452
612
851
716
719
756
563
494
571
759
634
725
75
782
657
837
893
721
604
351
578
41
610
117
550
416
789
693
582
760
242
314
839
845
319
781
928
68
657
406
491
126
983
402
56
669
924
487
968
647
786
898
482
117
811
85
461
264
635
405
316
697
780
273
584
687
697
505
842
112
216
337
706
301
756
126
578
27
608
444
232
134
609
52
935
981
905
223
945
844
7
290
166
665
655
310
776
859
992
809
521
590
520
306
975
829
669
492
68
697
748
484
335
31
403
358
22
580
805
718
805
924
108
665
476
801
207
416
257
690
756
245
608
796
536
361
522
370
755
910
406
279
715
404
301
988
242
890
400
260
571
413
161
380
987
765
962
428
586
243
661
620
240
184
113
478
326
917
791
133
946
449
559
479
265
929
193
2
24
825
997
588
738
461
839
760
388
105
245
705
24
348
890
131
331
1
177
16
687
732
627
124
551
567
470
225
525
381
898
798
212
790
56
281
647
887
856
225
712
455
292
501
306
196
69
460
587
315
185
240
35
584
985
856
79
584
905
421
706
364
928
856
774
963
568
372
302
882
391
166
376
686
398
402
956
718
376
114
320
54
916
762
903
416
51
396
909
451
616
437
774
571
640
145
355
59
191
922
384
16
555
340
431
71
782
262
346
520
744
591
286
903
962
248
802
945
740
104
609
503
42
172
928
687
883
934
557
358
675
448
579
68
54
152
173
320
128
617
511
526
157
6
357
389
615
80
833
375
902
933
358
700
455
380
383
687
648
947
763
424
110
758
695
894
665
177
339
160
202
942
173
333
30
760
508
106
890
996
74
531
335
332
754
973
836
578
891
877
508
642
214
660
817
542
40
621
772
442
101
779
89
931
346
666
775
595
625
784
366
821
275
409
722
351
384
148
435
672
81
943
424
537
585
206
656
883
45
483
198
16
101
355
717
377
309
450
744
199
200
368
997
576
21
12
607
344
206
304
586
792
771
660
723
91
433
476
284
922
62
579
860
915
752
180
516
55
506
178
315
215
473
922
332
321
693
8
511
666
854
734
543
376
203
22
199
807
821
904
197
649
747
835
349
180
392
901
504
425
368
141
294
194
637
699
857
607
585
121
665
328
471
532
878
100
51
194
585
111
401
180
944
302
46
715
603
794
255
68
851
161
728
376
494
968
11
412
243
816
63
643
907
42
937
911
779
496
935
483
848
331
337
955
290
260
531
989
302
32
879
116
44
848
255
937
22
853
203
116
128
388
364
644
900
126
293
129
210
272
232
334
93
18
885
701
358
262
702
567
895
914
706
537
327
727
738
135
9
686
921
270
294
941
188
426
959
609
997
356
297
262
951
344
245
95
801
103
556
946
127
565
338
67
640
589
806
451
992
169
934
201
780
707
4
735
961
475
576
512
481
511
40
413
721
39
98
496
611
230
373
772
937
556
358
908
893
321
928
677
430
148
631
917
759
339
131
51
137
146
10
138
293
453
291
567
545
923
759
323
179
822
665
496
579
799
412
127
409
699
37
642
471
741
984
380
153
263
992
888
997
427
875
649
254
490
310
938
499
332
91
13
415
785
921
748
817
893
333
294
914
453
160
110
82
849
461
605
28
648
85
790
564
753
80
986
50
606
724
291
897
108
854
416
210
759
597
27
310
796
268
834
944
843
271
204
462
394
756
400
451
86
413
565
808
32
409
52
240
9
473
690
932
136
969
904
511
575
607
760
304
186
179
805
985
966
914
915
354
55
192
697
485
986
99
401
339
385
331
180
844
349
594
885
839
357
662
333
393
913
375
625
624
78
962
505
102
5
754
667
245
173
573
677
484
137
927
134
367
361
602
352
801
24
100
942
827
222
197
205
381
908
600
946
650
456
406
426
922
494
625
89
556
153
859
567
752
85
38
734
595
569
745
130
845
829
876
503
189
15
607
800
745
537
212
397
493
765
26
379
188
81
411
511
246
15
47
15
657
262
664
675
117
111
406
161
118
806
279
319
143
202
235
768
163
326
18
257
451
198
545
732
366
319
98
655
472
563
308
777
304
642
435
973
458
917
659
632
187
800
931
65
659
350
692
630
126
239
996
743
304
963
421
982
152
565
584
475
322
487
80
683
609
826
329
162
233
930
582
51
793
355
318
721
731
869
805
112
100
443
791
624
158
301
4
568
840
165
984
49
278
768
755
910
362
870
230
378
214
416
990
310
258
541
727
458
1000
150
999
10
370
966
691
551
393
561
332
56
630
437
624
641
282
82
567
661
566
176
607
574
143
741
954
215
578
728
635
797
382
595
135
310
406
742
293
55
428
300
389
234
446
545
602
2
201
589
889
381
160
524
680
81
757
691
472
432
210
968
599
955
391
105
842
717
105
194
551
527
239
662
244
861
374
697
210
899
790
772
554
739
171
382
172
748
589
794
923
659
565
480
456
17
663
870
475
531
264
118
69
539
413
116
321
15
440
405
401
595
240
912
650
249
405
194
15
238
614
35
192
834
849
85
70
344
22
168
308
440
204
839
495
540
68
290
682
255
405
397
173
286
324
240
352
292
414
60
254
147
344
992
485
563
274
342
90
974
922
885
98
821
667
699
940
213
808
331
389
366
66
621
894
745
59
885
222
38
370
31
973
309
262
746
152
49
284
923
239
217
587
80
760
63
287
433
186
650
654
534
418
398
376
169
542
272
298
675
549
139
434
877
577
186
457
438
534
380
596
543
72
811
829
613
625
505
695
322
695
896
788
735
797
296
606
351
302
88
908
914
728
480
938
275
711
879
892
500
448
99
305
68
734
289
972
501
928
42
782
744
294
252
428
264
847
203
880
479
755
224
977
19
25
838
146
602
29
201
495
830
788
368
322
759
833
52
318
697
954
610
717
442
105
341
957
357
797
725
844
234
173
964
762
131
646
662
459
115
881
492
767
360
454
872
475
904
327
861
754
566
780
851
396
393
275
309
271
677
647
276
299
14
200
523
456
358
553
613
773
785
858
356
829
763
408
873
93
985
76
297
699
710
914
718
853
955
570
825
958
897
16
43
199
320
378
132
928
867
762
288
14
11
443
866
522
383
134
106
134
833
380
330
570
254
366
492
505
372
104
834
743
734
367
42
677
562
683
201
515
17
942
529
673
104
200
806
467
580
841
860
378
731
186
489
969
554
320
408
558
693
938
410
554
397
311
361
821
791
279
160
710
104
330
747
22
871
690
73
337
380
576
807
355
12
824
533
158
822
454
634
539
474
11
246
880
378
499
640
231
632
419
460
592
866
659
544
866
229
93
293
435
742
395
504
330
755
160
936
366
573
23
599
821
640
80
217
438
341
674
159
49
343
26
5
110
829
908
120
630
912
157
168
663
107
643
86
452
369
964
816
642
987
734
918
293
416
989
77
637
732
307
800
36
177
466
482
788
186
727
624
989
34
396
28
476
495
27
211
12
985
806
581
593
906
234
425
231
822
933
820
743
214
451
755
816
632
989
896
307
297
70
861
620
346
138
564
718
427
439
965
974
860
692
580
715
907
240
659
570
485
991
122
893
953
42
166
950
677
823
553
318
315
539
697
232
712
663
132
382
171
628
52
270
290
374
204
193
427
85
202
17
25
805
480
904
128
223
975
837
995
597
149
700
162
486
446
63
643
941
220
945
749
532
369
439
220
653
962
43
628
497
942
169
71
615
276
109
141
283
989
244
523
458
893
490
187
974
500
419
440
308
687
998
266
109
714
320
767
201
257
964
231
267
610
31
473
838
765
615
325
38
143
86
904
7
592
56
467
593
742
946
309
239
277
701
349
902
345
432
762
357
211
161
321
720
548
855
198
708
773
189
174
581
197
59
814
56
378
945
815
448
391
322
861
766
591
735
539
385
189
820
1
552
711
887
244
681
631
85
76
356
637
529
932
635
769
879
78
247
957
660
889
284
442
419
908
851
804
349
37
306
100
16
932
818
774
196
860
111
268
733
667
297
705
585
273
252
364
235
518
649
111
264
480
701
682
982
511
470
941
223
456
712
922
504
22
306
465
907
659
973
85
590
333
812
901
232
659
525
933
221
403
39
360
217
366
638
532
297
111
839
797
188
978
891
577
785
641
376
922
861
117
832
450
800
493
218
2
322
174
483
916
266
579
462
222
233
563
28
113
285
407
887
709
561
41
432
120
9
121
318
747
582
524
860
432
606
715
793
973
404
13
415
191
308
127
483
799
108
693
515
468
971
802
107
760
366
925
988
832
119
683
593
95
902
404
636
180
769
635
572
57
240
499
149
528
120
125
691
516
216
870
193
278
385
398
666
254
141
196
231
80
550
791
439
274
322
752
557
43
758
450
777
166
56
570
712
604
371
580
929
533
229
681
690
799
61
374
943
266
826
978
339
657
200
302
124
940
391
226
757
819
949
106
900
94
295
43
200
902
368
153
587
197
294
960
530
910
227
442
602
126
856
881
267
867
19
610
440
59
801
489
632
839
573
214
882
415
668
939
722
454
405
90
863
365
951
252
315
155
849
20
307
72
323
71
1
765
146
576
120
695
930
15
697
183
299
395
513
275
105
673
30
313
200
524
310
898
481
303
112
136
615
697
392
126
684
413
469
160
903
300
310
367
982
674
418
140
926
510
488
903
404
924
630
612
351
338
980
365
403
383
448
724
55
399
298
870
376
606
105
35
169
602
457
112
953
120
793
61
810
902
269
153
971
314
598
569
20
95
983
919
510
797
139
127
757
292
108
422
33
451
587
388
427
860
63
848
886
405
293
966
587
266
372
50
769
535
961
933
629
487
257
154
434
842
566
382
850
803
689
388
642
990
538
15
421
887
828
528
646
809
50
743
124
673
988
707
43
711
868
363
939
449
527
140
204
989
313
388
969
742
656
129
161
625
615
772
22
917
754
138
678
76
296
331
336
571
240
909
463
416
60
570
334
175
974
717
186
133
364
266
828
811
748
854
642
658
5
189
587
591
441
439
910
493
712
884
484
103
438
715
489
41
110
22
696
191
53
869
692
538
37
304
437
797
958
17
683
832
546
572
899
876
120
576
820
876
493
44
961
190
596
380
270
324
681
441
467
284
215
394
843
588
994
568
918
592
222
76
182
243
620
299
256
886
128
873
220
816
172
871
916
415
480
209
261
529
340
605
494
250
222
118
846
793
994
94
54
83
897
275
159
203
494
665
394
971
784
35
932
698
235
155
164
201
861
488
359
1000
986
971
620
535
792
934
148
602
859
219
803
664
539
946
400
139
948
217
924
872
998
431
643
741
809
848
520
210
642
120
263
601
464
714
976
78
900
211
533
857
504
413
169
938
738
259
469
308
685
799
146
833
331
694
237
309
83
229
59
610
628
669
342
160
358
101
216
180
276
614
138
637
250
175
232
746
823
714
196
39
493
727
195
572
203
585
836
244
1000
239
549
989
819
844
260
406
216
851
219
603
697
377
34
673
306
570
625
477
694
643
683
951
490
992
353
266
335
971
810
552
584
237
31
427
956
131
903
506
235
647
136
363
742
546
837
153
987
91
132
106
53
665
541
803
930
938
817
780
143
368
188
424
523
812
681
932
914
858
501
843
50
221
728
158
406
185
89
525
219
204
441
836
562
323
708
920
665
16
969
72
956
722
89
449
484
70
973
357
60
445
508
457
869
999
626
449
191
60
269
156
157
7
552
661
421
934
172
217
46
777
145
23
946
131
560
117
418
339
453
994
766
664
35
988
955
450
809
433
791
528
506
201
846
47
155
56
834
996
987
243
967
608
229
690
256
295
2
827
243
894
842
911
377
109
35
383
726
567
865
38
760
903
497
157
257
755
535
635
774
391
45
200
362
270
768
281
759
282
776
985
489
572
554
313
511
627
173
580
909
984
77
635
342
550
180
382
155
309
346
268
484
870
633
709
555
492
748
768
986
431
569
99
477
433
478
338
115
709
489
36
181
928
597
104
150
831
640
111
250
264
323
968
349
491
748
473
18
891
353
872
846
426
772
522
695
232
727
558
229
405
934
627
871
99
593
299
387
296
318
400
658
771
816
681
911
82
827
346
131
101
254
160
542
698
343
72
366
952
656
155
257
941
209
749
274
724
634
792
987
886
547
967
900
294
188
733
163
493
342
789
777
641
230
977
8
408
563
516
558
223
136
604
99
903
61
619
719
108
768
344
799
304
670
105
553
547
281
598
240
94
27
653
121
765
794
545
257
261
916
313
9
832
757
651
771
733
159
980
989
427
821
308
647
655
476
50
305
556
665
903
999
328
229
515
631
337
189
176
896
49
365
394
665
482
813
451
708
361
110
836
38
264
170
328
735
861
667
814
581
844
424
625
255
100
104
630
177
823
171
54
407
842
544
515
192
990
976
746
759
413
183
252
717
534
272
767
201
603
221
597
988
874
313
830
11
392
940
438
955
211
865
327
12
678
412
297
227
245
406
712
998
726
76
683
662
348
372
130
460
732
823
246
780
650
606
962
386
333
310
897
376
522
421
524
915
859
188
340
988
3
502
795
613
411
18
599
646
146
638
782
827
478
584
24
668
58
273
104
974
602
103
859
609
529
903
368
920
228
270
809
602
161
327
238
817
142
761
379
277
486
402
847
225
98
224
298
390
772
880
523
643
630
586
762
615
54
904
165
703
888
478
59
503
867
874
521
100
317
770
806
145
478
878
889
156
673
524
115
977
599
854
182
177
556
653
673
88
673
262
957
438
99
328
857
226
519
657
268
244
607
164
411
179
144
279
422
854
834
430
388
82
613
10
66
31
86
526
909
577
318
905
470
882
387
962
942
643
625
70
909
777
432
302
370
404
941
222
956
786
614
532
446
856
989
339
845
660
808
811
345
244
97
721
754
331
593
985
647
171
697
710
122
826
181
554
617
967
910
236
518
649
917
392
265
865
790
507
23
236
310
151
961
82
1000
417
149
474
484
70
855
519
20
982
57
309
501
468
858
510
796
515
70
991
606
502
402
179
193
206
946
320
608
878
912
565
854
635
453
391
347
154
40
583
989
892
476
939
815
622
878
829
374
226
834
975
948
270
308
179
442
386
619
513
893
921
94
447
403
295
127
385
870
55
960
193
403
480
848
473
601
336
171
129
108
947
166
22
127
109
724
951
350
701
871
522
862
443
388
633
840
947
868
983
189
592
118
603
802
100
328
625
400
505
901
844
497
212
940
721
198
438
744
843
660
257
294
530
542
699
598
228
104
610
327
903
609
656
524
636
214
89
107
831
410
834
893
61
888
791
601
681
123
954
528
118
9
209
189
77
874
436
864
48
842
309
8
882
320
719
219
146
651
132
718
446
739
489
930
289
602
650
566
902
496
881
535
122
687
693
220
561
682
437
342
750
337
984
610
947
187
814
632
328
593
146
374
16
783
295
34
941
649
33
216
989
366
497
608
740
249
863
732
553
376
751
711
896
508
295
523
448
795
526
258
491
181
526
897
996
703
26
875
80
577
9
677
916
573
101
285
371
982
812
596
466
10
788
409
717
576
708
343
425
937
576
722
143
291
972
414
187
366
105
809
905
668
197
999
675
740
285
48
509
742
333
693
488
591
244
953
189
994
761
363
654
203
648
999
819
305
1000
870
178
375
227
866
218
94
883
551
266
288
712
42
680
746
285
376
487
800
153
88
593
371
345
358
940
704
411
747
549
23
5
148
522
498
940
847
296
564
296
55
140
940
979
852
933
158
801
862
492
305
604
339
272
633
204
858
727
847
466
26
964
468
669
973
865
97
149
829
148
737
344
153
426
756
949
939
734
765
469
410
99
370
664
373
25
405
913
579
530
636
136
83
158
520
490
44
562
308
521
510
728
629
404
55
531
686
115
16
676
474
251
167
601
440
790
766
270
81
201
390
288
260
657
820
640
728
859
428
44
270
176
98
369
908
896
768
409
120
280
501
278
189
619
564
458
106
878
248
232
225
892
413
477
667
904
294
495
722
359
148
829
150
228
152
309
74
405
954
85
369
369
268
191
346
217
16
379
791
985
312
491
657
167
699
513
591
761
391
348
100
767
538
58
384
863
284
841
571
591
617
979
530
42
594
227
876
923
779
111
924
440
473
38
132
320
107
230
746
421
852
489
696
95
238
400
728
920
150
614
301
519
350
687
775
257
308
684
137
666
168
303
372
427
301
230
248
511
127
978
656
605
523
517
641
591
757
748
706
703
753
224
473
812
140
477
929
235
217
765
255
74
4
77
115
169
505
512
584
8
151
452
387
592
371
679
429
598
337
206
477
625
669
365
802
461
932
531
609
221
14
9
65
137
252
865
895
704
136
435
787
603
168
650
1000
849
941
965
519
508
486
642
547
246
256
697
64
779
621
821
903
674
140
790
928
541
331
255
576
775
501
947
578
568
77
51
69
669
53
100
891
349
922
87
822
32
339
467
756
283
325
69
712
438
137
174
384
580
842
704
340
733
379
484
611
353
721
834
675
474
220
287
37
448
556
772
532
984
226
884
78
155
846
889
148
212
670
296
552
913
128
422
485
259
159
178
972
415
83
931
373
313
764
855
298
452
805
865
113
17
652
354
486
905
985
504
672
270
271
950
176
548
90
207
156
627
759
835
227
664
32
96
84
273
826
375
500
425
670
883
845
110
751
976
861
138
375
736
611
916
329
617
696
3
713
142
777
237
983
38
511
290
914
546
675
612
321
491
590
38
562
199
484
817
274
461
104
580
609
559
790
858
673
736
54
570
130
689
899
682
869
484
690
242
702
918
183
328
960
360
632
87
57
390
158
874
888
282
781
611
978
55
359
696
422
637
771
686
944
737
333
660
294
156
193
115
372
612
444
679
236
239
52
177
885
918
857
643
952
357
790
172
124
774
781
781
30
971
870
854
98
685
66
667
492
816
82
991
458
559
39
470
364
360
710
328
269
116
536
773
474
432
19
594
542
1000
168
633
314
583
478
427
866
382
673
898
867
499
659
58
111
655
454
465
938
285
64
913
489
518
641
285
932
409
715
142
930
993
528
639
31
902
860
401
28
232
987
284
601
644
450
608
38
33
540
893
696
538
743
782
264
218
497
693
821
665
404
887
908
445
976
773
71
530
287
185
507
94
549
713
897
432
649
737
455
81
804
863
278
940
416
135
974
374
80
19
820
593
462
917
787
236
296
354
504
373
342
701
224
726
687
64
622
104
617
386
410
41
776
51
689
680
30
386
322
219
560
118
667
208
584
958
681
472
404
13
262
216
613
279
990
869
101
595
97
807
720
369
314
33
760
880
409
91
487
338
965
2
822
524
691
80
744
644
523
186
9
638
93
807
208
316
762
483
118
49
519
675
884
90
342
976
711
53
511
40
63
906
532
151
318
604
709
559
400
136
832
515
188
758
351
243
45
427
509
496
646
448
294
989
607
51
941
691
459
60
453
655
419
838
647
958
337
775
889
520
508
197
740
30
815
230
746
777
958
821
833
18
732
183
515
411
681
8
329
445
560
274
489
675
155
131
149
153
895
63
395
76
906
250
913
126
668
339
93
820
851
652
52
940
594
21
56
237
961
624
569
375
27
227
323
209
815
387
717
32
275
368
46
725
715
79
427
666
818
113
587
515
26
733
760
12
654
255
747
494
493
460
962
851
542
376
601
222
269
915
760
354
815
926
892
256
91
193
906
848
407
38
793
228
19
345
859
539
86
555
354
542
99
453
19
272
222
275
84
757
883
536
655
113
293
459
928
923
626
513
575
330
320
626
91
4
775
832
893
414
521
370
661
148
437
93
614
605
689
82
732
584
441
80
576
640
387
591
444
714
47
243
743
342
703
905
97
131
438
751
904
523
141
325
666
677
676
14
714
620
753
419
550
678
584
131
304
403
924
705
674
295
757
9
535
549
986
289
93
841
144
510
514
701
223
184
76
255
607
410
199
111
839
318
233
889
685
421
216
378
399
694
733
812
70
369
603
238
881
513
944
285
712
702
979
117
160
599
334
321
439
630
229
363
695
54
375
432
52
562
663
289
545
89
759
701
523
92
551
810
118
851
101
914
768
165
208
600
220
660
540
361
810
849
540
958
109
393
545
606
195
933
781
97
361
244
70
368
65
687
926
387
968
13
393
175
541
506
282
642
152
719
700
271
582
363
176
22
751
809
181
489
106
858
749
788
554
838
116
903
610
377
120
194
302
540
27
630
820
131
522
880
368
436
93
231
755
117
825
728
555
14
686
112
717
953
232
597
148
614
908
756
187
72
794
277
272
58
371
193
329
710
12
10
585
728
243
131
120
996
679
576
249
312
40
602
619
241
149
34
561
234
400
889
932
669
741
407
674
76
805
571
742
250
753
7
860
105
874
850
801
796
908
413
243
633
317
910
153
334
181
246
804
936
969
170
525
669
802
480
867
423
40
900
635
905
232
664
639
224
950
932
674
445
251
440
141
58
816
373
609
518
51
271
60
917
249
27
442
117
322
970
583
140
876
775
911
627
132
457
364
304
807
386
580
676
506
34
927
204
877
441
155
414
785
199
370
723
439
638
815
876
975
423
722
431
671
576
16
681
933
481
776
635
420
155
369
545
681
979
42
288
392
721
207
464
739
58
235
982
955
982
953
573
564
143
188
498
998
755
271
148
455
750
166
258
940
625
486
534
699
836
998
548
915
211
546
574
570
826
514
115
345
41
540
401
938
497
892
25
150
435
256
170
84
157
224
694
866
225
646
601
48
751
365
131
119
133
767
913
240
648
496
769
528
360
24
757
698
361
878
322
975
18
952
899
644
769
589
575
187
5
217
142
912
702
226
239
980
616
19
432
386
359
92
787
393
972
787
558
38
646
418
912
281
458
874
999
335
64
211
451
743
8
766
630
680
853
667
716
702
980
163
346
584
760
486
238
548
31
180
113
893
294
495
547
418
461
199
852
100
889
603
470
183
512
258
376
154
907
464
316
72
602
626
692
614
363
852
898
626
358
121
47
939
310
395
950
807
903
939
878
418
983
137
575
959
715
399
466
667
333
118
623
16
675
683
278
311
127
373
274
291
414
936
248
359
672
572
668
833
45
435
674
538
111
567
819
915
654
979
212
102
158
239
580
797
955
598
740
233
836
33
133
396
962
502
480
102
647
621
341
402
322
744
10
132
649
302
611
797
450
891
38
605
217
520
315
552
707
381
248
164
747
650
643
695
355
584
501
45
162
252
480
530
731
919
811
453
665
984
35
527
159
525
841
575
718
835
920
909
57
236
469
978
609
232
314
86
606
978
658
973
799
171
133
236
590
417
113
751
424
821
937
952
350
867
576
239
781
601
711
152
6
353
341
107
118
591
513
104
931
843
601
641
984
867
847
191
314
589
608
465
114
309
416
897
639
181
194
72
561
385
380
508
764
586
382
351
425
150
524
577
214
849
617
818
320
557
489
512
435
410
935
888
238
25
537
334
15
54
696
564
798
310
777
770
64
999
613
771
980
682
641
604
681
809
142
417
266
819
434
39
410
306
305
572
739
666
178
996
877
283
323
377
950
146
162
787
368
952
845
430
527
609
120
590
941
699
179
293
72
783
553
1000
688
128
232
722
410
374
737
194
591
112
254
788
688
71
237
379
475
19
351
435
329
931
13
284
988
409
205
256
992
964
880
932
348
441
368
658
306
456
639
854
828
999
491
99
446
26
730
337
368
871
707
209
16
675
126
273
102
329
227
478
374
782
631
696
916
563
843
303
756
358
545
720
489
448
629
860
911
450
253
85
986
696
186
136
986
757
159
445
717
314
952
149
535
656
137
821
473
403
877
817
970
981
253
311
24
235
800
589
67
967
254
598
502
43
509
948
87
402
706
197
816
231
955
134
507
425
924
53
257
79
359
337
1
695
626
265
664
148
291
599
917
692
428
181
155
187
717
932
650
78
261
138
862
456
851
363
150
916
307
378
755
242
842
711
552
756
653
719
213
376
483
749
237
935
343
361
593
375
737
127
823
831
594
272
310
214
455
630
893
640
668
478
10
183
650
498
136
923
507
961
187
649
410
216
498
197
664
366
263
55
288
631
367
142
651
228
828
714
69
70
346
927
483
105
711
361
371
169
662
745
366
177
305
51
214
833
41
61
193
890
304
803
917
513
291
795
277
89
936
582
513
995
786
392
459
843
523
151
718
118
191
833
678
613
579
627
196
231
402
15
275
746
462
467
505
589
908
383
806
153
726
213
476
942
478
364
296
610
835
205
477
34
425
870
136
234
532
470
633
319
800
155
462
698
589
427
210
721
945
604
699
136
805
438
239
113
494
24
116
719
663
788
899
238
59
917
338
446
654
709
729
945
553
146
484
848
633
364
935
823
706
355
292
121
363
661
727
958
52
657
673
328
440
553
241
395
270
141
79
709
218
857
975
275
215
278
546
661
251
212
739
495
664
627
598
176
321
441
482
390
958
196
865
754
648
428
456
914
84
288
231
293
837
281
290
37
475
447
416
607
430
625
823
993
139
216
821
372
982
88
143
146
514
951
305
114
722
190
19
219
983
372
655
769
537
890
493
202
101
102
598
742
444
188
378
249
101
629
140
718
843
889
480
994
805
644
170
458
513
735
423
274
464
778
494
775
760
687
181
232
794
799
968
781
276
860
439
227
11
29
332
952
350
741
342
40
587
329
481
130
984
22
59
916
823
37
982
230
102
379
463
72
934
283
69
112
381
499
490
828
677
578
158
378
951
238
865
537
207
51
589
821
112
794
600
535
214
696
374
411
908
975
21
364
607
939
978
763
294
814
728
569
336
958
224
160
20
425
383
746
455
846
296
643
62
609
841
134
219
75
485
633
574
495
164
208
558
683
694
308
780
826
984
679
7
220
830
445
162
276
545
961
743
212
789
706
73
789
711
465
129
233
228
448
630
525
451
399
819
254
212
254
847
520
684
291
153
930
671
297
679
515
99
188
436
143
469
643
553
817
480
126
603
630
959
834
991
193
510
361
662
711
561
874
421
91
217
482
433
641
186
84
225
238
387
217
777
833
904
173
441
649
737
677
694
997
399
135
913
872
358
151
126
113
458
116
407
175
327
880
562
64
439
814
314
841
27
985
814
218
127
189
921
945
294
820
418
373
261
194
801
880
830
649
433
852
177
550
610
203
158
1
58
268
28
820
592
787
216
482
855
695
247
888
531
108
832
715
369
507
280
60
128
564
512
932
908
105
850
579
746
877
904
483
235
994
909
563
822
682
137
509
812
191
456
878
78
479
898
597
233
370
434
541
286
47
730
331
787
15
799
353
663
28
702
454
40
537
96
27
340
467
392
517
663
877
592
580
909
1000
527
786
664
390
458
297
883
173
402
671
921
399
289
845
764
358
18
626
98
131
926
416
345
59
310
406
496
513
504
224
851
739
712
927
546
978
608
93
386
42
490
142
992
195
519
390
907
44
154
180
813
615
312
714
955
590
724
536
263
261
709
134
663
422
668
84
781
79
535
160
106
174
844
3
96
64
86
591
373
10
25
797
927
677
699
712
489
700
844
631
379
762
307
72
945
555
610
548
260
35
183
267
223
544
126
872
485
175
39
216
347
247
790
244
305
151
463
739
368
253
322
298
729
755
185
716
194
672
210
353
84
2
821
531
883
390
624
706
730
590
478
375
219
732
745
579
696
174
852
911
390
351
215
815
548
145
615
270
538
294
819
804
962
783
187
691
34
621
28
662
104
972
633
232
839
47
632
778
564
768
586
647
45
806
692
309
578
440
909
137
641
384
542
487
518
653
713
994
707
780
990
388
62
559
700
528
506
983
553
238
839
389
408
920
447
396
700
796
222
269
837
807
398
463
288
147
666
580
820
497
108
728
875
653
634
692
136
80
890
73
651
432
125
846
861
40
532
909
739
187
734
920
82
19
335
707
683
319
235
352
88
304
457
847
172
794
489
615
921
188
40
827
815
320
457
374
234
112
325
728
88
224
456
828
62
348
119
172
794
795
743
777
280
335
901
344
662
172
372
182
598
779
798
513
330
262
43
629
145
936
939
517
780
25
516
663
888
927
662
477
186
476
488
184
957
844
304
345
511
961
113
609
402
863
637
448
417
852
191
754
86
432
75
753
632
748
73
583
624
635
813
693
937
472
510
18
341
747
121
742
426
498
304
912
182
255
553
397
394
374
167
638
900
691
544
376
818
560
939
757
522
152
840
31
600
710
977
303
606
579
721
82
610
865
302
959
309
738
540
525
538
854
967
971
750
608
866
769
702
571
911
712
763
490
627
754
85
877
386
59
18
772
696
740
30
631
800
839
318
55
103
622
673
993
233
24
714
987
834
344
398
91
564
294
568
93
244
660
561
479
654
74
455
640
334
652
181
74
166
131
669
381
332
784
627
781
993
346
690
122
973
106
461
120
479
281
57
61
344
980
853
181
513
35
92
161
544
446
384
160
606
366
561
952
303
34
398
501
560
9
913
863
86
329
440
928
265
804
70
874
742
370
989
139
441
675
47
917
756
654
329
634
208
212
58
882
967
311
159
203
897
614
636
240
295
742
714
433
98
641
976
560
965
156
303
457
3
274
51
166
814
425
219
762
427
915
283
944
83
390
750
94
430
630
755
124
251
773
813
498
303
57
310
8
66
182
870
935
740
974
670
347
328
689
745
114
142
122
815
627
659
9
842
547
726
120
277
49
779
814
790
197
119
529
411
951
108
793
298
309
596
391
892
780
281
360
212
898
380
861
964
649
732
448
644
446
315
292
495
158
499
53
171
991
465
371
356
579
716
722
786
430
104
877
589
11
932
297
400
121
111
405
375
186
304
377
89
459
477
964
178
298
927
106
489
543
907
193
825
954
377
865
537
76
562
208
960
324
496
86
616
605
559
130
947
301
942
896
78
290
21
329
694
526
858
467
499
400
405
917
584
420
535
696
462
927
134
509
861
149
24
359
439
203
423
901
679
736
749
94
964
565
94
151
388
683
28
627
266
218
229
657
996
566
334
373
63
887
103
748
717
941
900
523
69
865
860
994
316
592
680
9
949
415
898
401
625
743
68
929
834
46
33
959
192
896
132
740
635
770
805
6
455
568
757
128
320
976
769
421
504
388
738
300
207
144
843
23
481
20
252
586
237
235
847
954
916
442
638
25
609
681
186
779
23
146
8
117
261
825
806
505
577
615
692
362
911
526
691
885
442
504
398
205
768
390
741
619
188
102
430
412
555
174
163
855
214
705
615
190
971
655
403
131
801
27
40
615
330
516
483
394
287
683
628
167
872
568
74
71
565
309
590
465
364
944
881
634
624
229
258
794
262
449
753
993
861
617
48
15
887
147
32
647
158
931
531
98
555
783
61
716
954
93
651
229
223
756
51
156
90
182
384
291
920
159
373
68
122
885
841
395
124
319
587
719
476
750
572
625
20
15
292
251
297
136
261
748
619
36
43
819
707
181
283
994
171
750
208
130
339
393
720
496
900
945
718
386
732
421
453
383
170
172
698
921
389
123
352
910
278
381
978
774
579
375
259
458
367
771
820
608
919
679
556
299
657
158
403
469
748
934
828
881
743
872
200
816
27
571
430
211
790
585
655
27
228
9
47
136
219
852
835
676
690
896
804
9
871
889
822
562
811
242
639
757
748
341
613
765
295
363
94
863
788
311
743
420
454
15
278
292
939
694
641
772
426
484
715
885
783
777
626
965
785
719
11
494
508
724
33
970
113
883
668
482
24
196
439
894
467
709
487
434
879
297
968
302
769
347
905
439
993
639
67
793
9
353
454
156
511
381
842
333
764
776
94
377
712
995
119
189
265
203
3
371
60
755
2
582
415
80
396
309
454
711
898
531
278
975
959
822
454
603
876
661
470
404
234
385
306
275
784
957
256
947
260
962
645
551
885
154
260
433
862
844
189
414
59
629
992
536
448
237
368
328
440
9
173
506
102
604
452
536
982
380
460
736
261
146
835
301
878
71
892
811
269
817
202
649
608
907
947
6
53
227
883
905
885
13
33
740
26
348
710
989
902
569
447
382
171
988
353
801
133
924
582
126
665
408
423
264
111
795
24
385
382
949
712
643
925
39
535
421
419
842
455
178
475
282
240
21
977
961
706
653
149
193
22
960
784
279
329
868
576
912
530
285
791
628
317
77
602
960
986
99
654
269
284
150
557
866
875
586
802
181
415
175
724
470
424
120
355
500
297
879
90
198
276
576
380
900
727
47
851
34
244
913
188
170
6
875
748
28
106
518
587
198
487
173
163
738
68
512
66
445
271
276
796
547
634
61
71
748
19
669
663
632
139
458
515
319
594
633
545
820
631
51
314
260
403
761
673
263
661
709
913
322
941
458
664
442
116
62
712
767
27
952
103
777
244
814
126
76
447
133
768
253
674
688
341
631
183
731
951
64
748
764
2
65
606
368
692
319
432
197
890
98
484
716
233
983
900
818
448
882
41
261
208
51
645
27
35
97
813
272
628
935
707
225
896
510
664
541
439
304
129
434
193
475
908
586
99
676
258
257
482
272
337
318
866
488
852
937
995
74
750
759
413
294
382
632
322
718
618
863
610
153
119
5
526
117
978
273
670
433
478
614
177
967
532
190
449
675
301
212
923
771
962
984
291
165
419
82
850
437
314
812
752
886
962
559
578
596
495
316
56
847
107
878
650
904
209
669
459
813
174
805
658
157
107
176
16
605
295
417
666
140
968
358
518
771
438
305
520
765
886
677
301
155
285
70
449
597
232
479
200
761
175
106
862
535
63
291
116
176
625
497
908
496
645
304
50
565
348
300
886
412
535
105
35
903
556
689
781
615
980
666
563
805
236
761
842
241
551
397
66
543
836
82
686
975
441
992
471
171
976
361
865
900
800
237
517
264
662
590
391
263
661
43
409
780
779
649
670
168
600
728
163
312
297
890
54
705
231
56
19
593
372
71
617
543
741
190
585
683
258
513
326
276
658
108
667
531
473
996
507
506
416
688
135
746
890
639
176
634
430
235
839
170
943
220
354
152
108
584
248
579
989
611
298
446
454
525
127
859
125
675
523
359
253
898
197
262
28
96
684
325
60
158
718
876
637
330
304
797
836
578
862
152
761
633
869
466
330
530
504
802
176
101
624
624
762
686
706
668
425
47
937
143
457
906
207
660
774
604
203
583
755
206
744
248
106
23
29
930
723
427
137
902
420
23
703
263
169
778
81
905
302
458
877
369
102
799
953
552
583
480
152
388
232
948
667
423
835
774
328
291
646
360
413
529
681
78
589
533
716
743
392
661
335
163
446
739
234
747
525
345
302
876
336
503
248
800
115
142
933
491
62
87
949
168
299
643
781
402
681
885
735
191
861
587
631
103
215
18
758
431
18
266
537
609
965
857
839
378
383
3
724
676
166
601
380
415
79
291
155
137
795
414
753
537
296
375
593
617
143
626
898
571
333
99
940
924
288
665
979
733
361
860
440
162
671
499
98
689
2
830
375
873
47
322
215
229
440
509
965
820
821
984
335
20
810
696
935
23
491
783
497
310
461
417
852
569
581
151
932
747
633
14
941
763
60
541
563
639
275
572
278
217
802
72
121
231
963
504
371
326
598
858
815
686
782
152
403
319
929
837
72
531
931
886
872
579
859
999
622
773
61
263
952
787
331
409
744
792
187
491
14
865
785
482
937
155
289
54
251
814
567
1
780
159
231
618
847
254
786
810
630
588
487
513
772
656
955
917
194
711
114
771
519
988
350
317
531
765
495
427
500
73
277
444
995
323
317
516
904
51
686
562
728
973
165
119
441
800
817
415
559
942
362
180
345
509
327
156
402
596
22
285
662
657
297
717
468
82
311
8
845
289
12
864
146
123
653
795
439
913
943
191
656
643
391
65
238
56
624
939
327
514
668
768
241
910
76
552
871
595
253
33
81
990
668
491
500
893
821
800
71
641
790
570
127
874
906
364
416
929
46
525
70
515
447
396
561
965
619
679
146
208
823
221
429
362
822
444
350
82
782
216
36
240
271
9
981
434
699
42
358
173
567
181
685
138
540
760
288
240
885
72
764
959
20
658
468
538
910
401
467
207
14
960
552
796
188
639
232
754
175
3
742
38
308
967
819
236
612
193
176
283
272
141
920
753
921
153
882
406
689
784
599
71
591
351
733
896
123
877
603
161
890
931
352
963
66
922
226
193
630
185
681
925
634
809
150
904
191
617
492
14
258
575
493
290
34
110
208
803
624
6
677
498
612
194
512
139
627
249
969
644
757
159
772
60
72
801
956
655
4
665
676
995
239
885
700
289
625
359
974
159
394
976
409
169
307
702
105
763
411
766
184
830
762
94
484
693
148
448
25
814
994
707
360
83
606
383
593
24
842
195
281
234
396
659
718
839
344
207
381
467
983
911
282
537
179
304
464
572
459
58
382
625
840
551
432
981
597
306
121
156
925
677
685
785
122
235
369
224
117
709
311
759
836
618
587
313
114
543
691
101
808
838
203
137
946
62
630
678
107
142
421
781
279
793
847
986
157
17
769
587
463
176
531
285
641
162
619
87
983
564
755
905
520
631
553
136
742
734
444
556
188
873
451
44
665
232
541
61
135
656
919
241
383
527
128
359
906
510
685
57
471
86
113
862
361
185
287
558
985
344
505
447
149
684
342
127
447
478
809
210
644
899
898
219
674
139
91
59
247
159
315
37
208
310
420
24
491
538
647
390
714
100
922
760
717
858
43
446
245
77
162
419
922
151
830
128
235
677
450
648
692
487
794
536
202
939
736
339
567
115
388
218
96
144
965
713
199
825
139
488
740
578
658
430
516
420
25
464
193
160
608
788
211
96
780
309
694
379
522
497
817
714
289
801
707
235
450
66
5
662
924
687
842
493
603
965
634
590
884
551
275
80
333
755
934
343
236
916
99
179
374
268
518
497
933
574
677
902
891
191
324
814
688
952
924
737
755
652
369
29
930
743
176
266
129
154
959
761
936
182
131
927
434
465
219
366
176
319
541
676
118
521
489
285
859
586
362
104
216
798
910
304
38
565
738
598
904
972
918
606
304
97
151
545
813
779
248
807
579
164
975
31
319
439
902
819
169
328
311
359
352
456
654
671
130
957
709
802
965
423
134
307
303
663
374
533
672
949
298
33
384
568
327
580
912
199
457
612
333
999
534
35
868
667
121
881
78
759
147
864
653
26
231
304
168
500
690
626
337
239
748
977
726
872
56
395
272
771
938
522
153
152
346
964
246
909
766
167
442
679
965
920
607
475
248
669
633
648
533
964
174
429
798
966
319
940
47
912
183
754
757
889
179
156
5
262
923
513
508
196
889
363
850
45
814
947
691
778
648
674
983
530
136
807
597
930
788
285
805
923
198
488
561
439
834
545
205
278
346
582
785
112
840
111
157
871
817
787
922
681
193
537
223
535
588
495
877
621
644
612
774
89
189
107
66
417
634
402
693
112
785
839
354
282
490
21
461
290
563
114
245
802
470
487
159
824
749
973
306
263
609
36
677
697
645
243
781
631
246
232
914
968
803
905
384
502
125
510
721
303
982
132
238
312
795
319
985
45
76
918
115
159
1
365
302
500
789
479
73
843
10
306
340
715
792
558
921
392
673
398
327
40
628
291
222
625
801
817
487
851
967
471
854
368
772
705
647
812
196
369
50
973
388
116
404
786
552
753
161
422
690
812
896
945
466
491
810
998
485
117
645
399
632
27
856
65
768
985
120
843
393
637
267
98
932
866
474
551
826
600
920
529
303
907
62
873
533
618
2
38
449
300
664
147
480
297
771
647
813
527
241
149
219
291
883
385
698
776
780
852
563
188
254
220
619
23
150
148
351
505
220
315
920
287
590
649
725
344
531
52
142
100
612
86
408
989
550
942
490
259
682
321
368
539
464
825
102
706
293
274
387
847
892
28
442
782
357
947
429
616
902
388
373
993
56
623
304
764
686
643
964
560
642
868
330
825
317
563
914
813
7
297
677
54
959
272
146
485
538
671
54
311
187
260
367
11
109
421
393
879
134
924
869
555
92
934
473
175
64
911
119
636
615
210
287
851
310
13
601
110
881
740
835
271
186
568
110
677
726
648
205
727
936
322
622
946
839
162
515
451
509
68
247
583
184
838
890
335
240
585
733
936
273
400
973
765
243
671
537
753
666
299
890
389
367
269
738
418
832
732
87
950
840
487
86
329
83
77
743
747
123
70
937
426
971
167
222
949
463
157
932
939
497
738
755
473
185
725
168
209
254
945
795
186
864
563
611
36
353
289
826
13
275
762
821
370
177
723
731
240
211
426
987
497
497
856
402
366
253
406
295
764
561
257
721
379
537
365
259
861
548
37
963
882
510
53
70
494
437
749
26
403
528
565
382
483
49
206
128
618
712
157
851
185
99
29
963
856
192
202
493
752
832
179
618
319
877
51
828
79
474
436
901
511
434
60
334
597
626
223
385
930
758
114
117
417
991
322
188
428
851
184
505
253
382
391
809
202
703
615
961
764
964
283
696
791
744
445
972
356
567
873
476
929
137
447
940
104
590
651
821
8
805
12
896
218
354
731
261
144
267
823
627
531
147
293
651
522
20
128
401
530
166
967
997
639
819
184
722
697
266
732
335
657
871
884
425
52
427
473
711
439
29
361
791
745
875
937
723
775
877
814
588
701
665
129
460
749
864
966
225
723
271
365
420
403
859
83
538
669
556
39
490
377
101
852
805
773
397
26
38
114
706
968
581
494
273
101
510
881
66
866
444
329
638
286
358
474
286
346
581
864
560
479
813
341
15
540
485
224
882
244
312
800
736
354
480
843
245
569
179
275
108
776
894
863
945
598
392
524
276
452
698
669
852
196
831
581
340
197
825
918
703
910
661
381
715
653
132
92
304
628
39
890
202
855
552
587
957
315
45
783
920
154
510
536
820
908
262
22
50
763
288
8
168
191
673
681
951
146
920
968
944
892
600
192
621
681
246
575
120
273
753
857
485
844
751
696
648
673
478
293
432
462
875
753
163
242
651
896
155
511
727
478
349
398
108
54
49
41
401
841
59
426
768
713
554
779
504
118
727
142
778
367
916
850
586
899
760
241
324
715
93
376
476
976
713
826
671
532
962
301
774
341
74
674
826
741
849
949
817
514
145
619
847
145
496
86
630
200
608
549
849
79
381
884
998
239
651
225
409
147
616
634
817
685
6
581
796
885
601
999
843
269
597
698
620
767
378
441
431
238
272
955
768
486
323
491
930
505
186
400
914
766
994
318
944
274
42
182
661
263
426
844
866
616
784
309
249
865
865
512
226
674
740
563
656
386
598
983
536
482
813
357
750
285
351
590
458
704
997
681
654
104
492
871
480
355
99
658
190
964
784
263
715
633
250
131
582
142
840
445
652
108
639
859
102
738
579
597
372
724
672
469
884
877
94
916
522
527
66
459
971
305
920
729
877
839
599
344
466
470
437
364
863
975
908
775
514
7
999
72
32
126
830
172
20
33
928
362
74
319
968
305
872
77
155
665
566
722
773
535
587
470
630
434
75
192
33
943
265
38
760
221
425
182
414
757
686
667
856
246
606
274
829
683
153
187
558
604
943
5
295
962
300
330
967
741
471
8
786
629
222
257
996
786
400
44
38
154
756
105
692
141
867
265
670
927
648
50
729
445
106
91
761
884
994
874
576
473
471
255
835
549
26
144
63
561
340
515
335
424
70
357
501
857
876
504
156
431
127
575
629
310
889
200
714
366
591
126
432
469
733
581
350
246
798
481
830
963
621
20
530
481
924
773
757
53
232
108
258
555
606
422
171
363
798
883
146
124
311
591
617
811
511
924
362
297
978
342
365
539
401
980
683
772
646
675
221
644
78
904
82
198
313
334
359
32
944
753
755
536
394
406
298
730
883
111
19
436
591
262
57
15
578
671
444
610
531
35
813
808
908
813
372
585
444
539
8
11
203
737
798
538
434
907
170
923
179
50
709
690
628
165
193
192
583
146
480
241
579
657
810
563
885
813
717
211
597
263
396
341
292
254
265
469
903
737
101
905
197
178
582
133
719
609
552
196
54
675
721
8
66
586
960
547
175
866
410
191
372
355
484
41
37
526
911
518
471
76
565
223
623
356
20
198
803
434
40
117
520
969
647
918
313
246
822
266
130
294
421
376
957
588
61
593
839
677
830
139
278
667
214
902
581
12
381
325
202
100
149
830
195
209
814
869
49
426
41
814
769
527
754
762
440
211
372
638
536
738
117
557
153
841
202
898
257
483
728
599
681
107
262
791
180
992
100
396
259
170
947
985
931
319
323
389
2
7
108
820
442
639
765
80
997
194
674
866
330
372
141
782
258
545
246
438
93
221
57
240
996
608
49
917
482
668
659
598
145
287
774
688
443
599
378
513
518
463
233
77
811
387
911
513
248
311
713
180
511
898
203
634
955
847
41
471
153
147
451
115
809
182
348
56
957
164
722
976
211
263
152
212
436
664
851
552
140
311
89
548
809
151
825
344
954
919
147
931
811
622
482
935
56
760
58
715
484
645
63
203
442
400
664
152
325
818
747
899
438
332
450
731
821
818
49
423
600
123
239
505
577
583
850
246
634
856
568
563
668
365
396
161
905
910
62
608
263
972
182
982
131
603
644
423
376
450
749
769
240
209
579
240
108
772
497
183
968
598
670
43
189
513
49
601
298
624
542
919
89
532
951
408
545
679
618
295
61
401
849
16
725
725
833
433
509
999
371
306
872
160
642
420
730
567
54
709
948
508
197
724
732
371
191
796
391
515
25
249
585
510
147
40
875
185
608
24
674
212
925
395
432
175
948
527
532
335
703
836
365
764
919
439
765
584
316
474
569
283
862
926
994
111
77
493
831
29
386
348
274
926
293
758
579
581
268
287
742
224
211
331
115
324
75
493
37
897
907
416
395
756
552
701
759
714
906
763
832
732
566
409
313
134
183
806
329
894
713
611
927
13
659
157
545
858
926
53
796
691
220
544
724
844
914
565
86
441
953
851
367
550
573
490
729
278
874
173
718
977
240
790
71
530
843
165
592
161
8
786
313
445
780
156
835
241
8
545
250
799
653
53
590
674
215
793
71
987
888
534
726
448
374
271
216
662
282
986
206
53
537
662
952
881
559
155
351
136
236
432
219
927
338
306
3
99
571
474
653
292
413
10
394
777
546
754
350
110
224
116
798
767
135
295
9
238
797
878
609
249
973
224
219
872
513
432
578
765
397
442
92
971
75
285
932
283
240
137
643
227
240
196
982
58
318
557
970
928
70
817
549
196
729
970
329
120
425
565
238
860
294
538
10
549
125
76
349
240
435
851
269
723
130
504
770
324
979
479
38
140
807
227
290
393
472
894
662
828
196
513
688
731
266
682
601
53
358
119
208
787
835
312
953
872
188
862
173
168
965
379
456
823
231
217
256
725
90
967
772
505
767
345
8
884
706
252
641
232
930
89
339
27
151
534
191
86
561
883
337
940
218
236
775
202
875
875
398
910
146
52
305
556
211
66
763
619
884
945
444
52
781
376
670
525
194
25
465
306
883
777
921
580
872
70
726
564
332
496
863
600
83
379
776
323
673
558
310
986
215
126
12
845
740
791
620
134
654
99
506
551
519
986
190
834
33
664
907
698
453
866
807
936
937
549
832
957
505
760
706
303
929
940
753
703
211
349
342
46
853
245
411
664
672
842
257
289
502
943
49
139
875
176
530
495
488
41
95
775
563
611
216
50
306
167
776
863
406
105
16
631
854
641
832
978
74
915
642
68
937
424
533
406
692
524
959
918
991
844
581
688
308
650
366
614
472
199
427
890
587
767
769
417
993
22
825
450
642
335
731
529
953
58
782
461
785
758
574
236
975
629
193
360
711
509
297
92
563
63
101
939
93
557
630
245
194
346
538
407
961
572
203
229
832
542
949
554
622
873
61
808
593
314
716
223
991
790
689
997
975
418
295
647
682
790
566
570
858
997
446
672
491
399
185
79
898
624
660
358
841
325
11
872
470
893
428
242
630
24
482
943
156
409
501
857
249
809
987
795
981
472
693
852
362
979
623
391
933
998
425
480
738
622
421
492
999
390
791
683
494
460
244
191
28
915
677
649
211
2
262
455
445
226
378
815
107
320
822
467
484
55
534
642
602
12
699
208
442
429
348
365
362
361
871
769
790
142
357
698
184
301
461
49
998
460
947
450
539
937
337
360
703
764
168
273
456
378
935
999
135
130
493
594
989
419
240
887
132
848
919
407
540
342
254
645
537
735
196
468
573
487
377
459
754
259
337
454
955
758
318
294
603
106
179
388
145
191
330
218
670
495
539
483
628
558
26
806
959
425
689
826
720
908
670
893
176
351
342
528
338
347
708
970
994
589
185
814
198
486
214
686
928
677
749
797
439
776
974
896
327
696
879
207
919
279
634
496
447
930
304
487
583
922
882
22
789
435
678
948
505
17
125
812
579
427
22
933
328
360
920
861
593
191
621
561
65
165
486
587
393
506
424
454
838
398
550
106
249
812
192
420
154
248
37
248
68
955
836
645
85
629
684
614
206
312
346
455
616
307
905
362
906
728
561
803
282
295
765
129
898
703
123
487
102
446
761
661
301
30
518
955
981
319
961
467
271
916
356
66
581
121
384
659
820
322
830
695
69
247
92
546
700
282
446
298
937
484
683
143
73
911
181
118
520
717
768
32
177
712
193
397
781
381
716
79
359
850
444
539
505
629
240
105
259
477
81
667
500
968
736
998
745
497
918
589
601
548
806
383
748
18
624
713
362
40
323
311
746
509
294
633
401
387
666
493
825
748
430
223
679
881
909
306
454
322
988
475
435
63
115
14
354
634
661
141
401
564
26
513
871
989
558
195
582
425
522
166
439
567
685
604
744
84
862
80
97
35
867
903
736
459
914
611
241
907
784
626
911
726
446
948
893
152
676
594
792
668
859
114
300
133
41
402
774
221
931
736
427
594
186
516
108
699
251
307
826
204
590
136
349
59
638
672
379
675
78
939
576
978
67
677
601
3
990
317
996
229
157
972
642
621
43
510
278
388
899
911
996
212
870
7
661
829
400
500
147
832
257
298
755
646
937
458
766
403
410
360
214
175
825
913
894
41
518
840
740
900
1000
635
688
275
997
105
726
17
147
815
356
414
122
304
117
811
652
753
384
294
50
222
223
375
69
755
956
67
511
387
147
459
983
455
714
184
642
898
799
813
73
759
689
893
517
422
618
639
4
185
669
972
505
970
863
827
876
590
390
749
666
338
714
227
257
163
516
289
255
650
891
468
948
253
228
840
465
406
622
407
534
155
852
511
809
630
714
116
951
697
501
250
765
474
479
556
253
240
685
356
134
428
12
977
222
72
754
355
378
395
193
505
42
703
15
826
710
4
656
91
736
245
780
369
628
10
349
543
350
534
348
596
564
680
884
317
541
730
335
324
149
75
876
680
903
765
97
207
326
927
700
718
324
937
203
117
565
601
341
47
864
814
754
628
487
973
478
798
441
142
466
207
171
894
38
347
588
53
492
737
513
862
9
21
977
962
382
27
292
491
902
9
132
798
328
109
510
848
452
495
479
582
478
378
308
586
974
788
422
543
103
49
805
256
324
112
797
577
232
531
571
993
785
968
2
81
400
371
744
991
889
526
346
640
417
718
346
956
906
909
961
966
797
490
686
721
214
321
928
883
240
706
175
246
998
53
821
960
780
431
904
803
160
416
638
901
516
28
344
670
159
547
823
819
707
383
207
61
581
878
152
773
637
701
296
316
720
32
408
606
964
981
89
637
778
652
155
897
688
441
46
247
552
782
519
152
216
436
289
901
154
773
898
416
822
47
611
569
866
961
522
420
808
534
764
611
584
364
976
808
772
185
179
221
787
598
541
554
16
214
347
659
626
206
405
987
771
696
593
445
681
777
169
862
768
483
748
788
207
606
336
89
132
806
827
150
880
284
285
513
355
367
608
363
637
506
216
2
182
74
685
688
472
269
474
899
175
82
432
790
398
906
188
656
793
652
824
558
644
696
319
394
616
968
806
719
245
255
631
376
919
609
873
642
393
989
206
657
703
941
51
400
269
484
465
400
266
695
433
48
376
221
872
859
505
985
14
464
408
362
633
146
28
869
945
151
489
367
971
461
879
636
915
368
464
653
281
158
680
562
142
531
444
725
648
248
522
354
979
770
632
570
128
589
240
754
587
717
282
352
381
984
829
782
105
432
15
959
16
64
938
948
133
757
995
943
699
321
460
321
923
387
489
273
507
244
310
438
704
489
176
42
217
369
422
398
834
186
714
14
939
699
852
135
444
813
240
53
138
753
838
495
268
760
862
175
958
486
214
614
306
604
714
510
526
301
502
721
629
768
665
469
611
69
589
323
562
511
273
48
395
948
295
256
38
424
287
845
208
449
257
334
492
799
684
366
81
609
991
870
794
612
577
498
208
315
303
657
634
616
799
733
143
669
752
553
114
614
840
476
137
527
163
870
972
970
754
311
304
351
332
533
135
974
129
714
816
543
856
134
395
997
583
708
22
307
274
465
273
584
217
903
140
393
516
792
499
340
994
142
121
633
125
614
417
726
879
626
316
628
339
510
10
775
359
968
502
919
745
904
483
188
402
406
525
513
778
309
789
396
279
843
316
15
463
652
209
736
633
890
609
863
350
317
242
381
890
206
54
40
383
634
828
241
241
724
898
370
133
662
786
239
660
576
396
907
823
584
585
932
917
798
272
854
861
98
187
134
982
291
510
129
335
673
401
784
26
368
901
548
863
419
353
658
606
160
499
123
694
643
212
377
459
774
683
263
313
592
521
527
596
493
823
793
849
330
43
644
839
683
114
607
370
986
371
377
688
259
777
71
488
62
490
71
736
3
232
997
956
262
661
271
112
642
875
177
789
443
607
117
18
699
439
959
102
65
134
946
139
153
808
297
439
712
23
135
292
463
348
816
814
309
755
84
313
151
927
274
755
644
48
247
467
25
668
728
777
694
810
414
7
276
389
617
431
512
225
341
415
858
821
979
899
681
902
812
772
781
676
201
979
847
755
449
56
311
574
318
664
118
858
298
207
250
181
212
828
726
565
169
398
939
779
812
784
85
62
797
514
268
377
996
122
528
573
837
520
897
131
339
615
694
564
148
770
912
551
992
310
622
50
464
135
485
5
930
762
318
42
614
537
337
157
592
684
132
516
261
567
706
414
101
252
920
860
508
859
298
611
737
671
517
295
815
109
700
39
911
152
823
534
464
74
970
925
927
673
609
392
441
420
951
101
324
104
608
394
362
197
614
924
490
792
192
203
569
348
456
965
224
367
394
330
791
629
86
378
829
565
51
275
761
593
659
864
45
473
926
207
959
867
875
205
952
108
814
632
425
207
413
717
42
881
989
395
338
391
240
788
589
342
916
774
825
296
621
90
320
192
534
779
664
974
474
342
885
575
700
669
642
550
533
775
584
30
797
756
99
729
676
87
818
402
174
270
498
863
294
541
430
3
243
636
364
609
45
203
707
803
249
533
558
351
794
994
178
202
140
100
255
665
106
334
660
789
232
841
125
221
746
269
662
791
811
73
190
392
904
918
634
830
645
982
114
3
158
391
609
859
354
62
75
796
247
423
163
677
100
773
996
862
627
893
535
86
787
45
873
519
160
773
674
165
614
36
267
587
820
612
917
693
252
228
845
607
586
928
279
818
534
282
447
62
442
152
565
140
52
59
746
553
817
115
384
875
761
92
969
382
767
952
772
801
418
214
400
966
858
85
418
411
441
771
145
1
643
736
202
335
596
172
814
349
936
906
893
569
360
692
263
696
317
853
572
124
887
71
715
924
399
464
320
813
537
469
270
96
455
617
39
592
474
481
212
680
930
166
636
219
629
329
570
106
627
469
77
890
529
30
603
610
274
621
216
796
278
990
860
600
644
384
42
71
720
808
436
863
662
535
487
528
588
764
351
955
819
160
901
831
901
386
9
791
380
973
773
923
286
261
992
821
543
701
717
737
111
97
938
577
569
965
542
24
558
435
876
407
493
935
376
577
239
454
993
840
615
131
796
964
966
841
741
711
179
150
992
289
18
2
98
310
751
843
823
474
709
444
915
946
715
66
897
571
809
683
179
778
791
718
778
614
332
196
735
143
247
361
118
2
454
42
873
275
87
598
62
175
77
623
773
510
575
404
796
276
645
635
493
784
304
277
210
915
672
753
354
940
138
724
339
357
662
89
864
956
65
399
242
702
954
205
788
126
112
46
847
425
103
922
644
451
646
975
836
275
832
645
485
318
597
340
339
332
741
831
42
553
25
542
690
268
746
898
47
152
441
465
779
417
33
654
937
428
844
732
85
846
812
464
819
326
485
575
633
703
231
565
497
638
664
584
580
369
923
926
317
746
356
278
18
29
787
154
215
974
345
60
460
86
802
350
218
727
915
909
276
67
853
805
725
784
603
536
602
77
979
323
823
727
956
106
898
879
306
463
914
588
236
804
87
430
500
203
651
869
412
799
292
854
846
119
528
358
380
106
265
515
300
860
940
185
900
793
537
129
76
841
105
904
900
534
162
414
960
582
653
225
33
886
42
655
557
170
571
295
128
846
758
944
833
271
798
576
335
951
366
230
859
337
418
840
202
191
4
298
855
732
328
514
508
904
877
31
846
375
736
851
177
423
641
490
875
188
157
509
570
614
642
464
222
159
286
331
443
382
412
336
925
36
29
681
860
771
73
168
634
994
207
885
908
111
635
954
491
674
557
933
903
933
219
347
624
528
234
188
917
602
163
714
639
732
713
692
65
989
481
593
834
350
146
432
911
97
444
569
592
968
245
517
23
713
373
341
262
323
672
852
246
145
308
739
603
328
986
619
726
875
982
205
776
51
941
521
859
201
452
827
396
886
123
421
203
878
722
134
736
347
650
592
96
639
809
377
843
15
204
648
815
662
850
241
2
992
869
777
561
206
766
159
380
197
820
173
751
228
74
18
751
692
517
335
804
786
289
46
325
882
908
541
586
117
423
984
498
72
795
60
308
816
143
71
948
1
116
443
59
914
361
224
878
670
497
955
160
335
729
855
1
274
221
495
871
742
269
669
765
482
414
828
470
844
65
805
537
154
587
643
252
39
704
54
232
717
138
462
342
220
300
527
920
686
982
888
896
658
998
111
315
386
795
506
122
647
46
432
514
274
724
755
13
961
297
822
522
763
612
744
382
273
577
617
594
19
4
364
858
944
114
391
323
825
578
269
753
766
47
994
355
920
743
193
903
301
925
342
875
955
759
764
368
218
615
944
640
570
768
11
14
877
793
244
667
79
377
564
417
36
745
685
585
871
9
395
214
454
79
332
461
324
310
246
647
685
883
539
657
82
921
802
401
483
551
677
607
542
166
928
723
925
432
288
303
476
592
327
432
992
311
376
446
139
672
154
379
537
97
941
824
920
325
670
869
632
508
545
782
793
403
852
850
601
434
673
146
346
604
923
132
44
103
899
260
746
310
435
275
656
957
635
298
472
939
94
486
977
838
570
421
744
973
379
838
347
462
576
369
721
1000
104
975
549
850
720
215
253
190
568
147
606
446
473
878
135
389
848
104
309
474
259
68
378
311
489
148
577
290
251
372
87
458
244
93
857
152
785
887
741
9
296
96
866
586
994
788
659
175
561
143
454
152
606
703
964
517
633
481
619
