2500
50
41
49
8
5
9
4
15
5
6
6
40
27
25
4
45
24
42
42
17
50
46
42
13
6
34
7
23
11
13
4
16
24
6
17
1
4
13
35
34
23
35
47
12
17
45
16
36
5
17
8
20
50
25
25
2
29
26
45
35
11
40
43
18
14
18
23
39
35
42
42
15
15
14
3
20
28
46
14
34
22
49
28
25
25
47
41
29
7
17
22
6
8
11
31
36
49
3
37
44
30
26
32
50
29
8
37
33
23
49
48
4
13
31
35
10
15
50
8
32
1
28
19
27
2
20
10
39
4
11
49
12
17
18
43
40
9
31
20
33
3
46
44
29
6
24
11
19
18
31
5
45
44
22
26
12
2
39
47
45
18
10
2
17
23
8
50
34
32
3
36
20
35
36
5
35
37
23
1
28
25
33
22
15
46
46
4
42
37
14
23
7
26
38
30
3
47
43
14
41
47
44
16
19
8
6
12
12
7
34
20
24
28
3
31
36
39
44
42
46
4
14
45
40
9
15
39
5
40
9
30
29
21
20
38
7
22
11
13
13
49
24
6
37
26
47
46
18
47
37
3
14
47
30
10
4
47
45
42
27
17
13
31
34
11
6
17
7
15
4
17
5
32
13
40
16
43
40
2
32
7
19
24
14
23
23
20
44
3
41
45
6
24
11
45
23
46
30
38
17
29
38
32
12
12
41
5
14
13
5
18
36
21
40
25
40
47
48
41
14
3
27
10
46
30
40
27
39
33
50
50
7
6
29
41
10
17
24
17
47
41
22
32
27
14
21
18
41
48
14
1
41
2
44
27
35
37
40
5
43
37
5
8
24
8
38
33
36
50
28
12
2
7
8
28
12
35
28
35
33
27
11
8
11
23
36
8
3
49
42
43
6
42
33
17
36
35
30
27
39
9
1
38
32
2
10
24
5
28
40
34
34
32
47
46
17
27
22
29
39
34
10
42
40
44
23
7
42
47
50
44
5
30
32
34
35
12
1
8
18
24
21
11
18
10
10
34
10
48
46
30
21
7
44
30
33
18
11
26
7
29
22
24
33
3
37
23
9
5
11
46
15
48
18
12
3
29
19
11
2
10
19
23
8
2
8
50
15
50
44
38
8
18
2
15
43
7
15
49
30
46
40
42
38
39
45
25
39
30
34
37
8
10
15
45
7
29
27
35
6
32
47
37
13
42
33
39
23
15
44
33
17
46
37
6
2
2
18
49
45
39
10
42
50
22
37
50
10
19
12
47
9
4
36
49
14
3
27
26
17
40
39
44
36
16
31
39
22
42
17
2
1
31
4
26
48
44
20
36
40
21
13
3
47
4
9
36
13
21
44
48
9
49
6
22
17
20
45
33
40
39
23
25
49
43
23
34
25
46
24
12
26
1
10
34
44
5
42
1
50
50
7
46
26
14
7
8
50
18
39
3
19
16
2
17
35
17
7
33
24
12
11
15
49
21
9
17
5
37
33
35
21
16
2
12
8
11
1
30
6
47
29
47
41
8
12
20
50
29
7
27
16
13
35
33
27
23
23
34
38
36
47
38
4
49
2
46
11
23
38
24
2
31
28
34
27
5
46
28
22
11
9
23
23
49
32
7
35
22
7
33
44
9
26
36
11
50
2
46
31
3
33
8
43
3
27
34
24
46
35
4
43
44
10
46
7
2
6
22
48
11
44
4
38
4
5
44
22
41
41
12
35
30
46
7
49
40
17
6
28
41
2
18
50
11
30
47
3
49
27
36
20
28
15
28
50
10
22
25
12
40
3
25
17
41
7
50
44
34
2
7
26
45
32
23
10
29
36
41
25
36
19
31
30
4
31
14
33
45
23
3
41
49
2
45
40
6
38
27
28
36
14
36
35
35
11
6
9
18
9
33
39
34
12
1
39
49
2
18
49
43
15
32
4
29
26
7
1
45
35
48
2
44
10
41
44
19
8
6
41
39
3
48
14
24
31
28
16
33
8
50
25
13
25
28
8
5
33
34
33
45
35
47
7
34
2
17
36
1
22
16
32
15
32
2
30
42
19
4
49
14
27
31
44
40
32
20
40
28
10
9
29
29
3
4
49
19
37
18
16
38
23
33
20
50
49
44
4
46
48
7
28
4
14
38
31
22
34
14
13
47
24
32
41
38
22
8
46
12
42
38
5
10
45
31
20
32
24
5
44
5
42
14
12
28
23
27
34
30
3
16
10
9
34
12
36
10
25
34
6
25
40
46
20
10
30
14
38
3
47
4
15
3
16
35
7
32
44
9
5
27
45
33
31
24
44
11
38
33
5
45
32
22
32
23
20
7
10
34
8
28
9
39
14
46
17
14
5
5
17
15
13
3
40
16
6
31
11
4
20
39
31
50
28
36
3
11
37
5
34
44
10
25
14
13
2
11
17
31
25
2
31
23
48
8
22
42
11
18
21
21
47
15
20
46
1
19
37
37
23
2
16
35
5
17
12
18
47
25
10
41
21
39
14
11
23
34
6
2
37
7
45
3
10
19
28
22
50
47
40
48
16
25
9
5
33
7
14
48
49
48
19
26
18
34
9
17
22
26
24
31
16
9
12
30
30
2
26
44
10
24
29
17
7
18
36
46
14
7
16
7
8
42
9
43
7
27
42
18
31
10
37
27
32
12
49
32
34
17
50
49
40
32
18
11
26
32
10
41
25
28
36
39
31
34
40
5
2
18
8
3
30
20
47
1
35
17
45
31
42
14
39
24
44
2
2
45
14
25
36
35
10
50
25
12
36
16
11
37
47
50
32
34
35
45
33
49
39
27
6
17
27
32
22
23
38
48
30
27
27
10
13
35
4
38
40
31
50
49
12
19
11
17
24
12
12
12
34
10
26
1
48
24
36
25
44
31
45
27
14
44
32
50
49
25
40
9
26
7
50
17
5
32
36
9
49
15
23
27
13
26
49
38
41
42
8
17
26
43
1
37
33
41
36
27
24
43
41
19
11
8
11
37
20
38
26
4
24
6
8
25
28
31
39
48
38
8
14
18
11
32
45
11
5
49
19
19
36
32
20
43
25
28
39
6
4
39
37
46
19
18
7
18
10
31
48
6
18
18
39
4
27
17
33
40
47
6
22
22
45
9
8
1
13
13
35
25
46
17
37
25
10
3
32
48
25
3
18
18
35
44
36
34
16
28
8
47
19
24
36
26
19
25
1
33
16
24
46
8
1
40
14
30
50
18
32
4
30
12
49
29
18
42
36
28
5
19
47
3
3
50
31
41
17
25
47
26
9
43
16
20
15
1
33
20
39
23
43
14
7
13
19
19
13
33
1
6
25
24
25
28
49
16
49
16
40
37
38
7
8
46
32
27
5
31
40
37
10
15
42
3
2
10
11
50
37
4
32
32
36
15
12
22
46
3
6
5
2
11
30
15
49
4
27
36
25
45
12
44
32
19
18
9
25
5
33
7
42
37
43
22
22
16
46
25
8
44
18
45
30
27
32
18
37
48
5
33
44
26
41
29
30
29
40
33
1
37
28
11
10
13
41
16
19
30
16
18
45
37
50
46
3
44
49
18
25
43
38
40
33
5
9
24
13
14
39
36
24
18
43
39
15
14
35
15
29
31
30
9
22
15
4
1
24
39
44
47
13
12
44
20
43
28
27
38
26
37
33
22
26
20
28
39
50
15
2
35
15
15
15
10
42
5
44
19
42
2
2
21
10
19
8
50
28
8
26
6
30
48
6
28
47
17
28
43
8
49
41
7
2
15
18
11
26
16
15
11
19
7
10
30
47
12
46
40
10
3
10
50
18
10
43
8
23
44
50
48
24
13
22
21
26
18
49
26
13
26
12
43
12
50
29
3
48
44
22
9
10
36
45
4
42
20
7
29
42
1
40
7
40
43
50
11
37
22
6
13
43
47
11
4
37
6
20
50
38
43
44
14
10
32
4
46
2
43
15
30
37
25
39
23
40
9
33
16
32
3
17
37
33
40
19
25
5
1
39
26
49
8
43
37
39
7
41
13
42
36
39
43
41
26
22
11
41
47
38
22
19
32
43
21
5
44
36
36
47
15
5
45
31
13
34
6
26
18
31
7
33
39
33
34
21
42
12
5
46
14
24
11
40
16
50
11
46
25
32
3
41
4
35
1
36
29
18
42
25
25
16
35
27
1
46
16
48
37
27
49
19
45
1
19
15
45
12
5
28
15
21
3
10
15
39
47
1
42
43
35
20
36
47
10
2
7
5
37
35
27
8
28
24
40
35
49
33
42
29
29
27
15
30
13
47
15
13
35
46
15
5
44
6
18
13
7
1
26
35
11
8
50
39
3
5
4
27
45
39
2
46
20
32
16
24
19
26
6
33
29
36
37
48
31
26
29
12
45
24
48
5
21
7
23
20
23
28
5
35
23
49
29
47
47
41
36
1
36
8
41
1
39
25
25
1
48
26
7
29
50
13
24
30
17
6
32
25
6
26
32
16
42
26
50
27
45
11
42
11
2
3
50
35
50
32
30
32
8
41
24
1
25
11
22
28
41
27
35
42
45
36
25
14
37
22
36
48
31
21
35
1
18
11
34
47
26
50
29
2
40
19
5
50
40
46
25
3
31
27
36
21
11
16
36
42
30
40
18
1
43
39
10
39
17
21
43
40
9
47
26
36
41
8
16
30
34
21
16
41
17
11
11
20
7
3
25
40
18
50
41
12
32
18
47
7
10
24
31
33
10
12
32
46
50
3
44
14
44
22
8
12
37
7
4
9
18
41
41
32
20
21
45
24
37
13
38
13
4
29
19
30
48
28
13
36
39
7
36
14
26
44
21
11
38
13
43
31
3
1
16
1
41
16
7
24
22
26
17
11
46
39
39
32
35
33
30
47
50
13
48
47
32
17
32
8
6
48
49
34
33
23
7
22
30
46
44
35
28
42
22
49
21
9
5
12
13
50
3
37
2
38
41
23
50
49
16
12
24
1
35
1
46
22
9
19
8
21
43
10
12
4
1
39
44
23
23
11
47
24
46
5
14
2
24
13
48
49
10
29
37
12
23
12
23
37
43
32
7
42
16
8
34
20
49
2
42
4
49
1
5
4
22
10
2
34
6
14
24
40
39
46
32
34
43
38
6
33
14
26
46
37
7
46
39
2
5
24
11
36
9
46
2
16
23
18
36
17
32
30
15
16
16
49
5
36
24
6
44
26
16
29
20
36
43
1
6
31
20
32
19
5
49
25
1
41
29
20
21
25
49
6
30
32
10
21
23
37
42
20
6
2
32
44
17
33
2
28
2
46
35
41
6
17
37
46
29
38
20
6
24
14
23
7
31
43
10
39
45
42
24
10
17
25
22
38
19
3
1
27
47
10
41
11
15
48
14
17
2
13
34
31
35
34
21
25
22
29
28
33
36
24
5
22
26
38
17
36
50
18
41
45
46
6
22
37
38
33
43
36
41
3
34
41
20
34
35
2
21
37
27
11
42
7
5
23
5
10
24
19
22
40
11
20
47
37
31
19
15
19
18
33
47
45
10
14
14
22
10
17
27
48
36
43
39
48
48
32
35
22
5
29
34
7
4
46
8
13
21
5
33
38
24
46
30
40
36
32
1
41
21
23
6
23
26
42
2
28
41
23
20
22
47
17
36
19
16
43
33
37
46
43
9
13
9
30
21
6
47
18
50
13
21
31
9
