2500
100
31
21
10
84
99
85
78
28
10
20
74
16
74
22
34
13
5
25
33
100
78
56
81
44
79
87
68
58
91
49
91
31
54
27
12
28
86
34
3
80
94
68
56
77
36
44
92
30
4
27
18
6
73
98
78
85
62
7
25
86
17
99
30
50
28
15
24
100
60
85
69
78
69
48
32
80
23
17
73
86
34
69
38
21
99
96
75
58
37
81
84
10
70
70
89
37
63
7
75
31
7
25
70
70
54
89
36
72
22
61
43
51
7
42
28
8
49
45
16
19
10
79
52
72
72
90
69
100
22
54
73
58
65
97
30
4
5
98
77
88
41
57
15
15
79
64
87
94
34
2
93
62
86
56
97
61
36
27
76
36
80
35
86
41
35
15
55
82
21
19
93
84
41
63
35
86
92
70
21
86
28
9
7
2
71
93
53
88
74
41
27
98
79
94
100
14
17
77
44
51
9
58
18
81
88
74
81
65
77
81
12
49
60
99
5
26
9
100
67
33
45
90
64
66
31
87
16
51
2
34
2
52
59
80
1
2
35
86
82
4
46
49
3
61
72
70
56
23
29
75
73
49
27
80
24
72
54
52
38
86
64
13
9
28
8
30
19
90
16
43
74
93
16
66
58
61
37
39
29
59
48
58
50
60
54
97
21
74
26
87
28
74
79
31
73
26
1
4
1
55
97
19
57
70
41
100
72
1
96
36
11
4
21
56
4
7
36
98
70
15
42
13
9
31
66
100
41
77
97
95
76
83
3
79
77
81
21
5
27
11
68
54
38
59
27
71
50
75
49
71
56
54
10
18
61
95
13
72
86
45
92
89
73
81
96
42
47
58
3
98
98
40
37
93
49
66
20
90
14
40
40
58
33
60
1
64
91
11
45
79
4
51
68
14
1
62
51
17
71
22
59
59
19
33
62
41
49
9
43
76
98
36
67
90
95
17
41
72
17
63
39
91
5
51
59
26
75
22
9
55
25
69
50
89
87
3
11
79
43
53
3
7
5
32
51
10
38
41
16
44
7
81
53
85
11
38
28
66
88
35
71
46
78
22
86
84
74
36
85
4
50
94
53
12
66
6
20
75
30
64
32
59
42
97
21
92
1
71
48
34
90
99
74
19
90
96
54
63
19
51
9
5
20
93
76
83
15
4
26
91
62
93
44
87
42
11
44
89
46
74
76
25
1
19
35
48
21
12
3
96
41
12
100
83
78
44
33
25
86
39
83
82
72
25
13
34
19
5
2
14
67
35
1
66
62
79
14
38
24
85
29
4
12
7
87
41
100
6
65
54
23
57
93
8
10
26
89
46
83
78
53
59
40
2
42
95
92
30
71
35
62
25
37
56
15
64
61
22
68
6
63
54
68
45
28
31
9
79
84
81
96
71
91
72
44
25
40
30
24
55
31
74
73
7
70
84
74
1
61
48
58
57
76
41
84
8
46
80
74
87
73
17
93
84
5
77
30
9
20
10
27
87
80
46
89
89
38
95
10
81
47
13
3
69
12
74
48
78
45
4
77
24
32
18
25
43
79
87
79
91
40
22
91
48
36
28
65
68
72
57
45
23
89
3
53
73
56
14
51
17
31
96
97
82
77
80
68
95
48
22
47
48
51
42
90
44
21
9
96
21
12
12
4
60
22
54
1
91
33
36
6
12
14
11
92
10
60
88
78
3
54
3
82
57
77
63
37
48
33
30
63
55
76
91
3
62
50
99
73
28
30
49
5
26
49
36
47
25
34
10
88
64
33
34
13
5
52
15
3
79
80
1
55
51
2
2
10
20
42
20
54
29
18
36
30
40
72
69
84
43
79
52
63
95
35
63
59
5
8
51
41
54
95
27
98
24
7
21
56
79
52
44
70
61
30
78
39
16
27
79
88
41
4
19
70
94
15
36
14
3
58
81
53
97
89
35
77
91
16
49
2
48
68
17
57
16
31
20
15
91
65
54
49
25
22
11
66
84
70
27
35
79
96
64
69
38
56
6
22
46
69
16
88
67
57
60
33
62
64
28
77
54
79
29
96
43
97
73
99
58
10
46
11
50
25
77
99
55
26
79
16
30
39
65
86
6
32
88
71
89
35
6
31
17
76
32
68
59
28
3
55
90
27
20
91
20
41
34
65
15
87
19
10
27
85
70
80
15
20
48
89
16
27
96
10
97
31
64
9
68
14
91
52
49
62
11
37
18
44
65
69
90
82
9
97
83
15
41
57
36
97
61
92
9
90
75
7
73
34
96
99
8
61
63
64
36
80
74
10
24
61
17
21
2
2
69
38
84
74
55
83
43
55
74
21
71
61
30
37
41
12
65
6
14
58
3
29
91
50
40
24
49
63
92
4
63
14
89
54
46
55
50
89
31
20
81
66
63
81
88
29
7
29
52
10
15
58
9
70
61
89
30
29
16
18
21
3
68
52
65
88
56
60
22
22
63
75
5
99
37
40
83
53
15
14
15
98
60
63
79
20
16
47
33
76
46
68
34
20
60
32
98
57
5
100
30
38
41
3
24
58
91
78
40
17
80
82
94
36
65
31
30
91
76
87
43
62
31
54
49
28
53
1
5
74
81
57
75
23
2
45
35
6
4
31
79
8
66
74
44
40
65
88
75
28
23
51
6
65
1
94
22
58
38
2
39
90
6
12
8
91
91
24
17
71
33
43
53
5
57
28
42
63
44
69
41
75
14
54
80
8
97
28
39
62
55
33
65
37
56
19
44
19
15
38
50
69
58
23
73
17
30
75
30
98
71
17
13
40
79
33
100
32
56
88
32
82
43
25
12
3
53
2
2
33
91
81
96
62
89
76
40
65
87
83
67
31
24
66
22
45
22
12
33
53
44
24
97
9
92
4
47
73
85
25
32
43
76
12
86
28
36
74
45
8
61
81
60
22
51
30
53
87
31
26
17
11
11
76
27
57
28
49
72
73
62
15
63
96
93
23
59
8
87
76
99
79
27
100
89
39
76
15
37
26
85
76
57
87
49
32
24
68
29
21
67
55
78
100
29
60
11
68
41
51
75
72
28
69
28
5
41
70
4
96
44
38
83
14
30
96
81
43
86
48
27
74
60
1
59
58
4
95
48
79
14
1
16
93
45
43
40
16
69
46
80
58
43
91
55
82
52
9
83
96
65
59
51
43
86
63
28
59
17
40
100
35
81
87
28
58
16
81
9
2
12
56
33
66
94
72
8
12
15
31
85
23
83
24
34
19
66
53
45
36
89
6
13
12
20
86
24
85
20
55
20
47
20
31
84
62
39
79
62
88
67
82
79
7
94
88
2
53
44
2
76
19
45
16
33
73
13
37
88
14
22
13
21
43
74
58
99
100
2
75
44
72
2
100
19
32
22
42
88
5
29
36
49
5
51
84
89
90
76
93
73
37
74
84
58
96
44
70
32
95
85
40
81
86
93
22
44
27
96
96
26
64
56
32
91
14
61
38
72
13
16
6
96
11
51
76
48
70
78
2
84
82
31
77
62
85
99
43
1
18
50
64
21
26
100
16
79
1
83
34
85
50
23
78
26
84
19
36
21
72
27
43
95
21
66
99
12
58
93
76
6
26
69
99
16
25
72
67
65
22
65
53
62
18
35
38
2
44
4
25
19
42
55
88
44
19
52
78
49
12
84
43
11
30
36
66
72
36
8
21
55
74
24
31
40
26
72
85
54
91
63
74
20
65
54
44
86
7
98
32
44
60
48
58
83
4
21
15
90
55
78
1
95
40
12
92
71
14
91
36
45
34
63
92
14
67
11
50
24
51
72
2
36
92
3
60
48
41
22
84
26
81
16
96
26
60
33
6
41
100
62
46
23
81
55
98
13
73
18
96
48
45
32
86
17
11
32
73
61
51
74
63
53
33
46
59
92
26
3
26
30
46
68
42
34
30
81
72
66
65
8
41
36
57
11
20
12
47
37
12
23
1
29
13
42
11
50
87
17
46
10
58
80
29
5
6
35
73
52
89
60
71
56
37
65
80
35
11
72
24
30
53
26
18
4
45
97
14
34
53
68
97
39
90
7
76
66
77
69
52
36
74
25
84
38
45
44
57
32
20
91
32
69
91
37
29
33
86
6
57
51
65
45
86
67
11
99
69
99
18
17
52
87
24
90
8
19
73
70
75
12
94
88
88
27
88
69
12
42
22
97
24
11
65
13
60
93
36
69
92
20
80
79
15
37
92
59
41
21
23
51
69
77
6
14
37
22
23
51
61
10
44
44
10
2
98
20
54
20
31
65
2
25
17
40
19
6
37
31
20
3
11
4
61
26
45
70
64
3
32
45
93
57
77
41
59
3
84
27
27
98
71
62
30
6
86
38
65
41
78
24
94
43
85
24
16
2
66
63
71
29
90
46
73
76
8
40
65
48
70
85
11
58
15
13
28
47
61
76
46
27
65
34
100
71
4
90
72
78
3
81
63
44
72
95
86
59
34
60
2
99
48
74
40
94
52
8
6
75
56
11
90
54
68
73
25
38
91
59
75
96
97
41
80
33
91
3
83
96
72
19
72
59
17
42
41
30
74
78
50
7
11
67
67
30
11
32
77
42
83
20
57
92
64
90
86
26
45
43
46
32
81
100
16
21
72
26
71
25
77
75
30
7
69
2
92
67
1
60
95
27
51
48
44
56
16
26
43
82
90
9
90
75
31
68
84
40
48
32
66
18
62
94
81
48
17
67
25
27
45
57
79
81
97
2
61
5
57
28
85
26
41
6
66
6
79
29
91
19
25
1
69
85
20
71
33
15
43
5
67
38
78
97
80
95
43
82
38
64
100
48
74
95
54
15
92
62
61
39
92
46
84
95
27
19
62
39
99
8
50
41
23
53
63
90
64
61
2
18
16
78
43
43
58
11
41
58
74
54
14
32
77
89
75
17
2
38
96
44
97
28
53
8
77
26
3
22
25
20
90
41
41
15
26
93
6
21
57
21
97
38
45
37
73
27
73
67
13
37
28
8
45
24
96
84
66
84
76
51
12
68
27
85
20
5
22
43
5
86
98
36
52
84
25
40
18
85
82
50
48
96
30
99
4
62
10
1
33
44
13
37
38
72
97
40
57
82
55
33
4
10
31
45
41
1
64
13
23
34
85
4
53
13
75
85
87
70
90
19
9
97
87
11
55
22
94
60
44
2
89
5
22
64
8
87
78
54
80
74
93
89
99
90
72
31
67
78
83
55
17
71
96
60
23
46
41
23
59
89
67
24
45
85
11
100
82
58
29
33
62
82
21
78
63
64
3
54
98
52
7
51
52
78
66
12
74
76
17
18
90
75
42
3
50
49
71
58
91
50
28
51
10
90
64
76
60
31
55
75
29
7
35
98
79
37
95
75
20
91
25
31
17
36
33
23
68
77
46
79
96
89
83
94
75
29
62
28
51
31
99
9
72
22
47
60
47
100
37
61
80
49
73
26
55
2
15
63
74
71
21
11
30
19
30
47
10
56
74
43
74
40
38
94
11
9
90
86
59
23
67
55
25
95
66
39
5
44
53
12
39
63
12
20
100
24
52
1
61
48
52
39
38
39
50
84
52
26
87
92
99
3
64
16
48
97
90
3
92
98
51
24
56
98
88
57
62
99
2
34
15
12
90
61
10
73
2
59
23
19
62
84
41
90
79
31
41
46
12
24
40
20
61
42
42
40
