2500
10000000
4044685
2649648
1289842
3552469
1204461
2613519
9671006
2052027
9588928
2851840
4344910
1641900
653026
3178052
4213221
7211108
5748731
8865757
7588601
6422113
3993266
6978342
3436112
1503278
3634620
4401828
327059
8783768
7247205
9964790
4698818
5743340
3906467
523667
3411970
2306184
785265
9563587
8030212
907933
3214398
2223947
3804657
6471607
3541232
1894188
3124390
7801553
8928513
8983890
6221281
4102789
2964753
2221050
9476140
4368418
9018303
4862734
2715208
9728732
7485996
4821321
1201982
9098882
9127242
4784829
8211583
907064
9743123
4056896
840984
3167152
9059720
9068144
7021565
4606282
9333774
2816623
7912775
5545850
6575449
822666
5501663
3605610
985142
6292018
5803062
2083031
2446274
1275273
6757227
9316119
9407882
8933825
2780456
7010869
9485139
7479822
8481936
3872064
423842
580823
5272953
7437708
1868018
1902125
8295263
4347076
176112
8123471
7284325
7958821
4644563
3517218
9955778
4716115
4530181
5312364
4500484
1897875
7117994
2664628
2449802
5243952
8146981
4556271
9142375
2734710
3663197
1057100
824703
198833
9258374
6829420
9679027
5314587
3447375
1753608
2105669
9981026
5640715
6608364
1122184
7542839
2254897
9576488
8432538
1560439
6384447
7852269
556621
3392109
1102584
8660216
4261599
5826172
8362398
8633380
3960381
2031652
6560216
162751
4368208
260160
6771208
7651933
42888
205742
4548027
406302
5970668
6409592
262932
7937131
9422060
9168303
7264609
3010382
3722445
9721528
9560405
6343593
3427488
3034340
9347171
7043095
6811093
4890237
8351191
1696906
1155311
3548422
974806
3904613
2392354
2000114
5511855
9644398
2077506
8607460
7499040
7966653
4812990
5000812
3717392
7702498
6289475
7598778
6542230
7757973
6993257
2749439
9666918
3282297
3629680
9655359
3985513
9492651
3351876
130446
455642
102425
7170746
2465933
7421078
9110111
5373745
9322574
34297
4670248
1359973
509068
2704066
7291974
447706
822085
4637384
9101933
1955175
5461075
1669817
1083465
4032684
8561329
5319920
9887704
351278
9989577
2685964
649942
3454587
1417224
8830881
6969052
4954370
7713457
3440684
9238078
6432788
9707419
6333805
9249501
7209601
7039288
1256810
2301343
7969721
1641715
9402393
5847760
9513254
5457088
6138474
7475358
285367
5188617
4822127
6326763
8596474
2568185
1807884
5190211
5155756
7582798
4274792
7808486
15779
8379544
1311295
5813368
472109
6575794
8834454
1804101
50438
8016746
6643164
2210163
9193363
2765035
7650042
7643295
2415244
4254328
8105379
5327316
6353869
1110417
5528137
9952501
4638282
8677692
2215299
5371286
9386799
2165615
8199818
5035947
643467
6556504
7663082
3394968
9700989
2871160
1148885
7139753
3168491
8944124
6470777
313270
1434571
5522999
6861068
315778
834237
618280
4076244
6665014
1288444
4934914
5369920
1971925
5732133
786543
6870715
1338545
4953369
3626183
8638154
4461630
9260407
5985613
2817637
9625428
4656999
483284
6436825
6898842
1520451
8641981
730695
2528316
9826796
3864583
8348586
4145923
7682309
5491504
2694351
37355
9259106
6185227
4445742
9683832
2394300
7060666
8127526
2461685
6568999
1079724
589789
2591635
9842617
1895087
393640
3398125
8084925
5757349
5471745
1394214
5736767
5927214
9648453
9918965
3242294
27349
2394958
4481286
6183513
2671840
1562963
296365
5373890
1494547
5651655
4305701
3221543
5016357
9319061
3195561
1670607
4392157
2461962
587395
229104
1744791
8775455
4464441
63138
8524228
8098091
1759380
4938415
3035738
3730931
472105
1568675
794578
5253588
747195
8451996
6972449
2962786
7432611
1006170
1204394
3406471
5900432
6886823
7635410
5130053
234052
5461953
3826780
9238909
4535752
8113851
3276179
4816540
7222401
1943195
8282198
7922981
2803522
8793029
754420
8160819
6968136
8911416
5807366
3647176
3974752
1144850
9222248
9322229
5719000
3254917
5140285
3860751
3041204
7191794
3963422
9693669
9519472
852165
9105038
9600876
120761
7870515
6270332
7493608
7440730
9845606
5286621
932204
6021591
9591652
9527767
2213776
644332
3909723
1134655
2517117
1234562
3527796
5923597
4962835
1187528
6100355
1681344
337102
9007783
1521990
9664078
6219557
5843194
483246
9993867
3061584
4112501
2314488
3204454
5624900
5193460
2781704
6204120
4667576
3589157
8459604
8815277
9397568
7349911
5834712
2906997
308726
6888164
9464573
7265824
1821661
6573541
2195597
4013675
8800450
6272003
2818973
6137125
6241411
6587977
5472209
5734286
2646443
1165806
2711538
1444545
1524447
456897
7853616
2809614
6955695
74623
4227652
4603723
738524
1558832
1753515
1417870
1187993
7759473
280272
6955654
270826
7449120
8189819
4788865
6287870
4261787
3902160
8205439
7172536
9918461
300747
8013408
6424338
9472173
3625982
3884680
6344454
562599
3315219
6338699
4641852
6083744
3192691
4379439
1286515
8363316
4318392
4404636
1655110
620575
6804638
1951454
292095
16777
7087852
6585398
215488
206892
1247288
2562929
5427321
2564200
6951503
3774215
2333818
4693873
3881046
5152336
9419842
9008189
5553047
6709849
8148668
4572999
8164673
7705493
526588
1033809
6559457
5315859
7035551
3421756
3073176
817602
2731004
7316265
6725620
5694506
9134552
7929112
3904642
5088024
2012678
3520659
5337622
438162
2425570
9096061
1838319
4648734
1816237
382957
7557648
6901253
4549212
2067383
6299639
180901
6199468
8822365
2132812
7470779
2049991
3968568
2498385
1925705
8478901
7059269
6371863
3210232
2807785
1332953
8545317
9063298
3433556
4560477
8274661
9015918
4951167
7289077
752660
2767706
5936422
8960973
1988884
8769572
7375260
7806311
4215124
8005421
8298779
3593577
7041257
3760222
5584523
9549406
7520250
1266779
5961511
1369042
6443623
3161055
7124112
3342343
1999956
3867812
5098705
8495943
701070
4128464
9210412
4545334
765714
4053311
2173781
9900036
4117031
8859471
7688901
3548266
294518
7152419
3467975
2550723
2561922
5270243
4402227
8459575
1864547
2388244
1268649
3437418
9096484
1949311
2523673
6284371
2064992
3528709
1303658
4013629
8321571
1174021
8839381
1825218
6786410
6333920
8072496
1310794
4838977
2282406
5702320
8460154
9002779
1131194
1855506
5354044
7469372
4595337
7937813
1179387
9762176
847149
9469364
4341612
1002339
7976552
8162472
8350194
4645244
9673271
1185855
3068429
7992963
2208529
2659342
262126
186408
8999003
4866337
9622229
7085396
5626802
7133098
9581253
2648886
9213874
7921670
3874428
4737197
5285566
1485723
8425822
706182
1789893
7513999
312122
3676345
6507495
5125485
3116828
6415924
8127457
419432
8175989
1752713
6969473
6001760
7161622
6495848
4013875
2501877
8637024
8156498
3791850
819397
3771117
6685091
1248866
1843801
7529963
1094055
9069726
7883044
3917552
3753533
2067358
2258892
2699278
294884
8874415
6741310
8433263
7303559
7816938
2840310
2814883
8233928
9781042
559851
4799381
5227308
6849416
1933499
1801652
1910794
7758013
8135107
2511243
2084022
6062218
4299296
9930919
5975941
8795427
4385672
2565361
7747241
4127465
7448300
608482
3877187
4854693
5303281
281238
3048716
7598479
5206736
2157661
4615271
8442933
4010587
3931900
9858550
5611441
8010299
3969239
7021783
6386483
3575049
6844953
76896
532243
9695163
7405151
9778548
2913300
201621
5783276
4485916
752936
412822
4015682
979965
8631631
9597175
5757389
5158191
8476089
9751026
3565737
2931188
6606418
713337
8500442
81398
2851641
7519982
4855809
242835
5090465
719832
1569411
1040491
3124322
2127137
9264348
4222884
5538527
6859392
590067
7431082
3654978
5494496
8177596
5732698
8951453
5307861
9792386
1733865
7042320
1046336
3667911
5036090
7998388
7084514
4223497
8395765
4825212
7287164
2377110
5765728
2428985
1875756
4973238
6544606
8950533
7519740
2900930
9534289
2191701
3878993
9708774
3816868
9294567
2191005
1583848
5136090
4323366
4114576
7277034
4086461
5583645
3223974
1568112
297603
6879042
259649
236205
4265707
8124645
9904642
5185996
8477383
8703222
3993346
3044234
8554347
2850806
5778692
2775781
1499824
4305067
6938799
5710888
3108829
1158763
486309
6076046
9459529
3202919
4174848
5567147
9848600
1536726
3615338
4676945
9637354
5897109
937040
7865605
7810422
2829464
6651673
3920009
6929991
4026154
3406833
2174051
1383014
1415112
9877417
3455044
7416217
3645272
6356669
9323852
9553097
8111390
1943478
8236352
2971082
7730320
942174
9862077
3423409
5089900
9870326
1882286
4809567
3293299
9956691
7464845
6365241
4091536
3110540
8802937
3731463
2657088
8705196
7121970
3752646
7755531
1324853
8819890
5247959
6647220
9757802
9434668
3575713
8978083
3556864
542922
5275452
9053609
481286
5664263
4959419
1750569
3829460
5627145
6225457
3525400
9658284
7754865
16870
7625691
7598372
500300
6260029
1720013
90870
2058126
5806340
5526020
5204405
1976882
9015709
5936899
7490526
5528886
7191747
6807885
1097853
8390901
7710134
6563902
5529617
8155797
3542801
7726700
2135994
5132544
4486196
3584966
7475737
2008501
1075897
184319
1571078
7284425
4294128
8610364
9355573
1040803
1571011
1909104
3952717
2958217
3145120
4356560
2439929
8545054
6838413
5853964
4614702
786071
1597775
1548737
2545792
3130887
2538537
7137637
2533176
6102068
2544710
3995868
8037199
4984384
8110263
8688094
876906
183981
6941126
5721602
224160
9939901
2407510
5781568
1994125
4316063
9520740
1690525
4799763
1813319
2873690
1630603
2660585
5552337
9690276
7564767
153808
9762817
5682604
9414473
135688
2477759
4190929
2797855
5459920
571627
3788606
4712892
6318242
607058
6612726
9932767
9567211
4755635
9572233
7478699
5682536
9111297
4095217
5232238
2818627
5671267
3519685
3371115
8273303
7334867
4073843
1728726
7992757
4921823
9326317
1685066
2033124
693324
1422315
6655960
9836389
6250716
9157760
183954
3962644
8044318
5552112
94724
2307103
6529590
8273371
2665632
3399767
2008319
107817
4429863
6452256
2884257
3279184
2459797
4595296
2699049
9437046
3488149
5590406
2707103
8560886
1536600
7561410
9925654
659978
3355874
9025632
2013202
3163961
9365257
8681578
8405204
2786726
8483944
6925830
8117650
2328658
4484760
4881849
145514
5746181
494434
3202917
2413209
5447842
7082933
5726648
2463860
6806082
6328158
1448628
5633655
1347615
3825885
4692547
8610185
9313927
4679205
1023573
2661750
7078226
9578346
3074804
3981006
5173447
3372528
9404255
7077151
8128095
9637676
2588814
8514404
7064866
5744981
811748
4065885
5727544
7739819
6257753
7494320
476916
2737524
1912725
7156827
48987
5115572
1506473
9275958
1796591
4711163
5823811
4333498
8132016
1742613
8715367
1373561
6446700
3118247
6677156
9420018
169298
4681459
306450
7735999
6245975
5323954
2872847
3391748
1980844
3380418
7838229
4220316
748601
5246511
8091180
5947246
2977382
7182816
1675624
9487563
2272911
6188107
5786665
4168199
2178029
1430572
4096051
9522977
7890231
6649426
9573738
8248428
6824808
4205354
5993431
7654421
3350906
376207
3366950
3821728
6016405
8861890
5396761
4356023
3853679
9353429
8634056
8505091
1026895
5302002
4639238
7417016
1388328
2607015
1568196
6111929
4834476
1528214
2926665
95382
3795508
1681550
5375272
1340026
6506625
2161135
6000507
1240879
7594220
3728705
530851
680960
4507256
9537156
6697720
7806614
9256019
7216936
4807965
8409100
4502327
1387343
9410535
3061682
3875218
6913423
3331571
2346234
506709
5886217
1737295
4359243
6844335
8829931
5035235
796362
9861994
8565290
9990589
9009059
6777740
4677386
9592881
3258764
4851267
5873207
5752955
7448982
4181592
2611019
4135323
8969334
4784572
3796682
4325087
685536
7341945
6656949
8491564
5817566
8748534
1397317
8994942
2304252
2100834
6733521
3036654
1019803
2475919
9560255
9130653
9753851
1476743
3536392
9032617
1522995
5438332
2786403
3131414
1337389
8505149
1622397
7848586
4647959
9032361
2618988
1863915
4802107
7716165
5302592
2743693
2911943
6644098
8970603
687821
1820071
4760704
2837332
2958789
6660915
7926042
1249349
5677847
5736915
1251487
167866
2545725
7052709
2534733
3967323
8488644
150789
3249815
2156367
5222544
2472033
744055
4794968
3934690
2503327
268282
1376828
443464
7915655
3373392
5876744
9095638
8360024
319301
4152426
5866511
7458890
9968328
5353747
7716051
269270
3447110
3433653
9194712
8014721
3893934
679176
4900871
8505872
5293130
3070056
5571203
3121174
1989038
181034
8642613
8245532
9237371
3690112
5990151
9517003
9938275
1000485
5135459
8471983
6164188
9120151
1321090
7535526
1952996
1586154
3652385
6141585
7942447
9846335
6027893
3508017
8485776
4385272
9213514
489445
9376412
328548
8240505
5653054
9369354
7672138
4446897
7772939
158355
6203477
9624282
5240165
6791278
976889
782084
9730157
7257832
1360008
6998532
8887981
9565614
3162673
4866062
7712288
9788441
5338683
4248808
313730
9403129
2440408
9329055
7619630
2143342
5457677
5368666
3851541
9589407
6434059
815149
1420017
8777357
8685871
3871667
1358677
4083754
5379561
2581418
7403663
8351438
3397855
5858674
5621713
5963652
4186587
1999769
2734602
9331935
3347218
9202959
3222724
9716108
3857564
904568
8953156
177372
8774599
38268
7798975
3430729
6610068
6172712
5676019
7262519
2057053
3375639
5547242
1084507
9707326
3978138
8839350
5165658
6265238
4116522
8585922
2290498
8079096
6274530
2127744
8676998
3265180
3407892
5781934
7391723
157938
7890550
638834
7432571
3665967
3298596
5318606
738234
8524216
715600
3784275
2441190
3227400
6212
9000087
2547554
9197681
4230631
1949476
5609316
620451
8741542
4966158
5581374
4941862
8377584
6228369
9611422
7022644
1922752
8048406
7992174
5024258
5931611
3482365
2388411
8008819
4985840
938763
6541138
5275298
3005879
6926645
8193144
8321690
7882768
135013
2280330
2074661
5585792
5518912
7486197
1313586
5369958
7570974
9586200
7030431
1757926
4113679
9754709
2141815
251491
4864295
5754806
3622731
6868687
920492
3306155
287757
2871570
3229862
2551318
5324668
5283822
1892285
3280978
682865
2711809
7376206
2666885
4857429
5806499
4809231
9475894
3478684
9444376
8699041
1628365
4759944
3621644
1035206
5800391
3041231
8532385
9896306
6649656
1513421
8844873
3459548
2564923
573533
2772297
5519025
649695
4683509
6800480
3215630
5159741
2324662
6468357
6271685
3857136
406044
8045499
1210710
9352
4306508
5648038
1604944
4795711
4854989
9366142
5212473
7404651
7099769
4263101
500269
1200129
3998224
5896175
5330562
48577
8360584
1637449
2913861
4383375
443297
6936576
1648862
9755127
9102225
2360535
1052611
1329822
7083224
2833640
7852779
5653794
248886
654478
2867344
8313299
995166
7067824
9641229
9403826
4002875
8654595
7087905
2165066
9192147
7766973
3010213
5942795
5304245
2959417
7658033
8771529
3040056
5839865
1398954
7556490
3771198
4325114
8020245
2668022
8203784
8370444
319759
7011224
6805883
817394
6567998
6730235
8633492
1483210
9657640
9904984
2225227
2252178
9751428
5385023
342589
6537736
6331910
9254228
7527780
6485177
3551763
6578058
1246027
8344964
9889528
7840063
4012777
7130300
9805960
3692020
861739
4582372
4764303
9729049
2581505
3265009
3987679
2179417
4678825
4293322
2928509
8796118
6028519
9757343
3744048
8021443
3633638
6570667
4029704
1087208
9392929
2794276
6039558
7843915
6040931
4741865
7963518
6395823
9526281
3337413
7173497
202601
1901613
8241216
9649784
9231610
2626465
1346661
3850063
2428935
3832064
6136015
1304736
7311187
9681501
5552308
9610904
5181124
4872351
1350213
1064377
7723990
2942884
8673003
7151855
3209337
8642193
5058818
574843
5662584
6884460
1509732
5021928
8131121
1445490
2618137
3130035
6722072
78140
7980871
6197203
6799328
4998823
4850952
5057995
6483964
6754591
3378801
301684
8334370
1984583
6267573
310719
6556155
3118313
7293353
7383404
8019353
194852
4336254
1839780
1457458
7948084
1211125
9557757
202289
7618812
2987134
2420691
8078698
5310331
4026684
5299952
5911236
1530557
3109840
5204420
2602589
7888847
5491739
5402560
5215438
5113210
3356773
171579
9292325
3223764
3475185
331572
2309818
3557717
3160852
8769893
5512458
4273333
1777709
321422
5370158
6146127
4284856
5157139
6937514
7921857
4505944
8516982
3708802
8764873
3825940
2083381
1283296
6904377
9787103
914777
4917588
1139325
2654936
8681145
7940893
5370002
4440026
8274396
1665063
7838497
7003683
86618
8197386
837344
6001759
7982977
7762378
8721052
9385762
4245408
3976490
6904768
3437636
1534524
2024693
5384148
590571
1371614
2686939
4915231
7932759
7292180
9305607
9938250
3515637
1198351
8404428
4356062
1045231
271336
179469
6299223
4580339
485599
6146863
474182
5410738
31169
8540849
233422
471709
2878625
9739464
8195390
2532545
4981019
1316240
8840939
5232625
2961872
3092192
6354319
4593537
2598394
8841577
8060392
941893
3200936
6143698
3813270
9250351
5109889
2599248
7811718
2504486
6918862
3216951
4574187
4457903
9925924
5167804
5646477
4124395
851009
118902
5711465
4632499
7308887
5463346
7621930
7700892
5804554
2352801
2487408
2747056
4436363
16265
3890786
8178842
4674730
9649234
6188327
2411032
502391
9019116
8784535
217450
3565037
5538894
7231556
4430432
2273756
1153107
3124616
7482234
9988737
3504761
3213936
4914249
9707762
6625571
4576631
5484494
6455897
3495317
1978419
2230383
8628955
7867410
6177627
9758446
6358604
4049689
5088232
4761819
6177489
7095205
9432525
318886
3331481
5699465
6118916
1006986
5886945
493983
2807796
8862159
1199661
867491
360265
5861999
4772405
2174984
8092352
5655540
5740873
3311105
2680722
2918796
1409671
8071761
5322498
241170
969187
5588129
1068710
1163291
6232402
8874031
756968
848465
7942902
3872904
6815352
6715047
2624822
4787739
3585172
8500641
2389504
1763733
6266513
1400579
6663298
9434443
6065879
9500789
6368722
4552123
2696550
6980179
3852272
8361230
7019733
9430187
6302697
3394825
1356915
8371333
1648308
2006595
5896488
9532229
7146202
8385723
1757241
3135987
5008667
883127
8253886
6245424
4478496
4210760
2762785
7208339
4867604
3478431
3141384
1767957
652615
7569631
2504305
8566855
7541087
8600400
824768
3051567
7596229
7979272
8852685
1247334
7821668
1951203
9081949
7031848
7741310
7745950
2253367
6967027
3036085
2129910
3085538
1725241
8263608
2175957
6139090
1986595
5249148
2584073
4396093
2471354
373033
497477
7871584
5334559
6630759
310143
3047472
6055905
1988060
6524908
465141
5763556
8928791
768470
928155
5764638
9884062
9010094
8415287
642777
7745271
5056934
7743201
8262928
7328824
2526507
1109802
538615
4222499
4101942
311026
118080
1505313
6669515
7918805
2446058
5431607
994421
8733014
2816009
2748274
1590608
2807817
6485780
3154852
5767950
716167
3017093
7119617
6148436
7535494
6231566
7066117
7959187
5795411
2728175
5851473
7828773
473032
3535487
2554648
2574602
2976403
8492906
4552799
9858938
1594817
4622384
3920612
3017295
313431
7902337
1544423
1056100
9888389
1233654
8021155
691458
5716956
9627191
5154995
2234078
8750241
1499018
4061679
418170
2301468
3621632
9152676
4895310
7498063
1519565
4189942
8006166
7228634
9472170
9508344
6569543
5199847
1139035
9191917
4947776
4068602
5295610
9156060
5992863
8279282
4662360
9514273
2108294
7324564
7401801
2042486
5854366
5958390
4489656
1591454
9223706
1708133
601599
1581542
1225995
6497649
7084142
7281728
2619792
2645859
7442238
6137506
7989761
9491973
7653506
3499602
6073865
2591918
387809
9539134
4287109
1479798
8088753
8363468
6692753
4460160
28871
3367901
4129378
8603894
8945965
4948796
9174507
91261
6097492
7064824
9553442
6621862
3619077
3720748
1454804
2435113
9890354
2007267
2097168
8875727
8089461
9531895
7689104
2429168
6458039
2406733
9654228
1124247
506228
3399150
9931882
8983133
3964940
8953532
8327356
3137713
2767111
4795416
3935807
433695
3337751
3401304
7337033
2522468
9537015
6365491
1389012
9463712
3081314
2949861
2915929
6880518
1967203
6638630
8483584
4829028
4712547
9018406
7096551
6773449
3181842
1498132
2241357
7894658
4481082
8250581
9124529
9532452
1696057
2528010
5527715
3145581
5706214
2806562
6904577
7837688
1970457
3729844
6398009
4983146
2618373
8939233
4655614
9050292
9240857
1034186
5461118
4789637
9118618
836740
7058208
9633662
7092857
8953419
3548887
5631950
4118423
5877051
8634942
6449991
9110935
6315280
2376282
9835910
4793481
3258330
9202346
398887
2144451
9770617
435263
689563
9412857
1025343
6232366
2051336
1568720
1428638
2210482
1991277
4063289
6306206
8623004
171965
7978439
1886097
2584517
7272626
6476459
6590402
5031092
9931141
7692854
6246966
6460588
8096582
7265329
5398012
6909541
5835842
