1000 32
870 325
325 431
431 314
314 454
454 928
928 957
957 540
540 474
474 376
376 626
626 179
179 386
386 308
308 286
286 675
675 946
946 14
14 237
237 28
28 249
249 62
62 965
965 956
956 971
971 175
175 563
563 951
951 301
301 71
71 57
57 342
342 623
623 998
998 763
763 439
439 345
345 757
757 219
219 74
74 101
101 711
711 654
654 182
182 139
139 924
924 688
688 736
736 153
153 731
731 155
155 157
157 223
223 714
714 901
901 537
537 382
382 448
448 941
941 245
245 456
456 885
885 786
786 299
299 737
737 297
297 351
351 911
911 422
422 19
19 58
58 834
834 268
268 646
646 897
897 485
485 381
381 919
919 590
590 366
366 421
421 776
776 614
614 207
207 936
936 385
385 710
710 940
940 119
119 695
695 12
12 672
672 204
204 470
470 226
226 824
824 234
234 305
305 465
465 996
996 455
455 310
310 415
415 322
322 558
558 458
458 492
492 151
151 384
384 817
817 143
143 364
364 644
644 171
171 29
29 359
359 290
290 921
921 378
378 988
988 32
32 437
437 709
709 742
742 633
633 938
938 188
188 146
146 125
125 689
689 669
669 302
302 983
983 409
409 979
979 637
637 967
967 20
20 733
733 906
906 686
686 304
304 464
464 247
247 46
46 871
871 804
804 985
985 865
865 327
327 642
642 872
872 806
806 336
336 186
186 747
747 426
426 972
972 289
289 891
891 645
645 463
463 779
779 947
947 798
798 641
641 942
942 668
668 148
148 917
917 280
280 702
702 765
765 759
759 99
99 618
618 365
365 59
59 63
63 85
85 782
782 92
92 315
315 682
682 604
604 738
738 461
461 395
395 294
294 30
30 319
319 583
583 835
835 208
208 89
89 34
34 868
868 424
424 627
627 899
899 929
929 722
722 356
356 783
783 950
950 75
75 278
278 400
400 69
69 920
920 403
403 778
778 892
892 790
790 108
108 610
610 586
586 690
690 715
715 37
37 76
76 213
213 617
617 550
550 754
754 554
554 293
293 676
676 262
262 212
212 65
65 631
631 727
727 7
7 311
311 592
592 402
402 585
585 989
989 697
697 477
477 482
482 181
181 615
615 649
649 900
900 193
193 183
183 582
582 4
4 986
986 406
406 703
703 699
699 766
766 160
160 174
174 232
232 370
370 13
13 639
639 116
116 501
501 313
313 943
943 408
408 80
80 605
605 833
833 608
608 760
760 54
54 876
876 40
40 795
795 694
694 264
264 768
768 767
767 864
864 556
556 512
512 176
176 566
566 49
49 478
478 543
543 66
66 838
838 211
211 235
235 634
634 607
607 68
68 995
995 210
210 830
830 215
215 41
41 748
748 487
487 813
813 375
375 88
88 276
276 498
498 939
939 340
340 324
324 326
326 97
97 691
691 473
473 773
773 994
994 300
300 517
517 149
149 793
793 535
535 271
271 122
122 412
412 803
803 827
827 298
298 595
595 94
94 173
173 719
719 361
361 745
745 227
227 168
168 575
575 217
217 777
777 990
990 282
282 548
548 266
266 410
410 903
903 632
632 836
836 625
625 352
352 449
449 570
570 636
636 434
434 657
657 601
601 981
981 932
932 114
114 519
519 165
165 815
815 240
240 287
287 663
663 274
274 848
848 110
110 850
850 416
416 905
905 177
177 496
496 481
481 292
292 555
555 281
281 296
296 882
882 708
708 405
405 60
60 283
283 963
963 756
756 863
863 372
372 741
741 785
785 9
9 430
430 331
331 974
974 170
170 925
925 1
1 130
130 389
389 931
931 902
902 391
391 194
194 330
330 724
724 784
784 486
486 750
750 545
545 73
73 859
859 15
15 966
966 270
270 90
90 113
113 810
810 86
86 205
205 206
206 180
180 323
323 886
886 991
991 518
518 18
18 746
746 78
78 801
801 423
423 516
516 471
471 259
259 909
909 476
476 248
248 630
630 233
233 269
269 561
561 982
982 532
532 536
536 230
230 312
312 808
808 134
134 505
505 218
218 438
438 772
772 472
472 399
399 56
56 2
2 231
231 698
698 635
635 755
755 857
857 77
77 594
594 993
993 432
432 915
915 127
127 118
118 841
841 579
579 581
581 321
321 839
839 209
209 316
316 318
318 112
112 926
926 619
619 762
762 758
758 163
163 522
522 930
930 828
828 502
502 539
539 878
878 602
602 443
443 320
320 678
678 551
551 52
52 513
513 683
683 31
31 411
411 712
712 789
789 955
955 704
704 417
417 976
976 79
79 191
191 354
354 5
5 335
335 528
528 306
306 771
771 764
764 414
414 907
907 893
893 842
842 132
132 944
944 201
201 679
679 185
185 497
497 145
145 317
317 156
156 17
17 721
721 338
338 846
846 102
102 24
24 344
344 337
337 48
48 571
571 660
660 713
713 91
91 524
524 490
490 587
587 258
258 25
25 867
867 451
451 418
418 520
520 740
740 433
433 896
896 83
83 199
199 39
39 840
840 805
805 38
38 781
781 124
124 652
652 894
894 128
128 624
624 664
664 525
525 368
368 717
717 922
922 562
562 927
927 650
650 557
557 341
341 744
744 935
935 396
396 190
190 662
662 526
526 814
814 494
494 684
684 542
542 117
117 718
718 552
552 51
51 705
705 647
647 913
913 975
975 284
284 580
580 568
568 549
549 860
860 35
35 538
538 169
169 239
239 252
252 272
272 880
880 166
166 854
854 150
150 135
135 357
357 948
948 500
500 138
138 388
388 441
441 273
273 933
933 600
600 934
934 489
489 499
499 95
95 23
23 564
564 288
288 407
407 889
889 609
609 656
656 890
890 195
195 611
611 469
469 6
6 822
822 21
21 491
491 681
681 229
229 468
468 192
192 203
203 452
452 178
178 440
440 802
802 720
720 707
707 495
495 353
353 196
196 978
978 858
858 774
774 144
144 246
246 152
152 992
992 36
36 307
307 457
457 735
735 730
730 96
96 825
825 739
739 263
263 255
255 945
945 937
937 479
479 1000
1000 394
394 61
61 109
109 952
952 228
228 392
392 567
567 64
64 295
295 10
10 425
425 200
200 961
961 257
257 93
93 45
45 780
780 729
729 413
413 189
189 788
788 47
47 673
673 819
819 107
107 267
267 541
541 954
954 701
701 629
629 752
752 329
329 655
655 483
483 214
214 665
665 970
970 598
598 847
847 275
275 121
121 506
506 837
837 33
33 603
603 358
358 369
369 401
401 221
221 923
923 436
436 523
523 447
447 732
732 861
861 807
807 910
910 725
725 362
362 980
980 530
530 544
544 390
390 792
792 969
969 856
856 256
256 136
136 726
726 220
220 105
105 509
509 597
597 162
162 589
589 753
753 851
851 184
184 700
700 596
596 687
687 593
593 224
224 106
106 959
959 527
527 198
198 769
769 459
459 98
98 72
72 823
823 346
346 44
44 818
818 584
584 843
843 881
881 493
493 577
577 129
129 126
126 484
484 343
343 16
16 348
348 904
904 261
261 844
844 428
428 964
964 111
111 973
973 574
574 799
799 862
862 22
22 640
640 958
958 446
446 677
677 161
161 588
588 770
770 53
53 427
427 997
997 70
70 236
236 775
775 960
960 628
628 355
355 84
84 855
855 277
277 873
873 613
613 866
866 442
442 849
849 167
167 875
875 115
115 142
142 888
888 845
845 8
8 511
511 832
832 3
3 27
27 521
521 197
197 533
533 508
508 809
809 100
100 43
43 373
373 749
749 693
693 133
133 285
285 332
332 999
999 279
279 377
377 612
612 968
968 349
349 429
429 141
141 159
159 723
723 658
658 238
238 67
67 350
350 546
546 811
811 620
620 914
914 591
591 829
829 309
309 242
242 374
374 734
734 387
387 651
651 371
371 622
622 884
884 140
140 761
761 599
599 912
912 515
515 202
202 638
638 879
879 659
659 791
791 380
380 397
397 962
962 621
621 667
667 820
820 816
816 918
918 743
743 674
674 253
253 507
507 42
42 260
260 333
333 529
529 826
826 887
887 26
26 420
420 812
812 250
250 404
404 147
147 383
383 398
398 949
949 379
379 11
11 504
504 103
103 898
898 154
154 831
831 576
576 692
692 475
475 334
334 553
553 706
706 569
569 670
670 164
164 534
534 572
572 244
244 137
137 578
578 462
462 648
648 794
794 120
120 104
104 466
466 573
573 869
869 821
821 853
853 716
716 453
453 187
187 419
419 559
559 50
50 565
565 661
661 460
460 796
796 360
360 908
908 265
265 895
895 444
444 953
953 55
55 547
547 393
393 82
82 488
488 916
916 303
303 987
987 480
480 560
560 510
510 696
696 728
728 87
87 606
606 671
671 616
616 883
883 243
243 450
450 877
877 291
291 81
81 653
653 241
241 172
172 158
158 984
984 251
251 751
751 222
222 874
874 367
367 467
467 328
328 123
123 797
797 503
503 531
531 445
445 225
225 339
339 643
643 435
435 977
977 685
685 216
216 852
852 131
131 666
666 800
800 347
347 363
363 787
787 254
254 680
680 514
1 1 0 1 0 1 0 1 0 0 1 0 1 1 1 1 0 1 1 0 0 1 0 0 0 0 1 0 0 1 1 0
0 0 1 0 0 0 0 0 1 1 0 1 0 0 1 0 0 1 1 0 1 0 1 0 0 0 1 1 0 1 0 0
1 0 0 0 1 1 1 1 0 0 1 1 1 0 0 0 0 1 1 0 1 0 0 1 0 0 0 1 0 0 1 1
1 1 1 1 0 0 1 1 1 1 1 1 0 0 1 1 1 1 0 0 1 0 0 0 1 0 1 0 0 0 1 1
0 0 0 1 0 0 1 1 0 1 0 1 0 1 1 1 0 1 0 1 1 1 1 0 0 1 0 0 0 1 0 0
1 0 1 0 0 0 0 1 1 1 1 1 0 1 0 1 0 1 0 1 0 0 0 1 0 1 0 1 1 1 1 1
1 1 1 0 0 0 1 0 1 1 0 0 1 1 1 1 1 0 1 0 1 1 0 1 0 0 0 1 1 1 0 1
1 1 0 0 1 0 1 0 0 0 1 0 1 0 1 0 1 0 1 1 1 0 1 0 0 0 0 1 0 1 0 1
1 1 1 1 0 0 1 1 1 0 1 1 1 1 0 1 0 1 1 0 1 1 1 0 1 0 1 1 0 0 1 0
1 1 0 0 1 0 0 0 1 0 0 0 1 1 0 1 0 1 0 1 1 1 1 0 0 1 0 1 1 0 1 1
1 1 0 0 1 1 0 1 0 1 0 0 0 1 1 1 1 1 0 1 1 0 0 1 1 1 0 0 0 1 1 0
1 1 0 1 0 1 0 0 1 0 0 1 0 0 1 0 0 0 0 1 1 1 0 0 0 0 1 0 0 1 0 0
0 1 1 1 0 0 0 0 1 1 1 0 1 1 0 1 0 0 0 1 1 0 1 1 0 0 0 0 1 0 1 0
0 1 1 1 1 1 0 0 0 1 1 1 1 1 0 0 0 0 0 1 0 1 1 1 0 0 1 1 1 1 1 1
0 0 1 1 1 0 0 0 1 1 0 0 1 0 0 1 1 1 1 0 0 1 1 0 1 0 1 0 1 0 1 1
0 1 0 1 0 1 0 0 0 1 0 1 1 1 0 0 0 0 1 1 1 1 1 0 0 0 0 0 1 0 0 0
1 1 0 1 1 1 1 0 0 0 0 1 0 1 0 0 0 0 0 0 0 1 1 0 0 0 0 1 0 1 1 1
1 0 1 1 0 0 1 0 0 1 0 1 1 0 1 0 0 0 0 1 1 0 0 0 1 0 0 1 0 1 1 0
1 0 0 0 1 1 1 1 0 0 0 0 1 1 1 0 1 0 1 1 1 0 1 1 0 1 1 1 0 1 0 1
0 0 1 0 0 1 1 0 0 0 0 1 1 1 0 0 0 0 1 1 0 1 0 0 0 1 1 1 0 1 1 1
0 0 1 0 0 1 1 1 1 0 0 0 1 1 1 1 1 1 0 1 0 0 1 1 1 0 1 0 0 1 0 0
0 0 1 1 1 1 1 1 0 1 0 0 0 1 0 0 1 0 0 0 1 0 1 0 1 1 0 1 0 1 0 0
0 1 1 0 0 0 1 1 0 0 0 0 1 1 1 1 1 1 1 0 0 0 0 1 1 1 0 1 0 0 1 1
1 1 1 1 0 0 1 0 1 1 1 1 0 1 0 0 0 0 0 0 0 0 1 0 1 0 1 0 0 1 0 0
0 0 0 1 0 0 0 1 0 1 0 0 0 1 1 0 0 1 0 0 1 0 1 0 1 0 0 0 0 1 0 0
1 0 0 0 1 0 0 1 1 0 1 0 0 0 0 1 1 0 1 0 1 1 0 0 1 1 1 0 0 0 1 0
1 0 1 0 1 0 1 1 0 1 1 1 1 0 0 0 1 1 0 1 1 0 1 1 1 0 0 0 0 1 0 0
1 1 1 1 0 0 1 0 1 0 0 0 0 0 0 0 0 0 1 1 0 0 0 1 0 1 1 0 1 0 0 0
1 0 0 1 1 1 0 0 0 0 1 0 1 0 1 0 1 1 1 0 1 0 0 1 0 0 1 0 1 0 0 1
0 1 1 1 1 0 1 1 0 0 0 1 1 0 0 1 0 0 1 0 1 1 0 0 0 0 0 0 0 1 1 0
0 0 1 0 0 0 0 1 0 0 0 1 0 0 0 0 1 1 0 1 0 1 1 1 1 0 1 1 1 0 1 1
1 0 1 0 1 0 1 0 0 0 1 0 0 1 1 0 0 1 0 1 1 0 0 1 0 1 1 0 0 1 0 1
0 0 0 0 0 0 1 1 0 1 0 0 1 0 0 0 0 1 0 0 1 0 0 0 0 1 1 0 0 1 1 1
1 1 1 0 0 0 1 0 1 0 0 0 1 0 0 1 0 0 1 0 1 1 1 1 0 0 0 0 0 0 0 1
0 1 1 1 0 1 0 1 0 1 0 1 0 0 0 0 1 0 0 0 0 1 0 1 0 0 1 1 0 0 1 1
0 1 1 1 1 1 0 1 0 0 0 1 1 1 0 0 1 0 0 1 1 1 0 1 0 0 0 0 0 1 1 0
0 1 0 0 1 1 1 0 1 1 1 0 0 1 1 1 1 0 0 0 1 1 1 0 0 0 1 1 0 1 1 1
0 1 0 0 1 0 0 1 0 0 0 0 1 1 0 1 0 1 0 0 0 0 0 1 1 1 1 1 0 0 0 0
1 1 1 0 1 1 0 1 1 0 0 1 1 0 1 0 0 0 1 0 0 0 0 1 0 0 1 1 0 1 1 0
1 0 0 0 1 0 0 0 1 1 0 1 1 0 0 1 1 1 1 0 0 0 0 1 1 1 1 1 0 0 0 1
1 1 1 1 1 0 0 1 0 0 1 1 1 0 0 0 1 0 1 1 0 1 0 1 1 1 1 1 1 1 1 1
1 1 0 0 0 0 1 1 1 1 0 1 0 1 0 0 1 0 0 1 1 0 1 1 1 1 1 1 1 1 1 1
0 1 1 0 0 1 1 1 1 1 0 1 1 1 0 0 1 0 0 1 0 0 1 1 0 0 0 1 0 0 0 1
0 1 1 0 1 1 0 0 1 1 0 0 1 1 0 1 1 0 0 0 1 1 1 0 0 0 0 0 1 0 1 1
0 0 0 1 1 1 0 1 0 0 1 0 0 0 1 1 1 0 1 0 0 0 0 1 0 0 1 1 1 1 0 1
0 1 1 0 0 0 1 0 0 1 0 0 0 0 0 0 1 1 0 0 0 0 1 0 1 1 1 1 0 0 0 0
0 0 0 0 1 0 0 1 0 1 1 1 1 1 0 0 0 1 1 0 1 1 1 1 0 0 1 1 1 0 0 0
0 1 1 0 1 1 1 0 1 0 1 0 1 1 1 1 1 1 1 0 0 1 0 0 1 0 0 0 0 0 1 1
1 0 0 1 0 0 0 0 1 1 0 1 0 0 1 0 1 0 0 0 1 0 0 0 1 1 1 1 1 1 0 1
0 1 1 0 1 1 1 1 0 1 1 0 1 1 0 0 1 0 0 0 0 1 0 1 0 1 1 1 0 0 1 0
0 0 0 0 1 0 0 1 0 0 0 0 0 1 0 0 0 1 1 0 0 1 1 0 1 1 1 0 1 1 1 1
0 0 1 0 0 0 0 1 0 0 0 1 0 1 1 1 0 0 0 1 0 0 1 1 1 0 0 0 1 0 1 0
0 0 0 0 0 1 1 1 0 0 1 1 1 1 0 0 1 1 1 1 0 1 0 1 0 0 0 1 0 0 0 1
1 1 0 1 1 0 1 1 1 1 1 1 1 1 0 1 1 1 0 0 0 0 0 1 1 0 0 1 0 1 1 0
1 1 0 1 0 0 1 0 1 1 1 1 1 0 0 0 0 0 1 0 1 1 1 0 0 0 1 0 0 0 1 1
0 0 1 0 0 0 0 0 0 1 1 1 1 0 0 0 0 0 1 1 1 0 0 1 1 1 1 1 0 1 1 1
0 0 0 1 0 0 0 0 0 1 0 0 1 1 0 0 1 1 0 1 0 1 0 0 1 0 0 1 0 1 1 0
0 1 1 1 0 1 0 1 1 1 1 0 1 0 0 1 1 1 0 0 1 0 1 1 1 0 1 1 0 0 0 1
1 0 1 1 1 0 1 0 1 0 1 0 0 1 1 0 0 1 1 1 1 1 0 0 0 0 1 0 0 1 1 1
0 0 0 0 0 0 0 0 0 0 1 0 1 1 0 0 0 1 0 1 1 1 1 0 0 1 0 0 0 0 1 0
0 1 0 0 0 0 0 1 1 1 1 1 0 0 1 0 0 1 0 0 0 0 1 0 1 1 1 0 1 1 0 0
0 1 1 0 0 0 1 1 0 0 0 1 0 0 1 0 0 0 0 1 1 0 0 0 0 1 1 1 1 1 0 0
0 1 1 1 0 1 1 1 1 0 0 0 0 0 0 0 1 0 0 1 0 1 0 0 0 1 1 1 0 0 1 1
1 1 1 0 0 0 1 1 1 0 1 0 1 0 0 1 0 1 1 1 0 1 0 1 0 0 0 0 1 1 1 1
1 0 1 1 0 1 0 1 0 1 1 1 1 0 0 0 1 1 1 0 1 1 0 1 1 0 1 0 0 0 1 1
0 1 0 1 0 0 1 0 1 0 0 0 1 1 0 1 0 1 1 1 0 0 1 1 1 0 0 1 1 0 1 0
0 0 1 0 0 0 0 0 1 0 1 1 0 0 0 0 1 0 0 0 0 1 0 0 1 0 1 0 0 1 1 1
0 1 1 1 0 0 1 0 0 0 0 1 0 1 1 1 1 1 1 0 1 0 0 1 1 0 1 1 1 0 1 1
0 0 0 1 0 0 1 1 1 1 1 1 1 1 0 0 0 0 0 1 1 0 1 1 0 0 0 0 0 0 1 1
0 0 0 1 0 0 1 1 0 0 0 0 1 1 0 0 1 0 1 1 0 0 0 1 0 0 0 1 1 1 1 1
1 0 0 1 1 0 1 0 0 1 1 0 0 0 1 1 1 1 0 0 1 1 1 0 1 0 0 0 0 0 1 1
1 0 0 0 1 1 0 1 1 1 1 0 0 1 1 0 1 1 0 0 0 0 1 0 0 1 0 0 1 0 0 1
1 1 0 0 0 1 1 0 1 0 0 0 1 1 1 0 0 1 0 1 1 1 0 0 1 1 0 0 0 1 0 1
0 0 1 1 0 1 1 1 1 0 0 1 0 1 1 0 1 0 1 0 1 1 1 1 1 0 0 0 1 1 0 1
1 0 0 0 1 0 0 0 1 1 0 0 1 1 1 0 0 1 1 1 1 0 0 0 1 1 0 1 1 1 0 0
0 1 1 1 0 0 1 1 0 1 1 1 1 1 0 0 0 1 1 1 0 1 1 0 0 0 0 1 1 1 1 0
0 0 0 1 1 0 0 0 0 0 0 0 0 0 1 0 0 0 0 1 0 1 1 0 0 0 1 1 0 0 0 0
1 0 1 0 0 1 0 0 0 0 0 0 0 0 1 1 1 1 0 1 1 0 1 0 1 1 0 0 0 0 0 0
0 1 1 0 1 1 0 1 1 1 0 1 1 1 1 1 0 0 0 1 0 0 1 0 1 1 0 0 1 1 1 1
1 0 1 0 0 0 1 0 0 1 1 0 0 0 0 1 1 0 0 1 1 1 0 0 0 0 0 1 1 0 1 0
0 0 1 1 1 0 0 0 0 0 0 0 0 1 1 0 0 1 1 0 0 0 1 1 0 1 1 0 1 0 0 1
1 1 0 1 0 0 0 0 0 1 0 0 1 1 0 0 0 1 1 0 0 1 1 1 0 1 1 1 1 0 0 0
0 1 0 1 1 0 1 1 0 1 0 1 1 1 0 0 0 1 0 0 0 1 0 1 1 0 0 0 1 1 0 0
1 1 0 0 1 1 0 1 1 1 1 0 0 0 1 0 0 1 1 1 1 1 1 1 1 0 1 1 0 0 0 1
1 1 1 0 0 1 1 1 0 1 1 0 1 1 0 0 0 1 0 0 0 1 0 0 1 1 1 1 1 0 1 0
0 1 0 0 1 1 1 0 0 0 1 0 1 1 0 1 1 0 0 0 0 1 0 0 0 1 1 1 0 1 1 0
1 0 0 1 0 0 0 0 0 0 1 1 1 0 0 1 0 0 1 0 0 1 1 1 1 0 1 1 1 1 0 0
0 1 1 0 0 1 0 0 1 0 0 1 0 0 0 1 1 0 1 1 0 0 1 1 0 1 0 0 1 0 1 0
0 0 0 1 1 1 1 0 0 1 0 1 0 0 1 0 0 0 1 0 1 0 1 0 0 1 0 0 1 0 0 0
1 0 1 0 1 1 0 0 1 0 1 1 1 1 0 0 0 1 0 1 0 0 0 0 0 0 0 0 1 0 1 1
0 0 1 1 0 1 1 0 1 0 1 0 1 0 1 0 0 1 0 1 1 0 1 1 0 1 0 1 1 0 1 1
1 1 1 1 0 0 1 0 0 1 0 1 0 1 0 0 1 0 1 0 1 1 1 1 1 1 0 1 0 1 0 1
1 0 0 0 0 1 0 0 1 1 0 0 0 1 1 1 0 0 1 1 0 1 1 0 1 1 0 0 1 0 0 1
1 1 0 1 0 1 0 0 0 0 0 1 1 0 1 0 1 1 0 0 0 1 0 1 0 1 1 1 1 1 0 0
0 1 0 1 0 0 1 1 0 0 1 0 1 1 0 1 0 0 0 0 0 1 0 1 0 0 0 1 0 0 1 1
0 0 1 0 0 1 1 1 1 0 1 1 0 0 0 0 1 0 1 0 0 1 0 0 1 1 1 1 1 1 0 1
1 1 0 1 1 1 0 1 0 0 1 1 0 1 1 1 0 1 0 1 1 1 1 0 1 1 1 0 0 0 0 1
1 1 1 0 1 0 0 0 1 0 0 0 0 0 0 0 0 0 0 0 1 0 1 1 0 1 0 1 1 0 0 1
0 1 0 1 0 0 1 1 1 1 1 1 0 1 0 1 0 0 0 0 1 0 1 0 0 0 1 1 1 0 0 0
0 0 1 0 1 0 1 0 0 0 0 1 0 0 1 0 1 1 0 0 0 1 0 0 1 0 0 0 1 1 0 1
1 1 0 0 0 1 0 1 0 1 0 1 1 1 1 0 1 1 0 1 0 0 1 0 0 1 0 1 1 1 0 0
0 1 0 0 1 1 0 1 1 0 1 0 1 0 1 1 1 1 1 1 0 1 1 0 1 0 0 0 1 1 1 0
1 1 1 1 1 1 0 1 1 0 1 0 1 1 0 0 1 1 0 1 1 0 1 1 0 1 0 0 1 0 1 1
1 1 1 1 0 0 0 1 0 0 0 1 0 0 1 1 1 1 0 1 0 1 1 0 1 1 0 1 1 0 0 0
1 0 0 1 1 0 1 1 1 1 0 1 1 0 0 1 1 0 1 0 1 1 0 1 1 0 1 0 0 1 0 0
0 0 0 0 0 0 0 1 1 1 0 1 1 0 0 1 1 1 1 1 0 1 1 1 0 0 0 0 0 1 0 1
1 1 0 1 0 1 1 0 1 1 0 0 1 1 0 1 0 1 1 0 0 0 0 1 1 1 1 0 0 0 0 1
1 0 1 1 1 0 0 1 0 0 1 0 1 1 1 0 0 1 0 1 0 1 1 0 0 0 1 1 0 0 0 0
0 1 0 0 1 1 1 1 0 0 0 1 1 0 0 0 0 1 0 0 0 0 0 0 1 1 1 1 0 1 0 1
0 1 1 1 0 0 1 1 0 1 1 1 1 0 0 1 1 0 0 1 1 1 0 1 0 0 0 1 1 1 1 1
1 1 1 0 0 1 1 0 1 1 0 1 0 0 0 0 1 1 1 1 1 0 0 1 1 0 0 1 1 0 1 1
0 1 0 0 1 0 1 0 1 1 0 0 1 1 1 1 0 1 1 0 1 1 0 0 1 1 1 0 1 1 1 1
0 1 1 0 0 1 0 0 1 0 0 1 0 0 0 0 0 1 1 1 0 1 0 1 0 0 1 0 0 1 0 0
1 0 1 1 1 1 1 1 0 1 1 0 0 1 0 0 0 1 0 0 0 1 0 0 1 1 1 0 0 1 1 0
1 0 1 1 0 1 0 0 0 1 1 1 1 0 0 1 1 1 1 1 1 1 1 0 1 1 0 0 1 1 0 1
0 0 0 1 0 0 1 1 1 0 0 1 1 0 0 0 1 0 0 0 1 1 0 1 1 1 0 1 0 0 1 0
0 0 1 1 1 0 0 1 0 1 0 1 1 0 0 0 0 1 1 1 1 0 0 0 1 0 1 1 1 1 1 1
0 0 1 0 0 0 1 1 0 1 0 0 1 1 1 0 1 1 1 0 1 1 1 1 1 1 1 1 1 0 0 0
1 1 0 0 1 1 1 0 1 1 0 0 0 1 1 0 0 1 0 0 1 0 1 1 1 0 0 1 0 0 0 1
0 0 0 1 1 1 0 1 0 1 1 0 1 1 1 1 1 1 0 0 0 1 0 1 1 1 1 1 0 0 1 0
1 0 0 0 0 0 1 0 1 1 0 1 0 0 0 0 1 0 1 0 1 0 1 0 0 1 1 0 0 0 0 0
0 0 0 1 0 1 1 0 0 1 0 1 1 1 0 1 1 1 0 0 0 0 0 1 1 1 1 1 1 1 1 1
1 1 1 0 0 1 0 0 1 1 0 1 1 1 0 0 0 1 0 1 1 1 0 1 1 1 1 0 0 1 0 1
1 0 0 1 0 0 0 0 1 1 1 1 1 1 0 1 1 0 0 0 1 1 1 1 0 0 1 0 0 1 0 1
1 1 1 0 1 1 0 0 0 0 0 0 0 1 1 0 0 0 1 0 0 1 0 1 1 0 0 1 0 0 1 1
0 0 0 1 1 1 1 1 1 0 0 0 1 0 1 1 0 1 1 1 1 1 1 1 0 0 1 0 0 0 0 1
1 0 0 0 1 0 1 0 1 0 1 0 0 0 0 1 1 0 0 1 0 0 1 0 1 0 1 1 0 0 1 1
1 0 1 1 1 1 1 0 1 1 1 1 1 0 0 1 0 1 1 1 0 0 0 1 0 1 1 1 0 1 0 0
0 0 0 0 1 0 1 1 0 1 0 1 1 0 0 0 0 0 0 0 1 1 1 0 0 0 0 0 0 1 1 0
0 0 0 0 1 0 0 1 1 0 1 0 1 0 1 1 1 0 0 0 1 1 0 0 1 1 0 1 1 0 0 0
0 1 1 0 1 1 1 1 0 1 1 0 0 1 0 1 0 0 0 1 1 1 1 1 0 1 0 0 1 0 1 1
0 1 0 1 0 0 1 1 0 1 1 0 1 1 1 1 1 0 0 1 1 1 0 1 0 0 1 0 1 1 1 0
0 0 0 0 0 0 1 0 0 0 0 1 1 1 0 0 1 0 1 1 0 0 0 0 0 0 0 0 0 1 0 0
0 0 1 1 0 0 1 0 1 0 1 1 0 1 1 0 0 1 0 1 0 1 0 1 0 0 1 0 0 1 1 0
1 0 1 0 1 1 1 0 0 1 0 1 0 1 1 1 1 0 1 0 1 1 0 0 1 1 0 0 1 1 1 0
0 0 1 1 1 0 1 1 0 1 1 1 0 0 1 0 1 1 0 0 1 0 1 1 0 1 1 0 1 0 1 0
0 1 1 1 0 0 1 1 0 0 0 1 0 1 1 1 1 1 1 1 1 0 0 1 1 1 0 0 0 1 0 1
0 0 1 1 0 1 1 1 0 1 1 1 1 0 0 0 0 0 1 1 0 0 1 0 0 1 0 1 1 0 0 0
0 0 1 0 0 0 1 1 1 0 1 1 1 0 0 0 1 0 1 0 0 0 0 1 0 0 1 0 0 1 0 0
1 0 0 1 1 1 0 0 1 0 0 0 0 0 1 1 1 1 1 1 0 1 0 1 1 0 1 0 1 1 0 1
0 1 1 1 0 0 0 1 0 1 0 1 1 0 0 1 0 0 1 0 1 1 1 1 0 1 0 1 1 0 0 1
0 1 1 1 1 0 1 1 0 0 0 1 1 0 0 1 1 0 1 0 0 1 0 0 0 1 1 0 1 1 1 1
1 1 1 1 0 0 0 1 0 0 0 0 1 0 1 0 0 1 0 1 1 1 0 0 1 0 0 0 0 0 0 0
1 1 1 1 1 0 1 0 1 0 0 0 0 0 0 0 0 0 0 1 0 0 1 1 1 0 0 0 0 0 0 1
1 1 1 0 1 0 1 1 0 1 0 1 0 1 0 0 1 1 0 1 1 1 0 0 0 1 1 1 0 0 1 0
1 0 1 1 0 0 0 0 1 0 0 1 1 0 1 1 0 0 0 1 1 0 0 1 1 0 0 1 1 0 0 1
0 0 1 1 1 0 1 1 0 1 0 1 1 0 1 1 0 0 0 0 1 1 1 0 1 1 0 0 1 1 1 0
1 1 0 1 1 1 1 0 1 0 0 0 1 1 1 1 0 1 1 1 1 0 1 1 0 1 1 0 1 0 1 0
1 1 0 0 0 1 0 1 0 1 1 0 1 1 1 0 0 1 1 1 1 1 0 1 0 1 0 1 1 1 1 1
0 1 1 1 1 0 0 1 1 0 1 0 0 1 0 1 1 0 1 1 0 0 0 1 0 1 0 0 0 0 1 1
1 0 0 1 1 1 0 1 1 1 1 1 0 0 0 0 0 1 1 0 0 0 1 0 0 1 0 0 1 1 0 1
1 0 1 0 0 1 1 1 1 0 0 1 0 1 0 0 1 0 1 1 0 1 1 1 0 0 0 1 1 0 1 1
1 1 0 0 1 1 0 0 0 0 1 0 0 1 1 0 0 0 0 0 1 1 0 1 1 0 1 0 0 1 1 0
1 1 1 1 0 1 1 1 0 0 0 0 1 0 0 1 1 0 0 1 0 0 1 1 0 0 0 0 0 1 1 1
0 1 1 1 0 1 0 0 1 0 0 1 1 1 0 0 0 0 0 1 0 0 0 0 1 0 1 1 0 1 0 1
1 0 0 0 1 0 1 0 1 1 0 1 0 1 1 0 0 1 1 1 1 0 1 1 1 0 0 0 1 0 1 1
0 0 0 1 0 0 0 1 0 0 0 1 1 1 0 1 0 1 1 1 1 1 0 0 0 0 1 0 0 1 0 1
1 0 0 1 0 0 0 1 0 0 1 0 0 1 1 1 0 0 1 1 1 0 0 1 1 1 0 1 1 1 1 0
0 0 0 1 1 0 0 0 1 1 1 0 1 1 0 0 1 0 0 1 0 1 1 1 1 1 0 0 0 1 0 1
1 1 0 0 1 0 0 1 0 0 0 0 0 1 0 1 1 1 1 1 1 1 1 1 0 1 0 1 1 1 1 1
0 1 1 1 0 1 0 1 0 0 0 1 0 1 1 1 0 1 1 0 1 0 1 0 1 1 1 1 0 1 0 1
1 1 1 0 1 0 0 1 1 1 1 0 0 1 1 0 0 1 0 1 0 0 0 1 1 0 0 0 0 0 1 1
0 1 0 0 0 0 1 1 0 0 0 0 1 1 1 0 0 1 0 0 0 0 0 0 0 1 1 0 0 0 1 1
0 0 1 1 1 0 0 0 1 1 1 0 0 0 0 0 0 0 1 0 0 0 0 0 1 1 1 0 0 0 1 0
1 0 1 1 0 1 0 0 1 0 0 0 0 1 0 1 1 1 0 1 1 0 0 0 1 1 1 0 1 0 0 0
1 1 1 0 0 0 1 1 1 0 1 0 1 1 1 1 1 0 1 0 1 1 1 0 0 1 0 1 1 0 0 1
0 0 1 1 0 1 1 1 1 1 0 0 1 1 1 1 0 1 0 1 0 0 1 0 1 1 1 0 1 1 1 1
0 1 1 0 1 0 1 1 1 0 0 0 0 1 0 0 0 1 0 0 0 1 1 0 1 0 0 0 0 1 1 0
1 1 0 0 1 0 0 1 0 1 1 0 0 1 1 0 0 0 1 1 0 1 1 1 0 1 1 1 1 0 0 0
1 1 1 0 0 0 0 1 0 1 0 0 1 1 0 1 0 0 1 0 0 0 0 1 0 1 1 0 1 0 1 0
1 0 0 0 1 0 1 1 1 0 1 1 0 0 0 0 0 0 0 0 1 0 0 0 1 1 1 1 1 1 1 0
0 0 0 0 1 1 0 0 0 1 0 1 1 0 1 0 1 0 1 1 0 0 1 0 1 0 1 1 1 1 0 1
1 1 0 0 0 0 0 0 0 0 1 0 0 0 1 1 1 0 0 0 1 0 0 1 1 1 0 1 1 1 0 0
0 0 1 0 1 1 1 1 1 1 0 0 0 1 0 1 0 1 0 1 0 0 1 1 0 0 1 0 0 1 1 0
1 1 1 1 1 1 1 1 1 0 1 1 1 0 1 1 0 0 0 0 0 0 0 1 0 1 1 0 0 1 1 0
1 1 1 0 1 0 1 0 0 1 0 1 0 0 1 1 0 0 0 1 1 1 1 0 0 0 1 1 0 0 0 1
1 1 0 1 0 0 0 1 0 1 0 1 1 0 1 1 1 1 1 0 1 1 1 1 0 0 1 1 0 0 0 1
1 1 0 1 0 1 1 0 1 0 1 0 0 1 1 0 0 1 0 0 0 0 0 1 0 0 0 0 1 1 1 1
1 1 1 0 1 0 0 0 0 0 0 1 1 1 0 1 0 1 0 1 1 1 1 0 1 0 1 1 1 1 1 0
0 0 1 0 0 1 0 1 1 0 0 1 0 0 0 0 1 0 1 1 1 1 0 0 1 1 0 1 1 1 1 0
0 1 1 0 1 0 0 1 1 0 0 0 1 0 0 0 1 0 1 0 0 0 0 0 0 1 1 1 0 1 0 1
0 0 1 1 0 1 0 0 1 0 1 1 0 1 1 0 1 0 1 0 0 1 1 1 1 0 0 0 1 1 1 1
0 0 0 0 1 1 1 0 1 0 1 1 1 0 1 1 0 1 0 1 0 0 0 1 0 1 0 0 0 1 0 0
0 0 1 1 0 0 0 0 0 0 0 0 1 1 1 0 1 1 0 1 0 0 0 1 0 1 1 0 0 1 0 1
0 0 0 0 1 0 1 1 0 1 0 1 0 1 0 1 0 0 0 0 1 0 0 1 1 0 0 1 0 1 0 1
0 1 0 1 1 0 0 1 1 1 0 1 0 1 0 1 1 1 0 1 1 0 0 0 0 1 1 0 1 1 1 1
1 1 0 1 0 0 0 0 0 1 0 0 1 1 1 0 0 1 1 0 1 1 1 1 1 1 0 0 1 0 0 1
0 1 0 0 0 1 1 1 1 1 0 1 0 0 0 1 0 0 0 1 1 1 0 1 1 1 0 1 1 1 0 0
1 1 0 1 0 0 0 1 1 0 0 1 0 1 1 0 1 0 1 1 1 0 1 0 0 1 0 0 0 0 0 1
0 1 1 0 1 1 1 0 0 0 1 0 1 0 1 1 1 1 1 1 0 0 0 0 0 0 1 1 0 1 0 0
1 0 0 0 0 0 1 1 1 0 1 0 1 1 0 0 1 1 1 0 1 1 1 1 1 0 0 0 1 0 0 1
0 0 0 1 0 0 0 1 0 1 1 0 0 1 1 1 1 0 0 0 0 1 0 1 0 0 0 1 0 1 0 0
1 1 0 1 1 0 0 0 0 0 1 1 0 1 1 0 1 0 0 1 0 1 1 1 0 1 1 1 1 0 0 0
0 1 0 1 1 0 0 0 0 1 1 0 0 0 0 0 1 0 1 0 1 1 0 1 0 1 1 1 1 1 1 0
0 1 0 1 1 1 1 1 0 1 0 0 0 0 0 1 0 1 0 0 1 0 1 0 1 0 1 1 1 1 1 1
0 0 0 1 1 0 1 0 1 0 0 0 0 0 1 0 1 1 0 0 0 0 1 1 1 1 0 1 1 0 1 1
1 0 0 1 0 1 1 0 1 1 0 0 0 0 0 0 0 1 1 0 0 1 0 1 0 1 0 0 0 1 1 1
1 0 0 0 1 0 0 1 1 1 1 0 0 1 1 0 0 0 0 1 1 1 0 1 0 0 1 1 1 1 1 0
1 1 0 1 0 0 0 1 0 0 1 1 0 0 0 0 0 0 1 0 1 1 0 1 1 1 1 1 0 0 1 1
1 1 1 1 0 1 0 0 0 0 0 0 1 1 0 1 0 0 1 1 0 1 0 1 0 1 1 0 0 1 1 0
1 1 1 0 1 1 0 1 0 1 1 1 1 0 1 0 1 1 0 1 0 1 1 0 1 1 0 0 0 1 0 1
1 0 0 0 1 1 1 1 0 0 0 0 1 1 1 1 1 1 1 0 0 1 1 0 0 1 0 0 1 1 1 1
1 1 0 1 1 1 0 1 1 0 0 1 1 0 0 0 0 1 1 1 0 1 1 0 1 1 1 1 0 0 1 0
1 0 0 0 1 0 0 1 0 0 1 1 0 1 0 1 1 1 1 1 0 0 1 1 1 1 0 1 1 1 0 1
1 0 1 0 0 1 1 1 0 0 0 1 0 0 0 1 0 0 0 0 0 1 0 1 1 1 1 0 0 0 1 1
0 0 1 1 0 0 1 0 0 1 0 1 0 1 0 0 1 1 0 1 0 0 1 0 0 0 1 0 1 0 0 1
1 0 1 0 1 0 1 1 0 1 0 1 0 1 1 1 0 1 1 1 0 1 1 1 1 1 0 1 1 0 0 1
1 1 0 1 0 1 0 1 0 0 1 1 1 1 1 0 1 0 0 1 1 1 0 0 1 0 1 0 0 1 1 1
0 1 0 0 1 1 0 0 0 0 1 0 1 1 0 0 1 1 0 1 1 1 0 0 1 1 1 1 1 0 1 1
0 0 1 0 0 1 0 0 1 0 1 0 0 1 0 1 1 1 1 0 0 1 0 1 1 0 1 0 0 0 0 0
0 1 0 0 0 1 0 1 0 1 0 0 1 0 1 0 0 0 1 1 0 0 1 0 1 0 1 1 1 0 0 1
0 1 1 0 1 0 0 1 0 1 1 0 1 1 0 0 1 1 0 0 0 0 0 0 0 0 0 0 0 1 1 0
1 1 0 0 0 1 0 1 1 1 1 0 0 1 1 1 1 0 0 1 0 0 0 0 0 1 0 0 0 0 1 0
0 0 0 1 1 1 1 0 1 0 0 1 0 1 1 0 1 1 0 0 1 0 0 0 0 1 1 1 0 1 1 0
0 1 1 0 0 0 0 1 1 1 1 0 0 0 0 0 1 0 1 0 1 0 1 1 0 0 0 1 1 0 1 0
0 0 0 1 1 0 1 1 1 1 1 1 1 0 0 0 1 1 1 0 1 1 1 0 0 0 1 0 1 1 0 0
0 1 1 0 1 0 0 0 0 1 1 1 1 0 0 1 0 0 0 0 1 0 1 1 0 1 0 0 1 0 0 1
1 1 1 0 0 1 0 1 0 1 0 0 0 1 0 0 0 0 1 1 1 1 0 1 1 0 0 1 1 0 0 1
1 1 1 1 0 0 0 0 1 0 1 1 1 1 0 1 1 0 1 0 0 0 0 0 0 1 1 0 0 1 1 1
0 1 0 0 1 1 0 0 0 0 0 1 1 0 1 0 1 1 1 1 1 0 0 1 0 1 1 0 1 1 0 0
1 0 0 0 1 0 1 1 1 1 0 0 0 1 0 1 1 0 1 1 0 0 0 0 1 1 1 1 1 0 1 0
0 1 0 0 0 0 1 1 0 1 1 1 0 0 1 1 0 0 1 1 0 0 0 0 1 0 0 0 1 0 1 1
0 0 0 0 0 0 0 1 0 0 1 0 1 1 1 0 0 1 1 1 0 1 1 1 1 1 0 1 1 1 1 0
0 1 0 1 0 1 0 0 0 0 1 0 0 1 1 1 0 0 1 0 1 1 1 1 0 1 1 0 1 0 0 1
0 1 0 1 1 0 1 0 0 1 1 1 1 1 0 1 0 1 1 1 1 0 1 0 0 0 1 1 1 0 0 1
1 1 0 1 1 1 0 0 0 0 1 0 0 0 0 0 0 1 0 0 0 0 0 0 1 1 1 0 0 1 0 1
0 1 1 1 1 0 0 0 0 0 0 0 0 1 1 0 1 0 0 1 0 1 1 1 1 1 1 0 1 0 1 0
0 0 0 0 0 0 1 1 0 1 1 0 1 1 0 1 1 1 1 0 0 1 0 1 1 1 0 0 0 1 0 0
0 1 0 1 1 1 0 0 0 0 0 0 0 0 0 1 1 0 0 1 1 1 0 0 0 0 0 0 1 1 0 1
1 1 0 1 1 0 0 0 1 1 0 0 1 0 0 1 0 0 0 0 0 1 1 0 1 1 0 0 1 0 0 0
0 0 1 1 1 1 0 0 1 0 0 1 0 1 0 0 0 1 1 0 1 1 1 1 0 0 1 1 0 0 1 0
1 1 0 1 0 1 0 1 0 0 1 1 0 1 0 0 1 1 0 0 0 1 0 0 0 0 0 0 1 0 1 1
1 1 0 1 1 1 0 1 0 1 1 1 0 1 0 1 0 1 1 0 1 1 1 1 0 0 0 0 0 0 0 1
0 1 1 0 0 1 0 1 1 0 0 0 1 1 0 0 0 1 1 0 1 0 0 0 1 1 1 1 0 1 1 1
0 1 1 1 0 1 1 1 1 1 1 0 0 1 1 0 0 1 1 1 1 1 1 0 1 1 1 1 0 0 0 1
1 0 1 1 0 0 0 1 0 1 0 1 0 0 0 0 0 1 0 0 1 1 0 1 1 0 0 0 1 1 0 1
1 1 0 1 1 1 1 1 1 0 1 0 0 1 1 1 1 1 1 0 1 1 0 0 1 1 0 1 0 1 0 0
1 0 0 1 1 1 0 1 1 1 0 1 1 1 1 0 1 1 1 1 1 1 0 0 1 0 0 1 1 0 1 1
1 1 1 1 1 0 0 1 1 0 0 0 0 1 1 1 0 1 1 0 1 1 1 1 1 1 1 1 0 0 0 0
0 0 1 1 1 1 1 0 1 1 1 1 1 1 1 0 0 1 0 0 0 0 1 0 1 0 0 1 1 1 1 1
1 0 0 1 0 1 1 1 0 0 1 1 1 0 1 0 0 0 1 1 1 1 1 1 0 1 0 0 1 1 0 0
0 0 1 0 0 1 1 0 0 0 0 1 1 0 1 1 1 0 1 0 1 1 0 1 0 0 0 1 0 1 1 1
1 0 1 1 1 0 0 1 0 0 0 1 0 1 1 1 0 0 1 0 0 1 1 1 0 1 1 1 1 1 0 1
1 1 0 0 1 0 0 1 0 0 1 0 1 0 1 0 1 0 0 1 1 0 1 0 0 1 1 0 1 1 1 0
0 0 1 0 1 1 1 0 1 0 1 0 1 1 0 1 1 1 0 1 0 1 1 0 0 0 0 1 1 0 0 0
0 1 1 1 1 0 1 0 1 1 1 1 1 1 1 1 1 0 0 0 0 0 1 1 0 1 1 1 0 0 1 0
1 1 1 1 1 1 0 1 1 1 1 0 1 0 0 1 0 1 1 0 1 0 1 1 0 1 0 1 1 1 1 1
1 1 1 1 0 1 1 0 0 0 1 0 0 0 1 0 0 0 0 0 1 0 1 0 1 0 0 1 1 1 0 1
1 0 1 1 1 0 1 0 0 1 0 0 0 1 1 0 1 1 0 0 1 1 1 0 1 1 1 1 0 1 0 1
1 0 0 1 0 1 0 0 0 1 1 1 0 1 0 0 1 1 1 1 0 0 0 0 1 0 0 0 1 1 1 0
1 0 0 1 0 1 1 1 0 1 0 0 0 1 0 1 0 0 0 1 1 1 0 1 0 0 1 0 0 0 1 0
0 1 0 0 0 1 0 1 1 0 1 0 1 0 1 0 1 1 1 0 0 1 1 1 0 0 1 1 1 0 0 0
0 1 0 1 0 1 0 1 1 1 0 0 1 0 0 0 0 1 0 1 1 1 1 1 0 0 0 1 1 0 0 0
0 0 0 0 1 1 0 1 0 1 0 1 1 0 0 0 1 0 1 0 0 1 0 0 1 1 0 0 0 0 0 1
1 1 0 0 1 0 0 0 1 1 0 1 0 1 1 0 0 0 1 0 1 0 0 0 1 1 1 0 0 1 0 0
0 0 1 0 1 0 0 1 1 0 1 1 1 1 0 0 0 1 1 0 1 0 0 1 0 0 1 1 0 0 0 0
1 1 1 1 1 0 0 0 1 0 1 1 1 1 1 1 1 1 1 0 0 0 0 0 0 0 0 1 1 1 0 1
0 0 0 1 0 1 0 0 0 1 0 0 1 1 1 0 0 0 1 0 1 1 1 0 0 1 1 1 1 1 1 0
1 0 1 0 0 1 0 1 0 0 0 1 1 1 1 0 0 1 0 0 0 1 0 1 1 0 1 1 1 0 1 0
0 1 1 1 1 1 1 1 0 1 1 1 0 1 0 1 1 0 1 1 1 0 1 1 1 1 0 0 1 0 0 0
1 1 1 1 1 1 1 1 1 1 1 1 0 1 1 1 1 1 1 0 1 1 1 0 1 0 1 0 0 0 1 1
0 0 1 1 0 0 1 1 0 1 0 1 1 1 1 0 0 1 1 0 0 1 1 1 0 0 1 1 1 0 1 1
0 0 0 0 0 1 0 1 0 0 0 0 1 0 1 1 0 1 0 0 0 0 0 0 1 1 1 1 0 0 1 0
0 0 0 0 1 0 0 0 0 1 0 0 0 0 0 1 0 0 0 1 0 0 1 0 1 1 0 1 0 0 0 0
1 0 0 0 0 0 0 0 0 1 1 0 1 1 0 1 0 0 0 0 0 0 1 1 0 0 1 1 1 1 1 0
1 1 1 0 1 0 1 1 1 1 1 0 1 1 0 1 1 0 1 1 1 1 0 1 1 0 1 1 1 1 1 1
1 0 0 0 0 0 0 0 0 1 0 1 1 0 1 0 1 0 1 1 0 1 0 0 0 0 0 0 0 1 1 1
1 0 1 0 1 1 1 1 0 0 0 1 0 1 0 1 0 0 0 0 0 1 0 1 0 0 0 1 0 0 0 0
1 1 1 0 1 1 1 0 0 0 0 0 1 0 0 1 0 0 0 1 1 1 0 0 1 0 0 1 0 1 1 0
1 0 1 0 0 1 1 0 1 0 0 1 1 0 1 0 1 0 1 1 1 0 0 0 0 1 1 1 0 1 1 0
0 0 0 1 0 0 0 1 0 0 0 0 1 1 1 1 0 0 0 0 0 1 1 0 1 1 1 1 0 1 1 0
1 1 0 1 1 1 0 0 0 0 0 1 0 0 1 0 1 0 0 0 0 0 1 1 1 0 0 1 1 1 1 0
1 0 1 1 0 1 0 1 0 1 1 1 0 1 0 1 0 0 0 0 1 0 1 0 0 1 0 0 0 0 0 1
0 0 1 1 1 1 1 1 1 1 1 0 1 1 0 1 1 1 0 1 0 1 0 1 0 0 1 0 1 1 1 0
1 0 0 0 1 0 0 0 0 1 1 0 0 0 1 1 0 0 0 0 1 1 0 1 1 1 1 0 1 0 0 0
1 1 1 0 1 1 1 1 0 0 1 0 1 0 0 1 0 1 1 0 1 1 0 1 0 1 0 0 1 0 1 0
1 1 0 0 0 0 1 0 0 0 0 1 0 0 0 1 0 0 1 1 0 0 0 1 1 1 0 1 1 1 0 0
0 0 0 0 1 1 0 0 0 0 0 0 1 0 1 1 1 0 0 1 1 0 0 1 1 0 1 1 0 0 1 0
0 1 0 1 1 1 1 0 1 1 1 0 1 1 0 0 1 1 0 1 0 0 1 0 1 1 1 1 0 1 1 1
1 0 0 0 0 0 0 0 1 0 0 1 1 1 1 0 1 0 0 0 0 1 1 1 1 1 1 0 1 1 0 1
0 1 1 0 0 1 1 1 1 1 1 0 0 1 0 1 1 1 1 0 0 0 0 0 0 0 0 0 1 1 0 0
0 0 1 1 1 1 1 0 0 0 1 1 1 0 0 1 0 0 0 1 1 0 1 1 1 0 1 0 0 1 0 1
1 1 1 1 0 0 1 0 0 0 0 1 1 1 0 0 1 0 0 0 0 0 0 1 0 1 0 1 0 1 0 0
0 1 0 0 0 0 1 1 0 1 1 1 0 1 1 0 1 1 1 0 0 1 1 1 1 0 0 0 1 1 1 0
1 1 1 1 0 0 1 0 0 0 1 1 0 1 0 0 0 0 1 0 1 0 1 1 1 0 0 1 0 1 0 0
1 0 0 0 1 0 1 0 1 0 1 0 1 0 1 1 0 1 1 1 0 1 0 0 0 0 1 0 0 0 0 0
0 1 0 0 0 1 0 0 1 1 0 0 0 0 0 1 1 1 1 1 0 1 0 0 0 1 1 0 0 1 0 0
0 0 0 1 1 1 0 0 0 0 0 0 1 1 1 0 0 0 1 1 1 1 0 1 0 1 0 1 0 0 1 1
1 0 0 1 1 1 0 1 1 0 1 0 0 0 1 0 0 0 0 0 0 1 1 0 0 0 1 1 1 1 0 0
1 0 1 0 0 0 0 1 1 0 1 0 1 1 0 0 0 0 1 1 1 0 0 1 0 0 1 1 1 0 1 0
1 0 1 1 1 1 0 1 0 1 1 0 0 1 0 1 0 1 1 0 1 1 1 1 0 0 0 1 1 0 0 0
0 0 1 1 0 1 1 1 0 1 1 0 0 0 1 0 1 1 0 0 1 1 1 0 0 0 0 0 0 1 1 0
1 0 0 0 1 0 1 0 1 0 1 1 0 0 1 1 1 1 1 0 0 0 0 1 1 1 0 1 1 0 1 0
1 1 0 1 0 1 1 0 1 0 1 0 0 1 0 1 0 1 0 0 0 1 1 0 1 0 0 1 0 0 0 1
1 0 1 1 0 0 0 0 1 1 0 1 1 0 1 0 1 0 0 0 1 1 1 0 1 0 0 0 1 1 0 0
0 1 0 0 0 1 1 0 0 1 0 0 0 0 1 0 0 1 0 0 1 0 0 0 1 1 1 0 1 1 0 0
0 1 1 0 0 1 0 0 1 1 0 0 1 1 0 0 1 0 0 0 1 1 1 1 0 0 1 0 1 1 0 1
0 1 1 1 1 1 1 0 1 1 1 1 1 0 0 1 0 1 0 0 1 0 0 0 1 1 0 1 0 1 1 0
0 0 1 0 0 0 1 0 1 0 1 0 0 0 1 0 0 1 1 1 0 1 1 1 1 0 0 1 1 0 1 0
0 1 1 0 0 0 0 0 0 0 1 0 1 0 0 0 1 1 0 1 1 0 1 1 1 1 0 0 0 0 0 1
1 1 1 1 0 1 1 1 0 1 0 0 0 0 0 1 1 1 1 1 1 0 1 1 1 0 1 0 0 1 0 1
0 0 1 1 0 0 0 0 1 1 1 1 1 0 1 1 0 1 1 0 0 1 0 0 1 0 1 1 0 0 0 0
0 1 1 0 1 0 1 1 1 1 0 1 0 0 1 0 1 1 1 0 1 0 0 1 1 1 0 1 1 1 0 1
1 1 1 1 1 0 0 0 0 1 1 0 0 0 0 0 0 1 0 1 0 0 0 1 1 0 1 0 0 1 1 0
0 0 0 0 1 1 0 0 0 1 0 0 1 0 1 1 0 1 1 1 0 0 1 1 0 1 1 1 0 0 1 1
1 1 1 1 0 0 1 1 1 0 0 1 1 0 1 1 0 1 0 0 1 1 1 0 0 1 1 0 0 0 1 0
1 1 0 1 0 0 0 1 0 0 1 0 0 0 1 1 0 1 0 0 1 0 1 0 0 0 1 0 0 1 0 1
0 0 1 1 0 0 1 1 1 1 0 1 0 0 0 1 0 1 1 1 1 1 0 0 0 1 0 1 0 1 1 1
0 0 1 0 0 0 1 1 0 0 1 1 1 0 1 1 0 0 1 1 0 0 1 1 0 1 0 1 0 0 0 1
0 0 0 0 0 1 0 1 1 0 1 1 1 1 1 0 0 0 1 1 0 1 1 0 1 0 1 0 1 0 0 1
0 0 0 0 1 0 0 0 1 0 0 1 1 1 1 0 1 0 0 0 0 0 1 0 1 0 0 0 0 1 0 0
0 0 1 0 0 0 1 1 1 0 1 1 0 0 0 0 1 1 1 0 1 0 0 1 1 0 1 1 1 1 0 0
1 1 1 1 1 1 0 0 1 0 1 1 1 0 0 1 1 1 1 1 0 1 1 1 1 1 1 1 0 0 0 1
0 0 0 0 0 0 1 1 0 1 0 1 0 0 0 1 1 0 1 1 0 1 0 1 0 0 1 0 1 1 1 0
0 1 1 1 1 1 1 1 0 0 0 0 1 0 1 1 0 1 1 0 0 1 0 0 1 1 1 1 0 1 0 1
0 0 1 0 0 0 1 0 1 0 1 1 1 0 0 0 1 0 0 0 0 1 0 1 0 0 0 0 1 0 1 0
0 0 0 0 1 0 0 0 1 0 0 1 0 0 0 0 1 1 1 1 1 0 0 1 0 1 1 0 0 1 0 0
0 1 0 1 1 0 0 0 1 0 1 0 0 1 0 0 1 1 1 0 0 1 0 1 0 1 1 1 1 0 0 0
1 1 1 1 0 1 0 0 0 0 0 1 1 1 0 1 0 1 0 1 1 0 0 0 1 0 0 0 1 0 0 1
0 1 1 1 1 0 1 1 1 0 0 1 0 0 0 1 1 0 0 0 0 1 1 0 0 1 0 1 0 0 0 0
1 0 0 0 1 1 0 1 0 0 0 1 0 1 1 1 0 1 0 0 0 0 1 0 1 1 1 1 1 1 0 1
0 0 0 0 0 0 1 0 1 0 0 0 1 1 0 1 1 1 0 1 0 1 0 0 1 0 1 1 0 0 0 0
1 1 0 1 0 0 0 0 0 0 0 0 0 1 1 1 1 0 0 0 1 1 1 0 1 0 0 0 1 0 0 1
0 1 1 1 0 0 0 0 0 1 1 1 0 1 0 0 1 1 1 1 0 1 0 1 0 0 0 1 0 0 1 1
1 1 0 1 0 1 0 1 0 1 0 0 0 0 0 0 1 0 1 1 1 0 1 1 1 1 1 1 1 1 0 1
0 0 1 0 0 1 0 1 0 1 0 1 1 1 0 1 0 1 1 0 1 1 0 0 1 0 0 1 0 0 0 0
0 1 0 0 1 1 1 0 1 0 1 1 0 1 0 0 0 0 1 1 1 1 0 1 1 1 1 1 0 1 0 1
1 1 1 0 0 0 0 1 1 1 0 1 1 1 1 0 0 0 1 0 1 0 0 0 0 0 0 1 0 0 1 1
0 0 1 0 0 0 0 0 1 0 0 1 1 1 1 0 0 1 0 0 1 1 0 1 1 1 0 0 0 1 0 1
1 1 1 0 1 1 1 1 0 1 0 0 1 0 1 0 0 0 1 1 1 0 1 0 1 1 1 1 1 1 1 0
0 0 0 0 1 0 1 1 0 0 1 0 1 1 1 1 1 0 0 1 0 0 0 0 1 1 1 0 1 1 1 1
1 0 1 0 1 0 0 0 1 0 1 1 0 0 0 0 0 0 1 1 0 1 1 1 1 0 1 0 0 1 0 1
0 1 1 1 1 1 0 0 0 1 0 0 1 1 1 1 0 0 1 1 1 1 1 1 0 0 1 0 1 0 0 0
0 0 0 1 1 0 0 0 0 0 1 1 1 1 1 0 1 1 0 0 0 0 1 1 1 0 1 0 1 0 1 1
0 0 0 0 1 0 1 0 1 0 0 0 0 0 0 0 1 1 0 1 1 0 0 0 0 0 1 0 0 0 1 1
1 0 0 0 0 0 1 1 1 1 0 0 0 0 0 0 1 0 0 1 1 0 1 0 1 0 0 1 0 1 1 0
1 0 1 0 0 1 1 1 0 0 1 0 0 1 1 0 0 1 0 1 1 0 1 1 1 0 0 1 1 1 1 1
0 1 1 1 0 1 0 1 0 1 1 1 1 1 0 0 1 0 0 1 1 0 1 1 0 0 0 1 0 0 0 0
0 1 0 0 0 1 1 0 0 0 1 0 1 0 1 1 1 0 1 1 1 1 0 1 1 0 0 1 0 1 0 1
1 1 1 0 1 0 0 1 0 0 1 1 1 0 0 1 1 0 1 1 0 1 0 1 0 1 0 1 1 1 0 1
1 1 0 0 1 1 0 0 0 0 1 1 0 1 1 0 1 0 1 1 1 1 1 1 1 1 1 0 0 1 0 1
1 1 0 0 0 1 0 0 0 1 1 1 1 0 0 1 1 1 1 1 1 0 1 1 0 0 0 1 0 1 1 0
0 1 1 0 0 1 1 0 0 1 0 1 0 1 0 1 0 0 0 1 0 0 1 0 1 0 0 0 1 1 1 0
0 0 0 1 0 1 0 1 1 1 1 1 1 0 1 0 0 1 1 1 1 1 0 1 1 1 1 1 1 0 1 1
1 0 0 1 1 0 1 0 0 1 1 0 1 1 0 0 1 0 1 0 0 0 0 1 1 0 0 1 1 0 1 1
1 1 0 1 1 1 0 1 0 0 1 0 0 0 1 1 0 1 0 1 0 0 1 1 0 0 1 0 0 1 0 1
0 1 0 1 1 1 1 0 1 0 0 1 0 0 1 1 0 1 1 1 0 0 0 0 0 1 0 1 0 1 1 0
1 1 1 0 1 0 1 1 1 0 0 0 0 0 0 1 1 1 1 1 1 1 1 0 0 0 1 0 0 1 0 0
0 1 0 1 1 0 0 1 1 0 0 0 1 0 1 0 0 0 1 1 0 1 1 0 0 1 0 1 1 1 0 1
1 1 1 0 0 1 0 0 1 1 1 0 1 1 1 1 1 1 1 1 0 1 0 0 1 1 0 0 1 1 0 0
1 1 0 1 0 1 1 1 0 1 1 0 0 0 1 1 0 1 1 1 1 1 0 0 0 0 0 1 1 0 0 0
1 0 1 0 1 1 0 1 0 1 0 1 0 1 1 1 0 1 0 1 1 1 1 0 1 1 1 1 0 1 1 0
1 0 1 1 1 0 1 1 1 0 1 1 0 1 0 0 0 0 1 0 1 0 0 1 1 1 0 1 1 0 1 1
1 0 1 0 1 0 0 1 1 0 0 1 1 0 0 1 0 0 0 0 0 0 1 1 0 1 1 1 0 0 0 1
1 1 0 1 1 1 0 1 0 1 1 0 0 1 1 0 1 1 0 0 0 1 0 0 0 1 0 0 1 1 1 0
0 1 0 0 1 1 1 1 1 0 1 1 1 0 0 0 1 0 1 1 0 0 1 0 0 0 0 1 0 0 1 0
0 1 0 1 0 0 1 1 1 0 0 0 0 1 1 1 1 0 1 0 0 1 1 0 0 0 0 0 0 1 1 1
1 1 0 0 0 0 1 0 0 1 0 0 1 1 0 1 0 1 1 0 1 1 0 1 1 0 0 0 1 1 1 0
0 0 0 1 1 0 1 0 0 0 0 0 0 1 0 1 1 0 0 1 0 1 1 0 0 1 0 0 1 0 0 0
0 0 0 0 0 1 0 1 0 0 0 0 1 1 0 0 1 0 1 0 1 0 0 0 1 1 1 0 0 0 0 1
1 1 1 0 1 0 1 0 0 1 1 1 0 0 0 1 0 1 1 1 0 1 1 1 0 1 0 0 1 0 1 0
0 1 0 1 1 0 1 0 0 1 0 0 0 1 0 1 0 0 1 1 1 1 1 1 0 1 0 0 0 0 0 0
0 1 1 1 0 1 1 0 1 0 1 1 1 1 1 0 0 0 1 1 0 0 1 0 0 1 1 0 1 1 0 0
1 1 0 1 1 0 1 1 0 1 1 1 1 1 0 0 0 1 0 0 0 0 0 0 1 1 1 0 0 1 0 1
0 0 1 0 0 0 1 1 1 0 0 1 0 0 0 1 1 1 1 1 0 1 1 0 0 0 0 1 0 1 0 1
1 1 1 0 0 0 0 1 0 1 0 1 1 1 0 0 1 1 0 1 0 1 0 0 0 0 0 1 0 1 1 0
0 0 1 1 0 0 1 1 0 1 0 1 1 1 1 1 1 0 1 0 0 1 0 1 0 0 0 1 1 0 0 0
1 1 1 0 0 1 1 1 0 0 0 0 0 1 0 1 0 1 1 0 0 1 0 1 0 1 1 1 0 1 0 1
1 1 1 0 1 1 0 1 0 1 0 1 0 0 0 0 0 0 1 0 0 0 0 1 1 1 1 0 1 0 0 1
0 0 0 0 1 1 0 1 0 0 1 0 0 1 1 0 0 0 0 1 1 0 0 0 0 1 0 0 1 1 0 0
0 1 0 0 0 0 0 0 0 1 0 1 1 1 0 0 0 0 1 0 1 1 0 0 0 0 1 0 0 1 0 1
0 1 0 0 1 0 0 1 0 0 0 0 1 1 0 1 1 1 0 1 0 1 0 0 1 1 0 1 1 1 0 0
1 0 1 1 1 0 1 1 1 1 1 1 1 0 0 1 1 1 1 1 0 1 1 0 1 1 1 1 1 0 0 0
0 1 1 1 1 1 0 0 1 1 0 0 0 1 0 0 1 0 0 0 0 1 1 0 1 0 1 0 0 1 0 0
1 1 0 0 0 0 0 1 1 1 1 0 1 0 0 1 1 1 0 1 1 1 1 1 0 1 1 1 1 1 1 0
1 1 1 0 0 1 1 1 1 0 0 1 1 1 0 1 1 1 1 1 0 1 1 1 0 1 0 1 0 1 0 1
1 1 1 0 1 0 0 0 1 1 0 0 1 1 0 1 0 1 0 0 1 1 1 1 1 0 0 0 0 0 0 0
0 0 1 0 1 0 1 1 0 0 1 1 0 1 0 0 1 1 0 0 1 1 0 1 0 1 0 0 0 0 0 1
0 1 1 1 1 0 1 1 1 1 1 1 1 1 1 1 0 1 0 1 1 1 1 0 1 1 0 1 0 1 1 0
0 1 1 1 1 1 0 0 0 0 1 0 0 1 0 0 0 1 0 1 0 0 0 0 1 1 0 1 0 1 0 1
1 0 1 0 1 1 1 1 0 0 1 0 1 1 0 1 1 0 0 0 1 0 0 1 0 1 1 0 0 0 1 1
0 1 1 0 0 1 1 0 1 0 0 1 0 0 0 0 1 1 0 0 1 0 0 0 1 0 1 0 0 0 0 1
0 1 1 0 0 0 0 1 0 1 0 0 0 1 0 1 0 0 1 0 1 0 0 1 0 0 0 0 1 1 1 0
1 1 1 0 0 1 1 0 0 1 1 1 1 1 1 0 0 0 1 0 1 1 0 0 0 1 1 1 0 0 1 0
0 0 0 0 0 1 1 0 0 1 1 1 1 0 1 1 0 0 0 0 1 0 1 1 0 1 1 0 1 0 0 0
1 1 0 0 0 1 0 1 0 0 0 0 1 1 1 1 1 0 0 1 0 0 1 1 0 1 0 0 1 1 0 0
1 1 1 0 0 0 0 1 1 1 0 0 0 0 0 1 1 1 0 1 1 0 0 1 0 1 0 1 0 0 0 1
1 1 0 1 1 0 0 1 0 1 1 1 0 0 1 0 1 0 0 1 1 1 1 0 0 0 1 1 1 0 1 1
0 0 1 1 0 0 0 1 1 1 1 0 1 1 1 1 0 0 0 1 1 1 0 1 0 0 1 1 1 0 0 1
0 0 1 0 0 0 0 0 1 1 0 0 1 1 1 1 0 1 1 1 1 1 0 1 0 1 0 1 1 1 0 0
0 1 0 0 1 1 1 1 1 0 0 0 0 1 1 1 0 0 0 1 0 1 0 0 1 0 0 1 1 0 0 1
0 1 1 1 0 0 1 0 0 1 1 0 1 1 0 0 1 0 1 1 0 0 0 1 0 1 0 1 1 1 0 1
1 0 1 0 1 1 0 1 0 1 1 0 1 1 0 1 1 0 0 0 1 0 1 1 0 0 0 0 0 0 1 1
1 1 0 1 0 0 0 0 0 0 0 0 1 0 0 1 0 1 0 0 1 0 0 1 1 1 0 1 0 1 1 0
1 0 0 1 0 0 0 0 1 0 0 0 0 1 1 1 1 0 1 1 0 1 0 0 1 0 0 0 0 1 1 1
0 0 0 0 0 1 1 0 1 1 0 0 0 1 1 0 0 0 1 1 1 0 1 0 0 0 1 0 0 1 1 0
1 0 0 1 0 0 1 1 0 1 0 0 0 0 0 1 0 0 1 1 1 1 0 0 0 1 1 0 1 1 1 0
1 1 0 0 1 1 0 0 0 0 1 0 0 0 0 1 0 0 1 1 0 0 0 0 1 1 0 0 1 0 1 1
0 0 0 1 0 0 1 0 0 0 1 0 1 1 1 1 1 0 1 1 0 1 1 1 0 1 1 1 0 1 1 1
1 0 1 1 1 0 0 0 1 1 1 0 1 1 1 0 1 0 0 0 1 1 1 0 1 1 1 0 1 1 1 0
1 1 0 0 1 1 0 0 0 1 0 0 1 0 0 1 1 0 1 0 1 1 1 0 0 1 1 0 0 0 0 0
0 0 1 0 0 1 1 1 1 1 1 1 1 1 0 1 1 0 1 0 1 1 1 1 1 1 1 0 1 0 1 1
0 1 0 1 1 1 1 1 0 0 1 1 1 1 1 1 1 1 0 1 1 0 1 1 0 1 0 1 0 1 1 1
1 0 0 0 1 0 0 0 0 1 0 1 0 1 1 1 0 0 1 1 1 1 1 0 0 0 1 0 0 0 0 1
0 1 0 1 1 1 0 1 0 1 0 1 1 1 1 1 0 1 0 0 1 1 0 1 0 0 0 1 0 1 1 0
1 1 1 1 0 0 1 0 0 1 0 0 1 0 0 0 1 1 1 1 1 0 1 0 1 1 1 0 1 0 1 1
0 1 1 0 1 0 0 0 1 0 0 1 0 1 1 1 1 0 0 1 1 1 1 0 0 1 0 0 0 1 0 1
1 0 0 0 0 0 1 0 1 1 0 0 0 1 0 0 0 1 1 1 1 1 0 1 0 1 1 1 1 1 1 0
0 1 0 0 1 0 0 1 0 1 0 1 0 0 1 0 0 1 1 1 0 0 0 0 1 0 0 0 0 1 1 0
1 1 0 1 1 0 0 1 0 0 1 0 0 1 0 1 1 0 1 0 1 0 0 1 1 1 1 1 0 0 1 1
1 1 1 1 0 1 1 1 0 0 0 0 1 0 0 1 1 0 0 1 0 1 1 1 0 1 1 0 1 0 0 0
0 0 0 0 1 1 1 0 1 1 0 0 0 0 1 1 0 1 1 1 1 1 0 0 0 0 0 1 1 1 1 1
0 1 0 1 0 1 1 1 1 1 1 0 0 1 0 0 1 1 0 0 0 1 1 0 0 0 1 0 0 0 0 1
0 1 0 0 1 0 1 1 1 0 1 0 0 1 0 0 1 0 0 1 1 1 0 0 0 0 0 1 0 1 0 1
0 0 0 0 0 0 0 1 1 1 1 1 0 0 0 0 1 0 1 1 0 1 0 1 0 1 1 0 1 1 0 1
0 1 0 0 0 1 1 1 0 0 0 0 1 0 0 0 0 0 0 0 1 0 1 1 0 1 1 0 1 0 0 0
1 0 1 1 1 0 0 1 0 1 1 1 1 1 1 0 0 1 0 0 0 1 1 1 0 1 0 1 1 0 0 1
0 1 0 0 1 0 0 1 1 0 1 1 1 0 1 0 0 1 1 1 0 1 1 0 1 1 0 1 1 1 0 1
0 0 1 0 0 0 1 1 0 1 0 1 1 1 0 0 1 0 0 0 1 1 1 1 0 1 0 0 1 0 0 1
1 0 0 0 0 0 0 0 1 1 1 0 0 1 0 1 0 0 0 0 0 0 1 1 0 1 1 1 1 0 0 1
1 0 0 1 0 1 1 0 1 0 1 0 1 1 0 0 1 1 1 1 1 0 0 1 1 1 1 1 0 1 1 1
1 1 1 0 1 0 0 1 0 1 1 1 1 1 1 0 1 1 0 1 1 0 0 1 1 1 1 0 1 0 0 1
0 1 1 0 1 1 0 1 1 1 1 0 1 1 0 1 0 1 0 0 1 0 1 0 1 0 1 0 0 1 1 0
0 1 0 1 1 0 0 0 0 1 1 1 0 1 0 1 0 1 0 1 0 0 0 0 0 1 0 1 0 0 1 0
1 0 1 0 1 0 1 0 1 0 0 1 0 1 0 1 0 0 1 0 1 1 1 0 1 0 0 0 1 0 0 1
1 1 1 1 0 0 1 0 0 0 0 1 1 0 0 0 0 1 1 1 0 0 0 0 1 0 0 0 1 1 1 1
1 1 1 0 0 0 0 0 1 0 0 0 1 1 0 0 1 1 0 1 1 0 1 0 0 1 1 1 1 1 1 1
0 0 0 0 1 1 0 1 0 0 0 0 1 0 0 1 1 0 0 1 1 0 0 1 1 0 0 0 0 1 0 0
1 1 0 0 0 1 1 1 1 0 0 1 0 1 1 0 0 1 0 1 0 0 0 1 0 0 1 1 1 1 0 0
1 0 0 0 0 1 1 1 0 1 0 0 1 0 1 0 1 1 1 0 1 1 1 0 0 0 1 1 1 0 1 1
1 1 0 0 0 0 0 0 1 1 0 0 0 0 0 1 1 1 0 0 0 0 1 1 1 0 0 1 1 1 1 0
1 0 0 0 1 0 1 0 0 1 1 0 0 1 1 1 0 0 0 0 0 0 1 1 1 1 0 0 0 1 0 1
1 0 1 1 1 0 0 1 1 1 1 1 0 1 0 1 0 1 1 0 0 0 1 1 0 0 1 0 1 1 1 0
1 0 1 0 1 1 0 1 0 1 1 0 1 0 0 0 1 1 1 1 0 0 1 0 0 1 0 1 0 1 0 0
1 0 1 0 1 0 0 0 1 0 0 1 1 0 0 0 1 1 1 1 1 0 0 1 1 0 0 0 0 0 0 1
0 1 0 0 1 0 0 1 0 0 0 1 0 1 1 0 0 0 1 1 1 0 1 0 1 0 1 0 1 1 1 1
0 0 1 1 0 1 1 0 0 0 1 0 1 0 0 0 0 1 1 1 1 1 0 1 0 0 1 1 1 0 1 0
1 0 1 1 0 0 0 0 0 0 0 0 0 1 0 0 1 1 0 1 0 1 1 0 1 0 0 0 1 1 0 0
1 0 0 0 0 0 0 1 1 1 0 1 1 0 1 0 0 1 1 0 1 0 1 0 0 1 0 0 0 0 1 1
1 0 0 1 0 1 0 0 1 0 0 0 1 0 0 0 0 1 1 0 0 0 0 1 1 0 1 1 1 0 1 1
0 1 1 0 1 1 0 1 1 0 0 0 0 1 0 1 0 0 1 1 1 0 0 1 0 0 1 0 1 0 0 1
0 0 0 1 1 1 1 1 1 0 0 0 1 0 0 1 0 1 0 0 0 1 0 1 0 0 0 0 0 1 1 0
0 1 1 0 1 1 0 0 1 1 0 1 0 1 0 1 0 1 1 0 0 0 0 0 0 0 0 0 0 0 0 0
1 0 0 1 1 0 1 1 0 1 1 1 0 0 0 0 1 0 0 1 0 1 0 1 1 1 0 1 0 1 1 1
1 0 0 0 0 1 0 1 0 1 0 0 0 0 1 0 0 1 1 0 1 0 0 1 1 1 0 0 0 1 1 0
0 0 1 0 1 0 0 1 0 0 1 1 1 0 0 1 1 1 1 0 0 1 1 0 0 1 1 0 1 0 1 1
1 0 0 0 1 1 1 0 0 0 0 0 0 1 1 0 0 1 0 0 1 1 0 1 1 0 1 1 1 1 1 1
0 0 1 0 1 1 1 1 1 1 0 0 0 0 1 0 1 0 0 1 0 1 1 0 0 0 0 1 1 0 1 0
1 0 1 0 0 1 0 1 0 0 1 1 0 1 0 1 1 0 0 0 0 0 0 0 0 1 0 1 0 1 0 1
1 1 0 1 1 0 0 0 0 0 0 0 1 1 0 1 1 0 0 0 1 0 1 1 1 0 1 1 1 0 1 0
1 0 1 0 0 1 1 0 0 0 0 0 0 0 0 0 0 0 0 0 1 1 0 0 0 0 1 0 0 0 0 0
0 0 0 1 1 1 1 0 0 1 1 1 0 0 0 1 0 0 0 1 0 1 0 0 1 1 1 1 0 1 1 1
1 1 1 0 1 0 0 1 0 0 0 1 1 0 0 1 1 0 0 1 0 0 0 1 0 1 1 0 0 1 1 1
0 1 1 0 0 0 0 1 1 1 1 0 0 1 1 1 0 0 1 0 1 1 0 1 0 1 0 0 1 1 0 0
0 1 1 1 0 0 0 0 1 0 0 1 1 0 1 1 0 1 0 1 0 0 0 0 0 1 0 0 1 0 0 0
1 0 0 1 0 1 0 1 0 0 1 1 1 1 0 0 1 0 1 0 0 1 1 0 0 1 0 1 1 0 1 1
1 0 0 0 1 1 1 0 1 0 0 0 1 1 0 0 1 1 0 0 1 1 1 1 1 0 0 0 0 1 0 1
1 0 0 1 0 1 1 1 1 0 1 1 0 0 1 1 0 0 0 1 1 1 0 1 1 0 0 1 1 0 0 1
0 0 0 1 1 1 1 1 1 1 1 0 0 0 0 0 1 0 1 1 1 0 0 0 1 0 0 1 1 1 1 0
0 0 0 1 0 0 1 0 1 1 0 1 1 0 1 1 1 1 0 1 1 1 1 0 0 1 0 1 0 1 1 1
0 0 1 0 1 1 1 1 0 0 0 0 0 1 0 1 0 1 0 0 1 0 1 0 1 1 0 1 1 0 0 0
1 0 1 1 1 0 0 1 0 0 1 1 0 1 0 0 0 1 0 0 1 0 1 1 0 0 0 0 0 0 1 1
0 0 0 1 0 1 1 0 1 0 0 1 0 1 0 1 1 1 1 0 1 0 0 0 0 0 1 1 1 0 1 1
0 0 1 0 1 1 0 0 0 1 1 1 1 0 0 0 1 0 0 1 0 0 0 1 0 1 1 0 0 1 1 0
1 1 0 1 0 0 1 0 1 1 1 1 0 0 1 0 1 0 1 0 0 1 0 0 0 0 1 0 1 1 1 0
1 1 0 1 1 0 0 0 1 0 1 1 0 0 0 0 0 0 0 0 0 1 0 1 0 1 1 0 1 0 1 0
0 0 1 1 1 1 0 1 1 0 0 0 0 0 1 0 0 0 0 0 1 1 1 0 1 0 1 0 1 0 1 0
0 1 0 0 0 0 1 0 0 0 0 1 0 0 1 1 1 1 1 0 1 0 1 1 0 0 0 1 0 1 1 1
1 0 0 1 0 0 0 0 1 1 0 1 0 0 0 1 0 1 0 0 1 1 1 1 0 1 1 1 1 0 0 1
0 1 1 1 0 1 0 1 0 1 0 1 0 0 0 1 1 0 0 1 1 0 0 1 1 1 0 1 0 1 0 1
1 1 0 1 0 0 1 1 0 1 0 0 1 1 1 0 1 0 0 1 1 1 0 1 0 0 0 0 0 0 1 1
1 0 0 0 0 1 1 1 0 0 0 1 0 0 0 1 1 1 0 1 0 0 1 1 0 1 1 0 1 0 0 0
0 1 1 0 1 0 1 0 1 0 0 1 0 1 1 1 1 1 0 0 0 0 0 0 0 1 0 1 0 0 0 1
1 1 1 0 0 0 0 1 1 1 1 0 0 0 0 0 0 1 1 1 1 1 0 0 0 1 1 1 1 0 0 0
1 1 0 0 0 1 0 0 0 1 0 0 1 1 0 1 0 1 1 1 1 1 1 1 0 0 0 0 0 1 1 1
0 0 1 0 0 1 1 1 0 1 1 0 0 1 1 0 0 0 0 1 0 0 1 1 0 0 1 0 1 0 1 1
1 0 0 0 1 1 1 1 1 1 0 1 1 0 1 0 0 1 1 0 0 0 1 0 0 0 1 1 1 0 1 0
0 0 1 0 1 0 1 0 0 1 0 0 1 0 1 0 0 1 0 0 0 1 1 1 1 1 0 1 0 0 0 0
0 1 0 1 0 0 0 0 0 0 1 0 1 1 0 0 1 1 1 1 0 0 1 1 0 0 0 1 0 1 1 0
1 0 0 1 0 1 0 0 0 0 0 0 1 1 1 1 1 1 0 0 0 1 0 1 1 0 1 1 1 1 1 0
1 0 0 1 0 0 0 1 1 1 1 0 1 1 0 1 0 1 0 1 0 1 1 0 1 1 0 0 1 0 1 1
1 0 1 0 0 1 0 1 1 0 1 1 0 1 1 0 0 0 0 1 1 0 1 1 1 1 1 1 1 0 0 0
1 0 0 1 0 0 0 1 1 0 1 1 0 0 1 0 1 1 0 1 0 0 0 1 1 0 1 0 0 0 0 0
0 1 0 0 0 0 1 0 1 0 1 0 0 1 0 1 1 0 0 0 1 0 1 1 1 0 1 0 0 0 0 0
0 0 0 0 0 0 1 0 0 0 1 1 0 1 0 0 1 0 1 0 0 1 1 1 0 1 1 0 0 1 1 1
1 0 1 0 0 0 0 1 1 1 1 0 0 0 1 0 1 1 0 0 1 1 1 0 1 1 1 0 1 0 0 1
0 1 1 0 1 1 1 1 0 0 0 0 0 0 0 0 1 0 1 1 0 1 1 0 0 0 1 1 0 0 1 1
0 0 1 1 1 0 0 1 0 0 0 1 1 1 0 0 1 0 0 1 0 0 1 0 1 0 1 1 0 0 0 1
0 0 0 1 1 0 0 1 1 1 0 0 1 1 0 1 0 1 0 1 1 0 0 0 0 1 1 0 0 0 0 1
0 0 1 1 1 0 0 0 1 0 1 1 0 0 1 0 0 0 0 1 1 0 0 1 1 0 1 0 1 1 1 0
1 1 1 0 0 0 1 1 0 0 1 0 0 1 0 1 1 1 1 1 1 1 1 0 1 0 0 0 0 0 0 1
1 0 1 1 0 1 1 0 0 0 0 1 0 1 1 1 1 0 1 1 0 0 1 0 0 0 0 0 0 1 0 0
1 0 1 1 1 1 0 0 1 1 1 1 1 1 1 0 1 1 1 0 0 0 1 1 0 1 0 0 0 0 0 0
0 0 0 1 1 0 0 1 1 1 1 1 0 0 1 1 0 0 0 1 0 0 0 1 1 0 1 0 0 1 1 1
0 1 1 1 0 1 1 0 0 0 0 1 1 0 1 0 1 0 1 0 0 0 0 0 0 0 1 1 0 0 1 1
0 0 1 0 1 0 1 1 1 0 0 1 1 0 0 0 1 0 1 1 0 1 0 1 1 1 0 1 1 0 1 0
1 0 1 0 0 1 1 0 1 1 1 1 1 1 0 1 1 0 0 1 0 0 0 1 1 0 0 1 0 0 0 1
0 0 0 0 1 1 0 0 0 0 0 0 1 0 1 0 0 0 0 1 1 0 0 0 1 1 0 1 1 0 1 0
0 1 0 1 0 1 0 0 0 1 1 1 0 1 0 1 1 0 1 0 0 0 0 0 0 1 1 0 1 1 1 0
0 1 0 0 0 0 1 1 1 1 0 0 0 0 0 0 0 0 1 0 0 0 1 1 1 0 1 1 0 0 0 1
0 1 0 1 0 0 0 1 0 0 1 1 0 0 1 1 1 1 0 0 1 0 1 1 1 0 0 0 0 1 0 0
1 0 1 0 1 0 1 0 0 1 1 0 0 0 1 1 0 1 1 1 1 1 1 1 1 0 0 1 0 0 1 1
1 0 1 0 1 1 1 1 0 1 1 0 1 1 1 0 1 0 1 0 1 1 0 1 0 1 0 1 0 0 0 1
1 0 1 1 1 1 1 1 1 0 1 0 1 0 1 1 0 0 0 0 1 0 1 1 1 0 0 1 1 0 0 0
0 1 0 0 0 1 0 1 1 1 1 1 0 0 1 0 1 0 1 0 0 0 0 0 0 1 1 1 0 0 1 1
1 1 1 0 1 0 0 0 1 1 1 0 1 1 0 1 0 1 0 1 0 1 1 1 0 0 1 0 0 1 1 1
0 1 1 0 0 0 0 0 0 1 0 0 0 1 0 1 1 1 1 0 0 0 0 0 1 0 0 1 0 1 1 0
0 0 1 0 1 1 1 0 0 1 1 1 0 1 0 0 1 0 0 0 0 0 0 0 0 0 1 0 0 1 1 1
0 0 0 0 0 1 0 1 1 0 0 0 0 1 1 1 1 1 1 1 0 1 1 0 1 1 1 0 0 1 0 0
1 0 1 0 0 1 0 0 0 0 1 1 0 1 1 0 0 1 1 0 1 1 1 1 1 1 1 0 1 1 0 1
1 1 1 0 1 1 0 1 1 0 1 1 1 1 1 1 0 1 1 0 0 1 1 0 1 1 0 1 1 1 0 1
1 0 1 1 1 0 1 0 1 0 0 0 0 1 1 0 1 1 0 1 0 1 0 1 1 0 1 1 1 0 0 1
1 1 1 0 1 0 0 0 0 0 0 1 1 1 1 1 1 1 0 1 0 1 1 1 1 1 1 1 1 1 1 0
1 1 1 1 0 0 0 1 0 0 0 0 0 1 0 1 0 0 1 1 0 1 0 1 0 1 1 1 0 0 0 0
1 1 1 1 1 0 1 0 1 0 1 0 0 1 0 0 1 1 0 0 1 0 0 1 0 1 0 0 1 0 1 1
1 1 0 1 0 1 1 1 0 1 0 0 0 0 0 0 1 0 1 1 1 0 1 1 1 1 1 0 0 1 1 1
0 0 0 0 1 0 1 0 1 1 0 1 0 1 0 0 1 1 0 1 0 0 1 1 1 1 1 1 1 0 1 1
0 1 0 1 1 0 1 1 1 1 1 0 1 1 0 0 1 0 1 1 1 1 0 0 1 0 0 0 0 1 0 0
0 1 1 1 1 1 1 1 1 1 0 1 0 1 1 0 0 1 1 0 1 1 0 0 0 1 0 1 1 1 0 0
0 1 0 0 1 0 0 0 1 1 0 1 1 1 1 0 0 0 1 0 1 0 1 0 0 1 1 1 0 1 0 0
0 1 0 0 0 0 1 0 1 1 1 1 0 0 1 0 1 0 1 0 1 0 0 0 0 0 1 0 0 1 0 1
0 1 0 1 1 0 1 0 1 1 1 1 1 0 0 0 0 0 1 0 0 1 0 0 0 0 1 0 0 1 1 1
1 1 1 0 0 0 1 1 1 0 0 1 1 0 1 1 1 0 1 0 0 0 1 0 1 0 0 0 0 0 1 1
1 0 1 1 0 1 0 0 0 1 1 1 1 0 0 0 1 0 0 1 1 0 1 1 1 0 1 0 0 0 1 1
1 0 0 1 0 1 0 1 0 1 0 0 0 1 0 0 1 1 1 0 0 1 1 1 1 1 1 1 1 0 1 1
1 0 1 1 1 1 1 1 1 1 1 0 1 0 1 0 1 1 1 0 1 1 0 0 0 0 1 1 1 1 1 0
1 0 0 1 1 0 0 0 1 1 0 0 1 1 0 1 1 0 1 0 0 1 1 1 1 1 1 0 1 0 1 1
1 1 0 0 1 1 0 0 0 0 0 1 1 0 1 1 1 0 1 1 0 1 1 0 1 0 1 0 1 1 1 1
0 0 0 1 0 0 1 0 0 0 0 1 1 1 0 1 1 1 1 1 0 1 0 1 1 0 0 0 1 1 0 1
1 1 1 1 1 0 0 0 0 0 0 0 1 1 0 1 0 1 1 1 1 1 0 0 0 1 0 0 1 1 1 0
0 1 1 0 0 0 1 1 0 0 0 0 1 1 1 1 0 0 1 1 1 0 0 0 0 0 0 1 0 1 1 0
1 1 1 0 0 1 0 1 1 1 1 0 0 1 1 0 0 0 1 1 1 1 0 0 0 1 1 0 1 0 0 0
0 0 0 1 1 1 1 1 1 0 1 0 1 1 0 0 1 1 1 0 0 0 0 0 0 0 0 1 0 1 1 1
0 0 0 0 1 1 0 0 0 1 0 0 1 1 1 0 1 1 1 0 0 0 1 1 0 1 0 0 0 0 1 0
0 0 1 1 1 0 1 1 0 1 1 1 0 1 1 1 0 0 0 0 0 0 1 0 0 1 1 0 1 1 1 0
1 1 1 0 0 0 0 0 0 1 1 1 1 1 0 0 0 0 1 0 0 1 0 0 0 1 1 0 0 0 1 0
0 0 1 0 0 0 1 0 1 1 1 0 0 1 0 0 1 0 1 1 0 0 0 0 0 1 1 1 1 1 0 0
1 1 0 0 0 1 0 0 0 0 1 0 0 0 1 1 0 0 1 0 1 1 0 1 1 0 1 0 0 0 0 0
1 0 0 1 0 1 0 0 0 0 0 0 1 1 0 1 0 0 0 1 0 1 1 0 1 0 1 0 1 1 0 1
1 0 1 0 0 1 0 1 1 0 1 1 0 0 0 0 1 1 0 1 1 0 1 0 0 1 0 0 1 1 1 1
1 0 0 1 1 0 1 1 0 0 1 0 0 0 0 1 0 1 1 0 0 0 1 1 0 1 1 0 1 1 0 0
1 1 1 0 0 0 0 0 1 0 0 0 1 0 1 0 0 0 0 1 1 0 0 1 0 1 1 0 1 0 1 0
0 0 1 1 0 0 1 0 0 1 0 0 1 1 0 1 1 0 0 1 1 0 0 1 1 1 1 1 1 1 1 1
0 1 1 1 0 1 0 0 0 0 1 1 0 0 0 0 0 0 0 0 0 0 0 1 0 0 0 1 1 1 0 1
1 0 1 0 0 0 1 0 1 1 1 0 0 1 1 1 1 1 1 1 1 0 0 0 1 0 0 0 0 1 1 0
1 0 1 0 0 1 1 0 0 0 1 0 0 1 1 1 1 0 1 0 0 0 1 1 0 1 0 1 0 1 1 1
0 0 0 0 1 1 1 1 0 0 0 0 0 0 0 1 1 0 0 1 0 1 1 1 0 1 0 0 1 0 0 1
0 1 0 1 1 1 1 1 0 1 1 1 1 1 1 1 0 0 1 0 1 1 0 0 0 1 1 0 1 1 1 1
0 1 1 0 1 0 1 0 0 1 0 1 1 0 1 0 0 1 0 0 1 1 1 1 1 1 0 1 1 0 1 0
1 0 1 1 1 1 1 1 1 0 0 1 1 0 1 1 1 1 1 1 1 0 0 1 0 1 1 0 1 1 1 0
1 0 1 0 0 0 0 0 1 0 1 1 1 1 1 0 0 1 1 1 0 0 0 0 0 0 1 0 1 0 0 0
0 1 1 0 1 1 0 1 0 1 0 1 0 1 1 1 1 1 0 1 1 0 0 0 1 1 1 0 0 0 0 1
0 0 0 1 1 1 0 0 1 1 0 0 1 1 1 0 1 0 1 0 1 1 1 0 1 1 1 0 0 1 0 1
1 1 0 1 0 0 0 0 1 1 0 1 0 1 0 1 0 1 1 1 0 0 1 0 0 1 1 1 0 1 1 1
1 0 0 0 1 1 0 0 0 0 1 1 0 1 1 1 1 1 1 0 0 0 0 1 1 0 1 0 0 0 0 1
1 0 1 1 0 0 1 1 1 1 1 1 0 1 0 1 1 0 1 0 0 0 1 0 0 1 0 1 0 1 0 1
0 1 0 1 0 1 0 1 1 0 0 1 1 0 1 0 0 1 0 0 1 0 0 0 1 0 0 1 0 1 1 1
0 1 0 0 0 0 0 1 1 0 1 0 1 1 0 1 0 0 0 0 0 0 1 1 0 1 1 0 0 0 1 1
0 1 1 1 1 1 1 0 1 1 1 0 0 1 0 1 0 0 1 0 1 0 0 1 1 1 1 0 1 0 0 0
1 1 1 1 0 0 0 0 1 1 0 0 1 1 1 1 1 0 1 1 0 1 1 1 0 1 1 1 1 0 0 1
0 1 0 1 1 0 1 1 1 1 1 0 1 1 1 0 0 0 1 0 0 0 0 0 0 1 1 0 1 1 1 0
0 0 0 0 1 1 1 0 0 1 0 1 0 1 1 0 0 1 0 0 1 0 1 0 0 0 0 0 0 0 1 0
0 1 0 0 0 1 0 1 0 1 1 1 0 0 0 0 0 1 1 1 0 0 1 1 1 0 0 0 1 1 1 0
1 1 0 1 0 0 0 1 1 0 1 0 1 0 0 0 0 1 0 1 0 0 1 0 0 1 1 0 1 0 0 0
0 1 1 1 0 0 0 1 1 0 0 1 1 0 1 0 1 1 1 0 0 0 0 0 0 1 0 1 1 0 1 1
1 1 0 0 1 0 0 1 1 1 1 1 1 1 0 1 0 1 0 1 0 1 1 1 1 1 1 0 0 1 1 0
0 1 1 1 1 0 1 1 0 0 0 0 1 0 0 0 0 1 1 0 1 0 1 0 0 1 1 0 1 0 1 0
0 1 0 0 0 0 0 0 1 1 0 1 1 1 1 1 0 0 1 1 0 1 0 1 1 0 1 0 0 0 1 1
1 1 1 1 1 0 0 1 1 0 1 1 1 1 1 1 1 0 1 0 1 1 0 1 0 1 1 0 1 0 1 0
0 0 1 0 0 1 0 1 0 1 1 1 0 0 0 1 0 0 1 1 0 1 0 0 1 1 0 0 1 0 0 0
0 1 1 0 0 1 0 1 1 0 0 1 0 0 0 1 0 0 0 1 0 0 1 1 0 1 0 0 0 0 0 0
1 1 0 1 1 0 1 0 1 1 0 1 1 0 0 0 1 0 0 0 1 1 1 0 0 1 1 1 0 1 1 0
1 1 0 1 1 1 0 0 1 0 1 1 0 1 0 1 1 0 0 1 0 0 1 0 1 1 1 0 1 0 0 0
0 0 1 0 0 1 1 0 1 1 1 1 1 0 0 0 1 1 0 0 0 0 0 1 1 1 1 0 1 1 1 0
1 1 1 1 1 0 1 0 0 1 0 0 0 0 0 0 1 1 0 1 1 0 0 1 1 1 0 1 0 1 1 1
0 0 0 0 1 0 0 1 1 0 1 0 1 1 1 1 0 1 1 1 0 0 0 1 1 1 1 0 0 1 0 1
0 1 1 1 1 1 0 0 1 0 1 0 0 1 1 0 0 1 1 1 0 1 0 0 0 1 1 1 0 0 0 0
1 0 0 1 1 1 1 0 0 1 0 1 1 1 0 0 1 1 0 0 0 0 1 1 1 0 1 0 0 1 1 1
0 1 1 0 1 1 0 1 0 0 0 0 1 0 1 1 0 0 1 1 1 0 1 0 1 0 0 0 1 1 0 1
1 1 1 0 1 1 0 0 0 1 0 1 1 1 1 1 1 0 0 0 0 1 0 0 1 0 1 0 1 1 0 1
0 1 1 1 0 1 1 1 0 1 0 0 0 0 0 1 1 1 1 1 1 1 1 0 0 1 0 1 0 1 0 1
0 1 0 1 0 1 1 0 0 0 1 0 1 0 0 0 1 1 1 0 0 1 1 0 1 1 0 0 0 1 0 1
1 0 1 1 1 1 0 1 0 1 0 0 1 1 1 1 0 1 0 1 1 0 0 1 0 1 1 0 1 0 0 1
0 0 1 1 0 1 1 1 0 0 1 1 1 0 0 1 0 1 0 1 0 0 0 0 1 1 1 1 0 1 1 1
0 1 1 1 0 0 0 1 0 0 1 0 0 1 1 0 0 1 0 1 1 1 1 1 1 0 0 0 0 1 1 0
1 0 1 1 0 0 1 0 0 0 1 0 0 0 0 0 1 1 0 1 0 1 1 1 1 0 1 1 0 1 1 0
0 1 1 1 1 0 1 1 0 1 0 0 1 0 1 1 1 0 0 0 1 0 0 0 0 1 0 0 1 1 0 1
0 0 1 0 0 0 0 0 1 1 0 1 0 0 0 0 1 1 1 1 0 1 1 0 1 1 0 0 1 1 1 1
1 0 0 1 0 1 1 0 1 1 1 0 0 0 0 1 0 1 0 1 0 0 0 0 1 1 0 0 1 1 1 0
1 0 0 0 1 0 0 1 1 0 1 0 1 0 0 0 1 0 0 0 0 1 1 1 0 0 0 0 1 1 0 0
1 1 1 1 0 0 1 0 1 1 1 1 0 1 0 0 0 0 0 1 0 0 0 1 0 1 0 1 0 0 0 1
1 0 1 0 0 1 1 0 1 1 1 0 1 1 0 0 1 1 0 1 0 1 0 0 1 0 0 1 0 1 1 0
0 1 1 1 1 1 0 1 1 1 0 1 1 0 0 1 1 1 0 1 0 0 0 0 0 1 1 0 0 0 0 0
0 1 0 1 0 0 1 1 1 1 1 1 0 0 1 0 0 1 0 0 1 1 0 1 1 0 1 1 1 0 0 0
1 1 0 0 0 1 1 0 0 0 1 0 1 0 1 0 0 1 0 1 1 0 0 1 0 0 0 1 0 0 0 0
1 1 1 1 1 1 0 0 0 1 1 1 1 1 0 1 0 0 0 1 1 0 1 1 0 0 1 1 0 0 1 1
1 1 1 1 0 1 1 1 1 1 0 1 0 1 1 0 0 0 1 0 0 1 1 0 0 1 0 0 0 0 0 1
0 0 0 1 0 0 1 0 0 1 0 1 0 1 1 1 1 1 1 1 1 0 1 0 0 0 1 1 1 0 0 0
0 0 1 1 1 0 0 0 1 0 1 1 0 0 1 0 1 0 1 0 1 1 1 1 0 0 1 0 1 0 1 0
1 0 1 0 1 0 1 0 0 0 1 1 1 0 0 0 1 0 0 0 1 1 1 1 1 1 0 1 1 0 0 1
0 0 0 1 1 0 1 0 1 0 0 1 1 0 0 0 0 1 1 0 0 0 0 0 1 1 0 0 0 1 0 1
0 0 0 0 0 1 1 1 1 1 0 1 1 1 0 1 1 1 0 1 1 0 0 1 0 1 0 1 1 1 0 1
1 1 1 0 0 0 0 0 0 1 0 1 0 1 1 1 0 0 0 1 1 0 0 0 0 1 1 0 1 1 0 1
1 1 0 1 1 0 1 1 1 0 1 1 0 1 1 1 0 0 1 0 1 1 1 1 0 0 0 1 0 0 0 0
1 0 0 0 1 1 0 0 0 1 1 0 0 0 0 0 1 1 0 1 1 0 0 1 1 0 0 1 1 0 0 1
1 0 1 1 1 1 1 1 0 1 1 0 0 0 1 0 1 0 0 0 0 0 0 0 0 0 1 0 0 0 0 0
0 0 1 0 0 0 1 1 0 1 0 0 1 0 1 0 0 0 0 1 0 1 0 0 1 0 1 1 0 0 0 1
1 1 0 0 0 1 0 1 1 0 0 1 0 1 1 0 1 1 0 0 0 0 0 1 1 1 1 1 0 0 1 1
0 0 0 1 0 0 0 0 1 1 1 1 1 0 1 0 0 0 0 1 1 0 1 0 1 0 1 0 1 0 0 1
0 0 1 1 0 1 0 0 0 1 0 0 1 1 1 0 1 0 0 1 0 0 0 0 1 1 1 1 1 0 0 1
1 1 0 0 0 1 0 1 1 1 1 0 0 1 0 1 1 0 1 1 1 1 0 1 0 0 0 1 1 0 1 1
0 0 0 1 1 0 0 1 0 1 1 0 1 0 1 1 0 0 1 0 1 0 0 1 1 0 1 0 0 1 1 1
0 0 1 1 1 0 1 0 0 0 0 0 1 1 1 1 1 1 1 1 0 1 1 1 0 1 1 1 0 1 0 1
0 1 1 0 1 1 0 1 1 0 1 1 1 1 1 0 1 0 0 1 1 0 1 0 1 0 1 0 1 0 0 0
1 0 0 0 0 1 1 0 0 0 0 1 0 0 0 0 0 0 1 0 0 0 0 0 0 0 1 1 0 1 1 1
0 1 0 0 0 1 0 0 0 1 0 1 1 1 0 1 0 0 0 0 1 1 0 0 1 1 1 1 1 0 0 1
1 1 0 0 1 1 0 0 1 0 0 0 1 0 0 0 0 0 0 1 1 1 0 0 1 0 1 0 1 1 0 0
0 0 0 1 0 0 0 1 0 0 1 0 1 0 0 0 0 1 0 0 0 1 0 1 0 0 1 0 0 1 0 1
1 1 1 0 1 1 1 1 0 1 0 0 0 0 1 1 1 1 1 0 0 0 1 0 1 0 1 1 0 0 1 0
0 0 0 1 1 1 0 1 0 0 0 1 1 0 0 0 0 0 1 0 1 1 1 1 1 0 1 1 1 0 1 1
1 0 1 0 1 0 0 1 1 1 1 1 1 1 0 0 0 0 0 1 1 1 1 1 0 1 1 1 0 1 0 1
1 1 0 1 1 0 1 1 1 0 0 1 0 1 0 1 1 0 1 1 1 0 0 1 1 0 0 1 1 1 1 0
1 0 0 1 1 1 1 0 1 0 1 1 1 0 1 1 1 1 0 1 0 1 0 1 1 0 1 0 0 1 0 1
0 0 0 0 1 0 0 1 0 0 1 0 0 0 1 1 1 0 1 0 0 0 0 1 0 0 0 0 0 1 0 0
1 1 0 1 0 1 0 1 0 0 1 1 1 0 1 0 0 1 0 1 0 1 1 1 0 1 1 1 0 0 1 1
0 0 0 0 0 1 1 0 1 1 1 1 0 0 1 1 0 1 1 0 0 0 1 1 0 1 1 0 0 0 1 1
0 1 0 1 0 1 0 0 1 0 0 0 0 1 1 0 0 0 0 0 0 0 1 1 1 0 1 0 0 1 1 0
0 1 1 1 0 0 1 0 0 0 0 0 1 1 0 0 1 0 0 1 0 1 1 1 0 1 1 0 0 1 1 0
1 0 1 0 1 0 0 1 1 1 0 1 1 0 0 1 0 0 1 0 1 1 1 0 0 0 1 0 0 1 0 1
1 1 0 1 1 0 1 1 0 0 1 1 0 0 0 0 0 0 0 0 1 1 1 1 1 1 1 1 1 0 1 0
0 0 1 0 0 1 0 0 1 0 0 1 1 1 0 1 0 0 1 1 1 0 0 1 1 1 1 0 0 0 1 1
1 1 0 0 1 0 1 0 1 1 1 0 1 1 0 0 1 0 1 1 0 1 1 1 0 0 0 0 0 0 0 1
0 0 0 0 0 0 1 0 0 0 1 1 1 1 1 0 0 1 1 1 0 1 1 1 0 1 1 0 0 0 0 0
0 1 1 1 1 1 1 0 0 0 1 1 0 1 1 1 1 1 0 0 1 0 1 1 0 0 1 1 1 0 0 1
0 1 1 0 0 1 0 0 0 1 1 0 1 1 1 1 1 1 0 1 0 1 0 1 1 1 0 0 1 0 0 1
0 0 1 1 0 0 1 1 0 0 0 0 1 0 1 1 1 0 0 0 0 1 0 0 1 0 0 1 1 1 0 0
1 1 0 0 0 0 1 1 1 0 1 0 1 1 0 1 0 1 1 0 1 0 1 1 0 1 1 0 0 0 1 1
0 1 1 0 1 1 1 1 1 0 1 0 0 1 1 1 0 0 0 1 1 1 1 0 1 1 1 1 1 1 1 1
1 1 1 0 1 1 1 0 1 1 1 0 0 0 0 1 1 0 1 0 1 1 0 1 1 0 1 1 1 1 1 0
0 1 0 0 0 0 0 1 1 0 1 1 1 0 0 0 0 0 1 1 0 1 1 0 1 0 1 1 1 0 1 1
0 1 1 1 1 0 1 1 0 0 0 0 1 1 1 1 0 1 0 1 0 1 0 0 0 1 0 0 1 0 0 1
1 0 0 0 1 1 0 1 1 0 0 1 1 1 0 1 1 1 0 1 1 1 1 1 1 1 0 1 0 1 0 1
1 0 1 1 0 1 1 1 1 0 1 1 0 0 1 1 0 1 1 1 1 0 0 0 1 0 1 0 0 0 1 1
1 1 1 0 0 0 0 0 1 1 1 1 1 0 1 1 1 1 0 0 0 0 1 1 1 1 0 1 1 0 0 1
0 0 0 1 0 0 1 1 0 1 1 1 1 1 0 0 1 1 0 0 1 0 0 0 0 0 1 0 1 1 1 0
0 1 1 1 0 0 1 0 1 1 1 1 1 1 1 0 1 1 0 1 1 0 0 1 0 1 1 1 1 0 1 0
1 0 0 0 1 0 0 0 0 1 1 1 0 0 1 1 0 1 0 0 0 1 0 1 0 0 1 1 1 1 0 0
1 0 0 1 0 1 0 1 0 0 0 0 0 0 0 0 0 1 0 1 0 1 0 0 1 0 1 0 1 0 1 1
1 0 1 1 0 0 0 0 0 1 0 1 0 1 1 0 1 1 1 1 0 1 0 1 0 0 0 1 0 1 0 0
0 1 0 0 0 1 1 0 1 0 0 0 1 0 1 0 1 1 0 0 1 0 0 1 1 1 1 1 1 0 0 1
0 1 1 1 1 0 1 1 0 0 0 0 0 0 1 0 0 0 0 0 1 1 1 1 1 1 0 0 1 1 1 1
0 1 1 1 1 0 1 1 0 0 1 1 1 0 0 0 0 0 0 0 1 1 0 0 0 1 0 1 1 1 0 1
1 0 1 0 0 0 1 0 1 0 0 0 1 1 1 1 0 1 1 0 1 0 1 1 1 0 1 0 0 0 1 0
0 0 0 1 0 0 0 1 0 0 0 0 0 1 1 0 0 1 0 0 0 0 0 0 1 1 0 1 1 1 0 1
1 0 0 1 1 0 0 0 0 0 1 0 1 1 0 0 0 0 1 1 0 1 1 1 1 0 1 1 1 0 1 1
1 1 1 1 0 0 0 1 1 0 0 1 1 1 1 1 0 0 0 0 0 0 0 0 1 1 0 1 1 1 1 1
0 0 0 1 0 0 1 0 0 1 0 0 1 1 0 0 1 0 0 0 1 0 0 0 1 1 1 1 0 1 1 1
1 0 0 0 1 0 0 0 0 1 1 0 1 0 0 1 1 0 1 1 1 1 1 0 0 1 1 1 1 1 1 0
0 0 0 0 0 1 0 0 1 0 1 1 1 0 0 0 0 0 0 0 0 1 1 0 0 1 1 0 0 1 1 0
0 1 0 0 1 0 1 0 0 1 1 0 0 0 0 1 1 1 0 1 0 0 0 0 0 0 0 1 1 1 1 1
0 0 0 1 1 1 1 1 0 0 0 1 1 0 0 0 0 0 0 1 0 1 0 0 1 1 0 1 0 0 0 1
1 0 1 0 1 1 0 0 0 0 0 0 1 1 0 1 1 1 1 1 0 1 0 0 0 0 0 1 1 1 0 1
1 1 1 1 1 0 1 1 1 1 1 1 0 1 0 0 1 0 0 0 0 1 0 1 0 0 1 1 0 1 1 1
1 1 0 0 0 1 0 1 1 0 1 0 0 1 0 1 1 0 1 0 1 0 0 1 1 1 1 0 0 0 0 1
0 1 1 1 1 1 1 0 1 0 1 0 0 0 0 0 0 1 1 0 1 1 1 1 0 0 1 1 0 0 1 1
1 0 0 1 0 1 0 1 0 0 1 0 0 1 1 0 1 1 1 0 1 1 0 0 1 1 0 0 0 0 0 0
0 0 1 0 0 1 1 0 1 0 0 1 1 0 0 1 0 1 0 0 1 1 1 0 0 0 1 0 1 0 0 1
0 1 0 0 0 0 1 1 1 0 1 1 0 0 0 1 0 1 0 0 0 0 1 1 1 1 1 0 0 1 0 1
0 1 0 1 1 0 0 0 0 1 0 1 1 0 1 0 1 1 0 1 0 0 1 1 0 1 1 0 0 0 0 0
1 0 1 1 1 0 1 0 0 1 1 0 0 0 0 0 1 1 0 1 0 0 1 0 1 0 0 0 0 1 1 0
0 1 0 0 1 1 0 1 0 1 0 1 0 1 0 1 0 0 0 1 1 1 1 0 1 0 1 0 0 1 1 0
0 0 1 1 1 1 1 1 1 0 0 0 1 0 0 0 1 0 1 1 0 1 0 1 0 0 0 0 0 0 1 1
0 1 0 1 0 0 1 0 0 0 1 1 1 1 0 1 1 1 0 0 1 0 1 0 0 1 1 1 1 0 1 0
1 0 1 0 1 1 1 1 1 0 1 0 0 0 0 0 1 0 1 1 1 0 1 1 1 0 0 1 0 1 0 0
0 0 1 1 0 0 1 0 1 0 1 0 1 0 1 1 0 1 0 1 1 0 1 0 0 1 1 1 1 1 0 1
0 1 0 0 1 0 0 0 1 0 0 0 0 0 1 1 1 1 1 0 0 0 0 0 0 0 0 1 0 0 1 1
1 1 1 0 1 1 0 0 1 0 1 1 1 1 1 0 1 1 1 0 1 0 1 1 1 0 0 0 1 1 0 1
1 0 1 1 1 0 1 1 1 1 0 0 0 0 0 0 0 1 1 0 1 0 1 0 0 1 1 1 0 1 0 0
1 0 1 1 0 0 1 0 0 0 1 1 0 1 1 1 0 0 0 1 1 0 0 0 0 1 0 0 0 0 0 0
0 0 1 1 0 1 0 1 1 1 0 1 0 0 0 0 1 0 0 0 1 1 1 1 1 1 0 0 1 0 1 0
1 0 1 0 1 0 0 1 0 0 1 1 1 0 1 1 0 0 0 0 1 1 1 0 1 0 1 0 0 1 0 0
0 0 1 0 1 1 1 1 1 0 1 1 1 1 1 0 1 0 1 0 1 0 0 1 1 0 0 1 0 0 1 1
0 1 0 0 1 0 0 1 1 1 0 0 1 1 0 1 0 0 0 1 1 0 1 1 1 0 1 0 0 0 0 1
0 0 1 0 0 0 1 0 0 1 0 0 1 1 0 0 1 0 0 1 0 0 1 1 1 1 1 1 0 1 0 1
1 0 1 1 1 1 1 0 1 0 1 1 0 1 1 1 1 1 1 0 0 0 1 1 1 1 1 1 1 0 0 0
1 1 0 0 1 1 1 1 0 0 0 1 1 0 0 0 0 0 0 0 1 0 1 1 0 1 0 0 1 0 0 0
0 0 1 1 1 1 0 1 1 0 1 0 0 1 0 0 1 1 0 0 0 0 0 1 1 1 0 1 1 0 1 0
0 0 0 0 1 0 0 0 0 0 0 1 0 1 0 1 0 0 0 1 0 0 1 0 0 0 0 0 0 0 1 0
1 0 0 0 0 0 0 1 1 1 1 1 1 0 0 1 1 1 0 0 1 1 1 1 1 1 0 1 1 0 0 1
1 1 1 0 0 0 1 1 0 1 0 0 0 1 1 1 0 1 1 0 0 1 1 0 0 0 1 0 1 0 0 0
0 0 1 1 0 0 0 0 1 0 1 1 0 1 0 0 1 1 1 1 1 1 0 0 1 1 1 1 1 1 1 1
1 0 1 0 0 0 1 1 1 1 0 1 1 1 1 0 0 0 0 1 0 0 0 1 0 0 1 1 0 0 0 0
1 0 0 1 0 0 1 1 1 1 0 1 0 1 0 1 0 1 1 0 1 0 0 1 1 1 1 0 1 1 1 0
1 1 0 0 0 0 1 1 0 0 1 0 0 1 0 0 1 1 0 0 0 1 1 1 0 0 0 1 0 1 0 1
1 0 0 0 1 1 1 1 0 0 0 0 1 1 1 0 0 1 0 1 0 1 0 0 0 0 1 0 0 1 0 1
0 0 0 0 0 1 0 1 0 1 0 0 0 1 1 0 1 1 1 0 1 1 1 1 1 0 1 0 1 1 1 1
1 0 1 0 1 1 1 0 0 0 1 0 0 1 0 0 1 0 0 0 1 0 1 1 0 1 0 0 1 0 1 1
1 0 1 0 0 0 0 1 1 1 0 1 1 0 1 0 0 0 0 0 1 1 1 0 0 1 1 1 1 0 0 0
1 1 1 0 0 0 0 0 0 0 0 0 0 0 0 0 1 1 0 1 0 1 1 0 0 0 0 1 0 0 0 1
1 1 1 1 0 1 0 1 0 1 1 1 0 0 0 1 1 0 0 1 1 0 1 0 0 0 0 0 0 1 1 0
0 1 0 0 1 0 1 0 0 0 1 0 0 0 1 0 1 1 1 0 1 1 0 0 1 1 0 1 1 0 0 0
0 1 1 0 0 1 0 0 0 1 1 0 0 0 1 1 1 1 0 1 1 0 1 1 1 0 1 0 1 1 0 1
0 0 1 1 0 0 1 0 1 0 1 0 0 1 1 1 1 0 0 0 0 0 0 0 0 1 1 1 0 0 0 0
0 0 0 0 1 1 1 1 1 1 1 1 0 1 0 1 1 0 0 0 0 0 1 0 1 1 0 1 1 0 1 0
1 1 0 0 0 0 1 0 1 0 1 1 1 0 1 0 0 0 0 0 1 0 1 1 1 1 0 0 1 1 1 1
1 1 1 0 0 1 0 0 1 0 1 0 0 1 1 1 0 1 0 1 0 1 0 0 1 0 0 0 0 0 0 0
1 0 1 1 0 0 1 0 0 1 0 1 1 0 1 0 0 0 1 0 1 0 0 0 0 0 0 0 0 1 0 0
1 0 0 0 0 0 1 0 0 1 0 1 1 0 0 1 1 0 0 0 0 0 1 1 1 1 0 1 0 1 1 0
1 0 1 0 1 1 0 0 0 1 1 0 1 0 0 1 0 1 0 0 0 0 1 0 1 1 1 0 1 1 1 1
0 1 1 0 0 0 0 0 0 1 1 1 1 0 1 0 0 0 1 0 0 1 0 1 1 1 0 0 1 0 1 1
0 1 0 0 1 1 0 1 0 0 0 1 1 0 1 0 0 1 0 0 0 1 0 1 0 0 0 0 1 0 1 0
0 0 0 0 1 0 0 1 0 1 0 1 0 1 0 1 0 1 1 1 0 1 1 1 1 0 1 0 0 1 1 1
0 1 0 0 0 0 1 1 0 1 1 0 1 0 1 0 0 1 0 1 0 0 1 0 1 1 1 1 0 1 1 1
1 0 0 1 0 1 1 0 1 0 0 0 0 0 0 0 0 0 0 1 1 0 0 0 1 1 1 0 1 1 1 0
1 1 1 1 1 0 0 0 1 1 0 1 1 1 1 0 1 1 0 1 1 1 1 0 0 1 1 0 1 1 0 0
0 0 0 0 1 1 1 0 1 0 0 0 1 1 1 1 0 1 0 1 1 0 0 1 1 1 0 1 0 0 1 1
1 1 0 1 0 1 1 0 1 1 0 1 0 0 0 1 1 0 1 1 0 1 1 0 0 1 1 0 0 0 0 0
0 0 1 0 0 0 1 0 0 0 1 1 0 0 1 0 0 1 1 0 0 1 1 1 1 1 1 0 1 0 1 1
0 1 0 1 0 1 0 1 0 0 0 1 0 1 0 1 0 1 0 1 0 0 1 1 1 1 1 1 0 0 1 0
0 0 1 1 1 0 1 0 1 1 1 0 1 0 0 0 0 0 0 1 0 1 1 1 1 0 0 0 0 0 0 1
0 1 1 0 1 1 0 0 0 0 1 0 0 0 1 0 0 0 1 1 0 0 0 1 0 1 1 0 0 0 1 1
0 1 0 0 1 0 0 1 1 1 0 0 0 0 1 1 1 0 0 1 1 0 0 0 1 0 1 0 1 1 0 0
1 1 0 1 0 0 0 1 1 0 1 1 1 1 0 1 0 1 1 0 1 1 0 0 0 1 1 1 0 1 0 0
0 0 0 1 0 0 0 1 0 1 1 1 0 0 0 1 0 1 0 1 1 1 0 1 0 0 1 0 0 1 1 1
1 0 1 0 0 1 0 1 1 1 0 0 0 0 0 1 0 1 1 1 0 0 0 0 1 1 0 0 0 1 0 0
0 1 0 1 1 0 0 1 1 0 0 1 0 0 1 0 0 0 0 1 0 1 0 0 1 0 1 1 0 0 1 0
1 0 1 0 1 0 0 0 1 0 0 1 0 1 1 1 0 0 1 0 0 0 1 0 1 0 0 0 0 0 0 0
0 1 0 0 1 0 1 0 1 0 0 0 1 0 1 0 0 1 1 1 0 0 0 1 1 0 0 0 0 0 0 0
1 0 1 0 1 1 0 1 1 1 0 1 1 1 1 1 1 1 1 1 1 1 1 0 1 0 0 1 1 1 1 0
0 0 1 0 0 0 1 0 0 1 1 0 0 1 1 1 0 0 0 1 0 0 1 0 1 1 0 1 1 1 1 1
0 0 0 1 1 0 0 1 1 1 1 0 0 1 1 0 1 0 0 1 0 1 1 1 1 0 0 1 1 1 0 1
0 0 0 1 1 0 1 0 1 1 0 0 1 1 0 0 0 1 1 1 0 0 1 1 1 1 1 0 0 1 0 1
0 1 1 0 0 0 1 1 0 1 0 0 0 1 1 0 1 0 1 0 0 0 0 0 0 1 0 0 0 1 0 1
0 1 1 0 1 0 0 1 1 1 1 1 1 1 0 1 0 1 0 1 0 0 0 0 0 1 0 1 0 0 0 1
0 0 0 0 0 1 0 1 0 0 0 1 1 1 1 0 1 0 1 0 0 0 1 0 0 0 1 1 0 0 1 0
1 0 1 1 1 1 1 1 1 1 0 0 1 1 1 1 1 1 0 0 1 1 1 0 0 0 1 0 1 0 0 0
0 1 1 1 0 0 0 1 1 1 1 0 0 0 0 1 0 0 0 1 1 1 0 1 1 0 0 0 1 1 0 1
1 1 1 0 1 1 1 0 0 0 0 0 1 0 1 1 0 1 1 0 0 1 0 1 1 1 0 1 0 0 1 0
0 0 1 1 1 1 0 1 0 0 0 0 0 1 0 1 0 0 0 0 0 0 1 0 0 1 1 1 0 1 1 0
1 1 0 1 0 1 1 1 0 0 0 0 1 0 1 1 1 0 1 0 1 0 1 1 0 0 0 1 0 0 0 1
0 1 0 1 0 1 0 1 1 0 1 0 0 1 0 1 0 1 1 1 0 1 0 1 1 0 0 0 1 0 1 1
0 0 1 1 1 0 1 0 0 1 0 1 0 1 0 1 0 0 0 1 1 0 1 0 1 1 1 0 1 1 1 1
0 0 1 1 1 1 0 0 1 0 1 1 1 0 1 0 0 0 0 1 1 1 0 0 0 0 1 1 0 0 1 0
0 0 1 1 1 0 0 1 1 0 1 1 0 1 0 0 0 1 0 1 1 1 1 1 0 0 1 1 1 0 0 1
0 0 0 0 0 1 0 0 0 1 0 1 0 1 1 0 1 0 1 1 1 1 1 1 0 1 1 1 0 0 1 0
1 1 1 1 0 0 1 0 0 0 0 1 0 0 0 0 0 1 1 0 1 1 0 1 1 1 0 1 0 1 1 0
1 0 0 1 0 1 0 0 0 0 1 1 1 1 0 1 1 1 1 1 1 1 0 1 0 0 0 0 0 1 1 0
0 0 1 1 1 0 1 1 1 1 1 1 1 1 1 0 0 1 1 1 0 1 0 1 0 0 1 0 0 1 0 0
1 0 1 1 0 1 0 1 0 1 0 0 0 1 1 0 1 0 0 0 1 1 0 1 1 0 1 0 0 1 0 0
0 0 1 0 1 1 0 1 1 1 0 0 1 0 0 0 1 0 0 1 1 1 0 1 1 0 0 0 0 0 1 0
1 0 0 1 1 0 0 1 1 1 0 0 1 0 1 1 0 0 1 0 0 1 1 0 1 0 0 0 0 0 0 1
1 1 1 1 0 1 0 0 0 1 0 0 1 1 0 0 1 1 1 1 0 1 1 0 1 1 0 0 0 0 0 0
0 1 0 0 1 0 0 1 0 0 1 1 0 1 0 0 1 0 0 0 0 0 1 0 0 1 1 0 1 0 0 1
1 0 1 1 0 1 0 1 1 1 1 1 0 1 0 0 1 1 0 0 1 0 0 0 0 1 0 1 1 0 1 1
0 0 1 0 0 0 1 0 1 0 1 1 0 1 0 0 0 0 0 1 0 0 1 0 1 0 1 0 0 0 1 0
0 0 1 0 0 0 1 1 1 0 0 1 0 1 1 0 0 1 0 1 1 1 0 0 0 0 0 1 0 0 1 0
1 1 1 0 0 0 1 1 1 0 0 0 0 1 0 0 1 1 0 0 1 0 0 0 0 0 0 0 0 1 1 0
1 0 0 1 1 0 1 1 0 1 0 1 0 0 1 1 1 1 0 1 1 0 1 1 1 0 0 1 1 1 1 0
0 1 1 0 0 0 0 0 1 1 0 1 0 1 0 0 0 0 1 1 1 0 0 1 1 1 1 1 1 0 0 1
1 1 1 0 1 1 0 0 1 0 0 1 1 1 0 1 1 1 1 0 0 0 0 1 1 0 0 0 1 0 1 0
1 0 1 0 0 1 0 1 0 1 1 1 0 0 0 0 0 1 0 0 1 1 1 1 1 0 1 0 1 0 0 0
0 1 0 0 0 0 0 0 1 1 0 0 0 1 0 1 0 0 1 1 1 1 0 1 1 1 1 1 1 1 1 0
1 1 1 1 1 1 1 1 0 1 1 1 1 1 1 0 1 0 1 0 0 0 1 0 0 1 1 0 0 0 0 1
0 1 0 1 1 0 1 1 1 1 0 0 0 1 0 1 1 1 0 1 0 1 0 0 0 1 0 1 0 1 0 1
0 0 1 0 0 0 0 1 1 1 1 1 1 1 0 1 1 1 0 1 0 0 1 0 1 1 1 1 0 0 1 1
1 1 0 1 1 0 0 0 0 0 0 1 1 0 0 1 0 1 0 0 1 0 1 1 1 0 1 1 0 0 1 0
0 0 1 1 1 0 0 0 0 0 0 0 1 0 1 1 0 1 0 1 1 0 1 0 1 0 1 0 0 0 0 0
1 0 1 1 1 1 0 0 0 0 1 0 1 0 0 0 0 0 0 1 0 0 0 0 1 1 1 0 1 1 1 1
0 1 1 0 1 0 0 0 1 1 1 0 1 0 0 1 0 0 1 1 1 0 0 1 1 0 0 0 1 0 1 0
1 1 0 0 0 1 1 1 0 1 0 1 0 1 0 0 0 0 1 0 1 1 1 1 1 0 1 0 1 0 1 1
0 1 1 0 0 0 0 1 0 1 0 0 1 0 1 0 0 0 1 0 1 1 0 0 0 1 1 0 0 0 0 1
1 0 0 0 0 0 0 1 0 1 0 0 1 0 1 1 1 1 0 0 1 0 1 1 0 1 1 0 0 0 0 0
0 0 0 0 1 0 0 1 1 0 0 0 0 1 0 0 1 0 1 1 0 1 1 0 0 0 0 1 0 0 1 1
0 1 1 1 1 0 1 1 1 1 0 1 1 1 1 1 1 1 0 1 0 0 1 0 1 0 1 1 0 1 0 0
0 1 0 1 1 1 0 0 0 0 1 0 0 0 1 1 1 0 1 0 0 1 0 1 1 1 1 0 1 1 1 1
0 0 1 1 1 0 1 0 1 0 1 0 1 0 1 0 1 0 1 0 1 0 0 0 0 0 1 0 1 1 0 1
0 1 0 0 0 0 1 0 1 1 0 0 1 0 0 0 0 0 0 1 0 1 1 1 1 1 1 0 1 0 1 1
1 0 0 0 1 1 1 0 1 1 0 1 1 0 0 1 0 1 1 0 1 1 0 1 0 1 0 0 0 1 0 1
0 1 1 0 0 0 1 0 1 0 0 0 1 1 1 0 1 0 0 0 1 1 1 0 1 1 0 1 0 1 1 1
0 1 0 0 0 1 0 1 1 1 1 1 0 0 0 1 0 0 0 1 0 0 0 1 0 0 1 0 1 0 1 0
0 0 1 0 0 0 1 1 0 0 1 1 1 0 1 0 0 0 1 0 0 0 1 0 1 0 1 1 1 0 0 1
0 0 0 1 0 1 1 0 0 0 1 0 0 1 0 0 1 0 1 1 0 1 0 0 1 0 1 0 0 1 0 1
1 1 0 1 1 1 1 0 1 0 1 1 1 1 1 1 1 0 0 0 1 1 0 0 0 0 1 1 0 1 0 1
1 1 1 1 0 0 0 0 1 0 1 1 1 0 0 0 1 0 0 0 1 0 1 0 0 0 0 0 0 0 0 0
1 1 1 0 0 1 0 1 1 1 1 0 0 0 1 1 1 1 1 0 0 0 0 1 0 0 1 1 1 1 1 1
1 0 1 0 0 0 1 0 0 0 0 0 1 1 0 1 0 1 0 0 0 1 0 1 1 1 0 0 0 1 1 1
0 1 1 1 0 1 1 1 0 1 0 0 1 1 0 0 0 0 0 0 1 0 1 0 1 1 0 0 1 1 0 1
0 1 0 0 1 0 1 1 1 1 1 0 0 0 1 1 1 1 0 1 1 0 1 0 1 1 0 0 0 1 0 1
0 1 0 1 0 1 1 1 1 0 1 0 0 1 1 1 1 1 0 1 1 0 1 0 1 0 1 1 0 0 0 0
0 1 0 1 0 0 0 1 1 1 0 0 1 0 1 0 1 1 1 0 0 1 1 1 1 1 0 0 0 1 1 0
0 1 0 1 1 0 1 1 1 0 1 0 1 1 1 0 1 1 1 1 1 1 1 0 1 0 1 1 1 0 1 1
1 0 1 1 0 1 1 0 0 1 0 1 0 0 0 1 0 0 1 1 1 0 1 0 0 0 0 0 1 0 0 0
0 0 1 0 1 0 1 0 0 1 1 1 0 1 1 0 0 0 1 1 1 1 1 0 0 0 0 1 1 1 0 1
1 0 1 0 1 1 0 0 0 1 1 1 0 0 1 1 1 1 0 1 1 0 0 1 1 1 0 0 0 0 0 0
1 1 1 1 0 0 0 0 1 1 1 0 1 0 1 0 0 1 0 0 1 0 1 0 1 0 1 1 0 0 1 0
0 0 1 1 0 0 0 1 1 1 0 1 1 0 0 0 1 0 1 1 0 0 1 0 1 1 1 1 0 0 0 1
1 1 1 1 0 0 1 0 1 1 1 0 0 0 0 1 0 0 0 0 0 0 1 1 0 1 0 1 0 0 0 1
1 1 1 0 1 1 0 1 1 1 1 1 0 1 1 0 0 0 1 0 0 0 0 1 0 1 1 1 1 0 0 0
1 1 0 0 0 1 0 0 0 1 0 1 0 0 0 0 0 0 0 1 0 1 0 1 1 0 0 1 1 0 1 1
0 0 1 0 0 1 0 1 1 0 1 0 1 0 1 0 0 1 1 0 0 1 1 0 0 1 0 0 0 0 1 0
0 1 0 0 1 0 1 0 1 0 0 0 1 1 0 1 1 0 0 1 1 0 0 1 0 1 1 1 1 0 0 0
1 0 0 1 1 0 0 0 0 1 1 1 0 0 1 0 1 0 0 0 0 0 1 0 0 1 1 0 0 0 1 1
0 1 1 1 0 0 0 1 1 0 1 1 1 0 0 1 0 1 1 0 0 1 0 0 0 1 1 0 0 0 1 0
0 0 0 1 0 0 1 1 1 0 1 1 0 0 0 1 0 0 1 1 1 1 1 0 1 1 1 0 0 1 0 1
1 0 1 0 1 1 1 1 1 1 0 0 0 1 1 1 1 0 1 1 1 1 1 1 0 1 0 0 1 0 0 0
1 1 0 0 1 1 0 1 0 1 0 1 1 1 1 1 1 1 1 1 0 0 0 1 1 0 0 1 0 1 0 1
0 0 1 1 1 0 0 0 1 0 1 1 1 0 1 0 1 1 1 0 1 0 1 1 1 0 0 0 1 0 1 0
0 1 1 1 0 1 1 1 0 1 0 0 1 1 1 0 1 1 1 0 1 0 1 1 1 0 0 0 1 0 1 1
0 1 1 0 1 1 0 0 0 1 1 0 0 0 0 0 1 0 1 1 0 1 1 0 1 0 0 1 0 0 1 0
1 1 0 0 0 0 0 0 0 1 1 1 0 0 0 1 0 1 1 0 0 1 0 0 0 0 0 1 1 0 0 1
0 0 1 1 0 1 1 1 0 1 0 1 1 0 1 0 0 1 0 0 1 0 1 1 1 1 0 1 1 1 1 0
0 1 0 1 1 1 0 0 0 1 1 0 0 0 1 1 1 0 0 0 1 0 1 0 0 1 1 0 0 1 1 1
0 1 0 0 1 1 0 0 1 0 0 1 1 1 0 1 0 1 0 1 1 0 0 0 1 0 0 1 1 0 1 1
0 1 0 1 1 0 0 1 1 0 1 1 1 0 1 1 1 0 1 0 0 1 1 0 1 0 0 0 1 0 1 0
0 0 0 0 0 0 0 1 0 1 0 0 0 1 1 1 1 1 0 0 0 0 1 0 1 1 0 1 0 1 0 1
1 1 0 1 1 0 0 1 0 0 1 1 1 0 0 1 0 0 0 0 0 1 0 0 1 0 0 1 1 1 0 1
1 1 1 1 0 1 0 1 1 1 1 1 1 1 0 1 1 1 0 1 1 1 0 0 1 0 1 1 1 1 0 1
1 0 0 1 1 1 0 1 0 0 0 0 1 1 0 1 1 0 0 0 0 0 1 0 0 0 1 0 1 1 0 0
1 0 1 1 1 0 1 0 1 1 1 0 0 1 0 0 0 0 1 0 1 0 1 1 1 0 0 1 0 0 0 1
0 0 1 1 0 1 0 1 1 1 1 0 1 1 0 1 1 1 1 1 1 1 1 0 1 1 0 1 1 1 0 1
1 0 1 0 0 0 1 1 1 0 1 1 0 0 0 0 0 0 1 0 0 0 0 1 0 1 1 1 0 0 0 1
1 1 1 0 0 0 0 0 1 0 1 1 1 0 0 0 0 0 1 0 0 0 0 1 1 1 1 1 1 0 1 1
1 1 1 1 0 0 0 1 0 0 0 1 0 0 0 0 1 1 0 0 1 1 1 0 0 1 0 0 1 0 1 0
0 0 0 0 1 0 1 1 1 1 0 0 1 1 1 1 1 0 1 1 1 0 1 1 0 1 0 0 1 1 0 1
1 0 1 0 0 0 0 1 1 1 0 0 0 1 1 1 1 1 0 1 0 1 1 0 0 1 0 1 0 1 0 0
0 0 0 0 0 1 0 1 1 1 1 1 0 1 1 0 0 0 1 1 0 0 0 1 1 1 0 1 1 1 0 0
1 1 0 1 0 1 1 1 0 1 1 0 1 1 1 1 1 0 0 1 0 1 1 1 1 0 0 0 0 0 0 1
0 0 0 1 0 1 0 0 0 0 0 0 1 1 1 0 1 0 0 0 1 0 1 1 0 0 1 0 1 1 0 1
0 1 1 1 1 1 0 0 1 0 0 1 1 1 0 0 0 0 1 0 0 1 1 1 1 1 1 0 0 0 0 0
1 0 0 0 1 0 0 1 1 1 0 1 0 0 0 0 1 1 1 0 0 1 0 1 1 0 1 1 1 0 0 0
0 1 1 0 1 0 1 0 1 0 0 0 0 1 0 1 1 1 0 0 1 0 1 0 1 1 1 1 0 1 1 0
0 0 1 1 0 0 1 0 0 0 0 0 0 0 0 1 1 1 0 0 1 0 0 0 1 1 1 0 1 1 1 1
0 0 0 1 1 1 1 0 0 1 0 0 0 1 1 0 0 0 0 1 1 1 0 0 0 0 1 1 1 0 0 0
1 0 0 0 1 0 0 1 1 1 0 0 0 0 0 1 0 0 1 1 1 1 1 0 0 1 0 1 0 1 0 1
0 1 1 0 0 0 0 0 1 1 1 1 1 0 0 0 0 1 0 0 1 1 0 0 1 1 1 1 0 1 0 0
0 1 0 1 1 1 0 1 1 0 1 1 0 0 1 1 0 0 0 0 0 1 1 0 0 1 0 0 1 1 1 0
1 0 0 0 1 0 0 1 0 1 0 1 0 1 0 1 1 0 1 0 0 1 1 1 0 1 1 1 1 0 1 0
0 1 1 1 1 1 1 1 1 0 0 0 0 0 0 1 1 0 0 0 1 1 1 0 0 0 1 1 0 0 1 1
1 1 0 1 0 1 0 1 1 0 0 1 1 1 0 0 0 0 1 0 0 1 0 1 0 0 1 1 1 0 1 1
0 0 1 0 0 1 0 1 0 0 0 0 1 1 1 1 1 1 1 0 1 0 1 1 0 1 0 1 1 0 1 1
1 1 0 1 1 0 1 1 1 1 0 0 0 0 1 0 1 1 0 0 1 1 1 1 1 1 0 0 1 0 0 0
0 0 1 0 1 0 1 0 1 1 0 0 0 1 1 0 0 0 1 0 0 0 1 0 1 0 0 1 1 0 0 0
0 1 0 1 1 0 1 0 0 1 1 0 0 1 1 0 1 0 0 0 0 1 1 1 1 1 0 1 1 1 1 0
1 0 0 1 1 0 1 1 1 0 0 1 1 1 0 1 0 0 1 1 1 1 0 1 1 0 1 0 1 1 1 0
0 1 1 1 1 0 0 1 1 0 1 1 0 1 0 1 0 1 0 0 0 0 0 0 0 0 1 0 1 1 0 0
1 1 0 0 1 1 0 1 1 0 1 1 0 1 1 1 1 1 1 1 1 1 1 1 1 0 0 0 1 0 1 1
0 1 1 0 1 0 0 1 0 0 0 1 1 0 1 1 0 0 1 1 0 1 1 0 1 1 0 0 1 1 1 0
1 0 1 0 0 0 0 0 0 0 0 1 0 0 0 0 1 0 0 0 0 0 1 0 0 1 1 0 1 1 0 1
0 1 0 1 0 0 1 0 1 0 0 1 0 1 0 0 0 0 0 0 1 0 0 0 1 0 1 1 1 1 1 0
1 0 1 1 0 1 1 1 1 0 1 0 0 0 1 0 0 1 1 0 0 1 1 1 1 0 1 1 0 1 1 1
1 1 1 0 1 1 0 0 1 1 0 1 1 0 0 0 0 0 0 0 0 0 1 0 0 1 1 0 0 0 0 0
1 0 1 1 0 0 1 0 1 0 0 0 1 0 1 1 1 0 1 0 0 0 0 0 1 1 0 0 1 1 0 0
1 1 1 1 0 1 1 0 1 1 1 0 1 1 0 0 0 0 0 0 0 1 1 1 1 0 0 0 1 1 1 0
1 1 0 0 0 1 0 1 0 0 1 0 0 0 1 0 1 0 0 0 0 0 1 0 0 1 0 0 0 0 0 0
0 0 1 1 1 0 1 1 1 0 0 1 1 1 1 1 0 0 1 0 0 0 1 0 0 0 0 1 0 1 1 0
0 1 1 0 0 1 0 0 0 1 0 0 1 0 0 0 0 1 0 0 0 1 1 0 1 1 0 0 1 1 1 0
1 0 0 1 0 0 1 0 0 1 0 0 0 1 0 0 0 0 1 1 0 1 1 0 1 1 1 0 1 0 1 1
1 0 1 0 1 0 1 1 1 1 0 0 1 1 0 1 0 1 1 1 0 0 1 1 1 1 1 1 0 1 0 0
0 0 1 0 0 0 1 0 1 0 0 1 0 0 1 1 0 0 1 1 0 0 1 1 0 0 0 0 1 1 0 1
0 1 1 0 0 1 1 1 1 1 0 1 0 0 0 0 0 1 0 0 1 0 0 1 1 1 0 0 0 0 1 0
0 0 0 0 1 0 1 0 0 1 1 0 1 1 0 0 1 1 1 0 0 1 1 0 1 0 0 1 0 1 0 1
1 1 0 1 0 0 1 0 0 0 1 1 0 1 0 0 1 1 0 0 0 1 1 0 0 0 0 1 1 0 0 1
0 1 1 1 0 0 1 1 1 0 0 1 1 1 0 0 0 0 1 0 1 1 0 1 1 0 0 1 0 1 0 1
1 0 0 1 1 0 1 1 0 0 0 1 0 1 1 0 1 0 1 1 1 1 1 0 1 0 0 1 1 1 1 0
1 1 0 0 0 1 1 0 0 1 1 0 0 0 1 1 0 0 1 0 1 0 1 1 1 1 0 0 1 1 0 0
1 1 1 1 1 1 1 1 1 1 1 0 1 1 0 0 0 1 1 1 1 1 1 1 1 0 1 1 0 0 0 1
1 0 0 1 1 0 0 0 1 0 0 0 1 0 0 1 0 1 1 0 1 1 0 1 1 0 0 1 0 1 0 1
1 0 0 1 1 0 0 1 1 1 0 1 0 1 0 0 1 0 0 1 0 1 1 1 1 0 0 1 0 1 0 1
1 0 0 1 1 0 0 1 1 1 1 1 1 1 0 0 0 0 0 1 1 0 1 1 1 1 0 0 1 0 0 1
1 0 0 1 0 0 1 0 1 1 0 0 1 1 0 0 1 1 1 1 0 1 1 0 0 0 0 1 1 1 0 1
1 0 1 1 0 1 1 1 1 0 0 1 0 1 1 1 1 1 0 1 1 0 1 1 1 0 0 1 0 0 0 0
0 0 1 0 1 1 1 1 0 0 0 0 1 0 1 1 0 1 0 0 1 1 1 0 1 0 1 1 1 0 0 1
0 1 0 1 1 1 0 1 1 0 0 1 1 1 0 0 1 1 0 0 1 1 1 1 0 0 0 1 0 0 1 0
1 0 1 1 0 1 0 1 0 0 1 1 0 0 0 1 0 1 1 1 0 0 0 0 1 1 0 1 0 1 0 0
0 0 0 1 0 1 0 0 1 1 0 0 0 0 0 1 0 0 1 1 1 1 1 0 1 0 0 0 0 0 0 1
1 0 1 0 0 0 0 1 0 1 1 0 0 0 0 1 1 1 1 1 1 0 1 1 0 0 1 1 0 0 1 1
1 1 0 1 0 1 1 1 0 0 1 0 1 1 0 1 1 0 0 0 1 0 0 0 1 0 1 1 1 0 1 1
1 0 1 0 1 1 0 0 0 1 1 0 0 0 0 0 1 1 0 1 0 0 1 1 1 1 0 1 0 1 0 1
1 0 0 1 1 0 1 1 0 1 1 1 1 0 1 0 1 0 0 1 0 1 0 1 1 0 0 1 1 0 1 0
1 0 1 0 1 1 0 1 1 1 1 1 0 0 0 0 0 0 1 0 0 0 0 1 0 0 0 0 0 0 1 0
1 0 1 1 0 1 1 0 1 0 0 1 1 0 0 0 0 1 1 1 0 0 1 0 1 0 1 1 0 0 1 0
0 0 1 0 1 0 0 0 1 1 0 1 0 0 1 0 0 0 1 0 0 1 0 1 1 1 1 0 0 1 1 1
1 1 1 0 1 1 1 1 0 0 1 1 1 0 1 1 1 0 1 1 1 0 0 1 1 0 1 1 1 0 1 1
0 0 1 0 0 0 1 1 1 1 0 0 1 0 1 0 1 0 0 1 0 1 1 0 0 0 1 1 0 1 1 1
1 0 1 0 0 1 0 0 0 1 0 0 1 1 1 1 0 0 1 0 1 0 1 0 1 0 1 0 1 0 1 1
1 1 1 1 1 1 1 1 0 0 1 1 0 1 0 1 1 0 0 0 0 0 1 0 0 1 1 0 1 1 0 0
0 0 0 1 0 0 0 1 0 0 0 1 0 0 0 1 0 0 1 0 0 1 0 1 1 0 0 1 0 1 0 1
1 0 1 1 0 1 1 0 1 1 0 0 1 0 0 0 0 1 1 0 0 1 1 0 1 0 1 0 1 1 1 1
1 0 1 0 1 0 1 1 1 0 1 0 1 1 1 1 1 0 0 1 1 1 1 1 0 1 0 0 1 1 1 0
1 1 0 0 1 1 0 0 0 1 1 0 1 1 0 1 1 1 1 1 0 1 1 0 1 0 0 0 0 0 1 0
1 1 0 1 0 0 0 0 1 1 1 0 1 1 1 0 1 0 1 1 0 0 1 1 1 0 0 1 1 1 0 1
1 1 1 1 1 0 1 1 1 1 0 1 0 0 1 1 1 0 1 1 0 1 1 1 1 1 0 1 1 1 0 0
0 1 0 0 0 0 0 1 1 1 1 1 1 0 1 1 0 0 1 0 0 1 1 1 0 0 1 0 1 0 1 1
1 1 1 0 1 1 0 1 0 0 1 0 0 1 1 0 1 1 0 1 1 1 0 1 0 0 1 0 0 1 0 1
1 1 0 1 1 0 0 0 1 0 1 1 0 1 1 1 0 1 0 0 1 1 1 0 0 1 1 1 0 0 0 1
0 1 0 1 1 0 1 1 1 1 1 1 0 1 0 1 1 1 0 0 0 0 0 1 1 1 1 1 0 1 1 0
0 0 0 1 0 1 1 1 0 1 0 1 0 0 1 0 1 1 0 1 1 1 1 0 1 1 0 1 0 0 0 0
0 0 0 1 0 0 0 1 1 0 0 0 0 1 0 0 1 1 1 1 0 1 1 1 1 1 0 0 0 0 1 1
0 1 1 0 0 1 1 0 0 1 1 1 1 1 1 0 1 0 0 1 1 1 1 0 1 1 0 0 0 1 1 1
1 0 0 0 0 0 0 0 0 0 0 0 0 0 1 0 0 1 1 0 0 1 0 0 0 0 0 1 0 0 1 1
0 1 0 1 0 1 1 0 0 1 0 1 1 0 0 0 0 0 0 1 0 1 0 1 1 0 1 1 0 0 1 0
1 1 0 1 1 1 1 1 0 1 1 1 1 0 0 0 0 0 0 0 0 1 0 0 1 0 1 1 0 0 0 1
0 0 0 0 0 1 0 1 0 1 1 0 1 1 0 0 1 0 0 0 1 1 1 0 1 0 0 1 0 1 0 1
0 1 1 1 0 1 0 0 0 0 0 0 0 0 0 1 0 1 0 1 0 0 0 1 0 1 1 1 0 0 1 1
1 0 0 0 1 1 0 1 1 0 1 0 1 1 0 0 1 1 1 0 0 1 1 1 1 0 1 0 1 0 1 1
1 1 0 1 0 1 0 1 0 0 0 1 0 1 1 0 1 0 0 0 0 0 0 0 1 0 1 0 1 1 0 1
1 0 0 0 0 0 0 0 1 1 1 0 1 0 1 0 0 0 0 0 1 1 1 1 1 1 1 1 0 0 1 1
0 0 1 1 0 1 1 1 1 1 1 1 1 0 1 0 0 0 0 1 0 1 1 0 1 1 0 0 0 1 0 1
1 0 0 0 0 1 0 1 0 1 1 0 0 0 1 0 0 1 1 0 1 1 1 1 1 0 1 0 0 0 0 1
0 0 1 1 1 1 1 0 0 0 1 0 1 0 0 1 1 1 1 0 0 1 1 1 0 0 0 1 0 1 1 0
1 1 0 1 1 0 0 1 1 0 0 0 1 0 0 0 1 0 0 0 0 1 0 1 0 0 1 0 0 1 0 0
1 1 0 1 1 1 1 0 1 1 0 1 1 1 0 0 0 0 1 0 0 0 1 0 0 0 0 0 0 0 0 1
0 1 1 1 1 1 1 1 1 0 0 1 0 0 1 0 0 0 1 0 0 0 0 0 1 1 1 0 0 1 1 1
0 0 1 1 0 1 0 1 1 0 1 0 0 1 0 1 1 1 0 0 1 1 1 0 0 1 0 1 0 0 0 1
0 0 0 1 1 1 0 1 1 1 1 0 1 0 1 1 0 0 0 1 1 1 1 0 1 0 1 0 0 0 0 1
1 1 0 0 0 1 1 1 1 1 0 0 0 0 1 1 1 1 0 1 0 1 0 0 1 0 0 0 1 0 0 0
0 0 0 0 0 0 0 1 0 1 1 0 0 1 0 0 1 0 1 1 0 1 0 1 1 0 1 0 1 1 0 0
1 1 1 0 1 0 1 1 1 1 0 1 1 1 1 0 0 1 0 1 0 1 0 0 1 1 1 1 1 1 1 1
0 0 0 1 0 0 0 1 1 0 1 0 1 1 1 1 0 0 1 0 1 0 1 0 0 1 0 1 1 0 1 0
0 0 1 1 1 0 0 0 0 1 0 0 0 0 1 0 1 1 0 0 0 1 0 1 0 1 1 1 1 1 1 1
0 0 1 1 1 0 0 1 1 1 0 0 1 0 0 1 0 1 1 1 1 0 1 0 0 1 0 1 0 0 1 1
0 0 0 1 0 0 1 0 0 1 1 1 0 0 1 0 0 0 0 1 1 1 1 0 1 1 1 0 1 1 1 1
1 0 0 1 0 1 0 0 1 0 0 1 1 1 1 1 0 1 1 0 0 0 1 1 1 0 0 0 0 0 1 0
1 1 0 1 0 1 1 0 0 1 0 0 1 1 0 0 0 0 0 1 0 1 0 1 1 0 0 0 0 1 1 1
0 0 1 1 0 1 0 0 1 0 0 0 0 1 0 0 0 0 0 0 0 1 0 0 1 1 1 1 0 1 0 0
0 0 1 1 1 1 1 1 0 0 1 0 1 0 0 1 1 0 0 0 0 1 0 0 1 1 1 0 0 0 0 1
0 0 0 1 1 1 1 0 1 0 0 1 1 1 0 1 1 0 1 1 0 0 1 1 1 1 0 1 1 0 1 0
1 1 1 1 1 0 1 0 1 1 0 0 1 1 0 1 0 0 1 1 1 0 0 1 1 1 1 0 0 1 1 1
0 0 1 1 1 1 0 1 1 0 1 1 0 0 0 1 0 0 0 0 1 1 0 0 1 0 0 1 0 1 0 1
1 1 0 1 1 0 0 1 1 0 0 0 0 0 0 1 0 0 1 0 0 0 0 1 0 1 1 1 0 0 0 0
1 0 0 0 1 0 0 1 1 0 0 1 0 0 1 0 0 1 0 1 0 0 0 1 0 1 1 0 1 1 1 0
1 0 0 0 1 1 1 0 1 1 0 1 0 1 0 1 0 1 0 1 0 1 1 1 0 1 0 1 0 1 0 0
0 1 1 1 0 0 0 0 0 0 1 0 1 0 1 0 1 0 0 0 0 1 0 0 1 0 0 1 0 0 1 0
0 0 0 1 1 0 1 1 0 1 1 1 1 1 0 0 1 0 0 0 1 0 1 1 0 0 0 1 0 0 1 0
0 0 1 1 1 0 0 0 0 1 0 1 0 0 1 0 0 0 1 1 0 0 1 0 1 1 1 1 0 1 0 1
0 0 1 1 0 1 1 1 1 0 0 0 1 1 0 1 0 1 1 0 0 0 0 0 1 0 0 1 1 1 1 1
1 0 0 0 1 1 1 1 0 0 1 0 1 0 0 0 0 1 1 0 1 1 1 0 0 0 0 0 1 0 0 0
0 0 0 0 1 0 0 0 0 0 1 1 1 1 0 1 1 0 1 1 0 0 1 0 0 0 0 0 1 0 0 0
1 0 0 0 0 0 1 0 1 1 0 0 1 0 1 1 0 1 0 1 1 1 1 1 0 1 0 1 1 0 1 1
0 1 0 1 0 0 1 1 1 0 1 0 1 1 0 1 1 0 0 0 1 0 0 1 0 0 0 1 0 1 1 0
0 1 1 0 0 1 0 1 0 1 1 1 0 0 1 1 1 1 0 1 1 0 1 1 0 0 0 0 1 0 0 1
1 0 1 0 0 1 0 1 0 1 0 0 1 1 1 0 1 0 0 1 0 1 0 1 0 0 0 0 1 0 0 1
1 1 0 0 0 1 0 0 0 1 0 1 0 0 1 0 1 0 1 1 0 1 0 1 0 0 0 1 0 1 0 1
0 0 1 0 1 0 1 1 0 1 1 1 1 0 1 1 0 0 0 0 0 1 0 1 0 1 1 1 0 1 0 0
1 1 0 1 1 0 0 0 0 1 1 0 0 0 0 0 0 1 0 1 0 1 1 1 0 1 0 0 1 1 1 0
1 0 1 1 1 1 1 1 1 0 0 1 0 0 1 1 1 0 0 1 0 1 0 1 0 0 1 1 0 0 0 0
0 1 0 0 1 1 0 1 0 1 1 1 1 0 1 0 1 1 0 1 0 1 0 0 0 0 1 1 1 1 1 1
0 1 0 0 1 1 0 0 1 1 1 0 0 1 0 1 1 0 1 0 0 0 0 0 0 1 0 1 0 1 1 1
0 1 1 0 1 1 0 1 0 0 1 0 0 0 1 1 1 1 0 1 1 0 1 1 0 1 0 0 1 0 1 1
1 1 1 1 0 1 0 1 1 0 1 1 1 0 1 0 0 0 1 0 1 0 0 0 1 0 0 1 1 0 1 0
1 1 1 1 0 0 0 0 0 1 1 1 0 1 0 1 0 0 1 0 0 1 1 0 0 1 0 1 0 1 1 1
0 0 0 0 1 0 1 0 1 1 0 1 0 0 1 0 0 1 1 1 0 0 1 1 1 0 0 1 0 1 1 0
0 0 1 1 0 0 0 1 0 1 1 0 0 0 0 0 1 1 1 0 0 0 0 0 0 1 1 0 0 1 1 0
0 0 0 1 1 1 0 0 1 0 0 1 0 1 1 0 1 0 0 0 1 1 1 0 1 1 1 0 1 1 1 0
0 1 1 0 0 1 0 1 1 1 1 0 0 0 0 0 0 0 0 1 1 0 1 1 1 1 0 1 0 1 0 1
0 1 0 1 1 1 0 1 0 0 0 0 0 1 0 0 0 0 0 0 1 1 0 1 0 0 1 0 1 1 0 0
1 1 0 1 1 1 0 1 1 0 1 0 0 0 1 1 1 0 1 1 1 1 0 1 0 1 0 0 1 0 1 1
0 0 1 1 0 0 0 0 1 0 1 0 0 1 0 1 1 0 0 0 1 0 1 1 0 0 0 1 0 1 1 0
1 0 0 1 1 1 1 1 0 1 1 0 1 0 0 1 1 1 1 1 0 1 1 1 1 1 0 0 1 0 0 1
1 1 1 0 0 0 1 1 1 1 1 0 0 1 0 0 1 0 1 1 0 0 1 1 1 1 0 0 1 1 1 1
1 1 0 0 1 0 1 1 1 0 0 1 0 1 0 1 1 1 1 0 0 1 0 1 0 0 0 0 1 0 1 0
0 0 1 1 0 1 0 1 0 1 1 0 1 1 0 0 1 1 0 0 0 0 0 1 1 0 0 1 0 1 0 0
1 0 0 0 0 0 1 0 0 1 1 1 0 0 1 0 0 0 0 1 1 0 0 1 0 0 0 0 0 1 1 1
0 1 0 0 1 0 1 1 1 1 1 1 0 1 0 0 0 0 1 1 0 0 0 1 0 1 1 1 0 0 0 0
1 0 1 0 0 0 0 0 1 1 1 0 1 1 1 0 0 0 0 0 1 1 0 1 1 1 1 1 1 1 1 1
0 0 1 0 0 1 0 1 1 0 1 0 1 1 0 0 0 0 1 1 0 0 1 0 1 0 0 0 0 1 1 0
1 0 0 0 0 1 1 0 1 1 1 1 0 1 1 1 1 1 0 1 0 0 0 1 0 1 0 1 0 0 0 1
1 0 0 1 1 1 0 0 0 0 0 0 1 0 1 1 0 0 0 1 1 0 0 0 1 1 0 0 1 1 0 1
0 1 0 1 0 0 1 1 1 1 0 0 0 1 0 1 1 1 1 0 0 1 1 0 0 0 0 0 0 1 0 1
0 1 0 1 1 1 0 0 1 1 0 1 0 0 0 1 1 1 1 0 1 0 0 1 0 1 1 1 1 0 0 0
0 0 0 1 1 0 1 0 1 1 1 0 0 0 1 0 1 0 1 0 1 0 1 0 0 1 1 0 1 0 1 1
0 0 1 0 1 1 0 1 0 1 1 0 0 1 1 0 1 1 1 1 1 1 1 0 1 1 1 1 0 0 0 1
1 1 0 1 1 0 1 0 0 0 1 1 1 0 0 0 1 0 1 1 0 1 1 1 1 0 0 1 1 0 0 0
0 1 0 1 1 1 1 1 1 0 0 1 0 0 0 0 0 1 1 0 0 1 0 1 1 1 1 0 1 1 1 1
1 1 0 0 0 1 1 0 0 0 1 1 0 1 1 0 0 0 1 1 0 1 0 0 1 0 0 0 0 1 0 0
0 0 1 1 0 1 0 0 1 0 0 1 1 0 1 0 0 1 1 1 1 0 1 0 0 1 1 1 1 1 0 1
1 0 1 0 0 0 1 0 0 0 1 0 1 1 1 0 0 0 1 0 0 0 0 0 1 0 1 1 0 1 1 0
0 1 1 0 1 0 0 0 0 0 1 1 0 0 1 1 1 1 0 1 0 0 1 1 0 0 0 1 0 1 0 0
0 0 1 0 0 1 0 1 1 0 1 0 1 1 1 0 1 1 0 1 1 1 1 1 1 1 1 1 1 0 0 0
1 0 0 0 1 1 0 1 0 1 0 0 0 1 1 0 1 0 1 1 1 0 1 0 0 1 1 1 0 1 0 0
1 1 1 1 0 0 0 0 1 0 1 0 0 0 0 1 1 0 0 1 0 0 1 0 1 0 1 1 1 0 0 1
0 0 0 1 0 0 1 1 0 1 1 1 0 0 1 0 0 1 0 0 0 1 0 1 1 1 0 1 0 0 0 1
0 1 0 1 1 1 0 0 0 1 1 1 0 1 1 0 0 0 0 0 1 0 0 0 1 1 1 0 0 0 0 0
0 0 1 0 1 1 1 0 1 1 0 1 1 1 0 0 0 1 1 0 0 1 0 1 0 1 0 1 0 1 1 1
1 1 0 1 0 0 1 0 1 0 1 1 0 1 1 0 1 0 1 0 1 0 0 1 1 0 1 0 1 0 1 1
0 1 0 1 1 1 0 1 0 0 1 1 1 1 1 1 0 1 0 1 1 0 1 0 1 1 1 0 0 1 1 1
1 1 1 1 1 0 1 0 0 1 0 1 1 1 1 1 0 0 0 0 0 0 1 0 0 1 0 1 1 0 1 1
1 1 0 0 0 1 1 0 1 0 0 0 0 0 1 0 1 0 1 1 1 1 0 0 1 0 1 1 1 1 1 0
1 0 0 0 0 1 0 0 0 0 0 1 1 0 0 1 1 1 0 1 0 1 0 1 0 0 0 1 0 0 1 1
0 1 0 1 1 1 0 1 0 0 0 1 0 0 0 0 1 0 0 1 0 1 1 1 1 0 0 0 0 0 1 1
1 1 1 0 0 1 0 0 1 0 0 0 1 1 1 0 0 0 1 1 0 0 0 1 1 0 0 0 0 0 1 0
0 1 0 1 0 1 1 0 0 0 1 1 0 1 0 1 0 1 1 1 1 0 0 0 0 0 1 0 0 0 1 0
1 0 0 1 0 1 0 1 1 1 0 1 0 1 1 1 0 0 0 1 0 1 0 1 1 1 1 1 0 1 0 1
1 0 0 1 0 0 0 1 1 0 1 0 0 0 1 1 0 0 1 1 1 1 0 0 0 1 1 1 1 1 0 1
0 0 1 1 1 0 0 1 1 0 1 1 1 0 1 1 1 0 0 1 0 1 1 0 1 0 1 1 1 0 1 1
0 1 1 0 1 0 0 0 1 1 1 0 0 0 1 1 0 0 1 1 0 1 0 1 0 1 1 1 0 1 0 0
1 1 0 0 1 1 1 1 0 1 0 0 0 1 1 1 1 1 0 1 0 1 0 0 1 1 0 1 1 0 1 1
1 0 0 1 0 1 1 0 1 1 1 1 0 1 0 0 1 0 0 1 1 0 0 0 0 0 1 1 0 1 0 0
0 0 1 0 0 0 0 0 0 0 1 0 0 0 1 0 0 0 0 1 0 0 0 0 0 0 0 1 0 0 1 0
0 1 1 1 0 1 0 0 1 1 1 0 0 0 0 1 0 1 1 0 1 1 1 1 0 0 1 1 1 0 1 0
1000
19 870
711 325
736 431
911 314
941 454
223 928
153 957
376 540
439 474
28 376
470 626
422 179
714 386
957 308
234 286
485 675
824 946
998 14
901 237
465 28
834 249
179 62
897 965
971 956
928 971
757 175
971 563
207 951
688 301
386 71
101 57
956 342
155 623
448 998
996 763
901 439
179 345
74 757
474 219
207 74
325 101
834 711
14 654
928 182
919 139
286 924
28 688
454 736
299 153
695 731
182 155
940 157
439 223
465 714
305 901
537 537
736 382
342 448
711 941
901 245
957 456
71 885
957 786
946 299
422 737
421 297
381 351
834 911
366 422
345 19
714 58
695 834
714 268
57 646
314 897
385 485
155 381
454 919
175 590
439 366
421 421
688 776
485 614
376 207
325 936
470 385
219 710
654 940
763 119
386 695
308 12
297 672
219 204
623 470
439 226
614 824
207 234
786 305
421 465
297 996
366 455
286 310
57 415
101 322
175 558
456 458
237 492
537 151
474 384
714 817
62 143
919 364
325 644
911 171
421 29
421 359
971 290
870 921
470 378
182 988
351 32
711 437
928 709
626 742
101 633
951 938
870 188
19 146
421 125
431 689
19 669
897 302
924 983
763 409
590 979
474 637
998 967
941 20
237 733
325 906
540 686
234 304
786 464
763 247
57 46
157 871
614 804
919 985
834 865
897 327
456 642
623 872
737 806
688 336
834 186
249 747
431 426
870 972
936 289
971 891
57 645
223 463
470 779
672 947
268 798
28 641
626 942
234 668
626 148
421 917
325 280
219 702
58 765
998 759
614 99
366 618
936 365
936 59
421 63
57 85
971 782
366 92
757 315
654 682
763 604
223 738
226 461
736 395
901 294
381 30
957 319
563 583
940 835
946 208
940 89
971 34
957 868
421 424
249 627
824 899
688 929
824 722
614 356
153 783
28 950
736 75
381 278
646 400
286 69
786 920
245 403
153 778
297 892
776 790
386 108
431 610
223 586
268 690
737 715
456 37
711 76
155 213
182 617
465 550
485 754
537 554
924 293
342 676
245 262
672 212
646 65
385 631
711 727
763 7
351 311
385 592
422 402
385 585
996 989
286 697
439 477
431 482
448 181
448 615
654 649
19 900
936 193
563 183
941 582
941 4
28 986
301 406
28 703
431 699
286 766
946 160
119 174
448 232
74 370
58 13
101 639
431 116
897 501
448 313
731 943
314 408
325 80
957 605
299 833
941 608
901 760
71 54
448 876
675 40
157 795
465 694
971 264
448 768
386 767
207 864
157 556
366 512
376 176
19 566
454 49
834 478
711 543
941 66
74 838
563 211
351 235
563 634
946 607
366 68
421 995
940 210
940 830
308 215
941 41
996 748
672 487
422 813
474 375
179 88
139 276
614 498
710 939
342 340
951 324
710 326
672 97
919 691
757 473
626 773
12 994
736 300
12 517
688 149
563 793
12 535
936 271
431 122
710 412
101 803
268 827
737 298
956 595
623 94
737 173
710 719
470 361
776 745
299 227
101 168
711 575
237 217
675 777
885 990
957 282
301 548
710 266
28 410
763 903
155 632
936 836
711 625
965 352
971 449
485 570
422 636
234 434
940 657
786 601
919 981
249 932
731 114
139 519
219 165
736 815
763 240
448 287
757 663
919 274
382 848
897 110
897 850
940 416
590 905
101 177
998 496
381 481
386 292
179 555
563 281
101 296
946 882
182 708
540 405
710 60
325 283
71 963
182 756
711 863
439 372
695 741
345 785
155 9
563 430
885 331
119 974
940 170
204 925
71 1
301 130
382 389
376 931
957 902
71 391
299 194
245 330
237 724
14 784
454 486
956 750
268 545
563 73
470 859
207 15
153 966
897 270
672 90
897 113
485 810
731 86
422 205
901 206
540 180
901 323
386 886
695 991
226 518
623 18
786 746
485 78
204 801
540 423
786 516
540 471
737 259
998 909
540 476
736 248
465 630
448 233
946 269
366 561
870 982
14 532
71 536
710 230
157 312
268 808
386 134
305 505
474 218
301 438
155 772
207 472
71 399
182 56
590 2
286 231
101 698
421 635
998 755
623 857
590 77
376 594
834 993
342 432
474 915
763 127
563 118
421 841
485 579
919 581
62 321
139 839
590 209
940 316
924 318
57 112
219 926
207 619
941 762
139 758
74 163
675 522
223 930
901 828
626 502
470 539
385 878
314 602
237 443
119 320
885 678
345 551
941 52
776 513
119 683
540 31
870 411
695 712
946 789
688 955
901 704
971 417
941 976
470 79
207 191
297 354
695 5
731 335
175 528
540 306
786 771
153 764
308 414
924 907
19 893
885 842
314 132
351 944
351 201
474 679
485 185
381 497
58 145
928 317
786 156
237 17
237 721
386 338
58 846
376 102
386 24
342 344
157 337
737 48
537 571
998 660
182 713
614 91
155 524
695 490
342 587
946 258
207 25
301 867
654 451
654 418
776 520
996 740
971 433
537 896
314 83
614 199
590 39
207 840
175 805
314 38
439 781
776 124
485 652
614 894
219 128
465 624
688 664
301 525
249 368
301 717
470 922
101 562
314 927
654 650
237 557
382 341
919 744
731 935
834 396
971 190
448 662
928 526
345 814
14 494
314 684
299 542
12 117
454 718
731 552
74 51
474 705
454 647
688 913
155 975
226 284
919 580
325 568
474 549
626 860
351 35
623 538
119 169
249 239
286 252
376 272
714 880
179 166
226 854
897 150
786 135
314 357
245 948
57 500
139 138
345 388
385 441
268 273
376 933
297 600
537 934
366 489
688 499
951 95
28 23
454 564
870 288
672 407
695 889
824 609
385 656
870 890
731 195
19 611
366 469
219 6
366 822
71 21
941 491
71 681
540 229
710 468
936 192
155 203
711 452
62 178
381 440
139 802
207 720
688 707
301 495
325 353
57 196
465 978
19 858
757 774
28 144
736 246
325 152
834 992
245 36
946 307
646 457
345 735
301 730
382 96
382 825
219 739
286 263
57 255
957 945
485 937
182 479
454 1000
901 394
286 61
101 109
182 952
345 228
956 392
345 567
157 64
249 295
74 10
485 425
540 200
28 961
736 257
951 93
179 45
736 780
223 729
971 413
901 189
470 788
951 47
245 673
901 819
731 107
736 267
308 541
382 954
431 701
342 629
474 752
157 329
155 655
646 483
654 214
936 665
385 970
924 598
711 847
911 275
731 121
19 506
940 837
465 33
182 603
714 358
470 369
175 401
623 221
19 923
776 436
74 523
946 447
179 732
623 861
385 807
672 910
540 725
204 362
897 980
57 530
381 544
308 390
940 792
422 969
342 856
940 256
757 136
325 726
297 220
965 105
786 509
971 597
179 162
965 589
299 753
351 851
422 184
204 700
179 596
325 687
940 593
62 224
998 106
226 959
763 527
965 198
824 769
456 459
590 98
456 72
381 823
474 346
465 44
207 818
366 584
249 843
465 881
485 493
654 577
223 129
12 126
537 484
101 343
940 16
675 348
175 904
57 261
654 844
57 428
249 964
325 111
245 973
834 574
175 799
268 862
590 22
897 640
870 958
207 446
654 677
998 161
382 588
870 770
936 53
175 427
62 997
431 70
971 236
308 775
351 960
226 628
897 355
223 84
688 855
956 277
834 873
119 613
737 866
786 442
998 849
245 167
57 875
439 115
901 142
139 888
965 845
737 8
14 511
454 832
345 3
101 27
465 521
946 197
57 533
965 508
470 809
675 100
711 43
714 373
737 749
654 693
234 133
710 285
465 332
139 999
675 279
957 377
654 612
74 968
971 349
204 429
776 141
824 159
996 723
919 658
456 238
101 67
590 350
941 546
314 811
924 620
695 914
936 591
614 829
268 309
870 242
175 374
223 734
965 387
919 651
737 371
465 622
58 884
654 140
563 761
237 599
946 912
345 515
646 202
157 638
951 879
940 659
366 791
157 380
998 397
614 962
465 621
763 667
28 820
448 816
314 918
485 743
675 674
62 253
710 507
234 42
381 260
590 333
786 529
28 826
614 887
474 26
654 420
951 812
928 250
924 404
711 147
342 383
454 398
940 949
757 379
940 11
14 504
439 103
297 898
776 154
614 831
223 576
824 692
308 475
672 334
74 553
834 706
366 569
422 670
563 164
325 534
936 572
537 244
996 137
351 578
297 462
540 648
62 794
941 120
157 104
714 466
901 573
342 869
12 821
731 853
924 716
342 453
901 187
101 419
537 559
182 50
386 565
305 661
219 460
688 796
465 360
422 908
57 265
736 895
928 444
736 953
381 55
614 547
711 393
737 82
834 488
928 916
919 303
736 987
237 480
421 560
824 510
757 696
14 728
119 87
563 606
366 671
941 616
998 883
182 243
956 450
834 877
711 291
623 81
654 653
996 241
308 172
157 158
919 984
710 251
19 751
897 222
737 874
175 367
911 467
901 328
439 123
342 797
710 503
431 531
540 445
965 225
139 339
695 643
924 435
941 977
757 685
58 216
297 852
219 131
672 666
175 800
155 347
710 363
286 787
157 254
448 680
897 514
