1000 8
2 1
3 1
4 2
5 4
6 3
7 4
8 1
9 3
10 1
11 6
12 4
13 11
14 8
15 1
16 13
17 8
18 1
19 18
20 16
21 9
22 1
23 19
24 4
25 22
26 13
27 22
28 4
29 10
30 23
31 23
32 12
33 22
34 30
35 18
36 31
37 29
38 6
39 15
40 28
41 19
42 33
43 37
44 18
45 43
46 6
47 22
48 11
49 13
50 33
51 40
52 13
53 10
54 3
55 17
56 17
57 28
58 33
59 48
60 53
61 20
62 40
63 39
64 26
65 28
66 41
67 25
68 14
69 64
70 67
71 59
72 69
73 6
74 37
75 26
76 21
77 68
78 69
79 7
80 17
81 21
82 19
83 2
84 52
85 26
86 69
87 55
88 81
89 19
90 2
91 23
92 47
93 84
94 40
95 21
96 58
97 15
98 8
99 97
100 98
101 91
102 4
103 35
104 18
105 20
106 92
107 56
108 69
109 40
110 8
111 105
112 78
113 53
114 111
115 94
116 28
117 30
118 90
119 29
120 55
121 92
122 99
123 71
124 26
125 47
126 44
127 98
128 2
129 91
130 96
131 38
132 5
133 108
134 128
135 129
136 46
137 118
138 53
139 35
140 80
141 131
142 41
143 119
144 48
145 125
146 101
147 60
148 52
149 11
150 58
151 78
152 47
153 106
154 148
155 25
156 136
157 15
158 116
159 117
160 34
161 54
162 49
163 45
164 63
165 64
166 133
167 105
168 53
169 44
170 45
171 111
172 149
173 76
174 12
175 124
176 95
177 148
178 53
179 50
180 133
181 8
182 114
183 110
184 136
185 13
186 66
187 182
188 19
189 161
190 153
191 49
192 14
193 135
194 110
195 14
196 69
197 76
198 43
199 140
200 69
201 84
202 24
203 187
204 30
205 109
206 142
207 52
208 103
209 24
210 129
211 186
212 41
213 174
214 205
215 127
216 121
217 182
218 180
219 63
220 18
221 189
222 29
223 51
224 156
225 47
226 22
227 32
228 92
229 45
230 128
231 44
232 110
233 5
234 95
235 180
236 206
237 149
238 30
239 236
240 19
241 128
242 233
243 2
244 141
245 222
246 69
247 207
248 124
249 210
250 31
251 245
252 238
253 56
254 142
255 92
256 10
257 69
258 170
259 4
260 158
261 258
262 243
263 210
264 122
265 215
266 94
267 39
268 209
269 208
270 7
271 13
272 67
273 263
274 177
275 73
276 164
277 258
278 55
279 81
280 9
281 230
282 130
283 147
284 1
285 265
286 65
287 26
288 234
289 117
290 78
291 101
292 31
293 204
294 108
295 191
296 118
297 243
298 49
299 125
300 181
301 112
302 13
303 271
304 33
305 63
306 207
307 130
308 296
309 283
310 106
311 78
312 168
313 309
314 125
315 201
316 82
317 174
318 270
319 129
320 199
321 110
322 63
323 28
324 244
325 303
326 113
327 272
328 275
329 109
330 52
331 101
332 166
333 252
334 323
335 320
336 287
337 15
338 44
339 331
340 302
341 301
342 183
343 280
344 309
345 231
346 140
347 31
348 330
349 73
350 108
351 313
352 194
353 11
354 256
355 335
356 345
357 294
358 232
359 233
360 343
361 203
362 86
363 212
364 289
365 61
366 213
367 219
368 172
369 44
370 195
371 115
372 176
373 214
374 165
375 94
376 86
377 230
378 230
379 315
380 14
381 205
382 280
383 274
384 32
385 334
386 195
387 358
388 201
389 67
390 339
391 44
392 295
393 247
394 88
395 321
396 19
397 386
398 312
399 12
400 11
401 97
402 218
403 185
404 389
405 88
406 377
407 324
408 260
409 73
410 278
411 275
412 52
413 24
414 207
415 203
416 117
417 97
418 351
419 15
420 322
421 243
422 418
423 119
424 38
425 103
426 52
427 205
428 399
429 47
430 407
431 145
432 28
433 247
434 399
435 163
436 129
437 34
438 280
439 66
440 29
441 229
442 56
443 59
444 335
445 439
446 384
447 143
448 54
449 151
450 393
451 86
452 319
453 410
454 330
455 88
456 361
457 343
458 375
459 322
460 330
461 147
462 257
463 165
464 221
465 389
466 286
467 252
468 302
469 154
470 300
471 87
472 348
473 144
474 445
475 128
476 472
477 43
478 187
479 245
480 420
481 53
482 158
483 285
484 104
485 12
486 464
487 156
488 100
489 71
490 406
491 74
492 454
493 366
494 218
495 212
496 234
497 330
498 477
499 260
500 413
501 201
502 477
503 464
504 252
505 258
506 11
507 274
508 150
509 128
510 276
511 116
512 500
513 354
514 513
515 80
516 46
517 451
518 404
519 260
520 233
521 70
522 66
523 171
524 299
525 465
526 308
527 41
528 288
529 367
530 72
531 505
532 326
533 498
534 360
535 444
536 224
537 70
538 86
539 87
540 80
541 385
542 89
543 110
544 444
545 123
546 266
547 225
548 310
549 26
550 547
551 152
552 522
553 177
554 350
555 158
556 525
557 325
558 399
559 169
560 280
561 174
562 117
563 498
564 28
565 19
566 215
567 538
568 151
569 67
570 95
571 361
572 258
573 505
574 499
575 45
576 190
577 547
578 183
579 247
580 293
581 522
582 172
583 388
584 337
585 582
586 62
587 440
588 66
589 461
590 219
591 277
592 499
593 17
594 357
595 49
596 564
597 403
598 281
599 271
600 323
601 321
602 411
603 65
604 264
605 466
606 365
607 279
608 578
609 497
610 382
611 209
612 161
613 593
614 213
615 273
616 596
617 23
618 128
619 451
620 519
621 558
622 614
623 10
624 39
625 512
626 563
627 28
628 133
629 405
630 348
631 297
632 46
633 563
634 480
635 482
636 281
637 293
638 558
639 420
640 346
641 346
642 446
643 209
644 118
645 443
646 180
647 459
648 277
649 198
650 317
651 336
652 172
653 197
654 238
655 615
656 258
657 609
658 23
659 62
660 310
661 483
662 189
663 283
664 567
665 521
666 292
667 418
668 359
669 665
670 141
671 640
672 432
673 24
674 446
675 46
676 434
677 351
678 37
679 348
680 74
681 263
682 633
683 565
684 207
685 239
686 548
687 597
688 470
689 532
690 605
691 191
692 334
693 109
694 235
695 230
696 216
697 336
698 590
699 424
700 336
701 469
702 699
703 292
704 255
705 665
706 256
707 257
708 15
709 356
710 9
711 679
712 24
713 451
714 645
715 593
716 380
717 427
718 120
719 91
720 611
721 297
722 663
723 362
724 679
725 534
726 172
727 582
728 448
729 110
730 347
731 574
732 26
733 366
734 372
735 714
736 117
737 705
738 153
739 585
740 446
741 390
742 218
743 296
744 597
745 221
746 427
747 651
748 171
749 711
750 19
751 592
752 56
753 687
754 474
755 152
756 240
757 294
758 178
759 260
760 445
761 374
762 287
763 22
764 589
765 706
766 227
767 304
768 481
769 609
770 160
771 5
772 285
773 13
774 480
775 632
776 717
777 206
778 103
779 127
780 512
781 474
782 348
783 408
784 13
785 543
786 267
787 205
788 475
789 259
790 345
791 521
792 782
793 437
794 469
795 116
796 148
797 41
798 124
799 787
800 639
801 288
802 93
803 457
804 81
805 610
806 176
807 394
808 142
809 524
810 130
811 638
812 509
813 236
814 163
815 195
816 253
817 691
818 670
819 73
820 694
821 55
822 351
823 310
824 452
825 354
826 694
827 285
828 418
829 545
830 385
831 492
832 615
833 113
834 64
835 491
836 599
837 698
838 644
839 78
840 178
841 467
842 359
843 834
844 777
845 474
846 159
847 513
848 38
849 211
850 169
851 557
852 22
853 171
854 647
855 543
856 640
857 631
858 740
859 244
860 293
861 651
862 221
863 358
864 183
865 842
866 529
867 422
868 288
869 80
870 211
871 291
872 93
873 517
874 253
875 495
876 454
877 319
878 462
879 555
880 191
881 398
882 536
883 37
884 641
885 394
886 395
887 30
888 607
889 214
890 372
891 273
892 146
893 502
894 468
895 204
896 855
897 350
898 440
899 611
900 867
901 6
902 187
903 499
904 534
905 508
906 56
907 821
908 429
909 764
910 424
911 177
912 830
913 814
914 631
915 252
916 854
917 289
918 339
919 718
920 93
921 239
922 254
923 168
924 922
925 772
926 370
927 541
928 63
929 132
930 449
931 120
932 441
933 86
934 721
935 104
936 414
937 409
938 667
939 473
940 159
941 176
942 6
943 735
944 758
945 565
946 602
947 809
948 305
949 836
950 801
951 946
952 462
953 531
954 358
955 379
956 681
957 335
958 266
959 614
960 729
961 228
962 311
963 476
964 217
965 432
966 186
967 715
968 764
969 234
970 183
971 83
972 774
973 576
974 257
975 824
976 171
977 657
978 650
979 32
980 487
981 923
982 378
983 26
984 409
985 168
986 448
987 573
988 209
989 661
990 630
991 286
992 652
993 96
994 289
995 774
996 513
997 24
998 318
999 120
1000 896
0 0 1 1 1 1 1 0
0 0 1 0 0 1 0 1
1 0 1 0 1 1 0 0
0 1 1 1 1 0 1 0
0 1 0 1 0 0 1 0
0 1 1 1 0 1 0 0
0 0 0 1 0 1 1 0
0 1 1 0 1 1 0 1
0 1 1 0 1 0 1 0
1 1 0 1 1 0 1 0
1 1 1 1 0 1 0 1
0 1 0 0 0 1 0 0
1 0 1 1 0 0 0 1
0 1 1 0 1 1 1 1
1 1 0 1 1 0 1 0
0 1 0 1 0 1 1 0
1 1 1 1 0 0 1 0
0 0 0 1 1 0 1 0
1 0 0 0 0 1 0 1
0 0 0 0 0 1 1 1
0 1 0 0 1 0 1 0
1 1 1 0 1 0 0 0
0 1 0 0 1 0 0 1
1 1 1 1 1 1 0 0
0 0 1 0 0 1 0 0
0 0 0 1 0 1 1 0
1 1 0 1 0 1 0 0
1 1 1 1 0 1 0 0
1 1 1 1 0 1 0 1
0 0 0 1 1 1 0 1
0 0 0 0 1 1 0 1
1 1 0 1 1 1 1 0
1 1 1 1 1 1 1 1
0 1 0 1 0 0 1 0
1 0 0 1 0 1 0 1
1 1 1 1 0 0 0 1
0 0 0 1 1 0 0 0
1 1 1 1 0 1 0 0
1 1 1 1 0 1 0 0
1 0 1 0 0 0 0 0
1 0 1 1 1 0 1 0
0 1 1 0 0 1 1 1
1 1 0 0 0 1 0 0
1 0 1 1 1 0 0 1
0 1 1 1 0 1 0 1
0 0 1 0 1 0 1 0
0 0 1 0 1 1 1 0
1 1 1 1 1 1 1 1
1 0 1 1 1 1 0 0
1 0 0 0 0 0 1 0
1 0 1 0 0 0 0 0
1 1 0 0 0 1 1 0
1 1 0 0 1 0 0 0
1 0 1 0 1 0 1 0
0 1 1 0 1 1 0 0
1 0 0 1 1 1 0 1
0 1 1 0 0 0 0 0
1 0 1 0 0 0 0 0
0 0 1 1 1 1 1 0
1 0 0 0 1 0 1 1
1 1 1 1 1 0 1 1
0 0 0 1 1 1 1 1
1 0 1 1 1 0 1 0
0 1 0 0 0 0 1 1
1 1 1 1 0 1 1 0
0 1 0 0 1 0 0 0
0 1 1 1 1 0 0 1
0 1 1 0 0 0 0 1
1 1 0 1 0 1 0 1
0 1 1 0 0 0 1 1
0 1 0 0 1 0 1 1
0 0 0 1 1 1 0 0
1 1 1 0 0 0 0 0
1 1 1 0 0 0 0 0
0 1 0 0 1 1 0 1
0 1 1 1 0 1 1 0
1 1 0 1 1 1 1 1
0 1 0 0 1 0 1 1
0 0 1 1 0 0 0 0
0 1 1 0 1 0 1 1
1 0 0 0 1 1 1 1
1 0 0 1 1 1 0 0
0 0 0 0 1 1 0 0
0 0 1 0 0 0 0 0
1 0 0 1 0 0 1 0
1 0 0 0 1 0 0 1
1 0 1 0 1 0 1 1
1 0 1 1 1 0 0 0
1 0 0 0 0 1 0 1
1 1 0 1 1 1 1 1
1 0 0 0 1 0 1 0
1 0 0 1 0 0 1 0
1 1 1 0 1 0 0 1
0 1 0 0 0 0 1 0
0 1 1 0 1 1 1 0
0 1 0 0 1 1 1 1
1 1 0 0 1 0 1 1
1 1 0 1 1 1 1 0
0 0 1 0 1 0 1 0
1 1 0 0 0 1 1 1
0 1 0 1 0 1 1 0
1 0 1 0 1 1 1 1
0 0 0 1 1 0 1 0
0 1 0 0 1 1 0 0
0 0 0 0 0 1 1 0
1 0 0 1 1 1 0 0
0 1 1 0 0 1 0 0
0 0 0 1 0 0 1 0
0 0 1 0 0 0 1 0
1 1 1 1 1 0 0 0
0 0 0 1 1 1 0 0
0 1 1 1 1 0 1 1
0 1 1 0 1 1 0 1
1 0 0 1 0 1 1 1
0 1 1 0 1 0 1 0
1 0 0 0 1 0 0 0
0 1 0 0 1 1 0 0
0 0 1 1 1 1 0 1
0 0 1 1 1 0 0 0
0 0 0 0 0 1 1 1
1 1 1 1 0 1 1 0
1 1 1 1 0 0 0 0
0 0 1 0 1 1 1 1
1 0 1 0 0 0 1 1
0 0 1 0 0 1 1 0
0 0 1 1 0 0 0 0
1 0 0 0 0 1 0 1
0 1 1 0 1 1 1 1
0 0 0 1 1 1 1 1
0 1 0 1 1 1 1 0
1 0 0 0 1 1 1 0
0 0 0 1 0 0 0 0
0 1 1 0 1 1 1 0
1 1 0 1 1 0 0 0
1 1 0 1 1 1 1 0
1 0 0 1 1 0 1 1
0 0 1 1 0 1 0 1
0 1 0 0 1 0 1 0
0 1 1 0 1 1 1 0
1 1 1 1 1 0 0 1
0 0 1 0 0 1 0 1
1 0 1 1 0 1 0 1
1 1 1 0 1 1 1 1
0 0 1 0 0 1 0 0
0 1 0 1 1 1 1 1
1 0 0 0 1 1 0 1
1 0 1 1 1 1 0 0
1 0 0 1 1 1 1 0
0 0 1 1 1 1 1 0
1 0 0 0 0 1 0 1
0 0 0 0 0 0 0 1
1 1 1 0 1 1 0 0
1 0 0 1 0 1 0 1
0 0 0 0 1 0 0 1
0 1 1 1 0 1 1 1
1 1 1 1 0 0 1 1
0 1 1 1 1 0 0 1
1 0 1 0 1 0 0 1
1 1 0 1 1 0 0 0
1 1 1 0 1 1 0 0
1 1 1 0 0 1 1 1
0 0 0 0 0 1 1 1
1 0 1 1 1 0 0 0
0 0 0 0 1 1 1 1
1 1 1 1 1 0 0 0
1 1 1 0 0 0 1 0
1 1 0 0 1 1 0 0
1 0 0 1 1 0 0 0
0 1 0 0 1 0 1 0
0 0 0 0 1 1 1 0
1 0 0 0 0 1 0 0
1 1 0 1 0 0 0 1
1 1 0 1 0 0 0 0
0 0 1 1 1 1 1 0
1 0 0 1 1 0 0 0
1 0 0 0 0 1 1 0
0 0 0 1 0 0 0 1
1 0 0 0 1 0 0 1
1 0 0 0 1 0 0 1
0 0 0 1 1 0 0 0
0 1 1 0 1 1 0 1
1 1 0 1 0 0 0 0
0 0 1 0 1 1 1 0
1 0 1 1 0 1 0 0
0 1 0 1 0 1 0 0
0 1 1 1 1 0 1 0
1 1 1 1 0 1 0 1
1 1 1 1 1 1 1 0
0 1 0 0 0 0 1 1
1 0 1 1 1 0 0 0
1 1 0 0 0 1 0 1
1 0 1 1 0 0 0 0
1 1 1 1 1 0 0 1
1 0 1 1 1 1 1 1
1 0 0 1 1 1 0 1
1 1 0 0 0 0 0 1
1 0 0 1 1 0 1 0
1 1 1 1 0 1 0 0
1 0 0 1 1 1 0 0
1 1 0 1 1 1 1 1
0 1 0 0 1 0 0 1
0 1 1 1 0 0 0 0
0 0 0 1 1 0 0 0
0 1 0 1 0 1 1 0
0 1 0 0 0 1 1 0
0 1 1 0 0 0 1 0
0 0 1 0 1 0 1 1
0 0 0 1 1 1 0 1
1 0 1 1 1 1 0 1
1 1 1 1 0 0 1 1
1 0 1 1 0 1 1 0
1 1 1 1 0 1 0 1
0 1 1 1 1 1 0 0
1 1 1 0 1 0 1 0
1 1 0 1 1 1 1 1
1 0 0 1 1 1 0 0
0 1 0 0 1 1 0 1
1 0 0 0 1 1 0 1
1 1 1 0 0 0 1 1
1 0 0 1 1 1 0 1
0 1 0 0 1 0 0 1
1 0 0 1 0 1 0 1
0 0 1 1 0 0 0 1
0 1 1 0 0 0 0 0
1 0 1 0 1 0 0 1
0 1 1 0 1 0 1 0
0 1 0 1 0 0 1 0
1 1 1 1 0 1 0 1
1 0 1 0 1 1 1 0
1 0 1 0 0 0 1 1
0 0 1 0 0 1 1 1
0 0 1 0 1 0 1 1
1 0 0 0 1 1 0 0
1 1 1 0 0 0 0 1
1 0 1 0 1 1 0 0
1 0 1 0 0 0 0 1
0 1 1 1 0 1 0 0
0 0 1 1 0 0 0 0
0 1 1 0 1 0 1 0
0 1 0 1 0 0 0 0
1 1 0 0 1 0 1 1
1 1 0 1 1 0 0 0
1 0 0 0 0 0 0 1
1 0 1 0 0 0 1 1
0 1 0 1 0 0 1 0
1 1 1 0 0 0 0 0
1 0 1 1 1 1 0 0
0 1 1 1 1 0 0 0
0 0 1 1 1 0 0 0
0 0 0 0 1 0 0 0
0 0 0 0 0 0 0 0
1 1 1 1 1 1 0 0
1 0 1 0 1 0 1 0
0 0 1 0 1 0 0 1
1 1 0 1 1 1 0 1
0 1 0 0 1 1 1 0
0 1 0 0 0 0 0 0
0 1 1 0 0 0 0 0
1 1 0 1 1 0 1 0
0 1 0 0 0 1 0 0
0 0 1 0 1 1 1 0
1 1 0 1 0 1 1 1
0 1 1 1 0 0 0 1
1 1 0 1 1 0 0 0
1 1 0 0 1 0 0 1
1 0 1 0 1 0 1 0
0 1 0 0 0 0 1 0
0 0 1 1 0 1 1 1
0 1 1 0 0 1 1 1
0 0 0 1 0 0 1 1
1 1 0 1 0 0 1 1
1 0 0 0 1 0 0 1
0 1 1 0 0 0 1 0
1 1 1 1 1 1 1 0
0 0 1 0 0 0 0 0
1 1 1 1 1 0 0 0
1 1 0 1 1 1 1 1
0 1 1 0 0 0 1 1
1 1 0 0 0 0 1 0
0 1 0 1 0 0 0 0
1 0 1 0 1 0 1 0
1 0 0 1 1 1 1 0
0 1 0 0 1 1 0 0
0 1 1 1 0 0 1 0
0 0 1 0 0 0 1 0
1 1 1 0 1 1 0 0
0 1 1 0 1 0 0 1
1 0 1 0 0 0 1 1
0 1 1 1 1 1 1 0
0 1 0 1 0 0 0 0
0 1 0 0 0 0 0 1
1 0 1 0 1 0 0 1
0 1 0 0 0 1 0 0
1 1 0 0 1 0 0 1
0 0 1 0 1 1 0 1
1 1 0 1 0 0 1 1
1 1 1 0 0 1 0 0
0 0 1 1 1 1 1 1
0 1 1 0 0 0 1 0
1 0 1 1 1 1 0 1
1 1 0 1 0 1 0 1
1 0 0 0 1 1 1 1
1 1 0 1 1 0 1 1
0 0 0 1 1 0 0 1
1 0 1 1 0 1 0 1
1 0 0 0 1 1 0 0
0 0 1 0 1 1 1 1
1 0 0 1 0 1 0 1
1 0 1 1 0 1 0 1
1 1 1 1 1 0 1 0
1 1 0 0 1 0 1 1
0 1 0 1 0 0 0 1
0 0 1 1 0 1 0 0
1 1 1 1 1 1 1 1
1 0 1 0 0 0 1 0
0 0 0 1 1 1 1 1
1 0 1 0 0 0 1 0
1 0 1 0 0 0 0 0
1 1 0 1 0 1 0 1
1 0 1 1 0 0 0 0
1 1 0 1 1 1 0 0
0 1 1 0 1 1 1 1
1 0 1 1 0 0 1 0
0 0 0 1 1 1 0 1
0 0 1 1 1 0 1 0
0 0 1 1 0 0 1 1
0 0 1 1 1 0 1 1
1 0 0 1 0 0 0 1
1 0 1 0 1 1 0 1
1 1 0 0 1 1 0 0
0 1 1 0 1 0 0 1
1 1 0 0 0 0 1 0
1 0 0 1 0 0 0 1
0 0 0 1 0 1 0 1
1 0 0 0 0 1 1 1
1 0 0 0 0 1 0 1
0 0 0 1 1 0 1 0
1 1 0 1 0 0 1 0
0 1 0 1 1 1 0 1
0 1 1 0 0 0 1 1
0 0 1 1 1 1 1 1
1 1 0 0 1 1 1 0
0 1 1 0 0 0 0 0
0 0 0 1 0 0 0 0
1 0 1 1 1 0 1 0
0 1 1 0 1 0 1 0
0 1 1 1 0 1 1 1
0 1 0 0 1 1 0 1
1 1 0 1 0 0 0 0
1 0 0 0 1 1 0 0
0 1 0 0 1 1 0 1
1 0 0 1 0 1 0 1
1 1 0 1 0 1 1 0
0 1 0 1 0 0 0 1
1 1 0 1 0 0 0 0
0 1 1 0 0 0 0 0
0 0 1 0 0 0 1 0
1 0 1 0 0 1 1 1
0 0 0 0 0 0 0 0
1 0 1 1 0 1 0 1
1 1 0 0 1 1 1 0
0 0 0 0 0 0 0 1
1 1 1 1 0 0 1 1
1 0 0 1 0 1 1 0
0 0 1 0 1 1 0 0
1 0 1 0 1 0 0 0
1 0 0 1 0 1 1 0
1 0 1 1 1 0 0 1
1 1 0 0 1 1 1 0
0 0 1 1 1 1 0 1
0 1 0 1 0 1 1 1
1 0 0 0 1 1 0 1
0 1 0 1 1 0 1 0
0 0 1 1 0 1 1 1
1 0 0 0 1 1 0 0
1 1 1 1 0 0 0 0
0 0 0 0 1 0 0 0
0 1 0 1 0 1 0 1
1 0 0 0 0 1 1 0
0 0 1 0 0 0 0 0
1 1 1 0 0 1 0 1
0 0 1 1 0 1 1 1
1 1 0 0 1 1 0 0
0 1 0 0 0 1 1 0
1 1 1 1 1 1 0 1
0 0 0 0 1 0 1 0
1 1 1 0 1 0 1 0
1 0 0 0 0 1 0 0
1 0 0 0 1 0 1 0
1 0 0 0 1 1 1 0
0 1 0 0 1 0 1 0
1 1 0 0 0 1 0 1
1 0 0 1 1 1 0 1
1 0 1 1 1 0 0 0
1 1 1 0 1 0 1 1
0 1 1 1 1 0 1 1
1 1 0 0 1 1 0 0
1 1 0 0 0 0 0 1
0 0 1 1 1 1 0 1
1 1 1 0 1 0 1 0
1 0 1 1 1 0 1 0
1 1 1 0 0 0 0 0
1 0 0 0 1 1 1 0
1 0 1 1 0 1 0 0
1 0 0 0 0 0 0 1
0 1 0 1 0 0 0 1
0 1 0 1 1 1 1 1
0 1 0 0 1 0 1 1
0 0 0 1 1 0 1 1
1 0 0 0 0 0 1 0
1 0 0 1 1 1 0 1
1 0 0 1 0 0 1 0
0 0 0 1 0 0 0 1
1 0 1 0 1 1 1 0
0 0 0 0 0 1 0 0
0 0 0 0 0 1 1 0
0 0 0 1 0 1 0 1
1 1 1 0 1 0 0 0
0 0 1 1 1 1 0 0
1 0 1 1 0 0 1 1
0 1 0 1 1 1 1 0
0 0 1 1 1 0 0 1
1 1 1 0 0 0 0 1
0 0 1 1 0 1 1 0
1 1 0 0 0 0 1 1
0 0 0 0 1 1 1 1
0 0 0 0 0 0 1 1
0 0 0 1 0 0 0 1
1 1 0 0 1 0 0 0
1 1 0 1 1 0 0 1
0 0 0 0 0 0 0 0
1 0 1 0 0 0 1 0
0 1 1 1 0 0 1 0
0 0 1 0 0 1 1 0
0 0 0 1 1 1 0 1
1 1 0 1 0 1 1 0
1 0 1 0 0 1 0 0
0 1 0 1 0 0 1 0
0 0 1 1 1 1 0 0
1 1 1 1 1 1 0 0
1 0 1 1 0 0 0 0
0 1 0 1 1 1 0 0
1 1 0 1 1 1 1 0
0 1 0 0 1 1 1 0
1 1 1 0 1 1 0 0
1 0 0 1 1 0 0 1
1 0 1 1 0 1 1 1
1 0 1 1 0 0 0 1
0 1 0 0 1 0 0 1
0 1 0 1 1 1 0 1
1 0 0 0 0 0 0 1
1 0 0 1 1 0 0 0
1 1 0 0 0 0 1 0
1 1 0 1 1 1 0 0
1 0 1 0 1 1 0 0
0 0 1 0 0 1 1 0
0 1 0 0 1 0 0 0
1 1 0 1 0 0 0 0
1 1 1 1 0 1 1 1
1 0 0 1 0 0 1 1
0 1 0 0 1 1 0 0
1 1 1 1 0 1 0 0
1 1 0 0 1 1 0 1
1 0 1 0 1 1 1 1
0 0 1 0 0 1 0 1
1 1 0 1 0 1 1 1
0 1 0 0 0 0 1 1
0 1 1 0 1 1 1 1
0 1 0 0 1 0 0 0
0 1 1 1 1 0 0 0
1 0 1 1 1 0 1 1
1 1 1 0 0 1 0 1
1 0 1 0 0 0 1 0
0 0 1 0 0 0 0 1
1 0 0 1 0 1 0 0
1 0 1 1 0 0 1 1
0 1 1 0 0 1 0 0
1 0 1 1 1 1 1 1
0 0 0 0 0 0 1 0
1 0 1 0 0 1 0 0
0 1 0 1 0 0 1 0
1 1 1 0 1 1 1 1
1 1 0 1 1 1 1 1
0 1 1 0 0 1 1 1
1 1 1 1 0 0 1 1
0 1 1 1 0 1 1 1
1 0 0 1 0 0 0 0
1 1 0 0 0 1 1 0
1 1 0 0 1 0 1 0
1 0 0 0 0 0 1 0
0 0 1 1 0 1 0 0
1 1 1 0 1 1 0 0
1 0 0 1 0 0 1 1
0 0 1 0 0 0 1 1
1 0 0 1 1 1 0 1
1 0 0 0 0 0 0 1
0 0 1 1 0 1 0 1
1 0 0 1 1 0 0 1
1 0 0 1 1 1 1 0
1 0 1 0 0 0 1 1
1 1 0 1 1 1 0 0
1 1 1 0 0 0 1 0
1 0 1 1 0 0 0 0
0 1 0 1 1 1 1 0
0 1 1 1 0 1 0 1
1 1 1 0 1 1 0 1
0 1 1 0 1 0 0 0
0 1 1 1 0 0 0 0
0 0 0 1 1 1 1 0
0 1 0 0 1 1 1 0
0 0 0 1 0 0 1 1
1 1 0 1 0 0 0 0
1 1 1 0 0 1 1 0
1 0 1 1 0 1 1 1
0 1 0 0 1 1 1 0
0 1 1 1 0 1 0 1
1 0 1 1 1 0 0 0
0 1 1 0 0 1 1 0
1 0 1 1 1 1 0 0
0 0 1 0 0 1 1 1
0 1 1 1 1 0 1 1
0 0 1 1 1 0 1 1
0 0 1 0 0 0 1 0
0 0 1 1 1 1 0 0
1 1 0 1 1 0 1 1
0 0 1 1 1 1 1 1
0 1 0 1 0 0 0 1
0 0 1 1 1 0 1 1
1 1 1 1 1 1 1 0
1 1 0 1 0 0 1 0
0 0 1 1 1 1 1 0
1 0 0 1 0 1 0 1
1 1 1 1 1 0 1 1
1 1 1 1 1 0 1 1
0 0 1 0 0 1 1 0
0 1 1 1 1 0 1 1
0 0 0 1 0 1 1 0
1 1 0 1 1 0 0 0
1 1 0 1 1 0 0 1
0 0 0 0 1 0 1 0
0 0 1 1 1 1 1 0
0 1 1 0 1 1 0 1
0 1 1 1 1 0 1 1
1 1 1 0 1 0 1 1
0 0 0 0 0 1 1 0
0 0 1 0 1 0 0 1
1 0 1 0 1 0 1 0
0 0 0 0 1 0 0 1
0 0 0 0 1 1 1 1
0 0 1 0 0 0 0 0
1 0 1 0 1 0 0 0
1 1 1 0 1 1 1 0
0 0 1 1 0 0 0 0
0 1 0 1 0 1 1 1
1 0 1 0 0 1 1 0
1 0 0 1 1 1 0 1
1 0 1 0 0 1 0 1
1 0 1 1 0 1 1 1
1 0 1 1 0 1 1 0
1 0 0 0 1 0 1 1
0 0 1 1 0 0 1 0
1 0 1 1 0 0 1 1
0 0 0 1 1 1 0 1
1 0 0 1 1 1 1 0
1 0 1 1 0 0 0 0
1 1 0 0 0 1 0 0
1 1 1 0 0 0 1 1
1 0 1 1 1 1 0 0
1 0 0 0 0 1 1 1
1 1 1 1 0 1 0 0
1 0 1 1 0 0 1 0
1 0 0 0 0 0 0 1
0 1 1 1 1 0 1 1
1 0 1 1 1 0 0 1
0 0 1 1 1 0 0 1
0 0 0 1 1 1 1 1
0 0 0 0 1 1 1 0
0 1 1 1 1 0 1 0
0 0 1 1 0 1 0 0
0 0 0 0 0 0 1 0
0 1 0 1 1 0 1 0
0 0 0 0 1 0 0 0
1 1 0 0 1 0 1 1
1 1 1 1 0 0 0 1
1 0 1 1 0 1 0 1
0 1 0 0 0 1 0 1
0 0 0 1 1 1 0 0
0 1 0 0 1 1 0 0
0 0 1 0 1 1 0 0
0 1 0 0 1 0 0 0
0 0 0 0 1 0 1 1
1 1 0 1 0 1 0 0
1 1 1 0 0 1 1 0
1 1 1 0 0 0 1 1
0 0 0 1 0 0 1 0
1 0 0 1 1 0 1 0
0 1 1 0 0 1 1 0
1 0 1 1 1 0 1 1
1 0 1 1 1 1 0 0
1 0 1 0 1 0 0 1
0 1 1 0 0 1 1 0
1 0 1 0 1 0 0 0
0 1 1 0 1 0 0 0
0 0 0 1 1 1 1 0
0 0 0 0 1 0 0 0
1 1 0 0 1 0 1 1
0 1 0 1 0 1 0 1
0 0 1 1 0 1 1 1
0 0 1 0 0 1 0 0
1 0 0 0 1 0 1 1
1 1 1 0 1 1 0 1
1 0 1 1 0 1 0 0
1 1 1 1 0 1 0 0
0 1 1 1 0 0 0 0
1 1 0 1 1 1 0 1
1 1 0 0 1 0 1 0
0 0 0 1 1 0 0 1
0 0 0 0 0 0 0 0
1 0 0 0 1 0 1 0
1 0 0 1 0 0 1 0
1 0 0 1 1 0 1 1
1 1 1 1 0 0 0 1
0 1 1 1 0 0 1 0
1 0 0 0 0 1 0 1
1 1 1 0 1 0 1 0
1 0 1 1 0 1 1 0
1 0 1 1 0 1 0 1
1 0 1 1 0 0 0 0
1 0 0 0 0 0 0 1
0 0 0 1 0 0 1 0
1 0 0 0 1 1 0 1
0 0 1 0 0 0 0 1
1 1 0 1 0 0 1 0
1 1 0 1 1 0 0 0
0 1 1 1 0 0 0 0
1 0 0 1 1 0 1 0
1 0 0 1 1 0 0 0
1 0 0 1 0 1 1 0
1 1 1 1 0 1 0 0
0 1 0 1 1 0 1 1
0 0 1 0 0 1 1 0
1 1 0 0 1 0 0 1
1 0 1 1 1 0 0 0
1 1 0 1 0 0 0 0
1 1 0 1 0 1 0 0
1 0 1 0 0 1 0 0
0 1 0 0 0 1 0 1
1 0 1 1 1 1 1 0
1 1 0 1 0 1 1 0
1 0 1 0 1 1 0 1
0 1 1 0 0 1 1 1
0 0 0 1 1 1 0 1
0 0 1 1 1 1 1 0
1 1 0 1 0 1 1 0
1 1 0 1 1 0 0 0
0 0 0 0 1 0 1 0
0 0 1 0 1 1 0 0
0 1 0 0 0 1 1 0
1 0 1 0 1 0 0 0
0 0 1 1 1 1 1 0
0 1 1 0 0 0 1 0
1 1 0 1 1 1 1 1
0 1 0 0 0 0 0 0
1 1 0 0 0 1 1 0
1 0 1 0 1 0 0 1
0 1 1 1 0 1 0 0
0 1 0 0 1 1 0 1
0 1 1 1 0 0 1 1
0 0 1 0 0 0 1 0
0 1 0 0 0 0 0 1
1 0 1 1 1 0 1 1
0 0 0 1 0 1 0 1
1 0 0 1 1 1 0 1
0 0 1 1 0 0 1 0
0 0 1 1 0 1 1 0
0 0 0 1 0 1 1 0
0 0 0 1 0 0 0 0
1 1 0 0 0 0 1 0
0 0 1 0 0 0 0 0
0 1 1 0 1 1 1 0
1 0 1 0 0 1 1 0
0 0 1 1 0 0 0 0
1 1 0 1 0 1 1 0
1 0 0 1 1 1 1 0
0 0 1 1 0 1 1 0
0 0 0 0 0 0 1 1
1 1 0 1 1 0 0 0
1 0 1 0 1 1 0 0
1 1 1 0 1 0 1 0
1 1 1 1 1 1 0 0
1 1 1 0 1 0 0 0
0 1 1 1 0 0 1 1
0 0 0 1 1 0 1 0
1 1 1 1 1 1 0 0
1 0 0 0 1 1 1 0
1 1 0 1 1 0 0 0
1 0 1 0 1 1 1 0
1 0 1 1 0 0 1 1
1 1 0 0 0 0 1 1
1 1 0 1 1 0 1 1
1 0 0 1 1 0 0 0
1 0 1 0 1 1 1 1
1 1 1 1 0 0 0 1
0 0 1 1 1 0 1 1
1 0 0 0 0 1 0 1
0 0 0 1 0 0 0 0
1 1 0 1 1 0 0 1
0 1 0 0 1 0 1 0
0 0 0 1 1 0 0 0
0 1 1 1 0 0 0 0
0 1 0 1 0 0 1 0
0 0 0 1 1 1 0 0
1 0 0 0 0 0 0 0
1 0 0 1 1 0 0 1
1 1 0 1 1 0 0 1
1 1 0 0 1 0 0 0
0 1 1 1 0 1 1 0
1 1 0 1 1 0 0 1
0 1 1 1 0 0 0 0
0 1 1 0 1 1 0 1
1 1 1 0 0 1 1 1
0 0 0 0 1 0 1 0
0 1 1 0 0 1 1 0
1 1 1 1 0 0 1 0
0 0 1 0 1 0 0 0
1 1 0 1 0 0 0 0
0 1 1 1 0 1 1 0
0 0 0 0 1 0 0 1
0 1 1 0 1 1 0 1
0 0 1 0 1 1 0 0
0 0 1 1 0 1 1 1
0 0 0 1 1 1 0 1
1 0 0 1 1 1 0 0
1 0 0 1 1 0 0 0
0 1 0 1 1 1 1 1
0 0 0 1 0 1 1 0
0 0 0 0 0 1 0 1
0 1 1 0 1 0 0 1
1 1 1 0 1 0 1 1
1 0 1 0 1 1 0 0
1 0 1 0 1 0 1 1
1 1 0 0 1 0 0 1
1 1 0 1 1 0 0 0
0 1 1 1 1 0 1 1
1 1 1 1 1 1 0 0
1 0 1 0 0 1 0 1
1 0 0 1 0 0 1 1
1 1 0 1 1 1 0 1
0 1 1 0 1 1 0 1
1 0 1 0 0 1 0 1
0 0 1 1 1 0 1 1
0 1 1 1 0 0 0 1
0 0 1 1 0 0 1 0
1 0 0 0 1 0 0 0
0 1 0 0 1 0 0 0
1 1 1 1 0 1 0 1
0 1 1 1 0 1 1 1
0 1 0 1 1 1 0 1
0 1 1 1 1 1 0 1
0 0 0 0 0 0 1 1
1 0 0 1 1 1 1 0
1 1 0 1 1 1 1 0
0 0 0 0 1 0 1 1
0 1 1 0 1 1 1 0
0 0 0 1 1 1 0 0
0 1 0 1 0 0 1 0
1 1 0 0 1 1 1 0
0 0 1 1 0 0 1 1
1 1 1 0 1 1 0 1
0 1 0 1 0 1 1 1
1 1 0 1 1 1 1 1
0 0 1 0 1 1 0 1
1 0 0 0 1 1 0 1
1 0 0 1 0 1 0 1
1 0 0 1 1 1 0 1
1 1 1 0 0 1 1 1
0 1 1 0 0 0 0 0
1 0 0 0 1 1 1 0
1 1 1 1 1 1 1 1
0 0 0 0 0 0 1 1
1 1 0 0 0 0 0 1
0 0 1 1 1 1 0 0
1 1 0 1 1 0 0 1
1 1 0 0 1 0 1 1
1 0 1 0 1 0 1 1
0 0 1 1 1 1 0 1
0 0 0 0 0 1 1 1
1 1 1 0 0 0 0 1
0 0 0 1 0 0 0 1
0 1 1 0 1 1 0 0
1 0 1 1 0 0 0 1
1 0 0 0 0 0 1 1
0 0 0 0 1 0 0 1
1 1 0 1 0 0 0 0
1 0 1 1 1 0 1 1
0 1 1 1 0 0 0 0
1 0 1 1 1 0 1 0
0 0 1 0 1 0 0 0
0 0 0 1 1 1 0 1
1 1 1 0 1 0 1 1
0 1 0 1 0 0 0 1
0 1 1 1 1 0 1 1
0 0 0 0 0 1 1 1
0 1 0 0 1 1 1 1
1 1 0 1 0 1 0 0
1 1 0 1 1 0 1 1
0 0 1 1 1 1 1 1
1 1 0 1 0 1 1 0
0 1 1 1 0 1 1 1
0 1 1 1 0 0 1 0
0 1 0 0 0 1 0 1
0 0 1 0 0 1 1 0
0 1 1 1 1 0 1 1
1 1 0 1 0 1 1 1
1 1 1 0 1 1 0 0
0 1 1 0 1 0 1 0
0 1 1 0 1 0 1 0
0 1 1 0 0 1 0 0
1 1 0 0 1 1 1 0
1 1 0 0 0 0 0 0
0 0 1 1 1 0 1 0
0 0 0 0 1 0 1 0
1 1 1 0 1 0 0 1
0 1 1 1 1 0 0 0
0 0 1 1 0 0 0 1
0 1 1 0 0 0 0 1
0 0 1 1 0 0 0 0
0 0 1 0 1 1 1 0
0 1 1 0 1 1 1 0
1 1 0 1 1 1 0 1
1 1 0 1 1 1 1 1
0 0 1 1 0 1 0 1
0 0 0 0 0 1 1 1
0 0 0 1 0 1 0 0
1 1 1 1 0 0 1 0
0 0 1 0 0 1 0 0
0 0 0 0 1 1 1 1
0 0 1 1 1 1 0 1
1 0 0 0 0 1 0 1
0 1 0 0 0 1 1 1
0 1 1 1 0 0 1 0
1 0 1 1 0 1 1 0
1 1 0 0 0 1 0 0
1 1 1 1 0 1 0 1
0 1 0 1 0 0 1 1
1 1 1 0 1 1 1 0
0 1 1 1 1 1 1 0
1 1 0 1 1 1 1 1
1 1 0 1 0 0 1 0
1 1 1 0 1 0 1 0
0 1 1 0 1 1 0 0
0 1 1 0 0 1 0 0
0 1 0 0 1 1 1 1
1 0 1 1 0 0 1 1
0 0 0 0 1 0 1 0
0 0 1 1 1 0 1 0
0 1 1 1 0 1 1 1
0 1 0 1 0 0 1 1
1 1 0 1 1 0 0 0
0 1 1 0 1 0 1 0
0 1 0 1 0 0 0 1
0 0 1 1 1 0 0 0
1 1 0 1 0 0 1 1
1 1 1 0 1 0 1 0
1 0 0 0 1 0 0 1
0 1 1 0 1 1 0 0
0 1 0 0 1 1 0 0
1 0 0 1 1 0 0 1
1 1 1 0 0 0 0 1
0 1 0 0 0 1 1 0
1 1 0 0 1 1 1 0
1 0 0 0 0 1 1 0
1 0 0 0 1 0 1 0
0 0 1 0 0 0 0 0
1 0 0 1 0 0 1 1
0 0 1 0 0 0 1 1
1 1 0 1 1 1 1 0
0 0 1 1 1 0 1 0
0 1 1 0 1 1 1 0
0 1 0 0 0 0 1 1
0 0 0 0 1 1 1 1
1 1 1 1 0 1 1 1
1 0 0 0 0 0 0 0
0 0 1 0 0 0 1 0
1 1 0 0 0 1 1 1
0 1 1 1 0 0 0 1
1 0 1 1 1 0 1 0
0 1 1 0 0 0 0 0
0 1 1 1 1 0 1 1
0 1 0 0 0 0 0 0
0 0 0 1 1 0 1 0
0 1 1 0 1 1 0 0
1 1 1 1 1 0 0 1
0 1 0 1 1 0 0 0
0 0 1 1 1 0 1 1
1 0 1 1 0 0 1 1
0 0 1 0 0 1 1 1
0 1 1 0 0 0 0 1
0 0 1 0 0 1 0 1
0 0 0 1 1 0 1 1
0 1 0 1 0 0 1 1
1 0 0 1 1 0 1 1
0 1 0 1 1 1 1 0
0 0 0 0 1 1 0 1
1 0 1 0 0 0 1 0
1 0 1 1 1 0 1 1
1 0 1 0 1 0 0 1
1 1 1 0 0 0 1 1
1 0 0 0 0 0 0 1
1 0 0 1 0 1 1 0
1 0 1 1 1 1 1 0
0 0 0 0 0 0 1 0
1 1 0 1 0 0 1 0
1 1 0 0 0 1 0 1
0 1 1 1 0 1 0 1
1 1 0 0 1 1 1 0
1 1 1 0 0 0 1 1
1 0 0 0 0 0 0 0
1 0 0 0 0 1 0 0
1 0 1 1 1 1 1 0
1 0 0 1 0 0 0 0
0 0 0 1 0 1 0 1
0 1 0 0 0 1 1 0
0 1 1 1 1 0 1 1
0 0 1 1 1 1 1 1
0 0 1 0 1 1 1 1
0 1 1 0 0 1 1 1
0 0 0 1 1 1 0 0
0 1 1 0 1 0 0 0
0 0 0 1 0 0 0 0
1 1 0 1 1 1 1 0
0 1 1 1 1 1 1 0
0 0 0 1 0 1 1 0
0 0 1 0 1 0 0 1
0 0 0 1 1 0 1 1
1 1 1 0 1 0 1 1
1 1 0 0 0 0 1 0
0 1 0 1 0 0 0 1
1 0 1 1 0 0 1 1
1 1 0 1 1 0 0 0
0 1 0 0 0 1 0 0
0 0 1 0 0 1 1 0
1 0 0 1 1 1 1 1
1 0 1 0 1 1 1 1
1 1 0 1 1 1 0 1
0 0 1 1 0 1 0 0
1 0 1 1 0 1 1 0
1 1 1 0 1 0 0 1
1 1 0 1 0 1 0 0
1 1 0 0 1 1 0 1
0 0 0 0 1 0 1 1
1 1 1 0 0 0 1 1
0 1 1 1 1 1 1 1
0 0 1 0 0 1 1 0
0 1 0 1 1 1 1 0
1 0 1 0 0 1 1 0
0 1 1 0 0 0 0 1
1 1 1 0 0 1 1 0
1 1 1 1 1 1 1 1
0 1 0 0 1 0 0 1
1 0 0 0 1 0 0 1
0 0 0 0 1 1 1 1
1 0 0 0 1 1 0 0
1 0 1 0 1 1 0 1
1 1 1 0 0 1 0 1
0 1 0 0 0 0 0 0
1 0 0 1 1 0 0 1
1 0 1 1 0 1 1 1
1 0 0 1 1 1 1 0
1 1 1 0 1 1 1 0
0 0 0 0 1 0 0 0
1 1 0 1 0 1 1 0
1 0 1 0 1 1 1 1
1 1 0 0 0 1 1 1
0 0 1 1 0 1 0 0
0 0 1 0 1 0 1 0
1 0 0 1 0 1 1 1
1 1 0 1 1 0 0 0
0 0 0 1 1 1 0 0
1 0 1 0 1 0 1 1
0 0 1 1 0 1 0 0
0 0 0 1 0 1 0 1
1 0 0 0 0 1 1 1
0 1 0 1 1 0 0 0
0 0 1 1 1 0 1 0
0 1 1 0 1 1 0 0
1 0 0 0 0 0 1 0
0 1 1 0 0 1 0 1
1 0 0 0 0 1 0 1
1 1 1 1 1 1 1 0
0 0 0 0 1 0 0 0
0 0 1 0 1 1 1 1
0 0 0 1 0 1 1 1
0 0 0 0 0 0 1 0
1 0 0 0 0 1 1 1
0 0 1 0 0 1 1 1
1 0 1 0 1 1 1 0
0 0 0 1 0 0 1 1
1 1 1 0 0 0 0 0
0 1 0 1 1 1 1 1
1000
245 928
330 295
794 763
165 425
353 164
812 409
662 249
898 524
507 434
26 349
415 355
820 248
535 85
264 860
522 673
475 51
126 893
625 921
555 925
855 138
840 813
824 681
627 29
421 240
839 547
722 598
832 461
638 430
954 722
946 65
857 999
90 429
125 657
780 851
33 261
77 575
722 892
81 30
433 114
336 694
1 793
795 449
435 432
760 69
761 372
958 151
521 713
352 919
274 101
123 422
732 507
238 806
445 522
368 694
136 682
608 482
273 304
151 976
493 912
401 608
632 467
4 238
55 738
906 151
691 104
396 840
494 891
388 657
369 997
294 147
1 354
692 633
958 766
442 317
419 536
720 955
483 680
2 458
992 914
184 432
617 199
332 571
716 516
478 63
458 975
442 375
316 694
30 512
896 889
170 73
834 244
994 94
508 824
497 837
238 155
459 175
753 964
625 101
908 978
381 564
592 712
660 888
638 798
745 855
466 896
15 326
70 675
28 506
366 52
556 310
666 245
298 606
804 180
100 332
491 451
59 627
910 14
646 298
1 256
832 206
599 426
190 916
491 683
707 475
686 324
796 698
688 872
945 329
416 696
202 876
449 463
45 953
503 617
671 877
198 473
90 923
548 883
276 834
190 372
653 742
675 153
395 949
595 225
290 804
17 952
687 774
994 960
945 148
821 3
124 760
752 242
513 112
620 872
73 615
743 877
215 536
184 970
672 669
960 41
575 187
162 143
281 838
399 8
67 405
57 904
630 882
37 612
335 532
708 717
274 444
622 283
843 801
110 936
596 603
543 119
436 144
79 190
444 233
634 106
417 368
220 377
802 204
376 669
93 600
371 941
845 313
95 500
39 855
377 393
548 232
489 154
402 212
21 609
76 142
667 707
910 3
247 264
215 6
34 261
425 342
177 588
311 596
91 813
199 863
962 614
552 107
917 61
629 507
772 222
765 52
689 350
349 212
992 972
466 976
861 313
412 122
836 184
470 355
961 151
260 380
347 131
500 81
447 900
962 474
287 316
150 398
536 644
744 540
443 654
864 861
508 917
643 830
185 698
536 790
530 947
394 711
173 360
633 200
905 596
350 611
49 435
844 408
393 308
390 307
15 55
774 940
382 890
859 199
636 117
38 696
490 942
800 723
189 656
351 598
703 686
217 316
91 328
47 313
588 746
420 218
596 808
851 133
497 703
928 385
288 548
938 912
181 62
600 435
751 27
599 883
597 379
993 980
155 466
987 328
463 698
736 734
355 171
965 772
431 810
851 739
126 634
625 319
180 123
7 655
516 642
484 895
684 760
928 415
999 937
241 141
529 977
120 29
818 448
720 292
870 713
602 15
757 223
815 658
425 11
108 798
29 635
920 570
129 365
839 75
307 670
143 349
4 574
665 915
398 159
710 146
219 528
167 329
315 22
83 822
889 622
591 29
288 232
216 91
789 481
581 435
826 584
115 640
682 33
696 275
611 314
941 870
738 600
26 395
256 662
782 119
265 636
108 150
974 940
514 417
584 137
369 791
168 747
327 4
910 119
570 372
476 490
127 440
158 883
66 991
539 74
715 441
501 942
276 656
999 954
193 154
279 782
874 647
362 430
832 334
741 720
13 455
454 186
700 92
792 97
975 432
308 771
380 29
690 245
460 178
577 921
817 271
127 149
720 664
234 495
365 663
346 76
441 363
881 974
109 491
786 460
503 165
937 691
816 762
201 630
152 439
917 740
7 398
955 523
832 809
721 101
332 875
926 342
403 203
779 377
855 697
288 146
707 409
83 313
338 465
761 558
281 922
678 436
284 291
86 196
66 433
737 340
793 93
879 2
791 481
242 609
926 123
195 859
451 639
215 785
449 756
273 500
289 377
792 585
911 463
225 383
494 593
348 55
530 658
66 307
405 192
312 898
638 721
513 559
955 54
256 855
374 448
628 819
340 768
555 258
900 324
747 797
281 643
790 990
103 897
661 986
6 610
131 388
653 507
602 450
854 928
776 963
837 245
218 364
371 976
58 534
561 67
748 211
864 983
200 205
720 48
629 62
532 208
306 606
987 2
860 508
369 427
859 450
732 205
727 908
393 589
919 902
110 131
17 730
458 74
705 888
202 130
902 608
989 452
531 26
897 760
517 968
581 358
725 211
870 921
642 979
186 821
92 831
50 633
858 697
957 382
871 574
538 52
143 380
101 217
371 740
564 486
338 602
989 235
220 153
897 769
59 125
27 768
254 270
200 336
782 694
327 23
509 141
28 968
936 514
111 618
691 637
13 330
49 754
951 256
157 459
859 464
921 582
678 759
43 336
983 209
509 585
212 474
684 306
926 455
649 615
813 308
290 546
602 122
760 160
230 858
970 279
564 706
23 440
997 154
602 65
763 111
663 909
524 363
266 674
567 557
864 320
412 42
659 389
555 564
511 924
748 58
814 460
214 668
394 368
590 519
60 248
111 921
403 762
431 172
390 370
963 700
558 668
998 62
591 820
468 473
333 132
310 768
754 987
897 390
248 946
804 99
271 153
450 593
18 649
483 907
372 905
224 555
262 240
140 503
869 202
448 591
443 997
595 325
566 660
845 343
787 565
872 572
887 884
16 557
2 414
45 861
745 704
644 452
268 171
216 702
530 641
406 303
584 737
717 943
818 212
941 955
878 123
114 72
473 752
235 589
894 521
390 484
921 514
463 271
335 195
47 289
901 930
98 294
783 64
939 987
312 854
750 96
458 120
130 580
432 731
257 372
361 505
383 559
630 452
41 458
219 848
593 368
390 337
871 775
907 631
887 52
430 731
716 550
4 218
737 248
7 439
330 976
908 486
192 752
404 85
380 339
927 530
435 221
651 314
27 575
917 719
93 714
590 957
477 163
293 103
780 983
599 525
416 483
313 711
9 591
615 44
920 395
87 380
375 733
563 6
362 684
321 769
490 213
906 361
534 876
139 127
845 506
486 982
723 570
263 699
566 436
550 996
486 796
966 387
468 555
159 40
417 847
955 878
199 190
404 558
719 885
704 727
127 943
701 518
732 788
142 47
907 123
254 607
92 857
935 277
262 524
45 95
97 541
190 287
7 737
660 750
210 937
555 756
262 132
420 464
633 248
993 363
735 578
420 658
679 916
532 152
363 321
975 579
722 31
453 780
866 689
400 741
666 759
589 738
321 529
742 185
750 391
420 235
265 772
793 18
499 95
627 629
9 416
835 305
577 362
710 139
137 439
206 88
590 159
380 227
858 496
837 404
877 546
735 523
304 33
834 296
991 807
960 806
520 218
98 959
427 677
25 48
207 842
637 207
457 150
469 419
172 290
758 480
79 10
472 194
513 970
306 46
442 211
803 215
824 763
184 525
491 56
285 167
690 146
911 559
131 395
795 978
684 163
895 703
56 742
652 14
453 208
338 429
777 258
462 375
308 577
287 225
994 805
619 723
166 820
881 118
283 116
459 387
455 306
185 799
830 711
931 287
901 654
193 780
640 405
916 312
33 651
111 460
191 217
141 850
621 910
64 102
28 663
782 556
660 30
271 429
786 341
366 855
580 780
403 524
384 520
621 433
571 525
860 868
955 966
382 830
575 807
279 602
100 804
706 961
456 945
302 750
995 130
592 837
806 492
245 446
81 967
792 509
131 28
242 700
228 20
43 871
729 281
457 212
359 793
74 439
265 581
499 470
319 934
60 90
461 542
903 947
975 71
736 521
594 570
41 625
538 951
992 217
391 38
298 857
4 408
372 627
541 645
57 209
812 371
537 867
335 663
896 943
925 128
614 903
31 238
95 824
432 810
980 952
797 132
86 659
744 750
337 435
761 245
543 96
923 209
523 745
399 108
33 30
877 565
68 76
157 677
650 440
570 372
154 290
869 40
750 616
409 17
478 578
897 884
229 629
482 657
990 321
438 18
86 109
9 782
273 477
125 237
657 710
832 569
382 2
660 502
97 982
680 63
75 684
405 192
853 501
310 113
540 299
744 878
904 131
496 65
831 721
206 991
686 51
834 136
446 94
522 674
708 593
900 150
468 545
958 763
14 691
585 118
533 598
701 966
607 63
855 678
940 186
880 417
683 617
929 647
86 488
828 125
98 999
486 85
745 150
774 874
386 126
171 780
369 817
633 141
193 635
739 139
690 915
416 103
958 313
889 494
725 306
322 7
937 591
198 64
92 848
194 748
903 441
396 90
217 740
631 715
30 307
106 412
768 219
465 370
981 925
357 93
736 495
666 495
438 142
674 165
831 982
568 257
549 889
428 305
379 92
721 496
620 2
994 390
601 20
557 833
968 527
14 845
525 977
482 629
378 325
992 853
403 901
334 525
444 246
894 682
568 851
181 137
90 43
831 198
659 588
954 113
141 754
313 856
798 446
418 436
826 794
804 679
890 10
668 871
303 228
117 857
844 523
874 868
963 136
332 209
255 812
750 374
142 602
497 360
543 69
396 778
208 580
872 515
729 142
997 43
522 877
530 430
734 572
523 18
901 33
899 327
431 984
979 623
872 494
265 971
51 414
679 606
