1000 8
748 315
315 535
535 780
780 685
685 524
524 869
869 202
202 290
290 6
6 955
955 581
581 741
741 443
443 81
81 697
697 874
874 734
734 297
297 470
470 546
546 860
860 815
815 130
130 87
87 935
935 540
540 417
417 478
478 616
616 660
660 545
545 363
363 760
760 452
452 320
320 205
205 787
787 63
63 1
1 801
801 273
273 266
266 143
143 96
96 655
655 387
387 739
739 542
542 770
770 642
642 270
270 523
523 152
152 20
20 703
703 95
95 978
978 818
818 369
369 347
347 175
175 386
386 332
332 138
138 150
150 627
627 781
781 636
636 702
702 78
78 429
429 233
233 724
724 924
924 455
455 221
221 89
89 113
113 355
355 635
635 330
330 797
797 199
199 316
316 281
281 850
850 356
356 835
835 153
153 102
102 772
772 957
957 927
927 343
343 889
889 51
51 377
377 99
99 903
903 740
740 960
960 680
680 972
972 624
624 979
979 583
583 245
245 802
802 537
537 83
83 571
571 448
448 637
637 877
877 582
582 952
952 596
596 765
765 393
393 181
181 77
77 222
222 854
854 141
141 728
728 711
711 511
511 292
292 736
736 231
231 628
628 500
500 198
198 49
49 236
236 828
828 788
788 554
554 614
614 508
508 807
807 645
645 844
844 383
383 690
690 74
74 670
670 92
92 382
382 536
536 755
755 963
963 823
823 758
758 8
8 804
804 18
18 518
518 898
898 184
184 403
403 325
325 716
716 26
26 681
681 309
309 555
555 608
608 541
541 847
847 509
509 418
418 119
119 196
196 894
894 475
475 329
329 62
62 398
398 301
301 298
298 966
966 242
242 710
710 453
453 723
723 157
157 766
766 296
296 58
58 317
317 834
834 569
569 373
373 449
449 335
335 552
552 839
839 830
830 463
463 643
643 110
110 210
210 364
364 606
606 395
395 548
548 321
321 341
341 618
618 930
930 631
631 492
492 527
527 72
72 761
761 48
48 861
861 450
450 200
200 591
591 405
405 258
258 626
626 174
174 517
517 515
515 981
981 995
995 867
867 68
68 447
447 805
805 712
712 146
146 634
634 127
127 718
718 459
459 953
953 568
568 128
128 525
525 607
607 107
107 809
809 997
997 843
843 870
870 192
192 248
248 112
112 946
946 560
560 959
959 812
812 131
131 786
786 816
816 558
558 882
882 644
644 662
662 278
278 163
163 154
154 513
513 675
675 145
145 203
203 713
713 45
45 243
243 774
774 682
682 589
589 472
472 974
974 140
140 824
824 865
865 176
176 412
412 538
538 792
792 100
100 444
444 1000
1000 814
814 295
295 124
124 967
967 161
161 657
657 573
573 267
267 436
436 98
98 440
440 983
983 384
384 194
194 925
925 338
338 987
987 975
975 933
933 496
496 782
782 798
798 67
67 753
753 54
54 394
394 528
528 745
745 370
370 909
909 674
674 457
457 38
38 776
776 622
622 638
638 168
168 7
7 791
791 407
407 328
328 16
16 489
489 374
374 40
40 992
992 649
649 434
434 943
943 117
117 686
686 64
64 721
721 910
910 778
778 414
414 604
604 767
767 59
59 620
620 212
212 759
759 922
922 125
125 191
191 312
312 544
544 936
936 878
878 666
666 249
249 531
531 368
368 561
561 887
887 235
235 846
846 533
533 164
164 260
260 275
275 69
69 640
640 438
438 813
813 676
676 366
366 720
720 247
247 349
349 318
318 520
520 306
306 491
491 906
906 612
612 282
282 340
340 188
188 996
996 656
656 469
469 132
132 902
902 725
725 121
121 673
673 484
484 60
60 213
213 499
499 155
155 547
547 833
833 50
50 476
476 468
468 238
238 276
276 862
862 255
255 516
516 359
359 120
120 803
803 950
950 738
738 19
19 324
324 103
103 976
976 746
746 971
971 32
32 826
826 931
931 578
578 885
885 437
437 694
694 94
94 879
879 116
116 423
423 232
232 123
123 268
268 973
973 433
433 385
385 679
679 584
584 360
360 775
775 793
793 526
526 136
136 186
186 647
647 771
771 695
695 982
982 250
250 351
351 969
969 857
857 705
705 42
42 345
345 381
381 365
365 677
677 817
817 406
406 183
183 594
594 602
602 47
47 44
44 671
671 989
989 605
605 678
678 623
623 962
962 646
646 597
597 477
477 968
968 928
928 134
134 173
173 884
884 556
556 895
895 532
532 299
299 811
811 148
148 269
269 687
687 639
639 411
411 25
25 915
915 421
421 445
445 446
446 923
923 388
388 868
868 949
949 633
633 768
768 709
709 559
559 319
319 399
399 911
911 28
28 563
563 754
754 304
304 848
848 178
178 431
431 858
858 93
93 859
859 169
169 752
752 251
251 958
958 501
501 615
615 71
71 717
717 135
135 85
85 502
502 701
701 483
483 795
795 919
919 410
410 193
193 918
918 129
129 180
180 187
187 588
588 893
893 864
864 570
570 352
352 810
810 799
799 926
926 519
519 506
506 91
91 727
727 954
954 471
471 947
947 917
917 495
495 742
742 881
881 984
984 991
991 699
699 286
286 575
575 764
764 80
80 371
371 819
819 420
420 951
951 241
241 401
401 659
659 79
79 625
625 228
228 698
698 914
914 800
800 454
454 294
294 751
751 743
743 719
719 179
179 396
396 303
303 482
482 652
652 988
988 348
348 308
308 522
522 730
730 151
151 215
215 986
986 46
46 534
534 111
111 794
794 88
88 362
362 229
229 916
916 696
696 944
944 601
601 836
836 653
653 462
462 665
665 425
425 654
654 617
617 323
323 375
375 964
964 162
162 12
12 402
402 313
313 942
942 577
577 700
700 21
21 84
84 209
209 901
901 334
334 376
376 883
883 586
586 842
842 118
118 36
36 252
252 729
729 305
305 167
167 37
37 940
940 732
732 435
435 912
912 97
97 784
784 160
160 466
466 488
488 872
872 206
206 430
430 539
539 486
486 939
939 498
498 579
579 422
422 166
166 629
629 2
2 806
806 3
3 829
829 177
177 149
149 451
451 512
512 344
344 314
314 29
29 632
632 5
5 866
866 783
783 683
683 871
871 692
692 672
672 289
289 439
439 899
899 684
684 593
593 432
432 661
661 896
896 280
280 39
39 474
474 342
342 630
630 580
580 392
392 688
688 201
201 691
691 750
750 825
825 197
197 613
613 856
856 409
409 109
109 733
733 941
941 980
980 838
838 114
114 105
105 886
886 497
497 708
708 61
61 211
211 551
551 460
460 156
156 214
214 4
4 890
890 503
503 600
600 165
165 224
224 427
427 970
970 510
510 467
467 892
892 379
379 757
757 735
735 726
726 937
937 567
567 595
595 932
932 277
277 311
311 353
353 378
378 514
514 339
339 115
115 845
845 372
372 190
190 456
456 147
147 9
9 664
664 17
17 610
610 504
504 550
550 257
257 30
30 390
390 172
172 90
90 291
291 485
485 57
57 144
144 820
820 785
785 346
346 669
669 13
13 264
264 293
293 428
428 929
929 182
182 263
263 230
230 948
948 769
769 977
977 424
424 566
566 897
897 473
473 357
357 853
853 762
762 272
272 350
350 481
481 404
404 621
621 852
852 416
416 553
553 821
821 310
310 227
227 789
789 43
43 158
158 693
693 240
240 461
461 549
549 65
65 945
945 900
900 76
76 336
336 271
271 223
223 246
246 31
31 327
327 415
415 408
408 904
904 170
170 73
73 993
993 822
822 663
663 23
23 142
142 651
651 259
259 442
442 827
827 419
419 985
985 576
576 913
913 70
70 256
256 650
650 171
171 961
961 75
75 101
101 598
598 285
285 849
849 108
108 367
367 689
689 808
808 641
641 658
658 11
11 572
572 648
648 15
15 707
707 104
104 465
465 841
841 668
668 494
494 53
53 493
493 287
287 337
337 307
307 603
603 840
840 832
832 389
389 464
464 220
220 891
891 326
326 592
592 400
400 288
288 965
965 218
218 237
237 331
331 611
611 779
779 704
704 24
24 426
426 562
562 749
749 998
998 756
756 921
921 609
609 905
905 507
507 565
565 876
876 322
322 41
41 880
880 667
667 22
22 283
283 487
487 714
714 706
706 994
994 274
274 204
204 133
133 564
564 888
888 731
731 938
938 747
747 234
234 254
254 106
106 279
279 490
490 763
763 851
851 226
226 413
413 195
195 920
920 207
207 744
744 990
990 86
86 52
52 831
831 441
441 239
239 479
479 122
122 855
855 737
737 56
56 82
82 875
875 587
587 574
574 590
590 14
14 837
837 34
34 530
530 907
907 284
284 619
619 300
300 999
999 33
33 225
225 777
777 55
55 137
137 543
543 521
521 66
66 908
908 302
302 397
397 529
529 956
956 934
934 796
796 599
599 358
358 480
480 217
217 505
505 790
790 863
863 265
265 253
253 380
380 715
715 391
391 219
219 208
208 244
244 185
185 262
262 10
10 361
361 722
722 873
873 159
159 261
261 216
216 354
354 189
189 333
333 126
126 557
557 35
35 585
585 773
773 27
27 458
458 139
0 0 1 1 0 1 1 0
1 0 0 0 1 0 0 1
1 0 0 0 1 1 1 1
0 0 0 0 1 1 1 0
0 1 1 0 0 0 0 1
0 0 0 1 0 1 1 0
1 0 0 0 1 0 0 1
0 1 1 0 0 1 0 1
0 1 1 1 0 0 0 0
1 1 0 0 1 0 1 1
0 1 1 1 0 0 0 1
1 0 0 1 1 0 0 0
1 0 1 1 0 0 1 1
0 1 0 1 0 0 0 0
1 0 1 0 0 0 1 1
1 0 0 0 1 0 1 0
1 1 0 1 0 0 0 0
1 0 1 0 1 0 1 1
1 0 1 0 1 0 0 1
0 0 1 1 0 0 1 0
0 1 0 1 1 0 0 1
0 0 0 0 0 1 1 0
0 0 1 0 0 1 1 0
1 0 1 1 1 1 0 1
0 1 0 1 0 0 1 0
1 1 1 1 1 1 0 0
1 1 0 0 1 0 0 0
1 0 0 1 1 0 1 1
0 1 0 1 1 1 0 0
1 0 0 1 1 0 1 1
0 1 0 1 1 1 0 1
1 0 1 0 1 1 0 0
0 0 0 1 0 0 1 1
1 0 0 1 1 1 1 0
0 1 1 0 1 1 0 1
0 1 0 1 1 0 1 1
1 0 1 1 0 1 1 1
1 1 1 0 1 1 0 1
1 0 0 1 0 1 0 1
0 1 1 1 0 1 1 1
1 1 1 1 1 0 0 0
0 1 1 0 0 1 0 1
0 1 1 0 0 1 0 0
0 0 1 0 1 1 0 1
1 0 0 0 1 1 1 0
0 0 0 0 1 0 1 0
0 0 1 0 1 1 0 0
1 0 0 0 1 1 1 1
1 1 1 1 1 1 1 1
1 1 1 1 1 0 0 1
1 1 1 0 0 1 1 1
1 0 1 0 1 1 1 1
1 0 1 0 1 1 0 0
0 0 1 0 1 1 0 0
0 0 0 1 0 1 1 0
0 1 1 0 0 1 0 1
0 1 0 0 1 0 0 1
1 1 1 0 0 1 1 1
0 0 1 0 0 0 1 1
1 0 1 0 0 1 0 1
0 1 1 1 1 1 0 1
1 1 1 1 1 0 1 0
1 0 1 1 1 1 0 0
1 0 1 0 0 0 1 0
1 1 0 1 1 1 0 1
0 1 0 0 0 1 1 1
1 1 1 1 0 0 0 0
0 1 1 0 1 0 0 0
0 0 0 1 1 1 0 0
1 0 1 1 1 0 1 0
1 0 1 0 1 0 0 1
1 0 1 1 0 0 1 1
0 1 0 0 0 1 1 1
0 1 1 1 1 0 0 0
1 0 0 1 1 1 1 1
1 1 1 0 1 1 1 1
0 0 1 1 1 1 1 0
0 0 1 1 1 0 1 1
1 0 1 0 1 0 1 1
0 0 0 1 1 1 1 0
1 0 0 1 0 1 0 1
0 0 0 1 1 1 0 1
1 1 0 0 0 1 1 0
0 1 0 1 0 0 0 0
0 1 0 1 1 1 0 0
0 0 0 1 0 0 0 1
0 1 1 0 1 1 0 0
1 0 1 1 1 0 1 1
1 1 0 0 1 0 1 0
0 1 0 0 0 0 1 0
0 0 1 1 1 1 1 1
1 0 1 1 0 1 1 1
1 0 1 0 1 1 0 0
1 0 0 0 0 1 0 0
0 1 0 0 1 1 1 0
1 1 0 0 1 1 0 0
0 1 0 1 1 0 0 1
0 0 1 0 1 1 1 1
0 0 0 1 1 0 1 0
1 0 0 1 0 1 1 1
1 0 0 0 1 0 0 0
0 1 0 1 1 0 1 0
1 0 0 1 1 1 0 0
0 0 0 0 0 1 0 0
0 0 0 0 1 1 0 0
1 0 1 0 0 0 1 0
1 1 0 1 0 0 0 0
0 1 0 0 0 1 1 1
0 0 1 0 0 1 1 1
0 0 0 1 1 1 1 0
1 1 1 0 0 0 1 0
1 1 1 1 0 1 0 1
0 0 0 1 0 1 0 1
0 0 1 0 0 0 1 1
1 1 0 1 0 1 1 1
0 0 1 1 1 0 1 0
1 1 1 0 1 0 0 1
1 1 1 0 0 1 0 0
1 1 1 0 1 1 0 0
0 1 1 1 0 1 0 1
0 1 1 0 1 0 0 0
1 0 1 0 1 0 0 1
1 1 1 1 0 0 0 0
0 1 0 0 1 1 1 1
0 0 0 1 1 0 1 1
1 1 1 0 0 1 0 0
1 0 0 1 1 0 0 0
1 1 0 0 1 0 0 1
1 1 0 1 1 0 0 0
1 1 0 1 0 0 0 0
1 0 1 0 0 0 0 1
0 1 0 0 1 1 1 1
0 1 0 1 1 0 0 1
0 0 0 0 0 0 1 0
1 0 0 0 1 0 1 1
0 1 1 1 1 1 1 1
0 1 0 1 1 1 1 1
0 0 1 0 0 1 0 0
1 1 0 0 0 1 1 0
0 0 0 1 1 0 1 1
1 0 0 1 1 0 1 1
1 0 0 1 0 0 1 1
0 1 1 0 1 0 1 0
0 1 1 0 0 0 1 0
0 0 0 1 0 1 0 0
1 0 0 1 1 0 1 0
0 0 1 1 0 1 0 0
0 0 1 0 0 1 1 0
0 0 1 0 0 0 1 1
0 1 0 0 1 0 0 1
1 1 1 0 1 0 1 1
1 0 0 1 0 0 0 1
1 0 1 0 0 1 0 1
1 0 0 1 1 1 0 0
0 0 0 1 0 1 1 0
0 0 0 1 0 0 1 1
0 1 1 1 1 1 1 0
0 0 0 1 1 0 0 1
1 0 1 1 0 1 1 1
0 1 1 0 1 1 1 0
1 0 1 1 1 1 0 0
1 1 0 0 0 0 0 0
1 1 1 1 1 1 0 1
1 1 1 0 1 1 0 1
1 1 0 1 0 1 0 1
0 0 0 1 0 0 1 0
0 1 0 0 0 1 1 1
0 0 1 1 0 0 1 0
0 1 0 0 1 0 0 0
0 1 0 1 0 1 0 0
0 1 0 0 1 0 0 0
0 1 0 0 0 0 0 0
0 0 0 0 0 0 1 1
0 0 0 1 1 1 1 1
0 1 0 1 0 0 1 0
0 0 1 1 0 0 0 0
1 0 0 1 0 1 1 1
0 1 0 0 0 1 1 0
1 1 0 0 1 0 1 1
0 1 1 0 1 0 0 0
0 0 0 0 0 0 1 1
0 0 1 1 1 1 0 1
1 0 1 0 0 0 0 1
1 0 0 1 1 1 1 1
1 1 1 1 1 0 1 1
0 1 1 1 0 0 0 0
1 1 0 1 1 1 1 0
1 0 1 0 1 1 1 1
0 0 1 0 1 0 1 1
0 1 1 1 1 0 1 0
0 1 1 0 0 1 0 1
0 1 0 0 1 0 0 1
0 1 0 0 1 0 1 1
1 1 1 0 0 0 0 0
0 1 1 0 1 1 0 0
1 1 1 1 0 0 1 0
0 0 1 0 1 1 0 0
1 1 0 1 1 1 0 1
0 0 1 1 1 0 1 0
0 0 0 0 1 1 0 1
0 1 1 0 1 0 0 0
1 0 1 1 1 1 1 0
1 1 1 1 0 1 1 1
0 0 0 0 1 0 0 1
0 0 0 1 0 1 1 0
1 1 0 0 0 1 1 1
0 0 1 0 0 0 0 1
0 1 1 0 1 1 0 1
0 0 0 0 1 0 0 0
0 0 0 1 1 0 1 1
1 0 0 1 1 1 0 1
0 1 1 1 1 0 0 0
1 0 1 1 0 1 0 0
0 0 0 0 1 1 1 0
0 0 0 1 1 0 1 1
1 0 1 1 1 1 1 0
1 1 0 0 0 0 1 0
0 1 1 0 1 0 0 0
1 1 0 1 1 0 1 0
1 1 1 1 1 0 1 0
0 1 0 0 1 1 1 0
0 1 1 1 1 1 0 0
0 1 1 1 1 1 0 0
0 0 0 1 0 1 0 1
1 0 0 1 0 0 0 0
1 0 0 1 0 0 1 0
0 0 0 0 0 1 1 0
0 1 1 1 0 0 0 0
1 1 1 1 0 1 0 1
1 1 1 0 1 0 1 0
0 0 1 1 1 0 0 0
1 1 1 0 0 0 0 1
0 0 0 0 1 1 1 0
1 1 1 0 1 1 0 1
1 1 1 0 0 1 1 0
0 0 0 0 1 1 0 0
0 1 1 0 1 1 0 0
0 0 0 0 0 1 1 0
0 0 1 1 1 0 1 1
1 0 0 1 1 0 0 1
0 0 0 1 0 1 1 1
0 1 0 1 0 0 0 0
1 0 0 0 0 1 1 0
0 0 1 0 0 1 1 0
0 1 1 0 0 1 1 1
1 0 0 0 1 1 0 0
0 1 0 0 0 1 0 0
0 0 1 1 1 1 0 0
1 0 0 0 1 0 1 1
1 1 1 1 0 1 0 1
0 0 0 0 1 0 1 1
1 1 0 1 1 0 1 0
1 1 0 0 0 0 1 0
0 1 0 1 0 0 0 0
1 1 0 0 0 0 0 0
0 0 0 0 0 1 0 1
0 1 1 0 0 0 0 1
1 1 1 0 0 1 0 0
0 1 0 0 0 1 1 0
0 1 0 1 1 0 0 1
1 0 0 0 1 0 1 0
1 0 0 0 0 0 0 0
1 1 1 0 1 0 0 0
0 1 0 0 1 1 1 1
1 1 0 0 0 1 0 1
0 0 1 0 0 0 0 1
1 1 0 1 0 0 1 0
0 0 1 0 0 0 1 1
1 0 1 1 0 1 0 0
0 0 0 0 1 0 0 0
0 0 0 0 0 0 1 0
1 0 1 0 1 1 0 1
0 0 0 0 1 1 1 0
1 1 1 0 0 1 1 1
1 1 1 1 1 1 0 1
1 1 1 0 0 1 0 1
0 1 1 0 0 0 1 1
1 0 1 1 0 0 0 1
1 1 1 1 0 0 1 1
0 0 1 1 0 1 1 0
1 1 0 1 1 0 1 0
0 0 0 1 0 0 0 0
1 0 0 1 1 0 0 1
0 1 1 1 1 1 1 1
0 0 1 1 1 1 0 1
1 1 1 1 0 0 0 0
1 1 1 1 1 1 1 1
1 0 1 1 0 0 0 0
1 0 0 1 0 1 1 0
1 0 0 1 0 1 0 0
1 1 0 1 1 1 1 0
1 1 1 1 0 1 1 1
1 1 0 0 0 0 0 0
1 1 1 1 0 0 1 0
1 0 1 1 1 1 1 1
0 0 0 1 1 1 1 1
0 0 1 1 0 1 1 1
1 1 0 0 0 0 1 0
1 1 1 0 1 0 0 0
1 1 1 1 1 0 0 1
0 0 1 1 1 1 0 1
0 1 1 1 1 0 0 1
1 1 1 0 1 1 0 1
1 1 1 0 1 1 0 0
0 1 1 1 0 1 1 1
0 0 1 0 0 1 0 1
1 0 0 0 0 1 0 1
0 1 0 0 1 0 0 0
0 1 0 1 0 1 0 1
1 1 0 0 0 0 0 0
0 1 0 0 1 1 1 0
0 0 0 1 0 1 1 1
1 1 1 0 1 0 0 0
0 1 1 1 1 0 0 0
1 0 0 0 1 0 1 0
1 1 0 0 1 1 0 1
1 1 0 0 1 1 0 0
1 0 1 1 0 1 0 1
1 0 0 0 0 1 1 0
1 1 1 0 1 1 1 0
0 0 1 0 1 1 0 0
0 1 1 1 1 1 0 0
0 0 0 1 0 0 0 1
0 0 1 0 1 1 1 0
1 1 1 1 1 1 1 0
0 1 0 1 0 1 0 1
0 0 1 1 0 1 1 1
1 1 0 1 0 1 0 0
0 0 1 0 1 0 0 1
0 1 1 0 1 1 1 0
0 0 1 1 0 1 1 1
0 1 1 1 0 1 0 0
1 0 1 1 1 0 0 1
0 1 1 1 0 0 1 1
1 0 0 0 1 0 1 0
0 0 1 1 0 0 0 1
1 0 1 1 0 0 1 0
0 0 0 0 0 1 1 1
1 1 0 0 0 1 0 1
0 1 0 1 0 0 1 1
1 0 1 0 1 0 0 0
0 1 0 1 0 1 0 0
1 1 0 0 0 1 1 0
1 1 1 0 1 0 1 1
1 1 1 1 0 1 1 0
0 1 0 0 1 0 1 0
1 0 0 0 1 0 1 0
0 1 1 1 1 0 1 1
1 0 0 1 1 1 0 0
1 0 1 0 0 1 1 1
0 0 0 1 0 0 1 1
1 0 0 0 1 1 1 0
0 1 0 1 1 0 1 0
1 0 1 0 0 1 1 1
1 1 1 0 1 1 1 0
0 1 0 1 1 1 0 1
0 1 1 0 1 1 1 1
1 0 0 0 0 0 1 0
1 0 1 0 1 1 0 1
0 1 1 0 1 1 0 0
1 0 0 1 0 0 0 0
0 1 0 0 0 0 0 1
0 1 1 0 1 0 1 1
0 1 1 0 1 0 1 0
1 0 0 0 0 0 0 0
0 1 1 0 1 0 1 1
0 1 0 1 0 1 0 1
1 0 1 0 1 0 1 1
1 1 1 1 0 1 0 0
1 0 0 1 1 1 1 0
0 1 0 0 1 1 0 1
0 1 1 1 0 0 0 1
0 1 1 1 1 1 1 0
1 1 0 0 0 0 0 0
0 1 1 1 1 1 1 1
0 0 1 0 0 1 0 0
0 0 0 1 1 1 1 0
0 0 1 1 0 1 1 0
1 0 1 0 1 1 0 0
1 0 1 1 0 1 1 1
0 1 0 0 0 0 1 0
1 1 1 1 1 0 1 0
0 1 0 0 1 0 1 0
1 1 1 1 0 1 0 1
0 0 1 1 1 0 1 0
0 0 1 1 0 0 0 1
0 1 0 0 1 0 1 1
1 1 1 0 1 1 1 1
1 1 0 1 0 0 0 1
1 0 1 1 0 1 0 0
0 0 0 0 1 1 1 0
1 1 1 0 0 1 1 0
1 0 1 0 0 0 1 1
0 0 1 0 0 0 0 0
0 0 1 0 1 1 1 1
1 0 0 0 0 1 1 0
1 1 1 0 0 1 1 0
0 1 1 0 0 1 1 1
1 0 1 0 0 1 0 1
0 1 1 1 0 1 1 0
1 1 1 0 1 0 0 1
1 1 0 0 1 0 1 0
0 0 1 0 0 1 1 1
1 0 1 0 0 0 0 1
1 0 1 0 1 1 1 1
0 1 1 0 0 1 1 1
1 1 0 0 0 0 0 0
1 1 0 1 0 1 0 1
1 0 0 1 1 1 1 0
1 0 1 0 0 0 1 0
1 1 1 1 1 0 0 0
1 1 1 1 0 1 0 0
1 1 1 1 1 1 1 0
0 0 1 0 1 0 1 0
1 0 0 0 1 1 0 0
0 1 0 0 0 0 0 0
0 0 0 1 1 0 0 0
0 1 0 0 0 1 0 0
0 1 0 1 0 1 1 0
1 0 0 1 1 1 1 1
0 0 0 0 1 0 1 0
0 0 1 1 0 0 0 1
0 1 1 1 0 0 1 1
1 0 1 1 1 1 0 1
0 0 0 1 0 1 0 0
0 0 0 0 0 1 1 0
0 0 1 0 0 0 1 1
0 1 1 0 0 0 1 0
1 0 1 0 1 0 0 1
0 0 1 1 1 0 0 1
0 0 1 1 1 1 0 1
1 0 1 1 0 0 1 1
1 1 1 1 0 0 1 0
1 1 0 0 0 0 1 1
1 1 1 0 0 1 0 0
0 1 1 1 0 0 0 0
0 0 0 0 0 1 0 1
0 1 0 0 0 1 1 0
1 0 0 0 1 0 1 0
0 0 1 1 0 1 1 0
0 1 0 1 0 0 1 0
1 1 1 1 0 0 1 1
0 0 0 0 1 1 1 1
1 1 1 0 0 0 1 0
1 0 1 1 1 0 0 1
0 1 0 1 0 0 1 1
1 1 0 0 0 0 1 1
1 0 0 1 1 1 1 1
1 1 0 0 0 1 0 0
0 0 0 0 1 1 0 0
0 0 1 1 1 1 1 1
1 0 0 0 0 0 1 1
0 1 0 0 0 0 1 1
0 0 0 0 1 0 0 1
1 0 0 0 1 0 0 1
1 1 0 0 0 1 1 1
1 0 0 1 0 1 1 1
0 1 0 1 1 0 1 0
0 0 1 0 1 0 0 1
1 0 0 1 1 1 1 0
0 1 1 1 1 1 0 0
0 1 1 1 0 0 0 0
1 0 1 0 0 1 1 0
0 0 1 1 1 0 0 1
1 1 1 0 0 1 0 1
0 0 1 0 0 1 0 1
1 0 1 0 0 0 1 1
0 1 1 0 0 1 1 1
1 0 0 1 0 0 1 0
0 1 0 1 1 1 0 0
1 1 1 1 1 0 0 0
0 1 0 0 0 0 1 1
1 1 0 1 1 0 1 1
1 1 1 0 0 1 1 0
1 1 0 0 0 0 0 0
1 0 0 0 1 1 0 1
1 0 1 0 0 0 1 0
0 1 0 1 0 0 0 0
1 1 1 0 0 1 1 1
1 0 1 1 1 0 0 0
1 0 0 0 0 0 1 0
1 1 1 1 0 1 0 0
0 1 1 1 1 0 1 1
1 0 0 0 0 1 1 0
1 0 1 0 0 1 0 0
0 1 1 0 0 1 1 0
1 0 1 1 1 1 1 0
0 0 1 0 0 0 0 0
1 0 0 1 0 0 0 0
1 0 0 0 0 1 0 1
1 1 1 1 1 0 1 0
1 0 0 0 1 0 1 0
1 0 1 1 0 1 0 0
0 1 1 1 1 1 0 1
0 0 0 1 1 1 0 0
1 0 0 1 1 1 0 0
1 1 0 0 0 0 1 1
1 0 0 0 1 1 1 0
0 0 1 1 0 1 1 0
1 1 0 0 1 0 1 0
0 0 0 1 0 1 0 1
0 0 1 0 0 1 1 1
1 1 1 1 1 0 1 0
1 1 0 1 1 0 1 1
1 0 0 0 1 1 1 0
0 1 0 0 1 0 1 0
1 0 0 0 0 1 1 0
1 1 0 0 0 0 1 1
0 0 1 0 1 0 1 1
1 0 0 0 0 0 0 1
1 1 0 1 1 0 1 1
1 0 0 1 1 0 1 0
0 0 0 0 0 0 1 1
1 0 0 0 0 0 0 0
0 1 1 1 1 0 1 0
0 0 0 1 1 0 1 1
1 1 0 1 1 1 1 1
1 1 1 0 0 1 0 1
0 1 0 0 1 1 1 0
0 0 0 1 1 0 1 1
1 1 0 1 1 0 1 1
0 0 0 0 0 0 0 0
1 1 1 1 0 1 1 0
1 1 0 0 0 0 1 1
0 1 1 0 1 1 0 0
1 1 1 0 1 0 0 0
0 1 0 0 1 0 0 1
1 1 0 1 1 0 0 1
1 1 0 0 1 0 1 1
1 1 0 0 1 1 1 1
0 1 0 1 0 0 1 0
0 0 0 0 1 1 0 1
1 1 1 0 1 1 0 0
1 1 0 0 0 1 1 1
1 1 1 1 0 0 1 1
1 0 0 1 0 0 0 1
1 1 0 1 1 0 0 1
1 1 1 0 1 1 1 1
1 0 0 0 0 1 0 0
0 0 1 0 1 0 0 1
0 1 1 0 0 1 0 1
0 0 0 1 1 1 1 0
0 1 1 0 0 0 1 1
0 0 0 0 1 1 0 1
0 0 1 1 0 0 0 0
1 1 1 0 0 1 0 1
0 1 1 0 0 1 0 1
1 0 1 1 1 1 1 1
0 0 1 1 1 0 0 1
1 0 0 0 1 0 1 0
1 1 0 1 0 0 0 1
0 1 1 1 0 0 0 0
0 0 1 1 1 1 0 1
1 1 1 1 1 0 0 0
0 1 0 0 1 0 0 0
1 1 1 0 0 0 0 0
0 0 0 0 1 0 0 0
0 1 0 0 0 1 1 1
0 1 0 0 1 1 1 1
0 1 0 0 1 0 1 0
0 1 1 0 1 1 1 1
1 0 0 0 0 1 1 1
1 0 1 0 0 0 1 1
1 0 0 0 1 1 0 0
1 0 1 1 0 0 0 0
1 0 1 0 0 0 0 0
1 1 0 1 1 1 0 0
1 1 0 1 1 1 0 0
0 0 1 1 0 0 1 0
1 1 0 0 1 0 0 0
0 0 0 1 1 0 0 0
1 1 1 0 0 1 0 1
0 0 0 1 0 0 1 0
0 1 0 0 1 0 1 1
1 0 1 1 0 1 0 1
1 0 1 0 0 1 0 1
1 0 0 1 1 0 1 0
1 1 1 1 0 1 1 1
0 1 1 1 0 1 0 1
1 0 1 0 1 1 0 0
1 0 0 0 1 1 0 0
1 0 0 0 1 0 1 1
1 1 0 1 0 1 1 0
1 0 0 1 1 1 1 0
0 1 1 1 0 0 0 1
1 1 1 0 0 0 0 0
1 1 0 1 0 1 0 1
1 0 1 1 0 0 1 1
1 1 0 1 0 0 0 1
0 0 0 1 1 0 0 0
1 0 0 0 0 0 1 1
0 1 1 0 1 1 1 1
1 0 0 1 1 0 1 1
1 1 1 0 1 0 1 1
1 0 1 1 0 0 0 0
0 0 0 0 1 0 1 1
1 1 1 1 1 0 0 0
0 0 0 1 0 1 1 0
0 1 1 0 0 0 0 1
0 1 1 1 1 1 1 1
1 1 0 1 1 0 1 0
1 1 0 0 0 0 0 1
1 0 1 1 0 0 1 0
0 1 1 1 0 1 1 0
1 1 0 1 0 1 0 1
1 1 1 1 1 0 0 0
1 0 0 0 0 0 1 1
0 1 1 0 1 0 1 0
0 1 1 1 0 0 1 1
1 1 1 1 0 1 1 1
1 1 0 0 1 1 0 0
1 0 1 1 1 0 0 0
1 1 1 0 1 1 1 1
1 1 1 0 0 1 0 1
0 0 0 0 0 0 1 1
0 1 1 0 0 0 1 0
0 1 1 0 1 0 0 0
1 1 0 0 0 0 0 1
0 1 1 1 1 0 1 1
0 0 1 0 0 0 1 0
1 1 1 0 1 1 0 0
1 1 1 0 1 1 1 0
1 0 0 1 0 1 0 1
0 0 1 1 1 1 1 1
0 0 0 1 1 1 1 0
1 1 0 0 0 1 1 1
0 1 1 0 0 0 0 0
0 0 0 1 0 1 1 1
0 0 0 0 1 1 1 1
1 1 0 1 1 0 0 0
1 1 0 1 0 0 0 1
1 0 1 0 0 0 1 0
0 1 0 0 1 1 0 1
1 0 0 1 1 1 0 0
1 1 1 0 1 1 1 0
1 0 1 1 0 0 1 0
1 1 1 1 0 0 1 0
1 1 1 1 1 1 0 0
0 1 0 0 1 0 0 0
0 1 0 0 0 0 0 0
0 1 0 0 1 0 1 0
1 1 1 0 0 1 1 0
1 1 1 1 1 0 1 1
1 0 0 1 1 1 0 0
1 1 1 1 1 0 1 1
0 0 1 1 0 0 0 1
0 1 0 0 1 1 1 0
1 0 1 0 1 1 0 1
1 1 0 0 0 1 0 0
1 0 0 1 0 1 0 1
0 1 1 0 0 0 1 0
0 0 1 0 0 0 1 1
1 0 1 0 1 1 0 0
1 0 0 1 0 0 1 1
0 1 1 1 0 0 0 1
1 1 1 1 1 0 1 0
0 1 1 0 0 0 0 1
0 0 1 1 0 1 0 1
0 0 1 0 0 1 0 0
0 0 1 0 1 1 0 0
0 1 1 1 0 0 1 0
1 1 0 0 0 1 0 1
0 0 0 1 0 1 1 0
0 0 0 0 0 1 0 0
1 1 1 0 0 1 0 0
0 1 0 1 0 0 1 0
0 1 0 0 0 1 0 1
0 0 1 1 0 1 1 0
0 0 1 1 0 1 1 1
0 1 0 0 0 1 0 1
1 0 1 1 0 1 0 1
0 1 1 1 0 1 1 1
0 0 1 1 0 0 1 0
1 1 0 0 0 0 0 0
1 0 0 1 1 1 1 1
1 0 0 0 0 1 1 1
0 1 1 0 0 1 1 0
1 0 0 1 0 1 1 0
0 1 1 0 1 1 1 0
1 0 0 0 0 0 0 0
0 1 0 0 0 0 1 0
1 0 1 0 0 0 0 0
1 1 1 0 0 1 1 1
0 0 1 1 1 0 1 0
0 1 0 1 1 1 1 0
0 1 0 0 0 0 1 1
0 1 0 0 1 0 1 0
0 0 0 0 1 0 0 0
0 1 1 1 1 0 1 1
0 0 1 1 0 0 0 1
0 1 0 1 1 0 0 0
0 0 0 0 1 0 0 1
1 0 1 1 0 1 1 1
0 0 1 0 0 0 0 1
0 1 0 1 0 1 0 1
1 1 0 0 0 1 1 0
0 1 1 0 0 0 0 1
1 1 0 0 1 1 1 1
0 0 0 0 1 1 0 0
0 0 0 1 1 1 0 1
0 0 0 1 0 0 0 0
1 0 0 1 0 1 0 0
0 1 1 0 1 1 1 1
0 0 0 1 0 1 1 1
0 1 1 0 0 1 1 0
0 0 1 0 1 1 1 1
1 1 1 0 1 1 1 0
1 0 1 1 0 0 0 0
0 0 0 0 0 1 1 0
0 1 0 0 0 1 1 1
1 1 1 1 0 1 1 1
1 0 0 0 1 0 0 1
1 0 0 1 0 1 0 1
0 0 0 1 0 0 1 1
1 0 1 0 1 1 1 0
1 1 1 0 1 0 1 0
0 0 0 1 1 1 1 1
0 1 0 0 0 0 1 0
0 1 0 0 1 1 0 0
0 0 0 1 0 1 0 0
1 1 1 1 0 1 1 1
0 1 0 1 1 0 0 1
1 0 0 0 0 1 1 0
1 1 1 0 0 1 1 1
1 1 0 1 1 1 1 1
1 0 1 1 0 0 0 1
1 0 0 1 0 1 0 1
1 0 0 1 0 1 1 0
1 1 0 1 0 1 0 1
1 1 0 1 0 0 1 1
0 1 0 1 1 0 0 1
1 0 0 0 0 0 1 1
1 1 0 0 0 0 0 1
0 0 0 0 0 0 0 1
1 0 0 1 1 1 1 0
0 0 0 1 0 0 1 0
1 0 1 0 0 1 1 1
0 1 1 0 0 0 1 1
1 0 0 1 1 0 1 1
1 0 1 1 0 0 1 0
0 0 0 1 0 0 1 1
0 1 0 0 0 1 1 0
1 1 1 1 0 0 1 1
1 1 1 0 0 1 1 0
1 0 1 0 1 0 1 1
1 1 0 0 0 0 0 0
1 0 0 1 1 1 1 0
1 0 0 0 0 0 0 1
1 1 0 1 1 0 0 0
0 0 0 0 0 0 1 0
1 0 1 1 1 0 0 1
1 1 0 0 0 1 1 0
1 1 1 0 1 0 0 0
0 0 0 0 0 1 0 0
1 0 1 1 1 1 0 0
1 1 0 0 1 0 1 1
1 1 0 0 0 0 0 1
0 1 1 1 0 0 0 1
1 0 0 0 0 1 1 0
1 1 1 0 1 0 1 0
1 1 1 0 1 1 0 1
1 1 0 1 1 0 1 0
1 1 0 0 0 0 0 0
1 0 1 1 1 1 0 0
1 0 1 1 0 1 0 1
0 0 1 1 0 0 1 1
0 0 0 1 0 0 0 0
1 0 0 0 0 0 0 0
0 1 0 1 1 1 1 0
1 1 1 0 1 0 0 1
1 0 1 0 1 0 0 1
0 1 1 0 0 0 1 0
0 0 0 0 0 0 1 1
1 0 0 1 0 0 0 1
0 0 0 0 1 0 0 0
0 0 0 0 1 0 0 1
0 0 1 1 0 0 0 0
0 0 1 1 0 0 1 0
0 1 1 1 0 1 0 1
0 1 0 1 0 0 0 0
1 1 0 1 0 0 0 0
1 1 1 1 0 1 1 1
1 1 1 1 1 0 0 1
0 0 0 0 1 0 1 1
0 1 0 1 0 0 0 0
1 1 1 1 1 0 0 1
1 0 1 1 0 0 1 0
1 0 0 0 0 1 1 0
0 0 1 0 1 1 0 1
1 1 1 0 1 0 1 1
0 0 1 1 1 1 0 1
0 0 1 1 0 1 0 0
0 1 1 1 1 1 0 0
0 0 1 0 1 1 0 0
1 1 1 1 1 1 1 0
1 1 1 0 0 0 1 0
0 0 1 0 0 1 0 0
1 0 0 1 1 1 0 1
0 1 1 0 1 0 0 0
0 1 0 1 1 0 1 1
0 0 0 1 1 0 0 1
0 1 0 0 1 1 1 1
0 1 0 1 0 0 1 0
0 1 1 1 1 0 0 0
0 0 0 1 0 1 0 1
0 1 1 0 1 1 1 1
0 1 0 0 0 1 1 1
0 1 1 0 0 0 0 0
1 0 0 0 0 1 1 1
1 1 1 1 0 0 1 0
0 1 0 1 0 1 1 1
0 1 0 1 1 1 1 0
0 1 0 0 0 0 0 1
1 0 0 0 0 0 1 0
1 1 1 0 1 0 1 0
0 1 1 1 1 0 0 0
0 0 0 0 0 1 0 1
0 1 1 0 1 1 0 1
0 0 0 1 0 0 1 0
0 0 1 0 0 0 1 0
1 0 1 1 0 1 1 1
1 1 1 0 1 1 1 0
0 1 1 1 0 1 0 1
1 0 0 0 0 0 1 0
0 1 0 0 1 0 0 0
1 1 1 0 1 1 1 0
0 1 1 1 1 1 1 0
1 1 1 1 1 0 0 1
0 1 1 0 1 1 1 0
1 0 0 0 1 1 1 0
1 0 1 1 1 1 0 0
0 1 0 0 0 1 1 1
0 1 1 0 1 0 1 0
1 0 1 1 0 0 1 1
0 0 1 1 1 0 1 1
0 0 0 0 1 1 0 0
0 1 1 1 0 1 0 0
1 1 1 1 0 1 0 0
0 0 0 1 1 1 1 1
1 0 1 1 1 1 0 1
0 0 0 0 0 0 1 0
1 0 0 0 1 0 0 1
0 1 0 0 0 0 0 1
0 1 0 0 0 1 1 0
1 0 1 1 1 1 1 0
1 0 0 0 0 1 0 1
1 1 0 1 0 1 1 1
0 0 1 1 0 0 1 0
1 1 1 1 1 0 1 1
0 0 1 0 0 0 1 1
0 0 1 1 0 1 1 0
1 1 1 0 1 0 0 1
1 1 1 1 1 1 0 1
1 1 1 0 0 1 0 1
1 1 0 1 0 0 0 1
0 0 1 1 0 1 0 1
1 1 0 0 0 1 0 1
0 0 0 0 1 1 0 1
1 1 1 1 0 0 1 0
1 0 1 0 0 1 0 1
1 0 1 0 1 0 1 1
1 1 0 1 0 1 0 1
0 1 0 1 0 1 1 1
1 0 1 0 0 1 0 1
0 1 0 0 0 0 0 0
1 1 1 1 1 1 0 0
0 1 1 1 0 1 1 0
0 1 0 1 0 0 1 1
0 0 1 0 1 1 0 0
0 0 1 1 0 0 0 0
0 1 1 1 1 1 1 0
1 0 1 0 0 1 0 1
1 0 1 0 1 1 1 0
0 0 1 0 0 0 1 0
1 0 0 0 1 0 1 0
0 1 0 1 1 1 0 0
0 1 1 1 1 1 1 1
1 0 0 1 1 0 1 1
0 1 1 1 1 1 0 1
1 0 0 0 1 0 0 1
0 1 1 1 1 1 0 1
0 1 1 0 1 1 1 0
0 0 1 0 1 1 0 1
1 1 0 1 1 0 0 0
0 1 0 1 0 1 0 1
0 1 1 0 1 1 1 1
1 1 0 0 1 0 0 1
1 0 1 1 0 1 0 1
1 0 1 1 1 1 0 1
0 0 0 1 1 0 0 1
1 0 1 0 1 1 1 1
0 1 0 0 0 0 0 1
1 0 1 1 1 0 1 0
0 0 0 0 1 0 1 0
0 1 0 0 0 1 1 1
1 0 0 1 0 0 0 1
0 1 1 0 1 0 1 1
1 1 0 1 1 1 1 0
0 0 0 1 0 0 0 0
1 1 0 0 0 1 0 0
1 0 0 0 1 1 1 0
1 0 0 0 1 0 1 1
0 1 0 1 0 1 0 0
1 1 0 0 0 1 1 0
0 1 0 1 0 1 0 1
0 1 1 0 1 0 1 1
1 1 1 0 1 1 0 0
1 1 0 0 0 1 0 0
0 1 1 0 0 0 0 0
1 1 1 0 0 1 1 1
0 0 1 1 1 0 0 0
1 0 1 0 1 1 1 1
0 1 0 1 1 1 1 0
1 0 1 0 0 0 0 0
1 1 0 1 0 1 1 1
0 1 1 1 0 0 0 1
1 0 1 0 0 1 1 1
0 1 0 1 0 0 0 0
0 1 1 0 1 1 1 0
0 0 1 1 0 0 0 0
0 0 1 0 1 1 1 1
0 0 1 1 0 1 0 1
0 0 1 0 0 1 1 1
0 0 1 0 1 1 0 0
1 0 0 0 0 0 1 0
1 0 0 1 0 0 0 0
0 0 0 0 0 1 1 1
0 0 0 1 1 1 0 1
0 1 0 0 1 1 0 0
0 0 1 1 1 0 1 0
0 0 1 0 1 0 1 1
0 0 1 0 1 1 1 0
0 0 0 1 0 1 0 1
0 0 1 0 0 0 0 1
0 0 0 0 1 1 0 1
0 0 1 0 1 0 0 0
0 0 1 0 1 0 0 1
0 1 0 1 1 0 0 1
1 1 1 0 0 1 1 1
0 0 0 1 0 0 0 1
0 1 1 1 1 0 0 0
0 0 1 1 1 1 1 0
1 1 1 0 1 0 1 0
1 0 0 0 1 0 0 1
1 1 0 1 0 1 0 0
1 0 1 1 1 0 0 0
1 1 1 1 0 0 0 0
0 0 1 0 1 1 1 1
1 1 1 0 0 0 0 1
0 0 0 1 1 1 1 0
0 0 1 1 0 1 1 1
1 0 1 0 1 1 1 0
1 1 0 1 1 0 1 1
0 0 1 0 0 0 1 1
1 0 1 0 0 0 1 0
0 1 1 0 0 1 0 0
1 1 0 1 0 1 1 0
1 1 1 0 1 0 0 0
0 1 1 0 0 1 0 1
0 1 0 0 1 1 0 1
0 0 1 0 1 1 1 0
0 1 1 1 0 1 1 0
0 1 1 0 0 0 1 1
0 1 1 1 0 1 1 0
1 1 0 0 1 0 1 1
0 1 1 0 0 1 0 0
1 0 0 0 1 0 0 1
0 1 0 0 0 0 0 0
1 0 1 1 0 0 1 0
0 0 1 1 0 0 1 1
0 1 1 1 0 0 1 0
1 0 0 1 1 1 1 0
0 1 1 1 1 1 0 1
0 0 1 1 1 1 1 0
1 1 0 0 0 1 1 1
0 0 1 1 0 0 1 1
0 1 0 1 1 1 1 1
0 0 1 1 1 1 1 1
0 0 0 1 0 1 0 0
1 1 0 0 0 1 0 1
1 0 1 0 1 0 1 0
0 0 0 1 0 1 1 1
1 0 0 0 1 1 1 0
1 0 1 1 1 0 0 0
0 0 0 1 1 0 0 1
1 0 0 1 0 1 0 1
0 0 1 1 0 0 1 0
0 0 0 0 0 0 1 1
1 0 1 0 1 0 0 0
1 0 0 0 1 0 0 1
0 1 1 0 1 0 0 1
0 0 0 0 0 0 0 0
1 1 0 0 0 1 1 1
1 1 1 1 0 1 1 0
0 0 0 0 0 1 0 0
0 0 1 1 1 1 0 1
1 1 1 0 0 0 0 0
1 1 1 0 1 0 1 0
1 0 1 0 1 0 1 0
1 0 1 1 1 1 0 1
1000
233 748
455 315
143 535
369 780
273 685
347 524
429 869
636 202
627 290
523 6
89 955
78 581
703 741
703 443
233 81
635 697
130 874
760 734
270 297
316 470
850 546
781 860
581 815
113 130
889 87
95 935
470 540
87 417
815 478
355 616
89 660
99 545
818 363
51 760
99 452
290 320
470 205
540 787
642 63
478 1
627 801
270 273
205 266
266 143
332 96
102 655
903 387
924 739
363 542
315 770
772 642
347 270
635 523
642 152
363 20
377 703
452 95
685 978
889 818
660 369
616 347
874 175
152 386
741 332
290 138
417 150
6 627
955 781
443 636
685 702
233 78
734 429
363 233
95 724
343 924
741 455
545 221
978 89
772 113
417 355
330 635
315 330
818 797
78 199
797 316
655 281
443 850
581 356
927 835
315 153
780 102
138 772
102 957
138 927
874 343
642 889
386 51
535 377
524 99
642 903
978 740
81 960
581 680
957 972
478 624
642 979
152 583
542 245
787 802
199 537
635 83
955 571
655 448
760 637
780 877
478 582
523 952
347 596
850 765
330 393
102 181
63 77
363 222
386 854
153 141
455 728
780 711
81 511
270 292
332 736
369 231
297 628
233 500
330 198
386 49
150 236
741 828
281 788
443 554
957 614
874 508
152 807
320 645
978 844
443 383
770 690
51 74
356 670
815 92
153 382
860 536
113 755
150 963
642 823
320 758
290 8
540 804
581 18
523 518
697 898
199 184
724 403
102 325
955 716
787 26
417 681
315 309
81 555
978 608
955 541
369 847
660 509
470 418
266 119
6 196
540 894
860 475
540 329
978 62
748 398
205 301
957 298
781 966
955 242
781 710
87 453
20 723
545 157
273 766
89 296
748 58
627 317
281 834
343 569
935 373
660 449
99 335
386 552
281 839
6 830
281 463
455 643
927 110
95 210
702 364
81 606
801 395
927 548
102 321
130 341
869 618
175 930
270 631
903 492
270 527
741 72
660 761
524 48
315 861
153 450
6 200
869 591
95 405
429 258
266 626
363 174
320 517
320 515
546 981
266 995
20 867
266 68
316 447
202 805
739 712
20 146
363 634
978 127
343 718
616 459
924 953
903 568
270 128
281 525
356 607
102 107
377 809
478 997
535 843
87 870
369 192
616 248
270 112
874 946
87 560
150 959
221 812
780 131
739 786
320 816
356 558
635 882
290 644
874 662
266 278
955 163
903 154
138 513
797 675
978 145
102 203
99 713
205 45
320 243
903 774
113 682
96 589
760 472
199 974
978 140
927 824
781 865
685 176
636 412
1 538
347 792
702 100
452 444
51 1000
770 814
957 295
697 124
660 967
903 161
316 657
524 573
739 267
874 436
143 98
978 440
540 983
377 384
734 194
417 925
290 338
130 987
478 975
815 933
356 496
781 782
860 798
202 67
546 753
627 54
205 394
266 528
199 745
542 370
417 909
87 674
818 457
635 38
642 776
150 622
770 638
635 168
316 7
636 791
760 407
89 328
205 16
199 489
233 374
636 40
903 992
470 649
138 434
297 943
332 117
815 686
320 64
627 721
130 910
143 778
760 414
523 604
697 767
748 59
386 620
818 212
739 759
175 922
89 125
818 191
221 312
347 544
685 936
99 878
642 666
270 249
734 531
627 368
635 561
266 887
581 235
787 846
724 533
524 164
130 260
927 275
542 69
927 640
320 438
869 813
95 676
1 366
455 720
78 247
535 349
315 318
889 520
772 306
138 491
524 906
455 612
20 282
63 340
443 188
297 996
356 656
20 469
266 132
801 902
452 725
99 121
452 673
316 484
772 60
978 213
741 499
332 155
780 547
955 833
818 50
281 476
787 468
748 238
455 276
478 862
702 255
6 516
150 359
734 120
642 803
787 950
955 738
927 19
636 324
270 103
417 976
927 746
850 971
316 32
233 826
636 931
96 578
455 885
935 437
315 694
273 94
205 879
363 116
221 423
429 232
96 123
417 268
957 973
860 433
452 385
233 679
96 584
355 360
78 775
627 793
741 526
636 136
685 186
455 647
546 771
660 695
635 982
540 250
130 351
455 969
478 857
860 705
330 42
175 345
739 381
199 365
205 677
233 817
130 406
221 183
924 594
772 602
627 47
703 44
143 671
545 989
734 605
697 678
452 623
221 962
150 646
202 597
955 477
369 968
524 928
860 134
739 173
770 884
780 556
316 895
535 532
417 299
955 811
903 148
685 269
78 687
635 639
627 411
316 25
315 915
347 421
130 445
702 446
386 923
377 388
20 868
320 949
545 633
703 768
770 709
935 559
978 319
734 399
429 911
627 28
642 563
20 754
315 304
642 848
143 178
429 431
89 858
697 93
724 859
20 169
452 752
781 251
153 958
535 501
355 615
96 71
860 717
815 135
369 85
703 502
221 701
78 483
697 795
748 919
540 410
347 193
273 918
95 129
202 180
377 187
95 588
95 893
429 864
270 570
6 352
266 810
417 799
869 926
51 519
703 506
356 91
781 727
860 954
955 471
175 947
20 917
702 495
78 742
470 881
96 984
281 991
955 699
99 286
347 575
935 764
51 80
297 371
869 819
270 420
233 951
874 241
20 401
903 659
130 79
417 625
20 228
175 698
150 914
739 800
627 454
386 294
540 751
739 743
153 719
739 179
138 396
320 303
386 482
545 652
924 988
470 348
703 308
748 522
748 730
363 151
470 215
6 986
95 46
748 534
63 111
724 794
545 88
927 362
99 229
51 916
281 696
787 944
369 601
81 836
332 653
452 462
332 665
470 425
290 654
78 617
660 323
815 375
540 964
63 162
760 12
273 402
627 313
113 942
6 577
273 700
724 21
818 84
780 209
546 901
581 334
78 376
470 883
320 586
363 842
734 118
63 36
87 252
356 729
869 305
78 167
316 37
772 940
616 732
660 435
96 912
455 97
860 784
957 160
63 466
386 488
87 872
660 206
924 430
660 539
523 486
748 939
102 498
627 579
455 422
96 166
781 629
387 2
99 806
546 3
850 829
51 177
347 149
315 451
869 512
635 344
781 314
377 29
850 632
150 5
290 866
153 783
978 683
540 871
51 692
818 672
797 289
927 439
330 899
860 684
363 593
524 432
636 661
903 896
860 280
724 39
96 474
770 342
772 630
702 580
455 392
281 688
540 201
478 691
770 750
642 825
175 197
545 613
330 856
660 409
780 109
739 733
233 941
724 980
386 838
636 114
703 105
355 886
266 497
205 708
797 61
542 211
874 551
478 460
81 156
1 214
130 4
443 890
818 503
978 600
363 165
702 224
635 427
760 970
233 510
233 467
635 892
270 379
581 757
702 735
850 726
320 937
869 567
270 595
281 932
386 277
356 311
655 353
797 378
452 514
703 339
332 115
63 845
540 372
320 190
270 456
99 147
355 9
81 664
270 17
734 610
781 504
443 550
787 257
957 30
443 390
636 172
818 90
748 291
143 485
635 57
781 144
636 820
787 785
703 346
270 669
332 13
955 264
387 293
978 428
703 929
655 182
835 263
797 230
860 948
818 769
818 977
369 424
87 566
978 897
818 473
205 357
818 853
330 762
96 272
102 350
702 481
860 404
281 621
478 852
63 416
850 553
748 821
343 310
316 227
95 789
703 43
935 158
935 693
797 240
523 461
697 549
332 65
685 945
635 900
835 76
315 336
96 271
627 223
818 246
642 31
89 327
770 415
102 408
770 904
741 170
281 73
443 993
377 822
387 663
233 23
635 142
270 651
99 259
387 442
81 827
452 419
903 985
739 576
787 913
143 70
175 256
443 650
386 171
266 961
6 75
702 101
130 598
387 285
955 849
113 108
266 367
780 689
78 808
417 641
51 658
874 11
955 572
781 648
355 15
581 707
616 104
815 465
363 841
315 668
780 494
772 53
781 493
429 287
6 337
316 307
332 603
535 840
642 832
655 389
417 464
978 220
642 891
935 326
455 592
81 400
320 288
355 965
95 218
770 237
386 331
455 611
113 779
724 704
369 24
835 426
153 562
685 749
815 998
801 756
297 921
452 609
636 905
175 507
748 565
869 876
781 322
429 41
315 880
221 667
523 22
702 283
266 487
741 714
889 706
542 994
835 274
290 204
355 133
95 564
377 888
739 731
781 938
152 747
273 234
772 254
697 106
199 279
1 490
290 763
6 851
903 226
780 413
903 195
636 920
781 207
874 744
818 990
635 86
175 52
221 831
781 441
386 239
760 479
660 122
330 855
835 737
143 56
927 82
581 875
113 587
95 574
332 590
702 14
787 837
924 34
377 530
332 907
281 284
315 619
724 300
724 999
581 33
363 225
316 777
703 55
343 137
63 543
152 521
927 66
175 908
924 302
739 397
113 529
927 956
332 934
78 796
270 599
660 358
835 480
63 217
781 505
102 790
199 863
81 265
787 253
369 380
770 715
815 391
81 219
703 208
581 244
455 185
748 262
452 10
978 361
143 722
455 873
787 159
386 261
81 216
850 354
429 189
818 333
535 126
369 557
347 35
150 585
869 773
87 27
270 458
636 139
