1000 16
2 1
3 1
4 2
5 3
6 2
7 6
8 2
9 3
10 6
11 5
12 4
13 9
14 5
15 9
16 13
17 2
18 15
19 1
20 9
21 2
22 16
23 16
24 7
25 6
26 15
27 19
28 11
29 19
30 15
31 24
32 29
33 23
34 24
35 2
36 33
37 33
38 10
39 38
40 15
41 10
42 19
43 38
44 13
45 26
46 15
47 13
48 43
49 18
50 40
51 23
52 24
53 22
54 48
55 16
56 37
57 46
58 55
59 36
60 29
61 31
62 55
63 4
64 49
65 18
66 8
67 15
68 62
69 1
70 1
71 30
72 16
73 65
74 15
75 20
76 62
77 44
78 23
79 56
80 73
81 3
82 69
83 54
84 24
85 66
86 24
87 74
88 37
89 6
90 85
91 82
92 62
93 72
94 15
95 16
96 51
97 48
98 43
99 58
100 77
101 32
102 40
103 82
104 7
105 29
106 78
107 70
108 37
109 20
110 31
111 7
112 29
113 80
114 24
115 28
116 17
117 16
118 22
119 26
120 101
121 30
122 50
123 112
124 47
125 54
126 96
127 11
128 26
129 33
130 36
131 46
132 8
133 82
134 22
135 24
136 21
137 36
138 107
139 115
140 130
141 125
142 118
143 69
144 130
145 68
146 128
147 27
148 38
149 53
150 119
151 126
152 68
153 133
154 84
155 79
156 117
157 110
158 69
159 10
160 71
161 156
162 79
163 26
164 93
165 110
166 38
167 35
168 17
169 91
170 118
171 157
172 171
173 41
174 76
175 137
176 57
177 21
178 15
179 45
180 28
181 64
182 159
183 136
184 121
185 142
186 109
187 29
188 111
189 78
190 20
191 154
192 95
193 133
194 117
195 86
196 96
197 59
198 114
199 33
200 107
201 34
202 149
203 99
204 109
205 72
206 194
207 52
208 3
209 50
210 166
211 42
212 200
213 143
214 45
215 19
216 193
217 29
218 100
219 185
220 37
221 149
222 208
223 150
224 44
225 4
226 64
227 202
228 68
229 100
230 153
231 27
232 224
233 143
234 152
235 10
236 54
237 145
238 181
239 127
240 53
241 190
242 52
243 164
244 173
245 29
246 46
247 14
248 127
249 146
250 52
251 37
252 233
253 213
254 213
255 186
256 128
257 7
258 234
259 178
260 30
261 93
262 14
263 81
264 233
265 123
266 231
267 71
268 105
269 68
270 166
271 60
272 87
273 76
274 251
275 153
276 191
277 53
278 51
279 220
280 42
281 196
282 209
283 237
284 36
285 39
286 67
287 269
288 286
289 145
290 234
291 91
292 107
293 218
294 62
295 209
296 267
297 199
298 59
299 22
300 30
301 286
302 145
303 3
304 281
305 265
306 1
307 239
308 270
309 74
310 300
311 120
312 208
313 32
314 22
315 17
316 38
317 258
318 231
319 297
320 307
321 10
322 143
323 81
324 101
325 309
326 207
327 107
328 106
329 277
330 68
331 87
332 29
333 275
334 165
335 33
336 138
337 307
338 318
339 254
340 233
341 323
342 164
343 210
344 275
345 38
346 241
347 123
348 195
349 207
350 170
351 201
352 279
353 254
354 223
355 255
356 201
357 87
358 194
359 63
360 208
361 154
362 116
363 15
364 206
365 113
366 338
367 190
368 67
369 279
370 108
371 178
372 354
373 298
374 124
375 280
376 219
377 330
378 126
379 158
380 62
381 261
382 323
383 157
384 292
385 161
386 285
387 66
388 72
389 146
390 13
391 232
392 78
393 168
394 372
395 181
396 202
397 43
398 62
399 95
400 188
401 123
402 174
403 88
404 146
405 132
406 132
407 307
408 303
409 348
410 263
411 357
412 271
413 96
414 292
415 25
416 207
417 48
418 210
419 230
420 76
421 224
422 380
423 15
424 324
425 27
426 409
427 391
428 171
429 404
430 359
431 16
432 268
433 340
434 256
435 323
436 283
437 51
438 46
439 161
440 410
441 186
442 346
443 429
444 76
445 3
446 348
447 343
448 41
449 434
450 71
451 310
452 338
453 383
454 418
455 121
456 333
457 451
458 456
459 423
460 431
461 425
462 264
463 234
464 449
465 412
466 433
467 276
468 303
469 188
470 235
471 249
472 73
473 268
474 10
475 473
476 280
477 162
478 331
479 114
480 305
481 51
482 176
483 102
484 6
485 265
486 291
487 355
488 376
489 55
490 222
491 355
492 146
493 188
494 294
495 354
496 333
497 470
498 219
499 382
500 270
501 485
502 367
503 226
504 9
505 427
506 277
507 268
508 364
509 13
510 19
511 302
512 282
513 18
514 171
515 233
516 362
517 185
518 459
519 426
520 218
521 380
522 362
523 20
524 310
525 447
526 179
527 351
528 407
529 253
530 415
531 291
532 70
533 343
534 330
535 402
536 478
537 458
538 386
539 230
540 539
541 196
542 312
543 40
544 75
545 37
546 440
547 196
548 327
549 545
550 431
551 260
552 535
553 227
554 345
555 346
556 257
557 473
558 50
559 177
560 195
561 134
562 284
563 398
564 1
565 22
566 68
567 526
568 35
569 156
570 118
571 517
572 311
573 548
574 219
575 97
576 482
577 366
578 276
579 177
580 452
581 180
582 309
583 423
584 2
585 218
586 531
587 523
588 261
589 241
590 500
591 461
592 150
593 360
594 43
595 89
596 438
597 589
598 107
599 59
600 419
601 271
602 527
603 547
604 519
605 152
606 95
607 65
608 83
609 111
610 224
611 116
612 33
613 415
614 120
615 9
616 238
617 258
618 331
619 210
620 400
621 537
622 336
623 158
624 469
625 145
626 101
627 197
628 620
629 402
630 244
631 286
632 356
633 227
634 228
635 283
636 52
637 60
638 455
639 590
640 72
641 271
642 601
643 109
644 273
645 312
646 610
647 636
648 602
649 455
650 416
651 294
652 320
653 384
654 169
655 616
656 196
657 590
658 370
659 301
660 130
661 515
662 261
663 19
664 162
665 76
666 338
667 322
668 346
669 467
670 215
671 402
672 639
673 495
674 201
675 507
676 590
677 624
678 144
679 269
680 63
681 306
682 335
683 444
684 440
685 481
686 177
687 662
688 359
689 165
690 305
691 517
692 679
693 535
694 250
695 586
696 486
697 467
698 29
699 525
700 345
701 559
702 385
703 687
704 114
705 477
706 77
707 180
708 112
709 460
710 230
711 243
712 471
713 677
714 441
715 333
716 290
717 153
718 256
719 402
720 347
721 231
722 385
723 689
724 147
725 275
726 103
727 241
728 670
729 107
730 4
731 332
732 595
733 349
734 233
735 577
736 52
737 160
738 598
739 337
740 287
741 28
742 150
743 452
744 602
745 178
746 389
747 362
748 188
749 274
750 253
751 582
752 108
753 394
754 386
755 636
756 38
757 683
758 535
759 587
760 186
761 225
762 371
763 178
764 672
765 302
766 271
767 648
768 598
769 485
770 463
771 239
772 115
773 486
774 343
775 419
776 82
777 524
778 100
779 272
780 661
781 298
782 618
783 581
784 169
785 40
786 388
787 53
788 358
789 570
790 764
791 332
792 779
793 192
794 393
795 750
796 48
797 614
798 106
799 485
800 317
801 676
802 425
803 149
804 176
805 23
806 719
807 692
808 280
809 300
810 423
811 47
812 730
813 154
814 248
815 597
816 77
817 811
818 106
819 401
820 180
821 582
822 266
823 817
824 539
825 539
826 451
827 699
828 132
829 596
830 438
831 704
832 143
833 828
834 499
835 421
836 670
837 500
838 727
839 38
840 459
841 134
842 260
843 592
844 15
845 296
846 183
847 146
848 427
849 610
850 806
851 179
852 579
853 26
854 227
855 564
856 165
857 205
858 25
859 271
860 334
861 436
862 477
863 149
864 350
865 604
866 660
867 728
868 281
869 421
870 728
871 425
872 279
873 147
874 12
875 371
876 47
877 610
878 609
879 100
880 750
881 657
882 431
883 297
884 634
885 115
886 700
887 495
888 135
889 837
890 425
891 531
892 320
893 131
894 715
895 578
896 629
897 696
898 767
899 358
900 341
901 341
902 344
903 872
904 122
905 840
906 770
907 228
908 701
909 361
910 10
911 298
912 641
913 593
914 170
915 596
916 23
917 505
918 394
919 566
920 284
921 399
922 523
923 517
924 645
925 100
926 558
927 77
928 785
929 559
930 740
931 22
932 777
933 288
934 506
935 373
936 881
937 393
938 407
939 174
940 34
941 409
942 241
943 108
944 786
945 694
946 418
947 902
948 420
949 434
950 894
951 42
952 672
953 91
954 754
955 491
956 805
957 263
958 237
959 871
960 737
961 268
962 77
963 488
964 185
965 918
966 338
967 592
968 248
969 322
970 729
971 358
972 114
973 892
974 513
975 225
976 975
977 954
978 89
979 557
980 66
981 917
982 678
983 832
984 429
985 603
986 576
987 772
988 274
989 913
990 390
991 540
992 603
993 196
994 385
995 64
996 127
997 688
998 202
999 102
1000 715
1 0 1 0 0 0 0 0 0 0 0 0 1 0 1 1
0 1 0 1 1 1 0 0 0 1 0 1 0 0 0 0
1 0 0 1 1 0 0 0 1 1 0 0 0 1 0 1
1 1 0 0 0 0 1 1 1 0 1 1 1 0 0 0
0 0 1 1 1 0 1 0 1 1 0 1 1 0 0 1
1 1 1 1 0 0 1 1 0 0 1 0 0 1 0 0
0 1 1 0 1 1 0 1 1 1 1 0 0 1 1 1
0 0 1 0 1 1 0 0 1 0 1 1 1 1 1 0
1 0 1 0 0 0 0 0 0 0 1 0 0 1 0 0
0 0 1 1 1 0 1 1 1 1 1 1 1 1 0 1
0 0 1 1 1 0 1 0 0 1 0 1 0 0 0 0
0 0 0 0 0 1 1 0 0 0 0 1 0 1 0 0
0 1 1 0 0 1 0 0 1 1 0 0 1 1 1 0
1 0 0 1 1 0 0 0 1 1 0 0 1 1 1 0
1 0 1 1 1 0 1 0 1 0 1 0 1 0 1 0
1 1 1 1 1 0 0 0 1 1 1 1 1 0 0 1
0 0 1 0 0 0 1 1 0 0 1 1 1 1 1 0
1 0 0 1 1 1 1 0 0 1 1 0 1 0 0 1
0 0 0 1 1 1 0 0 1 1 0 0 1 1 0 0
0 0 0 1 1 1 1 0 1 1 0 0 1 1 0 0
0 0 1 1 1 1 1 1 1 1 1 1 0 0 0 1
1 1 1 1 0 1 1 1 0 1 0 1 0 1 0 1
1 1 1 0 0 1 1 1 1 1 1 0 1 1 0 0
1 0 1 1 1 0 1 1 0 0 1 1 0 1 1 1
0 1 0 1 1 0 1 0 1 1 1 0 0 1 0 0
1 0 1 1 0 1 0 1 1 0 0 1 1 0 1 1
1 1 0 0 0 1 0 0 1 0 0 0 1 1 1 1
1 0 0 1 0 0 0 0 1 0 1 1 1 0 1 0
0 0 1 0 0 0 1 0 1 0 0 1 0 1 1 1
1 1 1 0 1 0 0 0 1 0 0 1 1 0 0 1
1 0 0 1 1 0 1 0 0 1 0 1 1 1 1 1
1 0 1 0 0 1 0 1 0 0 1 1 1 1 0 1
1 1 1 0 1 0 1 0 1 1 1 0 0 0 1 0
1 1 0 1 1 1 1 1 1 1 0 1 0 1 1 0
0 1 1 0 0 0 1 1 0 0 0 1 1 0 1 0
0 1 1 0 1 1 1 0 1 0 0 0 1 0 1 0
1 0 1 1 1 1 0 0 1 0 1 0 0 1 1 0
0 0 1 1 1 0 1 0 0 0 0 1 0 1 0 0
1 1 0 0 1 0 0 0 1 1 0 0 0 1 0 1
0 0 1 0 0 0 0 1 1 1 0 1 0 1 0 1
1 0 1 1 0 0 0 1 0 1 0 1 0 1 0 1
1 1 0 0 1 0 0 1 1 1 1 1 1 1 1 1
1 0 0 1 1 0 0 1 1 1 1 1 0 1 0 0
0 1 0 0 1 0 0 0 0 0 0 0 1 0 0 1
1 0 0 0 0 1 1 0 0 1 0 0 1 1 0 1
1 0 0 1 1 0 0 0 0 0 0 1 1 1 1 1
1 1 0 0 0 0 0 0 0 0 0 1 0 1 1 0
0 1 1 1 1 0 1 0 1 0 0 0 1 1 1 1
0 0 1 0 0 1 0 1 0 1 0 0 1 0 1 0
1 0 1 0 0 0 1 1 0 1 1 1 1 0 0 1
0 1 0 0 0 1 0 1 0 1 0 1 0 0 0 1
0 0 1 1 0 0 0 0 0 0 0 0 0 1 1 0
1 1 0 1 0 0 1 0 0 1 1 1 1 0 0 1
0 0 1 0 0 1 0 1 1 0 1 0 0 0 1 1
1 0 0 1 1 1 1 0 1 1 1 1 1 1 0 1
0 1 1 0 0 1 1 1 0 1 0 0 1 0 1 0
1 1 1 1 1 0 1 1 0 1 1 1 1 1 0 0
1 1 0 1 1 0 1 1 1 1 1 1 1 0 1 0
0 0 1 1 1 1 1 0 0 1 0 1 1 1 1 1
0 0 1 1 0 0 1 0 0 1 1 1 1 1 1 1
0 0 1 1 0 1 1 1 1 0 0 0 0 0 0 0
1 0 1 1 0 1 1 1 1 0 1 1 0 0 0 1
0 0 0 0 1 0 1 0 1 1 0 1 0 1 0 1
1 0 1 0 1 0 0 0 1 0 1 0 0 1 1 0
1 1 0 0 0 1 0 1 0 1 0 1 1 0 0 0
1 0 0 0 1 0 1 1 1 0 0 0 1 1 0 0
0 0 1 0 1 1 0 1 1 1 0 0 1 0 0 0
1 1 0 0 0 0 1 1 1 0 1 0 0 0 1 0
0 1 0 0 0 0 0 0 1 0 0 1 1 0 1 1
1 0 0 0 1 0 0 1 0 1 1 1 1 1 0 1
0 1 0 1 1 0 1 1 1 1 1 1 1 0 1 1
1 1 1 0 0 0 0 0 0 1 1 0 1 0 1 1
1 0 1 1 0 1 1 0 0 1 1 1 0 1 0 1
0 0 1 1 1 1 1 1 1 0 1 0 1 0 0 1
0 1 0 0 1 1 1 1 0 0 0 1 1 1 0 0
0 1 1 0 0 1 0 0 1 1 0 0 1 0 1 0
0 1 1 0 1 0 1 1 1 0 0 0 0 0 0 1
0 0 1 0 0 0 0 0 0 1 1 1 0 0 1 0
1 0 1 1 1 1 1 0 1 0 0 1 1 1 0 1
0 0 0 1 0 1 1 0 1 0 1 1 1 1 1 1
1 1 1 1 0 1 1 1 0 0 0 0 1 1 0 0
0 0 1 0 0 0 0 1 1 1 1 1 1 1 1 1
0 1 1 1 0 1 1 1 1 1 1 1 1 0 1 0
1 1 0 1 0 0 0 1 0 1 1 0 0 0 1 0
0 0 0 1 0 0 1 1 0 1 0 1 1 1 1 0
1 0 0 1 0 0 1 0 0 1 1 0 1 1 0 0
1 0 1 1 0 0 0 0 1 1 1 0 0 0 0 0
1 1 1 0 0 1 0 0 0 0 0 1 0 1 1 1
0 1 0 1 1 0 1 1 0 1 1 1 1 0 1 0
1 1 1 0 1 1 0 1 1 1 1 0 0 0 1 0
1 1 0 0 0 0 0 0 1 0 0 1 1 1 0 1
0 0 1 1 1 0 0 1 0 0 0 0 0 1 1 0
0 0 0 0 1 0 1 1 1 1 0 1 0 1 1 1
0 1 0 0 0 1 0 1 0 1 1 1 1 0 1 0
1 1 0 1 0 0 0 1 1 0 1 0 1 0 1 1
1 0 0 1 1 1 1 0 0 1 0 0 0 0 0 0
0 1 0 1 0 1 0 1 0 1 1 0 0 1 0 0
1 1 0 1 0 0 0 0 1 1 0 0 1 1 1 0
0 1 1 1 1 0 0 1 0 0 1 0 0 1 1 0
1 0 1 1 1 0 1 0 1 1 0 1 0 1 1 0
1 1 0 0 1 1 1 0 1 0 1 0 1 0 1 1
1 1 0 1 0 1 0 1 0 1 1 1 1 0 1 0
0 1 1 0 1 1 0 1 1 1 1 1 0 1 1 0
0 1 0 1 0 0 1 0 1 0 1 0 1 1 0 1
0 0 0 1 1 0 0 1 0 1 0 1 1 1 1 0
1 0 0 0 1 1 1 0 1 1 0 1 1 0 0 0
0 1 1 1 0 0 0 1 0 0 1 0 0 1 1 1
0 1 1 1 0 1 0 1 1 0 0 0 1 0 1 0
0 0 0 1 1 1 0 0 0 0 1 1 0 0 1 0
0 1 1 1 1 1 0 0 1 0 1 0 1 1 0 1
1 0 1 0 0 0 0 1 0 1 0 1 1 0 1 1
0 0 0 1 1 1 1 0 0 0 1 0 0 1 0 1
0 1 0 0 0 1 0 0 1 1 0 0 1 1 1 0
1 1 1 0 1 1 0 1 0 1 1 0 1 0 1 1
0 0 1 1 0 0 1 0 0 1 0 1 1 0 1 0
1 1 1 1 0 1 1 0 0 0 0 0 0 1 0 1
1 0 1 0 1 0 0 1 1 0 0 0 0 0 1 1
0 1 0 0 1 1 0 0 1 0 1 0 1 1 0 1
1 0 1 0 1 0 0 0 0 1 1 0 0 1 1 0
0 0 0 1 0 0 0 1 0 0 0 1 1 0 0 1
1 1 1 1 0 0 1 0 1 1 1 1 0 1 0 0
0 1 0 1 0 0 0 1 0 0 1 0 0 0 1 1
1 0 0 1 1 0 0 1 0 1 0 0 0 1 1 1
1 0 1 1 0 0 1 1 0 0 0 1 1 1 1 0
1 1 0 0 1 0 0 1 1 1 1 1 0 1 1 0
0 1 0 1 1 1 1 0 1 0 1 0 1 1 0 0
0 0 0 0 0 0 1 0 0 1 0 1 0 0 1 0
0 1 1 1 0 0 1 1 1 1 1 0 0 1 0 0
0 0 1 0 1 0 0 0 1 1 1 1 0 1 0 1
1 0 1 1 0 0 1 1 0 0 1 1 1 0 0 0
1 1 0 0 0 0 0 1 1 0 1 1 1 0 1 0
0 0 1 1 0 0 0 0 1 0 0 0 0 1 1 0
1 0 1 0 1 1 0 0 1 1 1 1 1 0 0 1
1 0 0 1 0 0 0 0 1 0 0 0 0 0 1 0
1 0 1 0 0 0 1 0 1 0 0 0 1 1 0 0
0 1 0 0 1 0 0 0 1 1 0 1 0 0 0 0
0 0 0 1 0 0 0 0 1 1 1 1 0 0 1 1
1 0 1 1 0 1 0 0 0 1 0 0 0 1 0 0
1 0 1 0 1 1 1 1 0 0 0 0 0 1 0 1
0 0 1 0 1 0 1 1 1 1 0 0 1 1 0 0
0 0 0 1 0 1 0 1 1 1 0 0 0 1 0 1
1 1 0 0 0 0 0 1 1 0 1 0 0 0 1 1
1 0 1 0 1 1 1 0 0 1 1 0 1 1 1 0
0 1 1 1 0 0 0 1 1 1 1 1 0 0 0 1
1 1 1 0 1 1 0 1 1 0 0 0 0 1 1 1
1 1 0 0 1 1 0 1 1 0 1 0 1 1 0 0
0 1 1 0 1 0 0 1 0 1 0 0 0 1 1 1
1 0 0 1 0 0 1 0 1 0 0 0 1 0 0 1
0 0 0 0 1 0 1 0 1 1 1 0 0 0 1 1
1 1 0 0 1 1 0 1 0 0 0 0 1 1 1 1
0 0 0 0 1 0 1 0 1 1 0 1 0 1 0 1
1 0 0 0 0 0 1 0 1 0 1 0 1 0 1 0
0 1 0 1 1 0 1 1 1 0 0 0 0 0 1 1
1 1 1 1 1 1 1 1 0 0 0 0 1 0 0 1
0 0 1 1 1 0 1 1 0 1 1 1 1 0 0 0
0 0 0 1 0 0 0 1 0 0 0 1 0 1 1 1
1 0 0 0 1 0 1 1 1 0 1 1 0 0 0 0
1 0 1 0 1 1 0 0 0 1 0 1 0 1 0 1
1 0 0 0 1 1 1 1 1 1 0 0 1 0 0 0
1 1 0 1 1 1 0 1 0 1 0 1 0 1 1 1
1 0 1 1 1 0 1 1 0 1 0 1 0 0 0 0
0 0 0 0 0 0 1 1 1 1 1 1 0 1 1 0
1 0 0 1 0 0 0 1 1 1 1 0 0 1 1 0
1 1 0 1 1 1 0 0 1 0 1 1 0 1 1 1
1 0 0 0 1 1 0 1 0 1 1 0 0 0 1 0
0 1 0 0 1 1 1 0 1 1 1 0 0 0 1 0
0 1 0 1 1 1 0 0 0 1 1 0 1 1 1 1
0 1 1 0 1 1 1 0 0 1 1 0 1 0 1 0
1 0 0 0 0 1 1 0 0 1 0 1 0 1 1 1
0 0 1 1 1 1 1 1 1 1 1 0 0 0 1 0
1 0 0 0 0 1 1 0 1 0 0 1 0 1 1 1
1 1 1 0 1 1 0 0 0 0 0 1 1 1 1 0
1 0 0 0 0 0 1 1 0 1 1 1 0 0 0 0
1 0 1 1 1 1 1 0 1 0 0 0 1 1 1 0
1 0 1 0 1 0 1 1 1 0 0 1 1 0 1 0
0 1 1 0 1 1 1 0 0 0 0 1 1 0 0 0
1 0 1 0 0 1 1 1 0 1 1 1 1 1 0 0
1 0 0 0 1 1 1 0 0 0 1 0 1 1 0 0
1 1 1 0 1 0 1 0 0 0 0 1 0 0 0 1
1 1 1 1 1 0 0 0 0 0 1 0 0 1 1 1
0 1 0 0 0 1 1 1 0 0 1 1 1 0 0 1
1 0 1 0 1 1 0 0 0 0 0 0 1 0 0 0
0 1 0 1 0 1 0 0 0 0 1 0 1 1 1 1
0 1 1 1 0 0 0 1 0 1 0 1 0 1 0 1
1 1 0 1 0 0 0 0 0 1 1 0 0 0 0 0
1 1 1 1 0 1 0 1 1 1 0 1 0 1 0 0
0 0 1 0 0 0 0 1 0 0 0 0 0 1 0 1
0 0 0 0 0 0 0 0 1 0 1 0 0 0 0 0
1 1 0 0 1 0 1 0 0 0 1 1 0 1 0 1
0 1 0 0 1 0 0 0 1 1 0 1 0 1 0 0
1 1 1 0 0 0 0 1 1 1 1 0 0 0 0 1
1 1 1 0 0 1 0 0 1 0 1 0 0 0 0 1
1 0 1 0 1 1 1 0 0 1 1 1 1 1 0 1
0 0 1 1 0 0 1 1 1 1 0 1 1 0 1 1
0 1 1 1 0 0 0 1 1 1 0 0 1 0 0 0
0 0 1 0 0 1 1 1 1 1 1 0 1 0 1 1
0 0 1 0 1 0 1 1 1 1 0 0 0 1 0 1
0 1 1 1 0 1 0 1 0 1 1 0 0 0 0 0
0 0 0 1 1 1 0 1 1 1 1 1 1 0 0 0
0 1 0 1 1 1 0 1 0 0 0 1 1 1 0 0
1 0 1 0 1 1 0 1 1 0 1 1 0 0 1 0
1 1 1 0 1 1 0 0 0 1 1 0 1 1 0 1
0 1 0 1 1 1 1 1 0 0 1 0 0 0 0 0
0 0 0 1 1 0 0 0 1 0 1 1 1 0 1 0
0 0 0 1 1 0 1 0 1 0 1 0 1 0 1 1
1 1 1 1 1 0 1 1 1 1 1 1 1 0 0 1
0 0 1 0 0 1 0 1 1 0 1 1 0 1 1 0
1 1 1 0 0 0 0 0 0 0 0 1 0 0 0 1
1 0 0 0 1 1 0 1 0 0 0 0 0 0 0 0
1 0 1 0 0 0 1 0 0 0 0 0 1 0 0 1
0 0 1 0 1 0 1 0 1 1 1 1 1 1 1 0
0 1 0 1 1 0 0 0 0 0 1 0 1 1 1 1
1 0 1 1 0 1 0 1 0 1 1 0 1 0 0 0
1 0 1 1 0 1 0 0 1 0 1 1 0 0 1 1
1 1 1 0 0 0 1 1 0 1 0 1 1 1 0 0
1 0 0 1 0 0 0 0 1 0 0 1 0 1 1 0
0 1 1 0 1 0 1 0 0 0 0 1 0 1 1 1
1 0 1 1 0 0 1 1 1 1 1 0 1 1 0 1
0 1 1 1 0 0 0 0 0 1 0 1 1 0 0 1
1 1 1 1 0 0 1 1 0 1 0 0 1 0 0 1
0 0 0 0 0 1 0 0 1 0 1 0 0 1 1 0
0 0 0 0 1 1 0 0 0 0 1 1 0 1 1 0
0 0 0 1 1 1 0 0 0 1 1 1 0 1 1 0
1 1 1 1 1 0 0 1 1 1 1 0 1 0 0 0
0 0 1 0 0 0 0 1 1 1 0 0 0 1 0 0
1 1 0 1 0 1 0 0 1 1 1 0 1 1 0 1
0 1 1 0 0 1 0 0 0 1 0 1 1 1 1 0
0 0 1 0 0 1 1 0 1 1 0 1 1 1 1 0
1 0 1 0 0 0 0 1 1 0 0 1 1 1 0 1
0 1 1 0 0 0 0 1 0 1 1 1 1 1 0 0
0 0 1 1 1 0 1 1 0 0 1 0 0 0 1 0
1 1 1 0 0 0 1 1 1 1 1 1 0 1 1 0
0 1 0 0 0 1 1 0 0 0 1 1 0 1 1 0
1 1 0 0 0 0 0 0 0 0 0 0 1 1 1 0
0 1 0 1 0 1 0 1 1 0 1 0 0 0 0 0
1 1 0 1 0 1 0 1 1 1 0 0 1 1 0 1
0 0 0 1 0 1 0 0 1 0 1 1 0 0 1 1
1 1 0 0 1 0 1 1 1 0 1 1 0 1 0 0
0 1 1 0 0 1 1 0 0 1 1 1 1 1 1 1
0 0 1 1 0 1 1 1 0 0 0 1 1 1 1 0
1 1 0 0 0 1 0 1 1 0 1 1 0 1 0 1
0 1 0 1 0 0 0 0 0 0 1 1 1 0 1 1
1 1 0 0 1 1 0 1 0 1 1 0 0 1 1 0
0 0 1 1 0 0 1 1 0 0 1 1 1 0 0 0
0 0 0 0 0 1 1 1 1 1 0 1 1 0 0 0
1 0 1 1 0 1 1 1 0 1 0 1 0 0 1 1
1 0 0 0 1 0 1 1 1 1 0 1 0 0 1 1
0 0 1 1 1 0 0 1 1 0 1 0 1 1 1 1
1 0 0 1 1 0 1 0 1 0 1 1 1 1 1 0
1 1 0 1 1 0 1 0 0 1 1 1 1 0 1 0
0 1 0 1 0 1 1 1 0 1 1 1 0 0 1 1
1 1 1 1 0 1 0 0 0 1 0 1 0 0 0 0
1 0 1 0 0 1 1 1 0 0 1 0 1 0 0 0
1 0 0 0 1 0 1 0 0 0 0 1 1 0 0 0
1 1 1 1 0 1 1 0 0 0 1 0 0 1 1 1
0 1 1 0 1 0 0 0 0 1 1 0 1 0 1 0
0 0 1 0 1 0 0 1 0 1 0 0 1 1 1 0
0 0 0 0 0 1 0 1 0 0 1 0 0 1 0 1
0 0 1 1 0 1 0 1 1 1 1 1 1 0 0 1
1 0 0 0 1 1 1 1 1 0 1 1 1 0 1 0
1 1 0 0 1 1 0 1 1 0 1 0 0 0 0 0
0 0 0 1 0 1 0 1 1 0 0 1 0 1 0 0
0 0 1 0 0 1 0 1 0 0 1 1 0 1 1 0
1 1 0 0 1 1 0 0 0 1 0 1 0 1 1 1
0 0 0 1 0 0 0 1 1 0 1 0 1 0 1 1
0 1 0 1 1 1 0 0 0 0 1 0 0 0 1 1
0 1 0 0 1 1 1 0 1 0 1 1 1 0 0 0
0 0 1 1 0 1 1 1 0 0 1 1 1 0 0 1
0 0 1 1 1 0 0 0 1 1 1 1 1 0 0 0
1 1 1 1 1 1 1 1 0 1 0 0 0 1 1 0
0 1 0 1 1 0 1 1 1 1 0 0 1 1 0 0
0 0 0 0 0 1 1 1 1 0 0 1 0 1 1 1
1 0 0 1 1 1 1 1 0 1 0 0 0 1 0 0
1 0 1 0 1 0 0 1 0 0 0 1 0 1 1 1
1 1 1 1 0 1 1 0 0 1 1 1 1 1 0 0
0 0 1 0 1 0 0 1 1 1 1 1 0 1 1 1
0 0 0 1 1 0 1 0 1 0 1 0 0 1 0 0
0 1 0 0 0 1 1 1 1 1 1 1 1 0 1 0
0 1 1 1 1 1 1 0 1 1 1 1 0 0 0 0
0 0 0 1 0 0 1 1 0 0 1 0 0 1 1 1
0 0 0 1 1 1 0 0 1 1 0 1 1 0 0 1
1 0 0 0 1 1 1 1 0 1 0 1 1 1 0 0
1 0 0 0 0 0 1 1 1 0 0 0 0 0 0 1
1 0 0 1 1 1 0 0 0 0 0 0 0 1 0 0
1 1 1 1 1 1 1 1 1 1 1 1 0 1 0 1
0 0 0 0 0 0 0 1 1 1 1 1 0 1 1 1
0 1 0 1 0 1 0 0 0 0 1 0 0 1 0 0
1 1 0 0 1 1 1 0 0 1 0 1 0 1 0 1
1 0 1 1 1 1 0 1 1 1 0 0 0 1 1 0
1 1 0 0 1 0 0 1 1 0 0 0 1 1 1 0
1 0 0 0 0 0 1 1 0 0 1 0 0 1 0 0
0 1 1 0 0 1 1 1 0 1 1 1 1 0 1 1
0 1 0 0 0 0 1 0 0 0 0 1 0 0 1 0
0 0 0 1 1 1 0 0 1 0 0 1 1 0 0 1
0 0 1 1 1 0 1 0 1 1 1 1 1 1 1 1
0 0 1 0 0 0 0 1 1 1 0 1 1 1 1 0
1 0 1 0 1 0 0 0 1 1 0 0 0 0 0 0
0 1 1 1 0 1 0 1 0 0 1 0 1 0 0 1
0 0 1 1 0 1 0 1 0 0 1 1 1 0 0 0
0 1 1 0 0 1 1 0 0 0 1 0 0 0 1 0
0 1 1 0 0 1 1 0 1 1 1 1 1 0 1 0
1 0 1 1 0 0 1 1 0 1 1 0 0 1 1 1
1 1 1 1 1 0 1 1 0 0 1 1 1 0 0 0
1 1 0 0 1 1 0 0 1 0 1 0 0 1 0 1
0 0 1 1 0 1 1 1 0 1 0 1 1 1 1 1
1 1 0 0 1 1 1 1 1 1 1 0 1 0 0 0
1 0 1 1 1 1 0 1 0 1 0 1 1 0 0 1
1 0 0 1 0 1 1 1 1 1 0 1 0 0 0 1
1 1 0 0 0 0 0 1 0 0 1 1 0 0 1 1
0 1 0 1 0 1 1 1 0 0 0 0 0 0 0 0
0 0 0 1 0 0 1 0 0 1 0 0 1 0 0 1
0 0 0 0 1 1 0 1 0 0 1 0 0 1 0 0
1 1 0 0 0 1 1 0 1 1 1 0 1 0 0 1
1 0 1 0 0 1 0 1 0 1 0 0 0 1 0 0
0 1 0 0 1 0 1 0 0 1 0 1 1 0 1 0
0 0 1 1 0 1 0 0 1 1 1 1 1 1 1 1
0 0 0 1 0 0 1 0 1 1 1 1 0 0 1 0
0 0 1 1 0 0 0 0 0 0 0 1 1 0 0 1
1 0 1 1 0 1 1 0 0 1 0 0 1 1 0 0
0 0 1 0 0 1 1 0 0 0 1 0 0 1 1 1
1 1 0 1 0 1 1 0 0 1 0 1 1 0 1 0
1 1 0 0 0 0 0 0 1 0 1 0 0 1 1 0
1 0 1 1 0 0 0 1 0 0 0 0 0 0 0 1
1 1 0 1 1 0 0 1 0 1 0 1 1 1 1 0
0 0 0 0 0 0 0 0 1 1 1 1 0 1 0 0
1 0 1 0 0 0 1 0 1 1 0 0 0 1 1 1
1 0 1 0 1 1 1 1 1 1 1 1 0 1 1 0
0 1 0 1 0 1 0 0 1 1 1 0 0 1 0 1
0 0 0 0 1 0 0 0 1 1 0 0 1 1 1 1
1 1 1 1 0 1 1 1 0 0 0 1 0 0 1 1
1 0 0 1 1 0 1 0 1 1 1 1 0 1 1 0
0 0 0 0 1 0 0 1 1 1 0 0 1 0 0 1
0 1 0 0 0 0 1 1 0 0 1 0 0 0 1 0
0 0 0 1 0 0 1 0 1 0 1 1 1 0 0 1
1 1 1 0 1 1 0 1 0 0 1 0 1 0 0 1
1 0 0 0 0 0 0 1 1 1 1 0 0 1 0 0
0 0 0 0 0 1 1 0 0 1 0 1 0 0 0 0
0 1 1 0 0 0 0 0 0 1 1 0 1 0 0 0
0 1 1 0 0 1 1 1 1 1 0 0 1 1 0 0
1 1 0 1 1 1 1 0 0 1 0 0 1 0 0 0
1 1 0 1 1 0 1 0 1 0 1 0 1 0 1 0
0 0 0 0 1 1 0 0 0 0 0 0 1 1 0 0
1 0 1 0 0 1 1 0 0 0 0 0 1 1 1 0
0 1 1 0 0 1 0 1 1 1 1 1 1 0 0 0
0 0 1 0 0 1 1 1 0 0 1 1 1 0 1 0
0 1 0 1 1 1 1 0 1 0 1 1 1 1 0 1
0 1 1 1 1 0 1 1 1 1 1 0 0 1 0 1
0 1 0 0 0 0 1 1 0 0 1 1 0 1 0 1
0 1 1 1 0 0 1 1 0 0 1 0 0 1 1 1
0 0 1 1 0 1 1 1 1 1 0 1 1 0 1 0
1 0 1 1 1 0 0 0 1 0 1 1 0 0 1 0
0 1 0 0 0 0 1 0 1 1 0 0 1 1 0 1
0 0 1 0 1 1 1 1 0 1 0 1 1 0 1 0
1 0 0 0 1 1 0 1 0 1 1 0 0 1 1 1
0 1 1 1 1 1 1 1 1 0 0 1 0 1 1 1
1 0 0 1 1 0 1 0 0 0 1 1 0 0 0 1
0 0 1 1 1 0 1 1 1 0 0 0 0 0 1 0
1 0 1 1 1 0 0 1 1 0 1 1 1 0 0 1
0 0 0 1 0 1 1 0 0 0 1 1 1 1 1 1
1 0 0 0 0 0 0 1 0 0 0 1 1 1 0 1
0 1 1 1 0 0 1 0 1 1 1 0 0 1 0 0
0 1 1 1 0 0 0 1 0 0 1 0 0 0 0 0
0 0 1 0 1 1 0 1 0 1 0 0 1 1 1 1
1 0 0 1 1 1 0 0 1 1 1 1 1 0 1 1
0 1 1 0 0 0 1 1 0 1 0 1 0 1 1 0
1 0 0 0 1 1 0 0 0 0 0 0 1 1 0 1
1 1 0 0 0 0 1 1 0 1 0 1 0 0 0 0
1 0 0 1 1 1 1 0 1 1 0 0 1 0 1 1
1 1 0 0 1 0 0 1 0 1 1 0 0 1 0 1
0 1 1 1 0 1 0 0 1 1 0 1 0 0 1 0
1 0 0 1 0 0 0 0 0 1 0 1 0 0 1 0
0 1 1 0 1 1 0 1 0 1 0 1 0 1 1 0
1 1 1 1 0 0 1 0 1 0 0 1 1 0 0 0
0 1 1 0 1 1 0 0 0 1 0 1 1 1 1 0
1 0 1 1 0 0 0 0 0 0 1 0 1 0 0 0
1 1 1 0 1 0 1 0 0 1 0 0 0 1 1 0
1 0 0 0 0 1 0 0 0 1 1 0 0 1 0 0
1 0 1 0 1 1 0 1 1 1 0 0 1 1 1 1
0 1 1 1 0 0 1 1 0 0 1 0 0 0 0 1
1 0 1 0 1 0 1 1 1 1 1 0 1 0 0 0
1 1 0 0 0 0 0 0 1 0 1 0 0 0 1 1
0 0 1 1 0 0 0 1 0 1 0 1 0 0 0 1
1 1 0 0 1 0 1 1 0 1 0 0 0 0 1 0
1 1 0 1 1 1 1 0 0 0 0 0 0 1 1 1
0 0 0 1 0 0 1 1 1 1 0 0 0 0 0 1
1 1 1 0 0 1 1 0 1 0 0 1 1 1 1 1
1 0 0 1 0 0 1 1 1 0 0 1 1 0 1 0
0 0 0 1 0 1 0 0 1 0 1 1 1 1 1 1
1 0 1 0 1 0 1 1 0 0 0 0 0 0 1 0
1 1 1 1 1 0 1 1 0 1 0 1 1 1 1 1
0 0 1 0 1 1 0 0 1 1 0 0 0 1 0 0
0 0 0 0 0 1 1 1 0 0 0 0 1 0 0 1
1 1 1 0 0 1 0 0 1 1 0 1 1 1 0 1
1 0 0 1 0 1 1 0 0 1 0 1 1 1 0 1
0 0 0 0 0 1 0 1 0 0 1 1 0 0 1 0
0 0 1 1 1 0 1 0 0 0 0 0 0 0 0 1
0 0 1 0 1 1 1 0 0 1 1 1 0 0 1 1
1 0 0 1 0 0 1 0 1 0 0 0 1 0 1 1
0 0 0 0 0 1 1 0 1 0 0 1 0 1 0 0
1 0 0 0 0 1 1 1 1 1 1 1 1 1 0 1
0 0 0 0 1 1 1 0 1 0 1 1 0 0 0 1
0 1 1 1 1 1 1 1 0 1 0 0 0 0 1 1
1 1 1 0 1 0 0 1 0 0 1 1 1 1 1 1
0 1 1 1 1 1 0 0 0 1 0 1 0 0 1 0
1 1 0 0 1 0 0 1 1 1 1 0 0 1 1 0
1 1 1 0 1 1 0 0 0 1 1 1 0 0 0 1
1 1 1 1 0 0 1 0 1 1 1 0 0 0 0 0
1 0 1 1 0 1 0 0 1 0 1 1 1 0 1 1
1 1 1 0 1 0 1 1 0 1 0 1 1 1 1 1
1 0 1 1 1 0 1 1 0 0 1 1 1 1 0 0
0 1 1 1 1 0 1 1 0 0 1 0 0 0 0 0
1 0 0 0 1 1 0 0 0 0 1 1 1 0 0 1
1 1 0 1 1 0 0 1 0 1 0 0 0 0 0 1
0 1 0 0 1 1 0 0 0 0 0 0 1 1 1 0
1 0 1 1 0 1 1 1 1 1 1 1 1 0 0 0
0 1 0 0 1 1 1 0 1 0 1 1 0 0 0 1
0 1 0 1 1 1 1 0 1 1 1 0 1 1 0 0
0 1 0 0 1 0 1 0 1 0 0 1 0 0 1 1
1 1 0 1 0 1 1 1 1 0 0 1 0 1 0 0
1 0 1 1 0 1 1 0 0 0 0 0 1 0 0 0
0 0 0 1 1 0 1 0 0 0 0 1 1 0 0 0
1 1 1 1 1 1 0 1 0 1 0 0 0 0 0 1
1 1 0 0 0 0 0 1 0 0 1 1 1 1 1 1
1 0 0 1 1 0 0 1 0 1 1 0 1 0 1 0
0 1 0 1 0 1 1 1 0 0 1 1 1 1 0 1
1 0 1 1 1 0 1 0 0 0 1 1 0 0 0 1
1 1 0 0 1 0 0 1 1 1 0 1 0 1 1 0
0 0 1 0 0 0 0 0 1 1 1 0 0 1 0 0
0 0 1 0 1 1 1 0 0 1 0 1 1 1 1 1
1 0 0 0 0 0 0 0 1 0 0 1 1 1 0 0
0 0 0 1 1 0 1 0 1 0 1 1 0 0 1 0
0 0 1 0 1 1 1 0 0 1 0 1 0 0 0 0
1 1 1 1 0 1 0 0 1 1 0 0 1 0 0 1
0 0 1 0 0 0 0 1 1 0 1 1 1 1 0 0
0 0 0 1 1 1 1 1 1 1 1 1 1 1 0 0
0 1 1 0 1 0 0 0 1 0 1 1 0 1 1 1
1 1 1 0 0 0 0 0 0 0 0 1 0 0 0 1
0 0 0 0 0 1 0 0 1 1 1 1 0 1 0 1
1 1 0 1 1 1 1 1 1 1 0 0 1 0 0 0
1 0 1 0 1 0 0 0 0 0 0 0 1 1 1 0
1 0 1 1 0 1 1 1 1 1 1 0 0 1 1 0
1 0 0 1 0 0 0 0 0 1 0 0 0 0 0 1
0 0 0 1 1 1 0 1 0 1 0 1 0 0 0 0
0 1 0 0 1 0 1 1 0 1 0 1 0 0 0 1
0 1 0 1 0 1 0 1 0 0 0 1 0 1 0 1
1 1 0 1 1 0 1 1 0 0 1 1 1 0 1 1
1 1 0 1 0 1 0 1 1 1 1 0 0 1 1 1
0 1 1 0 1 0 0 1 1 1 0 1 0 0 1 0
0 0 0 0 0 0 0 0 1 1 1 1 0 1 1 1
0 0 1 0 1 0 0 1 1 1 1 0 0 0 1 1
0 1 1 1 1 0 0 0 0 0 0 1 1 1 1 0
1 1 0 0 0 0 0 0 1 1 0 1 1 1 1 0
0 0 1 1 0 1 1 1 1 1 1 1 1 1 1 0
1 0 0 0 0 0 1 1 0 0 0 0 1 1 1 0
0 1 1 1 1 1 0 1 0 0 1 0 1 0 0 1
0 0 1 0 1 1 1 1 0 0 0 1 0 1 0 1
1 1 0 0 1 0 1 1 0 1 0 0 1 1 1 1
1 0 0 1 1 1 1 1 0 0 1 0 0 1 1 0
0 0 1 0 0 1 1 0 0 0 0 0 1 1 0 1
1 0 1 0 0 1 1 1 0 0 1 1 0 1 0 0
0 0 1 0 1 0 1 0 0 0 0 0 0 0 0 1
0 0 1 0 1 1 0 1 0 0 1 0 0 0 0 1
0 1 0 0 0 1 1 0 0 1 0 0 0 0 0 1
1 0 0 0 0 0 1 0 0 1 0 1 1 0 1 1
1 0 0 0 0 0 0 0 0 1 0 0 1 1 0 1
1 0 0 1 0 0 1 0 0 0 0 0 1 1 1 0
0 1 0 0 1 0 0 0 0 0 0 0 0 0 1 1
1 0 0 0 0 0 1 1 1 1 0 0 0 0 0 0
0 1 1 1 1 1 1 1 1 1 1 0 1 1 0 0
0 1 1 1 1 1 1 0 0 0 0 0 0 1 1 1
0 0 0 1 1 0 0 1 0 0 1 1 1 1 1 0
1 0 0 0 1 0 1 1 0 0 1 0 1 1 0 1
1 1 0 0 0 0 1 1 1 1 1 1 1 1 1 1
1 0 0 0 0 1 1 0 0 0 1 0 0 0 0 0
0 0 1 1 0 0 1 0 1 0 0 1 1 1 1 1
1 0 1 0 0 0 1 1 1 1 1 1 1 0 0 0
0 1 0 0 0 0 0 1 1 1 1 0 1 1 1 0
1 0 1 1 0 1 0 1 1 0 0 0 0 0 0 0
1 0 0 1 0 1 1 1 1 1 0 0 1 1 1 0
0 0 0 0 0 0 1 1 1 0 1 0 0 0 0 0
1 1 0 0 0 0 0 0 0 1 0 0 0 1 1 0
1 0 0 1 1 1 1 1 0 1 0 0 1 0 0 0
0 1 0 0 0 1 0 1 1 0 0 0 1 1 1 1
0 0 1 0 1 0 0 0 0 0 1 0 1 0 0 0
0 0 1 1 1 0 1 1 0 1 1 0 1 0 0 1
1 1 1 0 0 1 0 1 1 0 1 1 1 1 0 0
1 1 0 0 1 0 1 1 0 0 0 1 0 0 1 0
1 1 0 1 0 1 0 0 1 1 0 1 1 0 1 1
0 0 1 0 0 1 1 1 0 0 0 0 1 0 1 1
0 0 1 1 0 1 0 0 0 1 0 0 1 0 0 1
1 1 1 1 1 0 1 1 0 0 0 1 1 1 1 0
1 0 0 1 0 1 1 1 1 1 0 0 1 0 0 0
1 0 0 1 0 0 0 0 0 0 0 0 1 1 0 0
0 1 1 0 0 0 1 0 1 1 0 0 0 1 1 1
1 1 1 0 0 0 1 1 0 1 0 0 0 1 0 0
0 0 1 1 0 0 0 1 1 0 0 1 1 1 0 0
0 0 0 1 0 1 1 0 0 0 0 0 1 1 1 1
1 1 1 0 0 1 1 0 0 0 1 0 1 0 0 0
1 1 1 0 1 1 1 1 1 1 0 1 0 0 0 1
0 0 1 1 0 1 0 1 1 0 0 0 1 1 1 0
1 1 0 1 0 1 0 0 0 1 1 1 0 1 1 1
1 1 0 0 0 1 1 1 0 1 0 0 0 0 0 1
1 1 0 0 0 1 0 1 0 1 0 1 0 1 1 0
1 1 1 1 1 1 1 1 0 1 1 1 1 0 1 1
1 0 0 0 0 1 1 1 0 0 1 1 1 0 1 0
1 0 1 0 1 1 1 0 0 1 0 1 0 1 0 1
0 1 0 0 1 1 0 0 1 0 1 1 0 1 0 1
0 0 0 0 1 1 1 0 1 1 1 1 0 0 0 1
1 1 0 0 1 1 1 0 0 0 1 0 1 0 0 1
1 0 0 0 0 0 0 0 0 1 0 1 0 1 0 0
0 1 0 1 0 0 1 0 0 1 0 0 0 1 1 1
0 0 1 0 1 1 0 1 0 0 0 1 1 0 1 0
1 1 1 1 1 1 1 0 1 1 0 0 0 0 1 1
1 1 1 0 1 1 1 0 1 1 1 0 1 1 0 0
0 1 0 1 1 0 1 0 0 0 1 1 1 1 0 0
0 0 0 1 1 0 1 1 0 0 0 1 0 1 0 1
1 1 0 0 1 1 0 1 0 0 0 1 0 1 0 0
1 0 0 1 0 1 1 0 1 0 0 0 1 1 0 1
0 0 1 1 0 0 1 0 1 1 0 1 1 1 0 1
0 1 1 0 0 0 1 0 1 0 1 0 1 1 0 1
1 0 0 0 0 0 0 0 0 1 1 1 1 1 1 1
1 0 1 1 1 1 0 1 0 0 0 0 1 1 0 1
0 1 1 0 1 0 0 0 1 1 0 1 1 0 1 0
1 1 0 1 1 0 0 1 1 0 0 0 1 1 1 1
0 0 0 1 0 0 1 0 1 1 1 0 1 0 1 0
0 1 0 1 0 0 1 0 0 1 1 1 1 0 0 0
0 1 1 1 1 0 0 0 1 0 0 0 1 1 1 0
1 1 0 0 1 1 0 0 1 0 0 1 1 1 0 1
1 0 0 0 0 1 1 1 0 1 1 0 0 1 1 1
1 0 1 1 0 1 1 0 0 0 1 1 0 0 1 1
0 1 0 0 0 0 0 1 0 0 1 1 0 0 1 0
0 1 0 0 1 0 0 1 0 0 1 1 0 1 1 1
0 1 1 1 1 1 1 1 0 1 1 1 0 0 0 0
1 0 0 0 1 1 0 0 0 0 0 0 1 0 1 0
0 1 1 0 0 0 1 1 0 1 0 0 0 0 1 0
0 1 1 1 1 1 1 0 0 0 1 1 0 1 1 0
0 0 1 0 0 0 1 0 0 1 0 0 1 1 1 1
0 1 0 0 1 1 0 1 0 1 1 0 0 0 0 1
0 1 1 1 0 1 0 0 1 0 0 1 0 1 1 0
0 0 1 1 1 0 1 1 0 1 1 1 1 1 1 0
0 1 1 0 0 0 1 0 0 0 1 1 1 1 0 1
0 1 1 0 0 0 0 1 1 1 1 0 0 0 1 0
0 0 0 0 0 0 1 1 0 0 1 0 1 1 0 0
1 1 1 1 0 1 1 1 0 0 1 1 0 0 0 0
1 0 1 1 1 0 1 0 1 1 0 1 0 1 0 1
0 1 0 0 0 0 1 1 0 0 0 0 1 1 1 1
1 1 1 0 1 0 0 0 1 1 0 1 0 0 0 1
0 0 0 0 1 1 1 0 0 0 1 1 1 1 1 1
0 0 0 0 0 0 0 1 0 0 0 1 0 0 1 1
1 0 1 1 1 1 0 1 0 0 0 1 1 0 0 0
1 0 1 0 1 1 0 0 1 1 0 1 0 1 0 0
1 1 1 1 0 0 0 1 0 0 1 1 1 1 0 0
0 1 1 1 1 1 0 1 1 1 1 1 0 0 0 0
1 0 0 1 0 0 0 0 0 1 1 1 0 0 0 0
0 0 0 0 0 1 1 0 1 0 1 0 0 0 1 0
0 0 1 1 0 1 0 1 0 0 1 0 1 1 0 0
1 0 0 1 0 1 0 1 1 0 0 0 0 1 1 0
1 0 1 0 0 1 0 0 1 0 0 0 1 1 1 0
1 1 0 1 0 1 0 0 1 1 0 0 1 1 0 0
1 0 1 1 1 1 0 1 0 0 0 1 0 1 1 1
1 0 1 1 1 1 0 1 0 1 0 0 0 1 0 1
1 0 0 1 0 0 1 1 0 1 0 0 0 1 1 1
1 0 0 1 0 0 0 0 0 0 1 1 0 0 0 1
0 0 1 1 0 0 1 0 0 1 0 1 1 1 0 0
0 1 1 0 1 0 0 0 0 1 0 0 0 0 0 0
0 1 1 1 0 0 1 0 0 0 0 0 0 0 0 0
0 0 0 0 1 0 1 0 0 0 1 0 0 1 0 1
1 0 1 0 1 1 1 1 1 0 0 0 0 1 1 1
0 0 0 0 0 1 0 1 1 0 1 0 0 0 1 0
0 0 0 1 1 1 1 1 0 0 0 1 0 1 1 0
0 1 0 0 1 0 1 1 0 0 1 0 0 0 1 0
1 1 0 1 1 1 1 1 1 0 0 0 0 0 1 0
0 1 1 1 1 1 0 0 1 0 0 0 0 1 1 1
0 0 1 1 0 1 0 0 1 0 0 1 0 1 0 0
1 1 1 1 1 1 1 0 0 1 1 0 1 0 1 1
0 1 1 0 1 1 1 0 1 0 0 0 0 1 0 1
0 0 1 1 0 0 0 1 1 1 0 0 1 1 0 0
0 0 1 1 1 0 1 1 0 0 0 0 0 0 0 0
0 0 0 1 0 0 1 1 1 1 1 1 0 0 0 1
0 0 1 1 0 0 1 1 1 0 1 1 1 1 1 0
1 1 1 0 0 0 1 0 0 1 0 0 1 0 0 0
1 1 0 1 0 1 0 0 0 1 1 0 1 1 0 0
0 1 0 0 0 1 0 1 0 0 0 1 1 0 1 1
0 1 0 1 0 0 1 1 0 1 0 1 0 0 0 0
0 1 1 1 0 0 1 0 0 0 1 0 0 0 0 0
0 1 0 0 1 0 1 1 1 1 0 1 1 1 0 0
1 0 0 1 0 1 1 1 0 0 0 0 0 1 0 0
1 1 1 1 0 1 1 0 1 1 1 0 0 0 1 1
0 0 1 1 0 1 1 0 1 1 0 1 1 0 1 0
1 1 0 1 1 1 1 1 1 1 0 0 0 0 0 1
0 1 1 1 0 1 1 1 0 1 0 1 0 0 1 1
1 1 1 0 1 1 0 1 1 0 0 1 0 0 0 1
0 0 0 0 0 1 0 1 0 0 0 0 0 1 1 1
1 0 0 1 1 0 1 1 0 0 1 0 0 0 1 0
1 1 0 0 0 1 0 1 1 1 1 0 0 0 0 1
1 0 0 0 0 0 1 0 0 1 1 1 0 0 0 0
0 1 0 1 1 1 1 1 0 0 1 1 0 1 0 0
1 1 0 1 0 1 1 0 1 0 1 0 0 0 0 1
0 0 0 1 0 1 1 1 1 1 1 0 1 0 0 0
1 0 1 0 0 1 0 0 0 0 0 1 1 0 0 1
0 0 0 0 1 0 1 1 1 0 0 0 0 0 0 0
0 1 1 1 1 1 1 1 0 0 1 1 1 1 1 0
1 1 0 1 1 0 1 1 0 1 1 0 0 0 0 0
1 0 1 1 1 1 1 0 0 0 0 0 0 0 0 0
0 1 0 0 0 0 0 0 1 1 0 0 0 1 1 1
1 1 0 0 1 1 1 0 0 0 0 1 1 0 1 1
0 0 1 0 0 0 1 1 1 1 1 0 1 0 0 1
1 0 0 0 1 1 0 0 1 0 1 1 0 1 0 0
0 1 1 1 0 1 0 0 1 1 1 1 1 0 1 0
0 1 0 0 0 0 1 1 0 0 1 1 1 1 0 1
0 1 0 0 1 1 1 1 0 1 0 1 0 1 1 0
0 1 1 0 0 0 0 1 1 0 0 0 1 1 1 0
0 0 1 0 1 0 0 0 1 1 0 0 0 0 0 1
1 1 0 1 0 1 1 0 1 1 0 1 1 1 1 1
0 0 1 0 1 0 0 1 1 1 1 1 1 0 1 1
0 0 0 0 1 0 0 1 1 0 0 0 0 0 1 1
0 0 0 0 1 0 0 0 1 1 1 0 1 1 1 1
0 0 1 0 0 1 0 0 0 1 1 0 1 1 0 0
0 1 0 1 1 1 1 0 1 1 0 1 1 1 1 0
1 1 0 1 0 0 0 0 0 1 1 0 0 0 1 1
1 1 1 0 0 0 0 1 1 0 1 0 1 1 1 1
0 1 0 0 1 0 1 1 0 1 1 0 0 1 1 0
1 1 0 1 1 0 1 0 0 0 1 0 0 0 1 0
1 0 0 0 1 0 0 1 1 0 1 1 0 1 1 0
1 0 0 1 1 0 1 0 1 1 1 0 0 1 0 0
1 0 1 0 1 0 0 0 1 1 0 1 1 1 0 1
1 1 1 1 0 0 1 1 1 0 1 0 0 1 0 1
1 1 0 1 1 1 0 1 1 1 1 1 0 0 1 0
1 0 0 0 0 0 0 0 1 0 0 1 0 1 1 0
0 0 1 0 1 0 1 0 1 1 1 1 0 1 0 1
1 1 0 1 1 0 1 0 1 1 1 0 0 1 1 1
1 1 1 0 1 1 0 0 0 0 0 1 0 1 1 1
0 0 0 1 1 1 1 0 1 0 1 0 0 0 1 1
1 1 1 1 1 0 0 0 1 0 1 0 0 1 1 1
0 1 0 1 0 0 1 1 1 1 0 1 1 1 0 1
1 1 0 1 1 1 1 1 1 1 0 1 1 0 0 0
1 1 0 1 0 0 0 0 0 0 0 1 1 1 1 1
0 1 1 1 1 1 0 0 1 1 1 1 1 1 0 0
1 1 1 0 0 0 1 0 1 1 1 1 0 1 0 0
0 1 1 0 0 0 1 1 0 1 0 0 0 1 1 0
0 0 1 1 0 0 1 0 1 1 1 0 0 0 0 1
1 1 1 0 0 1 1 0 0 1 1 1 1 0 0 1
0 0 1 0 1 1 1 0 0 1 0 1 1 1 0 1
0 0 0 0 1 1 1 1 1 1 1 1 0 0 1 1
1 1 1 1 0 1 0 0 1 1 0 1 0 1 0 1
0 0 0 1 0 0 1 0 0 1 0 0 1 1 0 0
0 0 0 0 1 1 0 1 1 0 1 0 0 0 1 1
0 0 1 0 1 0 1 1 1 0 0 0 1 0 1 1
0 0 1 0 1 1 1 1 0 1 0 1 1 0 1 0
0 1 1 1 1 0 1 1 0 0 1 1 0 1 0 1
1 0 1 1 0 1 0 1 1 1 0 0 0 0 0 0
1 1 0 0 0 0 1 1 1 1 0 0 1 0 0 1
1 1 1 0 0 0 1 0 0 0 0 0 1 0 1 0
0 1 0 0 1 0 0 1 0 1 1 0 1 0 1 1
1 1 0 0 1 1 1 1 0 1 1 0 1 1 0 1
0 0 1 0 1 0 1 1 0 0 1 0 0 1 1 1
1 1 1 0 1 1 1 1 0 1 1 0 1 0 0 1
0 1 1 1 1 1 0 0 0 0 1 0 1 0 0 1
0 1 1 0 1 1 0 0 1 0 0 0 0 1 0 0
1 1 0 1 1 0 1 1 0 1 1 1 1 1 1 1
0 0 1 1 1 0 1 1 1 1 0 0 0 0 0 0
1 1 1 0 0 1 1 1 1 1 0 0 0 1 1 1
1 1 1 0 1 0 0 1 1 0 0 1 0 0 1 0
1 0 1 0 1 1 0 1 0 0 1 0 0 0 1 0
0 1 0 1 1 1 1 1 0 1 1 0 1 1 0 0
0 0 0 0 0 0 0 1 1 0 1 1 0 0 0 1
1 1 1 1 1 0 0 0 0 0 1 0 1 0 1 0
0 1 1 1 1 0 0 0 0 1 1 1 1 0 0 1
0 0 0 0 1 0 0 1 0 0 0 1 1 0 1 0
1 1 0 1 0 1 0 1 1 1 1 0 0 0 1 0
1 0 0 1 1 1 0 0 1 1 0 1 1 0 1 1
0 0 0 1 0 0 1 0 1 1 1 1 1 1 1 1
0 1 1 0 1 0 0 1 1 0 0 1 0 1 1 1
1 0 1 0 0 1 1 1 0 0 1 1 0 1 1 0
0 0 1 1 1 1 0 0 0 1 1 0 1 1 1 1
1 0 0 1 1 1 0 0 1 1 0 0 1 0 0 0
1 1 1 0 1 1 0 1 1 1 1 1 0 0 0 0
1 0 1 1 1 1 1 0 0 0 0 0 0 0 0 1
1 0 1 1 1 1 1 0 1 0 0 0 0 0 0 1
0 1 1 1 0 0 0 0 0 1 1 1 1 0 0 0
1 1 1 0 0 0 0 1 0 1 0 1 1 1 1 0
1 0 1 0 0 1 0 0 0 1 0 1 1 1 1 1
1 0 0 1 0 0 1 1 1 0 1 0 1 1 0 1
0 0 0 0 1 1 1 0 0 1 0 1 0 0 0 1
1 0 0 1 1 0 0 1 1 1 0 1 0 1 0 1
1 0 1 0 0 1 0 1 0 1 0 1 0 1 0 1
1 0 0 1 0 1 1 0 1 0 0 0 0 0 0 0
1 0 1 0 0 0 0 1 1 0 0 0 0 1 1 1
1 1 0 1 0 0 1 0 1 1 1 1 1 0 1 0
0 0 0 1 1 1 0 1 0 1 0 1 0 0 0 1
0 0 1 1 1 1 0 1 0 1 1 0 1 1 1 0
0 0 1 0 1 1 1 1 1 0 1 0 1 0 0 0
0 1 0 0 1 1 0 1 0 0 0 1 1 0 0 0
1 0 1 0 0 0 0 1 1 1 1 1 0 0 0 0
0 0 1 0 0 1 1 1 1 0 1 1 1 0 0 1
0 1 0 1 1 0 0 0 1 1 1 0 1 1 1 0
1 1 1 0 0 1 1 1 0 0 0 0 0 0 1 1
0 0 0 0 1 0 1 1 0 1 0 0 1 1 1 1
0 1 0 0 0 0 1 0 0 1 0 1 1 1 0 0
1 1 0 1 0 0 1 0 1 0 0 0 0 0 1 1
0 0 0 1 0 0 1 1 1 1 0 1 0 1 1 0
1 0 0 0 1 1 0 0 0 0 0 1 1 0 1 1
1 0 0 0 1 0 0 0 1 1 1 0 1 0 1 1
1 0 0 0 1 1 0 0 1 0 1 0 1 0 1 1
0 1 1 0 0 1 1 0 1 1 1 0 1 1 0 0
0 1 0 1 1 0 0 0 0 0 1 1 0 0 0 0
0 0 0 0 0 1 0 0 0 1 1 0 0 0 1 0
1 0 1 1 0 0 0 0 1 1 1 0 0 0 0 0
0 1 0 0 0 0 1 0 0 0 0 1 1 1 0 1
1 1 1 0 1 1 1 1 1 1 1 0 1 0 1 1
0 1 0 1 1 0 0 0 1 0 1 1 1 1 1 0
1 0 1 0 1 0 0 0 1 0 0 0 0 1 1 0
1 0 1 0 0 1 0 0 1 0 1 1 0 1 0 0
0 1 1 1 1 0 1 0 1 1 1 0 1 1 1 0
1 0 1 0 0 0 0 1 1 1 0 0 1 1 1 1
0 0 0 1 0 0 0 1 1 1 1 0 1 0 0 1
0 0 0 0 1 0 1 1 0 1 1 1 1 0 1 0
0 0 0 1 1 0 0 1 1 0 0 1 1 1 0 0
1 1 0 1 0 1 1 1 1 1 1 1 1 0 0 1
0 1 0 0 1 1 0 1 1 0 1 1 0 0 1 0
0 0 1 0 1 1 0 0 0 0 0 1 1 0 1 1
0 0 1 0 0 1 1 0 0 0 1 1 1 0 0 1
0 0 0 0 0 1 1 1 1 1 1 1 1 1 1 0
1 0 0 0 1 1 1 1 0 0 0 0 1 1 0 0
0 1 1 1 0 0 0 1 0 1 0 1 0 1 0 1
0 1 0 0 0 1 1 1 0 0 1 1 0 1 0 1
0 0 1 0 0 0 0 0 0 0 0 0 0 1 0 0
1 0 1 1 0 0 0 0 0 1 0 0 1 0 0 1
1 0 0 1 1 1 1 0 0 0 0 1 1 1 0 0
0 0 1 0 1 0 0 1 1 1 1 1 1 0 0 0
1 0 1 1 0 1 0 0 1 0 1 0 1 1 1 1
1 1 1 0 0 1 1 1 1 1 0 0 0 0 0 0
0 1 0 0 0 0 1 0 0 0 0 0 0 0 1 0
1 1 0 0 0 0 1 1 0 1 1 0 1 0 0 0
1 0 1 1 1 1 1 0 1 0 0 1 1 0 1 0
0 0 0 1 0 0 0 0 1 0 0 1 0 0 1 0
1 1 0 1 0 0 0 0 0 1 0 1 0 0 0 1
1 0 1 1 0 0 1 0 0 1 0 0 1 1 0 1
1 1 0 0 0 1 0 1 1 1 0 1 0 0 1 1
0 1 0 0 0 0 0 0 0 0 0 1 0 1 1 0
1 1 0 0 0 0 1 1 0 0 1 1 0 1 1 1
0 1 1 0 1 0 1 0 0 0 1 1 0 0 1 0
0 1 1 0 1 0 1 1 1 0 0 1 0 1 1 1
1 1 1 1 1 1 1 1 0 1 0 1 1 0 0 0
1 1 1 0 0 1 0 0 0 1 0 1 1 1 0 0
0 0 1 1 0 1 1 0 0 0 0 0 0 0 1 1
1 0 0 0 1 0 0 1 0 1 0 1 1 0 0 1
1 0 1 0 1 1 0 1 0 0 1 0 1 1 0 0
1 0 1 0 0 0 1 0 1 1 0 0 0 0 1 0
0 0 0 0 0 0 0 1 0 0 0 0 1 1 0 0
0 0 1 1 1 1 0 0 0 0 1 1 0 0 1 1
1 0 0 1 1 1 0 0 0 1 0 0 1 0 1 1
0 1 0 0 0 1 1 1 1 1 0 0 0 1 1 0
1 0 1 0 1 0 1 1 0 1 0 0 0 0 0 0
0 1 1 1 0 0 0 1 1 1 1 1 1 0 1 0
0 0 1 1 0 1 1 1 1 0 0 1 0 1 1 0
1 0 1 0 1 1 1 1 1 0 1 1 1 0 0 0
1 0 1 1 1 0 0 0 0 1 0 0 0 0 0 0
1 1 1 0 0 1 0 0 0 0 0 1 0 1 0 0
1 1 1 1 0 0 1 1 0 0 1 1 1 1 0 0
1 0 1 1 1 0 0 1 0 0 1 0 1 1 1 1
1 1 0 1 0 1 0 0 0 1 1 0 0 1 0 1
1 0 1 0 1 0 1 0 1 0 1 1 0 1 1 0
1 1 0 1 1 1 0 1 1 0 0 0 0 1 1 1
0 1 1 0 0 0 1 1 1 0 1 1 0 1 0 1
1 0 0 0 1 0 1 0 1 1 1 0 0 0 0 0
0 1 0 0 0 0 1 0 1 1 1 1 1 0 0 1
1 1 0 0 0 1 0 1 1 1 0 0 0 1 1 1
0 1 1 0 1 1 1 0 1 0 1 0 0 1 0 0
1 1 0 1 0 1 0 0 0 0 1 1 1 1 0 0
0 1 0 0 0 1 0 1 1 1 0 0 1 0 1 1
0 0 1 1 1 1 1 0 1 1 1 0 1 1 1 1
1 1 1 1 0 1 1 1 0 0 1 1 1 1 1 0
1 0 1 0 1 1 1 0 1 1 0 0 1 0 1 0
1 0 0 0 1 0 1 1 1 0 0 1 0 1 0 1
0 1 0 0 0 1 0 0 1 1 1 1 0 1 0 0
0 1 1 1 1 0 1 0 0 1 1 0 0 1 1 1
0 1 0 0 1 0 0 1 1 1 1 1 0 1 0 1
1 1 1 0 1 1 1 0 0 0 1 1 1 1 0 1
1 0 0 1 0 1 0 0 1 1 1 1 0 1 0 1
1 0 0 1 1 0 1 0 1 1 1 1 1 1 0 0
1 1 1 0 0 1 0 0 1 0 0 1 0 1 0 0
1 0 1 0 0 0 0 1 0 0 0 1 0 0 1 0
0 0 1 1 1 0 0 0 1 1 1 1 0 0 1 0
0 0 0 0 1 0 0 1 1 1 1 1 0 0 0 1
0 0 1 1 1 0 0 1 0 0 1 1 1 1 1 1
1 0 0 0 0 0 1 0 1 0 0 1 1 0 1 1
0 0 0 0 1 1 1 1 1 0 1 0 0 0 1 0
1 0 1 1 0 1 0 1 1 1 0 0 1 1 0 0
1 1 0 1 0 1 0 1 0 1 0 1 0 1 1 0
1 1 0 1 0 0 1 0 0 0 1 1 0 1 0 0
0 1 1 0 0 0 0 1 0 0 1 1 0 1 0 0
0 0 1 1 0 0 1 1 1 1 1 0 1 1 0 0
1 0 1 1 1 0 0 0 0 0 1 1 0 0 0 0
1 0 1 1 0 1 0 0 0 0 0 0 0 0 1 0
0 1 1 1 0 1 0 0 1 0 1 1 0 1 1 0
0 0 1 0 0 0 1 0 0 0 0 1 1 0 1 1
0 0 0 0 1 1 1 0 1 1 0 1 0 1 0 1
1 0 1 1 0 0 1 0 1 0 0 0 1 0 0 1
0 0 0 0 0 1 1 0 1 1 1 0 0 0 0 1
0 1 1 1 1 0 0 0 1 0 0 1 0 0 1 0
0 1 1 0 1 1 0 0 0 1 0 0 0 1 0 0
0 1 0 0 1 1 0 0 0 1 1 1 0 1 0 0
1 0 1 0 1 1 0 1 0 0 0 0 0 0 1 0
0 1 1 1 1 0 0 0 0 1 0 1 0 1 0 1
0 0 0 0 0 1 0 0 1 1 1 1 0 0 0 0
0 1 1 0 0 0 1 0 1 1 1 0 0 1 0 1
0 1 1 0 0 0 0 1 0 1 1 1 1 1 0 0
1 0 0 1 0 1 1 0 1 0 0 1 1 1 0 1
1 0 0 0 1 0 0 1 1 0 0 0 1 0 0 0
0 0 1 0 1 1 0 0 1 0 0 0 0 0 1 1
0 0 0 0 1 0 1 0 0 0 1 1 0 1 1 0
0 1 0 0 1 0 1 0 0 0 1 0 1 1 0 0
0 0 0 1 0 1 0 1 1 0 1 0 0 1 0 0
0 0 0 0 0 0 1 1 1 0 1 1 1 0 1 0
1 0 1 0 0 0 1 0 1 0 1 0 1 1 1 1
1 0 0 0 0 1 0 1 1 1 1 0 0 0 0 1
0 1 0 1 0 1 1 0 1 0 0 1 0 1 1 1
1 0 0 1 0 1 0 0 0 0 0 1 0 1 0 1
0 0 0 0 1 0 0 0 1 0 0 0 1 0 0 0
1 1 0 1 1 1 0 0 1 0 1 0 0 0 1 1
0 1 1 1 1 1 1 0 0 0 0 1 1 0 1 0
0 1 0 0 1 0 0 0 0 1 0 1 1 0 0 1
0 0 1 1 1 1 0 1 1 1 0 1 1 0 1 0
0 0 0 0 0 1 0 0 1 0 1 1 0 1 0 1
0 1 1 1 0 0 0 0 1 1 0 0 0 0 0 1
1 0 0 0 1 0 1 1 0 0 1 0 1 0 1 1
1 0 1 1 1 0 1 1 1 0 0 1 1 0 1 1
1 1 0 0 1 0 0 1 1 1 0 1 0 0 1 1
0 0 1 0 1 1 0 0 0 0 1 1 0 1 0 1
0 0 1 0 1 1 1 1 0 0 0 1 1 0 0 0
0 0 1 1 0 0 1 1 1 1 0 1 0 1 1 0
0 1 1 1 1 0 1 0 0 0 1 0 1 0 0 0
1 0 0 1 1 1 1 0 1 1 0 1 0 0 0 1
0 0 1 1 1 1 1 1 1 1 1 1 0 1 0 1
0 1 1 1 1 0 1 1 1 0 0 1 0 1 1 1
0 1 0 0 0 1 1 1 0 0 1 1 0 1 0 1
0 1 0 1 0 0 0 1 1 1 1 1 0 1 0 1
0 1 0 0 1 0 1 1 1 0 0 0 1 0 0 0
0 1 1 1 0 0 0 1 0 1 0 1 1 0 1 1
0 0 1 0 1 1 0 1 0 1 1 1 0 1 1 0
1 0 0 0 1 0 1 1 1 0 1 1 0 1 0 0
1 1 0 1 0 0 1 1 1 0 0 1 1 1 1 1
1 1 1 0 0 1 0 1 0 1 1 1 1 1 1 1
0 0 1 0 0 1 1 1 1 1 0 0 1 1 0 1
1 0 1 1 1 0 1 0 0 0 1 1 1 1 0 1
0 0 1 0 0 0 1 0 1 0 1 1 1 0 0 1
0 1 1 0 0 1 0 0 0 1 0 0 0 0 0 1
1 0 1 0 0 1 0 1 0 0 0 0 1 1 0 1
1 1 0 1 1 0 1 0 1 1 1 0 0 1 0 1
1 0 1 1 0 0 0 1 0 1 0 1 1 0 0 0
0 1 1 1 1 0 0 0 0 0 0 1 1 1 1 0
1 0 0 1 0 0 1 1 1 0 0 0 1 0 1 0
1 0 1 1 0 1 0 1 0 1 0 1 0 0 1 0
0 1 1 0 1 1 0 0 1 1 0 1 0 1 0 1
0 0 0 1 1 1 1 1 1 1 0 1 0 0 0 0
1 1 1 1 0 0 1 1 0 1 0 1 0 1 1 1
1 0 0 1 1 0 1 1 0 1 0 0 1 1 1 1
0 1 1 1 1 0 0 1 1 1 1 1 1 1 0 0
1 1 1 0 1 0 0 0 0 0 0 0 0 0 0 1
0 1 0 0 1 1 1 1 1 1 1 0 0 0 1 0
1 1 1 0 1 1 0 1 0 0 1 0 0 0 0 1
1 1 0 0 1 0 0 1 1 1 1 0 0 1 0 1
0 0 1 0 1 1 0 1 0 0 1 0 0 1 0 0
0 1 1 1 1 1 0 1 1 0 0 1 0 0 0 0
0 0 0 1 1 1 1 0 0 1 1 0 0 1 1 0
0 0 1 1 0 1 1 1 0 0 1 1 0 0 1 1
1 1 1 0 0 0 1 1 0 0 0 1 0 0 1 1
1 1 1 0 1 0 1 1 0 1 1 1 1 0 0 1
1 0 1 1 0 1 1 1 1 0 1 0 0 1 1 0
0 0 0 0 0 0 0 0 0 0 0 0 1 1 0 1
0 1 1 0 0 1 0 0 1 1 0 1 0 0 1 1
1 0 1 1 1 0 1 1 1 0 1 0 0 0 1 0
1 1 0 0 1 0 1 1 1 0 0 0 1 0 1 0
0 0 0 0 0 1 0 1 0 0 0 1 1 1 0 1
0 0 1 1 0 1 0 0 1 1 0 1 1 0 0 1
1 0 0 1 1 0 1 1 0 1 0 0 0 1 0 0
0 0 0 1 0 1 0 0 0 0 1 0 1 0 1 0
1 1 0 1 1 1 0 1 0 1 0 0 0 0 1 1
0 0 0 1 0 0 1 1 0 0 1 1 0 1 1 1
1 1 0 0 0 1 1 1 1 0 0 1 1 0 0 0
0 0 1 1 0 0 0 1 1 0 1 0 1 0 1 0
1 0 1 1 0 1 1 0 0 1 1 0 1 0 1 1
0 0 0 1 1 0 0 0 1 1 0 1 0 0 1 0
0 0 0 0 0 1 1 0 1 1 1 1 0 0 1 1
0 0 0 0 1 1 0 0 1 1 0 1 1 0 1 1
1 1 0 0 1 1 1 1 0 1 1 0 0 0 0 1
1 0 0 1 0 1 1 0 0 1 1 1 1 1 1 1
1 0 0 0 0 1 0 0 0 0 0 0 0 0 1 1
1 1 1 0 0 0 0 1 1 0 0 1 1 0 0 1
1 1 0 0 1 0 1 1 0 1 0 1 1 1 0 0
0 1 1 0 1 0 0 1 0 0 1 1 1 0 0 0
0 0 0 0 1 1 1 0 1 1 0 1 0 1 0 1
0 1 1 0 0 1 1 1 0 0 1 0 0 1 0 0
0 0 1 1 0 1 1 0 0 1 1 0 1 0 1 0
1 1 1 0 1 0 1 0 1 0 0 1 0 0 1 0
0 1 0 1 0 1 0 1 1 0 0 0 0 1 0 0
1 1 1 0 1 1 1 0 1 0 1 1 0 0 0 1
1 1 1 0 1 1 1 1 1 1 1 1 0 1 0 0
1 0 0 0 1 0 0 0 1 1 1 1 1 1 1 0
0 0 1 1 0 1 0 0 1 1 0 1 1 0 1 1
1 0 0 0 0 1 1 0 1 0 0 0 1 0 1 1
0 1 1 1 1 1 0 0 0 1 1 1 0 1 0 1
1 0 1 1 1 0 0 0 1 0 0 1 0 0 0 0
0 1 0 0 0 1 0 0 1 1 1 1 0 0 0 0
1 1 1 1 1 1 1 1 1 0 0 0 1 0 0 0
1 1 0 0 0 1 0 1 0 0 0 0 1 0 0 1
1 0 1 0 0 1 0 0 1 0 0 0 1 0 1 0
0 0 1 1 0 0 1 1 1 0 0 0 1 1 0 0
0 1 1 0 0 0 0 1 1 0 1 1 1 1 0 0
0 0 1 1 1 1 0 1 0 0 1 1 1 0 0 0
1 0 0 1 1 0 0 1 1 0 1 1 0 0 1 0
0 1 1 0 0 0 0 1 1 1 0 1 1 0 1 1
1 0 0 0 1 0 0 1 1 1 0 1 1 0 1 1
1 1 1 0 0 0 1 1 1 0 0 1 0 0 0 0
0 1 0 0 0 1 1 1 0 0 1 1 0 0 0 0
0 0 0 1 1 0 1 0 0 0 0 1 1 1 1 0
1 0 0 1 0 1 0 0 0 1 1 0 0 0 1 1
0 0 0 1 0 0 1 1 1 1 0 1 0 0 1 1
1 1 0 0 1 0 1 0 1 1 1 1 0 0 1 0
1 0 1 0 1 1 0 1 0 0 0 1 0 1 1 0
0 1 0 0 0 1 0 1 0 1 1 0 0 0 0 0
0 0 0 0 1 0 1 1 0 1 0 0 0 0 0 0
1 1 0 1 1 0 1 0 0 0 0 1 1 1 1 0
1 0 0 1 0 1 1 0 0 1 0 1 1 0 1 0
1 1 1 0 0 1 1 1 1 1 0 1 0 1 0 1
0 1 0 0 1 1 1 1 0 0 1 0 1 1 0 0
0 1 1 1 1 1 1 0 1 1 1 0 0 1 1 1
1 0 0 0 1 1 0 1 1 1 0 1 0 0 1 1
1 1 1 1 0 0 1 1 1 1 0 0 1 1 0 1
1 1 0 1 1 0 1 1 0 1 1 1 1 1 0 0
0 1 1 0 1 0 0 0 1 0 0 0 0 0 0 0
0 0 0 0 1 1 0 1 0 1 1 1 0 0 1 1
1 0 1 0 1 1 0 1 0 1 1 1 1 0 1 1
1 1 1 1 1 0 0 1 0 1 1 0 0 1 0 0
1 0 1 0 1 1 1 0 1 0 0 0 1 0 1 0
0 0 0 1 0 0 1 0 1 1 0 0 0 1 0 1
1 1 1 1 1 1 1 0 0 1 0 0 1 0 0 0
0 1 1 1 0 0 0 0 1 1 0 1 0 1 0 0
0 0 0 1 0 0 0 1 0 0 0 1 1 0 1 0
0 0 1 1 0 1 1 0 1 1 1 1 0 0 1 0
0 0 1 1 0 1 1 0 0 1 1 1 0 0 1 0
1 1 0 0 1 1 0 0 1 0 1 1 1 0 0 0
0 0 1 1 1 1 1 1 0 1 1 0 1 0 1 1
0 0 0 0 0 0 1 0 1 1 1 0 1 0 1 1
1 0 1 0 0 0 1 1 1 0 0 1 1 0 0 0
0 0 0 1 1 1 1 0 1 0 0 0 1 0 1 0
0 0 0 0 0 1 1 1 0 1 1 0 1 0 1 1
0 0 1 1 0 0 1 0 0 1 1 1 1 0 1 1
0 1 1 0 1 1 0 0 0 1 1 1 0 0 0 1
0 0 1 1 0 1 0 1 1 0 1 0 1 1 1 0
1 0 0 1 1 1 0 1 1 1 1 0 1 0 0 0
1 1 1 1 0 1 1 1 0 1 1 0 0 0 0 1
0 0 0 1 0 1 0 0 0 0 0 0 1 1 0 1
0 0 0 0 0 1 0 0 0 1 1 1 0 1 0 1
0 1 0 0 1 0 1 1 1 0 1 0 0 0 1 1
0 0 0 0 0 0 1 0 0 1 1 0 0 1 0 1
0 0 0 0 0 0 1 1 1 0 0 0 1 1 0 1
0 1 0 1 1 0 0 1 0 0 1 0 1 1 1 0
0 1 1 1 1 1 1 1 0 0 1 0 1 1 1 0
0 1 1 1 0 1 1 0 0 0 1 1 1 1 1 0
1 1 0 0 0 1 0 0 1 1 1 1 1 1 1 1
0 0 0 1 1 0 0 1 0 1 0 0 0 0 1 1
1 0 0 1 0 0 1 1 1 0 0 0 0 1 0 0
0 0 1 1 0 0 1 0 1 1 0 0 1 1 1 0
1 0 0 0 0 0 0 0 1 0 1 0 1 0 0 0
1 1 1 0 1 0 0 1 0 0 0 0 1 1 1 1
0 1 0 1 0 1 1 1 1 1 1 1 1 1 0 1
1 1 1 0 0 1 1 1 1 1 0 0 0 0 1 0
1 1 1 0 1 1 1 1 1 1 0 1 1 0 1 1
0 0 0 1 1 1 1 1 1 0 0 1 1 0 1 0
0 0 1 0 1 0 0 0 1 1 1 1 0 1 1 0
1 0 0 1 0 0 0 0 1 0 0 1 0 0 1 1
1 1 1 1 1 0 0 0 0 0 1 0 0 0 1 1
0 0 1 0 0 0 1 0 0 0 1 0 1 0 0 0
0 0 1 1 1 1 1 0 1 0 1 0 0 0 0 1
0 1 0 0 0 1 1 0 0 0 1 0 0 0 1 1
0 0 0 1 0 0 0 1 1 1 0 0 0 0 1 1
0 0 1 0 0 1 1 0 0 1 1 0 0 0 1 0
0 1 1 1 0 0 0 0 0 1 1 1 0 0 1 0
0 0 1 1 0 0 1 1 0 1 1 0 1 1 1 1
0 1 0 0 0 0 0 0 1 1 0 1 0 0 0 0
0 0 0 1 0 0 0 1 0 1 1 1 1 1 1 0
0 1 1 1 0 0 0 0 1 0 0 0 1 1 1 0
0 0 0 1 1 0 0 1 0 1 1 1 1 0 0 0
1 0 1 1 0 0 1 0 0 1 1 0 1 0 1 0
1 1 0 0 1 0 0 0 1 0 0 1 0 0 0 1
1 1 1 1 0 0 1 1 1 0 0 1 1 1 0 0
0 1 1 1 1 1 1 0 1 1 0 1 0 1 0 1
0 1 0 0 0 1 1 0 1 1 1 1 1 0 0 0
1 0 1 0 0 1 1 1 1 0 1 1 1 0 0 0
1 1 0 1 1 0 1 1 1 1 1 1 0 1 1 1
0 1 0 1 1 0 0 1 1 1 1 0 1 1 0 0
0 0 1 1 1 0 1 1 0 1 1 0 1 0 0 1
1 0 1 0 1 1 0 0 0 0 0 1 0 0 1 0
1 1 1 1 1 0 0 0 1 1 1 1 1 0 1 0
0 0 1 0 0 1 1 0 0 1 0 0 0 0 0 1
0 1 1 1 1 1 0 0 1 1 1 1 1 1 1 0
1 1 1 0 0 1 1 0 0 0 1 0 1 0 1 1
0 0 1 0 0 1 0 1 0 0 0 0 1 0 1 1
1000
110 538
880 232
875 703
469 811
15 54
210 494
666 870
896 904
313 6
600 862
275 183
243 680
523 959
594 588
209 722
990 275
978 250
171 69
24 205
104 911
795 584
377 756
416 820
925 631
885 666
611 450
116 891
883 131
949 517
798 769
474 255
391 23
155 832
716 271
39 145
332 965
935 284
93 460
60 968
498 272
762 126
326 442
143 668
278 857
68 665
191 652
851 647
132 365
958 243
152 216
347 35
914 249
51 55
839 209
720 155
824 910
583 50
641 3
287 373
999 786
582 711
870 573
141 888
823 68
552 669
102 511
716 476
936 270
267 674
475 283
7 130
560 167
592 830
104 980
750 25
503 182
780 607
642 525
269 915
387 855
906 4
62 795
227 424
623 642
39 832
91 139
670 663
456 854
344 563
669 801
987 982
197 600
412 715
963 153
252 651
895 345
957 791
919 966
700 959
619 46
966 83
377 379
137 409
668 196
77 741
277 249
256 336
850 915
922 993
169 200
871 582
935 633
695 426
543 178
170 881
460 240
845 145
345 599
767 821
687 666
967 241
691 345
689 432
884 336
140 596
213 807
236 471
962 722
561 168
320 507
37 924
372 380
3 660
697 2
220 275
108 418
331 915
430 91
720 812
804 763
951 607
455 825
961 247
82 321
487 392
278 90
749 415
135 802
616 280
646 285
165 192
555 596
538 268
539 213
726 923
44 704
256 10
807 187
496 653
72 891
267 576
373 215
413 747
705 618
257 859
148 809
482 384
25 449
168 181
290 758
151 346
734 322
945 330
520 189
848 406
441 790
59 524
722 246
481 731
780 919
77 46
996 79
795 813
471 673
576 44
203 8
595 608
97 393
190 135
933 39
777 454
66 565
548 578
257 203
450 754
912 325
222 499
26 798
820 96
247 416
428 817
769 441
444 118
694 698
37 200
234 515
162 730
838 435
291 408
253 820
636 359
265 479
932 812
145 706
926 530
211 672
918 188
191 67
746 747
898 669
650 638
806 519
33 193
741 699
90 597
362 182
829 314
666 783
346 872
135 841
788 45
538 564
583 57
256 872
672 149
229 259
167 248
153 836
196 147
986 604
593 524
545 368
557 207
442 167
350 543
949 559
562 730
712 736
605 956
613 264
809 28
188 156
479 944
180 810
308 880
422 306
886 953
534 354
553 662
861 830
193 240
540 538
457 481
232 772
243 693
898 257
263 404
429 667
406 10
982 436
907 891
586 326
212 713
898 545
958 946
895 526
324 894
360 114
652 546
345 689
318 990
524 896
736 316
589 557
582 210
65 836
833 116
938 320
462 837
96 578
298 339
475 701
166 11
869 588
544 517
193 32
416 853
944 388
676 516
99 607
918 935
866 855
954 375
365 658
109 221
156 661
422 226
33 387
997 65
827 54
605 622
808 159
162 903
58 955
986 960
943 340
938 590
766 466
204 584
932 38
610 757
492 147
882 904
230 792
331 458
757 59
490 171
799 20
89 59
532 884
208 560
964 796
187 1
61 167
749 959
559 631
479 941
887 852
685 495
502 340
121 335
746 902
734 503
52 647
422 944
296 36
187 930
883 242
890 322
701 884
987 219
738 299
559 611
280 779
748 758
560 99
30 510
875 266
3 193
707 989
604 720
274 788
394 126
888 123
231 188
438 644
294 986
920 648
115 701
558 419
904 983
169 223
352 104
618 244
533 95
208 146
650 807
582 69
305 446
807 811
594 3
930 208
358 122
298 278
997 490
934 733
347 45
630 442
922 132
391 827
510 847
898 321
923 51
548 650
219 307
648 432
176 80
938 231
919 651
713 764
752 94
265 447
181 815
656 415
182 578
846 574
10 23
359 687
961 517
474 775
504 732
259 508
472 130
88 11
175 432
5 145
312 295
213 758
999 532
992 901
545 139
970 963
989 585
514 137
521 409
758 661
134 685
456 238
542 309
166 213
745 797
311 451
321 375
829 824
432 22
27 200
96 399
574 101
34 488
874 822
826 108
521 531
58 921
280 222
431 810
839 973
210 339
585 902
753 558
640 566
128 299
148 276
791 95
234 329
113 960
104 75
516 497
269 88
39 434
728 391
419 812
265 353
482 977
530 307
723 649
24 438
941 602
268 562
988 264
109 169
889 309
466 671
174 948
596 564
791 377
286 312
683 197
553 719
915 765
73 973
708 481
196 626
128 877
742 796
370 540
858 800
727 143
264 87
42 755
671 375
373 539
132 13
971 536
376 309
291 170
220 408
985 225
993 118
376 835
310 27
822 675
608 74
478 790
924 445
621 338
119 997
307 138
119 811
96 326
842 833
793 378
611 266
357 156
93 335
480 512
642 947
918 637
130 859
402 786
422 895
406 255
230 288
774 904
499 511
595 355
910 658
289 495
691 856
181 677
766 502
142 858
592 495
283 459
834 293
729 582
380 247
123 181
621 760
297 92
804 969
832 384
940 379
603 908
875 40
858 785
273 341
554 299
417 33
898 444
624 885
54 719
173 673
936 668
827 994
604 192
188 367
365 160
989 333
287 512
612 691
522 564
543 32
830 651
868 694
857 494
247 265
396 205
328 482
773 354
725 649
80 714
830 574
116 870
894 504
37 909
490 669
784 722
764 686
12 72
999 29
360 854
874 453
594 867
391 199
823 118
315 998
871 787
68 694
449 492
491 220
939 239
404 377
96 371
674 92
647 961
116 577
604 78
847 111
270 756
457 595
39 723
141 597
995 871
383 844
946 803
880 455
695 747
918 977
68 33
832 520
710 325
901 822
499 887
190 536
205 52
877 837
482 376
815 959
576 568
391 716
43 444
137 114
279 413
758 686
571 868
869 457
923 224
165 410
498 873
62 420
601 720
314 680
745 486
603 793
944 747
866 903
773 75
396 939
886 754
308 626
405 231
142 873
620 233
431 552
515 604
37 693
98 368
406 427
19 201
696 160
800 805
805 357
925 871
982 21
715 656
322 466
357 108
79 959
734 744
108 482
241 654
778 72
600 787
828 708
622 947
930 673
955 104
863 416
63 724
143 570
523 697
220 304
171 676
291 815
318 502
285 571
89 938
138 791
85 984
584 495
471 331
615 708
179 858
458 947
134 375
844 254
861 314
870 128
243 226
833 629
474 445
260 530
139 619
449 16
118 159
156 198
666 840
351 148
360 312
467 709
212 943
464 452
601 819
331 812
576 335
893 237
954 405
657 121
747 954
810 355
787 684
911 507
547 157
819 885
936 351
727 857
160 941
920 245
496 279
345 401
661 909
618 965
327 231
433 885
434 698
165 126
741 785
914 692
127 221
563 216
817 608
573 299
139 650
590 874
724 543
953 998
881 604
103 161
995 372
653 927
477 59
798 448
182 398
365 887
495 57
958 122
810 785
89 959
550 734
337 13
831 554
187 574
688 980
201 877
756 870
974 799
963 406
721 390
470 872
1 116
425 863
199 125
707 530
754 713
599 906
512 710
95 864
619 623
572 508
275 88
909 594
595 682
205 340
257 985
626 111
741 118
151 45
814 571
60 341
766 9
53 658
495 91
85 162
65 703
632 163
927 62
171 801
761 347
496 849
80 604
714 414
737 60
915 49
330 266
801 897
888 242
351 971
461 988
614 139
927 446
615 481
785 257
41 702
66 190
311 733
55 354
417 36
898 962
968 153
536 105
24 378
188 266
464 278
25 311
317 294
165 591
320 223
1 572
708 723
86 636
886 677
732 278
896 216
534 853
7 873
128 797
714 32
834 721
68 263
286 526
827 287
418 107
936 362
86 328
57 322
164 979
1 655
549 251
793 496
622 857
109 754
474 464
472 343
369 380
430 636
695 852
174 260
850 829
572 852
76 387
543 555
415 241
622 213
558 121
81 803
614 95
865 143
203 107
494 190
577 575
652 797
130 69
672 610
985 297
873 669
758 696
224 892
961 192
689 656
925 188
465 237
232 983
788 761
772 440
915 84
417 459
415 215
449 182
640 591
105 547
740 135
303 605
808 615
699 878
765 187
506 951
56 84
666 336
698 855
338 554
162 192
976 236
58 887
380 303
770 952
333 616
688 147
299 62
239 157
614 412
64 170
697 313
406 639
264 913
106 213
63 696
11 50
441 880
494 879
530 206
590 824
818 267
731 953
531 907
518 748
208 907
553 549
218 451
881 449
157 121
730 149
73 697
548 91
347 697
58 190
871 316
240 412
876 332
659 972
579 200
793 645
964 939
340 614
812 663
868 63
714 145
138 765
795 767
624 755
231 593
959 567
72 936
932 966
388 795
844 565
225 779
123 923
532 482
365 760
87 827
674 903
45 168
276 576
619 185
231 489
590 206
387 308
863 798
840 970
812 462
211 523
752 114
888 429
8 887
21 364
52 440
305 715
522 860
217 171
664 327
473 982
927 888
414 183
862 439
424 179
500 383
315 621
841 479
477 85
75 969
289 406
777 511
646 606
28 468
631 274
2 976
621 150
449 458
356 691
13 487
277 456
810 771
359 304
339 48
795 172
700 703
597 978
403 733
77 924
191 153
