1000 16
34 378
378 152
152 621
621 67
67 775
775 891
891 644
644 440
440 709
709 592
592 614
614 222
222 100
100 822
822 189
189 597
597 905
905 932
932 466
466 358
358 850
850 754
754 925
925 662
662 981
981 536
536 939
939 283
283 608
608 375
375 373
373 514
514 257
257 388
388 516
516 987
987 912
912 658
658 454
454 842
842 40
40 320
320 968
968 584
584 769
769 523
523 131
131 210
210 871
871 248
248 787
787 798
798 161
161 460
460 707
707 423
423 254
254 282
282 237
237 687
687 727
727 16
16 186
186 686
686 478
478 863
863 613
613 974
974 665
665 20
20 39
39 185
185 817
817 98
98 253
253 802
802 581
581 307
307 542
542 684
684 628
628 196
196 436
436 453
453 955
955 173
173 587
587 931
931 83
83 538
538 954
954 480
480 18
18 468
468 377
377 570
570 552
552 407
407 70
70 47
47 864
864 650
650 510
510 191
191 26
26 625
625 55
55 205
205 194
194 640
640 308
308 751
751 349
349 535
535 452
452 176
176 361
361 244
244 357
357 518
518 175
175 497
497 927
927 352
352 274
274 672
672 127
127 823
823 184
184 293
293 44
44 403
403 108
108 114
114 829
829 740
740 795
795 270
270 277
277 428
428 604
604 156
156 869
869 575
575 578
578 255
255 79
79 667
667 329
329 130
130 229
229 444
444 818
818 942
942 595
595 679
679 609
609 779
779 104
104 142
142 633
633 31
31 661
661 241
241 506
506 560
560 65
65 71
71 680
680 888
888 736
736 120
120 688
688 99
99 913
913 475
475 703
703 983
983 312
312 945
945 820
820 46
46 36
36 744
744 420
420 835
835 15
15 638
638 977
977 980
980 380
380 683
683 988
988 941
941 933
933 64
64 989
989 866
866 25
25 847
847 59
59 800
800 402
402 969
969 146
146 935
935 919
919 786
786 681
681 807
807 136
136 515
515 314
314 76
76 837
837 805
805 796
796 74
74 724
724 143
143 580
580 221
221 889
889 323
323 553
553 435
435 8
8 778
778 634
634 573
573 343
343 539
539 509
509 840
840 299
299 826
826 126
126 246
246 129
129 742
742 732
732 2
2 195
195 300
300 615
615 944
944 188
188 963
963 726
726 551
551 448
448 170
170 675
675 862
862 872
872 743
743 531
531 463
463 898
898 631
631 906
906 145
145 332
332 762
762 279
279 859
859 356
356 164
164 350
350 181
181 213
213 58
58 771
771 395
395 936
936 302
302 576
576 365
365 624
624 630
630 10
10 793
793 908
908 291
291 384
384 49
49 854
854 678
678 669
669 995
995 654
654 917
917 921
921 525
525 389
389 799
799 783
783 12
12 163
163 7
7 722
722 698
698 77
77 78
78 755
755 513
513 994
994 934
934 316
316 41
41 877
877 201
201 603
603 892
892 947
947 383
383 392
392 716
716 997
997 642
642 425
425 972
972 182
182 260
260 381
381 272
272 269
269 211
211 413
413 833
833 408
408 278
278 219
219 593
593 292
292 946
946 569
569 668
668 245
245 568
568 429
429 427
427 159
159 89
89 418
418 5
5 132
132 697
697 178
178 119
119 379
379 735
735 421
421 886
886 411
411 594
594 937
937 385
385 664
664 586
586 290
290 555
555 918
918 677
677 911
911 605
605 228
228 264
264 501
501 327
327 275
275 404
404 265
265 180
180 122
122 368
368 824
824 324
324 476
476 852
852 528
528 590
590 386
386 773
773 471
471 370
370 728
728 57
57 462
462 652
652 431
431 330
330 781
781 812
812 713
713 901
901 875
875 267
267 797
797 51
51 874
874 556
556 204
204 500
500 285
285 493
493 306
306 739
739 885
885 756
756 746
746 340
340 140
140 967
967 406
406 410
410 212
212 304
304 647
647 102
102 412
412 174
174 893
893 923
923 554
554 876
876 398
398 315
315 693
693 338
338 341
341 110
110 533
533 741
741 287
287 168
168 844
844 442
442 22
22 534
534 508
508 331
331 589
589 321
321 804
804 261
261 958
958 890
890 256
256 710
710 326
326 971
971 390
390 29
29 794
794 232
232 646
646 33
33 801
801 66
66 24
24 21
21 258
258 121
121 391
391 819
819 56
56 148
148 858
858 247
247 827
827 42
42 632
632 208
208 964
964 960
960 400
400 485
485 502
502 626
626 883
883 438
438 949
949 653
653 577
577 286
286 479
479 203
203 719
719 836
836 682
682 825
825 520
520 694
694 473
473 803
803 226
226 738
738 344
344 297
297 545
545 940
940 571
571 617
617 498
498 30
30 193
193 339
339 345
345 387
387 224
224 296
296 562
562 266
266 990
990 113
113 472
472 35
35 607
607 776
776 93
93 348
348 529
529 806
806 450
450 557
557 432
432 464
464 4
4 521
521 342
342 861
861 333
333 281
281 867
867 157
157 951
951 522
522 731
731 469
469 566
566 486
486 393
393 643
643 135
135 117
117 449
449 894
894 656
656 601
601 904
904 996
996 84
84 691
691 487
487 816
816 295
295 979
979 298
298 240
240 602
602 637
637 645
645 95
95 359
359 319
319 909
909 527
527 790
790 494
494 953
953 565
565 857
857 139
139 167
167 346
346 982
982 197
197 335
335 318
318 243
243 549
549 218
218 511
511 149
149 690
690 192
192 461
461 622
622 674
674 305
305 153
153 774
774 629
629 734
734 611
611 765
765 563
563 234
234 853
853 125
125 752
752 239
239 627
627 455
455 238
238 671
671 206
206 845
845 27
27 52
52 372
372 415
415 75
75 966
966 459
459 695
695 537
537 171
171 841
841 63
63 23
23 785
785 147
147 855
855 499
499 761
761 405
405 90
90 930
930 141
141 512
512 916
916 477
477 715
715 484
484 757
757 251
251 177
177 158
158 223
223 426
426 252
252 250
250 116
116 214
214 160
160 273
273 441
441 456
456 325
325 382
382 651
651 541
541 830
830 956
956 887
887 758
758 846
846 655
655 284
284 596
596 943
943 507
507 115
115 730
730 828
828 984
984 598
598 881
881 548
548 616
616 659
659 961
961 14
14 839
839 814
814 641
641 151
151 749
749 788
788 860
860 6
6 567
567 928
928 179
179 900
900 328
328 434
434 322
322 606
606 784
784 294
294 524
524 591
591 155
155 701
701 198
198 470
470 106
106 483
483 973
973 334
334 519
519 849
849 490
490 62
62 82
82 561
561 496
496 465
465 451
451 3
3 544
544 401
401 924
924 414
414 96
96 588
588 748
748 209
209 447
447 873
873 97
97 772
772 599
599 88
88 369
369 705
705 865
865 737
737 86
86 815
815 780
780 111
111 271
271 109
109 169
169 540
540 227
227 190
190 649
649 896
896 289
289 770
770 233
233 903
903 999
999 1
1 91
91 105
105 711
711 154
154 199
199 313
313 948
948 215
215 187
187 443
443 85
85 9
9 202
202 975
975 303
303 767
767 458
458 938
938 495
495 268
268 574
574 848
848 28
28 884
884 351
351 112
112 620
620 362
362 952
952 922
922 172
172 220
220 11
11 37
37 13
13 354
354 150
150 725
725 409
409 481
481 231
231 433
433 217
217 457
457 721
721 235
235 559
559 791
791 600
600 811
811 374
374 363
363 355
355 87
87 445
445 718
718 696
696 101
101 585
585 635
635 336
336 550
550 543
543 714
714 639
639 558
558 821
821 92
92 831
831 491
491 583
583 670
670 399
399 920
920 582
582 851
851 685
685 753
753 259
259 422
422 526
526 138
138 760
760 19
19 137
137 782
782 288
288 489
489 985
985 225
225 813
813 843
843 579
579 419
419 929
929 763
763 118
118 910
910 360
360 895
895 902
902 107
107 367
367 673
673 128
128 700
700 103
103 808
808 809
809 474
474 789
789 72
72 249
249 123
123 38
38 530
530 505
505 657
657 717
717 965
965 663
663 50
50 17
17 364
364 216
216 124
124 610
610 991
991 133
133 723
723 94
94 48
48 207
207 504
504 777
777 699
699 957
957 236
236 899
899 68
68 870
870 347
347 276
276 437
437 262
262 309
309 394
394 914
914 242
242 750
750 60
60 810
810 759
759 950
950 764
764 619
619 868
868 959
959 144
144 704
704 503
503 692
692 766
766 998
998 623
623 81
81 882
882 747
747 134
134 915
915 564
564 880
880 416
416 745
745 280
280 834
834 54
54 376
376 879
879 978
978 618
618 482
482 572
572 488
488 166
166 838
838 366
366 708
708 546
546 446
446 907
907 32
32 712
712 636
636 439
439 397
397 1000
1000 337
337 666
666 986
986 162
162 612
612 856
856 200
200 45
45 396
396 310
310 733
733 311
311 424
424 353
353 417
417 792
792 430
430 183
183 962
962 832
832 69
69 467
467 970
970 532
532 263
263 702
702 230
230 648
648 53
53 492
492 371
371 993
993 517
517 689
689 926
926 660
660 61
61 976
976 676
676 73
73 992
992 43
43 165
165 301
301 897
897 878
878 547
547 720
720 768
768 729
729 706
706 80
80 317
0 0 0 1 0 0 0 1 0 0 0 0 0 0 1 1
1 0 1 1 0 0 0 1 0 1 0 0 0 0 1 1
0 0 0 0 1 0 0 1 0 0 0 1 0 1 1 0
0 1 0 0 1 1 0 0 1 1 0 0 1 1 0 1
0 0 1 1 0 1 1 0 1 0 1 0 0 0 0 0
0 0 0 1 0 1 1 1 1 0 1 0 0 1 1 1
0 0 0 1 0 1 1 0 0 0 0 0 1 1 1 1
0 0 1 1 0 0 0 1 1 0 0 1 1 1 0 0
0 1 0 0 0 1 0 0 1 0 0 1 0 1 1 0
1 1 1 1 0 1 0 1 1 0 0 0 1 1 0 1
0 1 0 0 0 1 1 1 0 0 1 1 1 1 0 0
0 1 0 0 0 0 1 0 1 0 0 0 1 1 1 0
1 1 0 0 1 1 1 0 1 0 1 0 0 1 1 0
1 1 1 0 1 1 1 1 1 1 1 1 1 0 0 0
1 1 1 0 1 1 0 1 0 1 1 1 1 1 1 1
0 1 0 0 0 1 0 1 1 0 1 0 0 1 0 0
0 0 0 0 1 1 0 1 0 0 1 1 1 0 1 1
0 1 1 1 1 0 1 1 0 0 1 0 0 1 1 1
0 0 1 0 0 1 1 0 0 1 1 0 0 1 1 1
1 0 1 1 0 0 1 0 1 0 0 0 1 1 0 0
1 1 0 0 0 1 0 1 0 1 1 0 0 0 1 1
1 1 1 1 0 0 1 1 1 1 1 0 1 0 1 0
1 1 0 0 0 1 1 1 1 1 0 0 0 1 0 0
0 0 1 0 1 1 0 0 1 0 1 0 1 0 1 0
0 0 0 0 1 1 1 1 1 0 1 1 1 0 1 0
0 0 0 0 1 0 1 1 0 1 1 0 0 0 1 1
0 0 0 1 1 0 0 0 0 1 1 0 0 0 0 0
1 0 1 1 1 0 0 0 1 1 0 0 0 0 0 1
1 0 0 1 0 1 0 0 0 1 0 0 1 0 1 0
0 1 0 1 1 0 1 1 0 1 1 1 0 1 0 0
1 0 0 0 0 1 0 0 0 1 0 0 0 0 1 0
0 1 0 1 0 1 0 0 0 0 1 0 1 0 0 0
1 1 0 0 0 1 1 0 0 0 0 1 0 1 1 0
1 0 0 1 0 0 0 1 0 0 1 1 1 1 0 1
1 0 0 0 1 1 1 1 0 1 1 0 1 0 0 1
0 1 1 1 1 1 1 0 1 0 0 0 0 0 1 0
1 1 1 1 0 0 1 0 0 1 0 1 0 1 1 0
0 1 1 1 1 0 1 1 1 0 0 1 1 0 1 0
1 1 1 0 1 0 0 1 0 1 0 1 1 1 1 1
1 1 0 0 0 1 1 0 0 0 0 1 1 1 0 0
0 0 1 0 1 1 0 1 1 1 0 0 1 1 1 1
1 0 1 0 1 0 0 1 1 0 0 0 0 0 0 0
1 0 1 1 1 1 0 1 1 1 0 0 1 1 0 1
1 0 1 1 0 1 0 0 1 1 1 1 1 1 0 1
0 0 1 1 1 0 0 1 0 0 1 0 1 1 1 0
1 1 1 1 1 1 0 1 0 0 0 1 0 0 0 0
1 0 0 0 0 1 0 1 0 1 1 0 1 0 0 1
1 0 0 0 1 1 1 0 1 0 1 1 1 0 1 1
0 0 1 0 1 1 0 1 0 1 0 0 1 0 1 1
0 1 1 1 1 1 0 0 0 0 0 0 0 1 1 0
1 1 1 0 1 0 0 0 1 0 1 0 1 0 0 1
0 0 0 1 0 0 0 1 1 1 1 1 0 0 1 1
1 0 1 0 0 1 1 0 0 1 0 0 0 1 1 0
1 0 0 0 0 1 1 1 1 1 0 1 1 0 1 0
0 1 1 0 1 0 1 1 1 0 1 0 0 0 1 0
0 0 1 1 0 1 1 0 1 0 1 0 1 1 1 1
1 0 1 0 0 0 1 1 1 0 1 1 1 1 1 1
0 1 0 0 0 0 1 1 1 0 1 0 1 0 0 0
1 0 0 1 1 0 0 0 1 0 0 1 1 1 1 0
0 1 0 1 0 1 1 1 1 0 0 0 1 1 1 1
1 0 0 0 1 1 0 1 1 1 1 0 1 0 0 1
1 0 0 0 0 1 0 1 0 1 0 1 1 0 1 1
0 1 0 1 1 0 1 1 1 0 0 1 1 1 1 0
1 1 0 0 0 0 0 1 0 0 1 0 1 1 0 0
0 1 0 0 1 0 1 0 0 0 0 0 1 0 1 0
1 1 0 1 0 1 0 1 1 1 0 1 1 0 1 0
0 0 0 0 0 0 0 0 0 1 0 0 0 1 1 0
0 0 0 0 1 1 1 0 0 0 0 1 0 1 1 1
1 0 1 1 0 0 1 1 1 1 0 0 0 1 1 0
0 0 0 1 1 1 0 1 0 0 1 0 1 0 0 1
1 0 0 1 1 1 1 0 0 0 0 1 0 1 0 0
0 0 0 1 1 1 0 0 1 0 0 1 0 1 1 1
0 1 0 0 1 0 0 1 1 1 0 1 0 0 0 1
0 0 0 0 0 0 0 1 1 1 0 0 0 0 0 0
1 1 1 0 0 1 0 1 1 0 1 0 1 0 0 0
1 1 1 1 1 0 1 0 1 1 0 0 1 0 0 1
0 0 1 0 0 0 0 0 1 0 0 1 1 1 1 1
0 0 0 1 0 0 1 1 1 1 0 0 1 1 0 0
0 0 0 0 0 0 0 1 0 0 0 0 1 0 0 1
0 0 1 0 1 0 1 1 0 1 0 1 1 1 0 1
1 1 0 0 1 1 0 0 1 0 0 0 0 1 0 1
1 0 1 0 1 1 1 0 0 1 1 1 0 1 1 0
0 1 1 1 0 0 1 1 1 0 0 1 1 0 0 1
0 1 1 0 1 1 1 0 1 1 0 0 1 1 1 1
0 0 1 1 1 1 0 1 1 0 0 0 0 0 1 0
1 0 0 0 0 0 1 0 1 1 1 0 0 1 1 1
0 1 1 1 1 1 1 1 0 1 0 0 0 0 1 0
0 1 0 1 0 1 1 0 0 0 0 1 0 1 0 0
0 0 0 1 0 0 0 1 0 1 0 0 1 0 1 1
1 0 0 0 1 0 0 0 1 0 1 0 1 1 0 1
1 1 1 0 1 1 0 0 0 1 0 0 0 0 1 0
0 0 0 0 1 1 0 1 0 0 1 0 1 1 1 1
0 1 0 0 0 0 1 1 1 1 0 0 1 0 0 0
1 0 1 1 1 0 0 1 0 0 0 0 1 1 1 1
1 0 0 0 0 0 0 1 1 1 1 0 1 0 0 0
0 0 1 1 1 1 0 1 0 1 0 0 1 0 1 0
0 1 1 0 0 0 1 1 0 1 0 1 1 0 0 1
0 1 0 1 0 1 0 0 0 1 1 0 0 1 0 1
0 0 0 0 1 0 0 1 1 0 1 1 0 0 0 0
0 0 1 1 0 1 0 0 1 0 1 1 1 1 1 1
1 1 1 1 1 0 0 0 0 0 1 0 0 1 0 0
0 1 0 1 0 0 0 1 1 0 1 1 0 1 0 0
1 1 0 1 1 1 0 0 1 1 1 0 1 0 1 1
0 0 0 0 1 1 1 0 0 0 0 1 0 1 0 0
1 0 0 0 1 0 1 0 0 1 0 1 0 0 0 1
1 1 1 1 0 0 1 1 1 0 0 1 1 1 1 0
1 1 1 1 0 1 0 0 1 1 0 0 0 1 0 1
0 0 0 0 0 0 0 0 1 0 0 1 0 1 0 0
1 0 1 0 0 0 1 0 1 0 1 0 0 1 1 1
1 0 1 0 1 1 1 1 0 1 0 1 1 1 0 0
1 0 0 0 1 0 0 1 0 0 0 1 1 1 1 1
0 1 0 0 1 1 0 1 1 0 0 0 0 0 1 1
1 1 1 0 0 0 1 1 0 0 1 0 0 1 0 1
1 1 1 1 0 1 0 1 0 0 0 0 0 1 0 1
1 1 1 1 0 1 1 1 1 0 1 1 0 0 1 0
0 0 0 1 1 0 1 0 1 1 0 0 1 1 1 1
1 1 0 1 1 1 0 1 0 1 0 1 1 0 0 0
0 0 0 1 0 0 0 1 1 1 0 1 0 0 1 0
1 0 0 0 0 0 1 0 1 1 1 1 0 1 1 0
0 1 0 0 0 1 1 0 0 1 1 1 0 0 0 1
0 0 1 0 0 0 0 0 1 0 0 1 0 1 1 0
0 1 1 0 0 0 1 1 0 0 0 0 1 0 0 1
1 1 1 1 0 0 0 1 1 0 1 0 1 1 0 1
0 0 1 1 0 0 0 0 0 0 1 1 1 1 1 0
1 1 1 1 1 1 0 1 0 1 0 1 0 1 0 0
1 1 0 0 1 0 1 1 1 1 0 1 1 0 0 1
1 0 1 1 0 0 1 1 1 1 1 1 0 0 1 0
0 1 1 1 0 1 1 1 1 0 1 0 0 1 0 1
0 1 0 0 1 1 0 0 0 1 0 1 1 0 1 0
0 0 0 0 0 1 0 0 1 1 0 0 0 1 0 1
0 1 1 0 0 1 1 0 0 1 0 0 0 0 0 0
1 1 0 1 0 1 1 1 0 1 0 0 0 0 1 0
0 1 1 0 1 0 1 0 0 0 1 1 0 0 0 1
0 0 0 1 1 1 0 0 0 0 1 1 0 0 0 0
0 0 1 1 1 0 1 1 0 0 1 0 1 0 1 1
1 0 0 1 1 1 0 0 0 0 0 1 1 1 0 0
0 0 1 0 1 0 1 1 1 1 0 1 1 0 0 1
1 0 0 0 1 1 0 1 1 1 0 0 1 0 0 1
1 1 0 0 0 1 1 0 1 1 0 1 0 1 0 1
1 1 1 1 0 0 1 1 1 0 1 0 0 0 0 0
1 1 0 0 0 0 1 0 1 0 1 0 0 1 0 1
0 0 0 1 1 0 1 0 0 0 0 0 0 1 0 0
0 1 0 0 1 1 0 0 1 0 1 1 1 0 0 0
0 0 0 0 0 1 0 0 1 0 0 0 0 1 1 1
1 0 0 1 0 0 0 0 0 1 1 0 1 1 1 0
1 1 1 0 1 0 1 0 1 1 0 1 0 1 0 1
1 1 0 0 0 1 1 1 1 1 0 0 1 0 0 1
0 1 1 1 0 0 0 0 1 0 1 0 0 0 1 0
1 1 0 1 0 0 0 0 1 1 1 1 1 1 1 0
0 0 1 1 1 1 1 1 0 1 1 1 0 1 1 1
0 0 1 0 1 0 1 1 0 0 1 1 1 1 0 1
0 0 1 0 1 0 0 0 1 1 1 1 1 0 1 1
0 1 1 0 1 1 0 0 0 0 1 0 0 0 1 1
0 0 1 0 1 0 0 0 0 1 0 1 1 0 1 0
1 1 0 0 1 0 1 1 0 0 1 0 0 0 0 0
1 0 1 0 1 1 1 0 0 0 0 0 1 1 1 1
1 1 1 1 0 1 0 0 0 0 1 1 1 1 1 1
0 1 1 1 1 0 0 0 1 1 0 0 1 1 1 0
0 0 1 1 1 1 0 0 1 0 1 1 1 0 0 0
0 0 0 1 0 1 0 1 0 0 0 0 0 0 0 1
1 1 1 0 0 1 0 0 1 0 1 1 0 1 1 0
0 1 1 0 1 1 0 1 1 1 0 1 1 0 0 1
1 0 1 0 0 0 0 0 0 1 0 0 0 1 0 0
0 0 1 1 1 1 1 1 0 1 0 1 0 0 0 1
1 1 1 0 0 0 0 1 1 0 0 0 0 1 0 0
0 1 1 1 1 0 1 0 1 0 1 1 1 1 1 1
1 1 1 0 0 0 0 0 0 0 1 0 0 1 0 1
0 1 1 0 1 0 0 0 1 0 1 0 0 0 0 1
0 1 1 0 0 1 1 1 0 0 0 1 0 1 1 1
1 1 1 1 0 0 0 0 1 1 0 0 0 1 0 1
1 0 0 0 0 1 1 1 1 0 1 1 1 0 1 1
0 1 0 1 0 1 0 1 0 1 0 0 1 0 0 0
0 0 1 1 0 0 0 1 1 1 0 0 1 0 1 1
0 1 0 1 0 1 1 1 0 0 1 1 1 0 0 1
0 0 0 0 1 0 1 0 1 1 0 1 0 1 0 1
0 0 1 0 0 0 1 1 0 0 1 1 1 0 0 1
1 0 0 0 0 0 0 1 0 1 1 1 1 0 0 0
0 0 1 0 1 0 1 0 1 1 1 0 0 1 0 0
0 1 1 1 1 0 1 1 0 1 1 1 0 0 0 0
1 1 1 1 0 0 0 1 1 0 1 0 0 1 1 0
1 1 1 1 0 1 0 0 0 0 1 1 0 0 1 1
0 0 1 0 1 0 0 1 1 1 1 0 0 1 1 0
0 0 0 0 1 0 0 1 0 1 0 1 0 1 1 0
1 1 0 1 0 1 1 1 0 1 0 0 1 0 1 0
1 1 1 1 0 0 0 1 0 0 0 0 1 0 1 0
0 1 1 0 1 1 1 0 1 0 1 0 0 0 1 0
0 1 1 1 1 1 1 1 1 1 0 0 0 1 0 0
1 1 1 0 0 1 0 0 1 1 1 0 1 0 0 1
0 1 1 0 1 0 1 1 0 1 0 1 0 0 1 0
1 0 0 1 1 1 0 1 1 0 0 1 1 0 1 0
0 1 1 1 1 1 1 0 0 1 0 1 1 0 1 0
0 1 1 0 1 0 0 1 1 1 1 0 0 1 1 0
0 1 1 1 0 0 0 0 1 1 0 1 1 0 0 0
1 1 0 0 0 0 1 1 1 0 0 0 1 0 1 1
0 0 0 1 1 0 0 0 0 1 0 1 1 1 0 0
0 0 1 1 0 1 1 1 0 0 1 1 0 1 1 1
1 0 1 0 0 0 1 0 1 0 0 0 0 0 0 1
0 1 1 1 0 1 1 0 0 1 1 0 1 0 0 1
1 0 1 0 0 0 0 0 0 1 1 1 1 1 0 1
0 1 0 1 1 0 0 1 1 1 0 0 1 0 1 1
1 1 1 0 1 0 0 1 1 0 1 1 1 0 1 0
0 1 0 0 0 1 1 0 0 1 0 1 1 0 0 1
0 1 0 1 1 1 0 1 1 1 1 1 0 0 1 1
0 1 1 1 0 0 1 1 1 0 1 1 1 0 0 0
0 0 1 0 0 1 0 1 0 1 0 1 0 1 0 0
0 1 0 0 0 0 1 0 1 1 0 1 0 1 0 1
1 1 1 1 0 1 0 1 0 0 0 1 1 1 1 1
1 0 1 1 0 1 1 1 1 0 0 0 1 1 1 1
1 0 0 1 0 0 0 0 0 0 0 1 0 1 1 0
0 0 1 0 0 0 1 1 0 0 0 0 1 0 0 1
1 0 0 0 1 0 0 1 1 0 0 1 0 0 0 1
1 0 1 0 0 1 0 0 1 1 1 0 1 0 0 0
1 0 1 0 0 0 1 1 0 1 0 1 0 1 0 1
1 1 1 0 0 1 1 0 1 0 1 0 1 0 1 1
1 0 1 0 1 0 1 0 1 0 1 1 0 1 0 0
0 0 0 0 0 0 1 1 1 1 1 1 0 0 0 0
0 0 1 1 1 1 0 1 0 1 0 1 1 1 1 0
0 0 0 1 1 0 0 0 0 0 0 1 1 1 0 1
0 1 1 0 0 0 1 0 0 1 0 0 0 1 0 1
1 0 0 0 0 1 0 0 0 1 1 1 0 1 0 1
0 0 0 0 1 1 0 0 1 1 1 1 1 0 0 0
1 1 1 0 1 1 1 0 1 0 1 0 0 0 0 1
0 1 1 0 0 1 1 1 0 1 1 1 1 1 1 0
1 1 0 1 1 1 1 0 1 0 1 0 1 1 1 1
1 1 0 0 1 1 0 1 0 1 1 0 1 0 0 1
0 1 1 1 1 0 0 0 1 0 1 0 1 1 1 1
1 0 0 0 1 0 0 0 0 0 1 0 0 0 1 0
1 0 1 0 0 0 0 1 0 0 0 1 1 1 1 0
0 0 0 0 1 1 0 1 1 1 0 1 0 0 0 0
0 0 1 0 0 1 1 0 1 0 0 1 0 1 1 0
1 0 1 1 1 0 0 0 0 1 0 0 1 1 1 1
1 0 0 1 0 1 1 0 1 1 0 1 1 0 0 0
0 1 0 1 0 0 1 1 1 1 0 1 0 1 1 0
0 1 0 0 0 1 1 1 1 1 0 1 0 0 0 1
1 1 1 0 1 1 1 1 0 1 1 1 1 1 0 1
1 1 0 1 1 1 1 0 1 0 1 1 1 0 0 1
1 1 1 0 1 0 1 0 1 1 1 0 0 1 0 0
1 1 1 0 0 1 0 0 0 0 1 1 0 0 1 0
1 1 1 0 1 1 0 0 0 0 0 0 0 1 0 0
1 0 0 0 1 1 0 0 1 1 0 1 0 1 0 1
1 0 0 0 1 1 1 1 1 1 0 1 1 0 1 1
0 1 0 1 1 1 1 1 1 1 1 1 0 0 0 0
1 0 1 1 1 0 0 1 0 1 1 1 0 1 1 0
1 1 0 1 1 0 0 1 1 0 0 1 1 1 1 0
1 1 1 0 1 1 1 0 1 1 1 0 1 0 1 1
1 0 1 1 1 0 0 1 0 1 0 0 0 1 1 1
1 0 0 1 1 0 0 0 0 0 0 1 1 1 1 1
0 1 1 1 0 0 0 0 0 0 1 0 1 0 0 0
1 0 0 0 1 0 0 0 1 1 0 1 1 1 1 1
0 1 0 0 1 0 0 0 0 1 1 1 1 1 1 1
1 0 1 0 0 0 1 1 1 1 1 1 1 0 1 0
1 0 0 0 0 0 1 0 1 1 0 0 1 0 0 0
0 1 1 1 0 1 1 1 1 0 1 0 0 1 1 0
1 1 0 0 0 1 1 0 0 1 1 0 0 0 1 1
1 1 1 0 1 0 0 0 0 0 0 1 1 1 0 1
1 1 0 0 0 1 0 0 1 0 0 0 0 1 0 0
1 0 1 0 1 0 0 0 1 0 1 1 0 1 0 1
1 1 1 1 0 0 0 1 0 0 0 0 1 0 1 1
1 0 0 0 1 1 0 1 0 1 1 0 1 1 0 0
0 1 1 1 0 1 0 0 0 0 1 1 1 1 0 1
1 1 0 0 0 0 0 1 0 1 1 0 1 1 0 1
0 0 1 1 1 0 0 1 1 0 1 1 1 1 1 0
1 0 0 0 0 1 0 1 1 1 1 1 1 0 1 0
0 1 1 1 1 0 1 0 1 0 1 1 0 0 1 0
0 0 1 1 1 0 0 1 0 0 0 0 0 0 1 1
0 0 0 0 0 1 0 0 1 0 0 0 0 0 0 1
0 1 1 1 0 1 0 1 0 0 1 0 1 0 0 0
1 1 1 0 0 0 0 0 0 0 0 0 0 0 0 1
0 0 0 1 1 1 1 1 1 1 1 1 0 1 0 1
1 0 1 0 0 1 1 1 0 0 0 0 1 1 1 0
1 0 0 0 0 0 1 1 1 0 0 0 0 0 1 1
0 1 0 0 1 0 0 1 0 0 0 0 0 0 1 0
1 1 1 1 1 1 0 1 0 1 0 0 1 1 0 0
1 0 1 0 0 1 1 1 1 1 1 1 0 0 1 1
1 1 1 1 0 0 0 0 1 0 0 0 0 0 1 0
1 0 1 0 1 0 1 0 0 1 1 0 1 1 1 1
0 1 0 1 1 1 0 0 0 1 0 0 0 0 0 0
1 0 0 1 1 0 1 1 1 0 0 0 1 1 1 0
0 1 0 0 0 0 1 1 0 1 0 1 1 0 1 0
0 1 1 1 0 1 0 1 1 0 0 0 1 0 0 0
1 1 0 0 1 0 0 0 1 1 1 1 1 0 0 0
1 0 0 1 0 0 1 0 1 1 0 0 1 0 1 0
0 1 1 0 1 0 0 1 1 0 1 1 0 0 1 1
0 0 0 1 1 1 0 1 0 0 0 1 1 0 0 1
1 1 0 0 0 1 0 0 0 1 1 0 0 1 1 0
1 1 0 0 1 1 1 1 1 1 1 0 0 1 1 1
0 1 1 1 0 0 0 1 1 0 0 0 0 0 1 0
1 0 1 0 0 0 0 0 0 1 1 1 1 1 1 0
1 1 1 0 0 1 1 0 0 0 0 0 1 1 1 0
0 1 0 1 0 0 0 1 1 0 0 1 1 0 0 0
0 1 1 0 0 1 0 1 0 1 0 0 1 0 1 1
1 0 1 1 0 0 1 1 1 1 1 0 0 0 0 1
1 1 1 1 0 1 1 1 1 0 0 1 0 0 1 1
0 1 1 1 0 1 1 0 1 0 1 1 1 0 1 1
1 1 1 0 0 1 0 1 0 0 1 1 1 1 0 1
1 1 1 0 0 1 1 1 0 1 0 0 1 0 1 1
1 1 0 0 1 1 1 1 1 0 1 1 0 1 0 0
1 1 0 1 0 0 1 0 0 0 1 0 0 1 0 1
0 0 0 1 0 0 1 1 0 1 1 1 1 0 1 1
1 0 0 1 0 1 1 0 0 0 1 1 0 1 1 1
1 1 1 1 1 1 1 1 1 0 0 0 0 0 0 1
1 0 1 1 0 0 1 0 1 0 1 1 1 0 1 1
1 0 1 1 0 0 1 1 0 0 0 1 1 1 0 1
0 0 0 1 1 1 0 1 0 0 0 1 1 1 1 1
0 0 1 1 0 0 0 0 1 0 0 0 0 0 1 1
0 1 1 1 0 0 1 1 1 1 0 1 0 1 0 1
0 0 1 0 1 0 0 0 0 0 0 1 1 1 1 0
1 0 1 0 0 0 1 1 1 1 1 1 1 0 1 0
1 0 1 1 1 0 1 0 1 1 1 0 0 1 0 0
0 1 1 1 0 0 1 1 1 0 1 1 0 0 0 0
0 0 1 0 1 1 1 1 0 1 0 0 1 0 1 1
0 0 0 0 0 1 0 0 1 0 1 0 0 0 0 1
0 0 1 1 0 1 1 1 1 0 1 0 0 1 0 0
1 1 1 1 0 0 1 1 0 1 1 0 1 0 0 1
1 0 0 1 0 1 1 0 0 1 1 0 0 0 1 1
0 0 1 1 0 0 0 0 0 0 1 0 0 1 1 0
1 0 0 1 1 1 0 0 1 1 1 1 1 0 0 0
1 1 0 0 1 1 1 1 1 1 0 0 0 0 0 1
1 0 1 1 1 0 1 1 1 1 0 0 0 1 0 0
1 1 0 0 1 0 1 1 0 0 1 1 1 0 0 0
0 0 1 1 0 0 0 1 1 0 1 1 1 1 1 1
1 0 0 0 1 1 1 1 0 1 1 0 1 0 1 0
1 0 1 0 0 0 0 0 0 0 1 1 0 0 0 1
0 1 1 1 0 1 1 0 0 1 0 0 0 0 0 0
0 0 0 0 0 0 1 1 0 1 0 1 0 1 1 0
1 1 0 0 0 0 0 1 0 0 1 1 1 0 0 0
1 0 1 1 0 0 1 1 1 1 1 1 0 1 0 1
1 0 0 0 0 1 0 0 0 0 0 0 0 0 1 1
1 0 0 1 0 0 0 0 0 0 1 1 1 0 1 1
1 0 0 0 0 1 1 0 0 0 1 0 0 1 0 1
1 0 1 0 0 0 1 1 0 0 1 0 1 1 0 1
1 1 1 0 1 1 1 0 1 0 1 1 0 1 0 1
0 0 1 1 0 1 1 1 0 1 0 1 0 1 1 0
0 1 1 0 0 0 0 0 0 1 1 1 1 0 1 0
1 1 1 1 1 0 1 1 0 0 0 1 0 1 0 0
1 0 0 1 0 1 1 0 0 1 1 0 1 0 1 1
0 1 1 0 0 1 0 1 0 1 0 1 1 0 1 1
1 0 1 0 0 0 0 1 1 1 1 1 0 1 0 1
1 0 0 1 0 1 0 0 1 1 0 0 1 1 0 1
1 0 1 1 1 1 1 0 1 0 0 1 1 0 0 0
1 1 0 0 1 0 1 1 1 0 0 1 1 1 0 1
1 0 1 0 1 0 1 1 0 1 1 0 1 0 1 1
0 0 1 1 0 1 1 0 1 0 0 0 0 1 0 1
1 1 0 0 0 1 1 1 0 0 0 1 1 1 0 0
0 0 1 0 0 1 1 1 1 0 1 1 1 1 1 0
1 0 0 1 1 1 1 1 1 0 1 0 0 1 1 1
0 0 0 1 1 1 0 1 0 0 1 1 1 1 0 1
1 0 1 1 0 0 1 0 0 0 1 0 0 0 0 0
1 1 1 1 0 1 1 0 0 1 0 0 0 1 1 1
1 0 1 1 1 0 0 0 0 0 0 0 1 0 0 1
0 0 0 1 0 0 0 1 1 1 0 0 0 1 1 1
0 0 0 0 0 0 1 0 1 1 1 1 1 1 0 0
1 0 1 1 0 0 0 1 0 0 1 1 1 0 0 1
1 1 1 1 1 0 1 0 1 1 1 1 0 0 0 0
1 1 1 0 1 1 0 1 1 0 0 1 1 0 1 0
1 1 1 0 1 0 1 1 0 0 0 1 1 0 1 0
1 0 1 1 1 1 1 0 1 1 0 0 0 1 1 1
1 0 1 0 1 1 0 1 0 1 1 1 0 0 0 1
1 1 0 0 1 1 1 0 0 0 0 1 1 0 0 0
0 0 0 0 1 1 1 1 1 0 0 1 0 0 1 0
0 0 1 0 1 1 0 1 1 1 1 0 1 1 1 1
0 1 0 0 0 0 0 0 0 0 1 1 1 0 1 0
0 0 1 1 0 0 0 0 1 1 1 1 1 1 0 0
1 0 1 0 1 0 1 0 1 0 0 0 1 1 0 0
1 1 1 0 0 1 0 0 1 0 1 0 1 0 1 0
1 0 0 1 0 0 1 0 0 1 0 1 1 0 0 0
0 1 1 0 1 1 1 0 0 0 0 0 1 1 0 0
0 1 0 1 0 0 1 1 1 0 0 0 1 0 0 0
0 0 0 1 1 1 1 1 1 0 1 1 1 1 0 0
1 1 0 0 0 1 1 0 0 1 1 1 0 0 1 1
1 1 0 0 0 1 1 1 1 1 1 1 0 1 1 1
0 0 1 1 1 1 1 1 1 1 1 1 0 1 0 1
1 1 0 0 1 1 1 0 1 1 0 0 1 0 0 1
1 0 0 1 0 1 0 0 1 1 0 1 0 1 0 1
1 0 1 0 0 1 1 0 0 1 1 0 1 1 1 0
1 1 0 0 1 1 0 0 0 1 1 0 1 0 1 0
1 1 1 1 0 1 1 0 0 0 1 1 0 1 1 0
1 0 1 0 0 0 1 1 1 1 0 1 0 0 1 0
0 1 0 1 1 0 1 0 0 1 0 0 1 0 0 1
0 0 1 1 1 0 1 1 1 0 0 1 1 0 1 0
0 1 0 0 1 1 0 0 0 1 1 0 1 1 0 1
1 1 1 0 0 0 0 1 0 0 1 0 0 0 1 1
1 1 1 1 1 1 1 0 1 0 1 0 0 0 0 0
1 1 1 1 1 1 0 1 0 0 1 1 0 0 0 1
1 1 0 1 0 1 0 0 1 1 1 1 0 0 1 1
0 0 1 1 1 1 0 0 1 1 1 0 1 0 0 1
0 1 0 0 1 1 1 1 0 0 1 0 1 1 0 0
1 1 0 1 1 0 1 0 0 0 1 0 0 1 1 1
0 1 0 0 1 0 1 0 1 0 1 1 0 1 1 1
0 1 1 0 1 0 1 1 1 1 1 1 0 1 0 1
0 1 1 1 1 1 0 1 1 1 1 0 0 0 0 1
1 1 1 1 1 1 0 1 1 1 0 0 0 1 0 0
1 1 0 1 0 1 1 0 0 1 0 0 1 0 1 0
0 1 1 0 0 1 0 1 1 1 1 1 0 1 1 1
1 1 0 0 0 1 1 1 1 1 1 0 0 0 1 0
1 0 1 1 0 0 1 1 1 0 0 1 1 1 0 0
0 1 0 1 0 0 0 1 0 1 0 1 1 0 1 1
1 0 1 1 1 1 1 0 1 0 0 0 0 0 0 0
0 0 1 1 1 0 0 0 0 1 0 0 1 0 1 0
1 1 1 1 0 0 1 1 1 1 0 0 0 0 1 1
0 1 1 0 1 0 0 0 0 0 0 0 1 1 0 0
0 0 0 0 1 1 1 0 1 1 1 1 0 1 0 0
0 0 1 1 0 1 0 1 0 0 0 0 1 0 1 1
0 0 0 1 1 0 0 0 0 0 0 1 1 1 1 1
0 0 1 1 0 1 1 0 0 1 1 1 1 0 1 0
0 1 1 1 1 0 0 1 0 0 0 0 0 0 1 1
1 1 0 1 1 0 1 1 1 0 1 1 0 0 0 1
0 0 1 1 0 0 0 0 1 1 1 0 1 1 1 1
0 0 1 1 0 1 0 1 1 1 1 1 0 1 1 1
0 0 0 1 1 0 0 0 1 1 1 1 1 1 0 1
1 0 1 1 0 0 0 0 0 0 1 0 1 1 0 1
0 0 1 1 1 1 1 0 1 0 1 0 1 0 1 0
0 0 0 1 1 1 0 0 0 0 0 0 1 0 1 1
1 0 0 1 1 0 0 0 1 0 0 0 1 1 0 1
1 0 0 0 0 0 0 0 1 0 0 0 1 1 0 1
1 1 1 1 1 1 0 0 0 0 1 0 1 1 1 1
1 1 1 1 0 1 1 1 1 1 1 0 0 0 1 0
0 1 0 0 1 1 0 0 0 1 1 0 1 0 0 0
0 0 1 0 0 1 1 0 0 1 0 0 1 0 0 1
1 0 0 0 0 0 1 0 0 1 0 0 1 1 1 0
0 1 1 1 0 1 0 1 0 1 0 1 0 0 1 1
0 1 0 1 0 0 1 0 0 0 0 1 1 0 0 0
1 1 1 0 1 1 0 1 0 0 1 1 0 0 0 1
1 0 1 1 0 1 0 0 1 1 0 0 0 1 0 0
1 0 0 1 0 0 1 0 0 0 1 0 1 0 1 0
1 0 0 1 0 1 0 0 0 1 0 1 1 1 1 1
0 1 0 0 1 0 1 0 1 1 1 1 0 0 1 1
0 0 0 1 1 0 0 1 0 1 1 0 1 1 1 0
1 1 0 1 1 0 1 1 1 1 0 1 1 1 0 0
1 0 1 0 1 1 1 1 1 1 0 1 1 0 0 0
0 1 0 0 0 0 1 0 0 1 1 1 0 1 0 0
0 0 0 1 0 0 1 0 1 1 1 1 1 1 1 0
1 0 0 1 0 0 1 0 1 0 0 1 1 0 0 1
1 0 1 1 1 1 1 1 0 1 1 0 1 1 1 1
1 1 1 0 0 1 1 1 1 1 1 1 0 1 1 0
1 0 0 1 0 0 1 0 0 1 1 0 0 1 0 1
0 1 0 0 0 0 0 0 0 0 1 1 0 0 0 0
0 1 1 1 0 0 0 0 0 1 0 0 1 0 0 1
0 1 1 1 0 1 0 1 0 1 1 1 0 1 0 0
0 0 1 1 1 1 0 1 1 0 0 0 0 0 1 1
1 0 0 1 1 0 1 0 0 0 1 1 1 1 1 0
0 0 0 0 0 0 0 1 0 1 1 0 1 1 0 0
1 0 1 0 1 1 0 0 0 1 0 0 0 1 0 0
1 0 0 0 1 0 0 0 1 1 1 0 1 0 1 1
1 0 0 0 1 1 1 0 1 1 0 0 1 1 1 0
1 0 1 1 1 0 0 1 0 0 0 1 1 0 0 1
0 1 0 1 0 1 1 0 1 0 1 1 0 1 1 1
0 1 0 0 0 1 0 0 1 0 0 0 0 1 0 0
0 0 0 0 0 0 0 1 1 1 1 1 0 1 1 0
1 0 1 1 0 0 0 1 1 0 0 0 1 1 1 1
0 1 0 1 0 1 0 0 0 1 0 1 0 0 0 1
1 0 0 1 1 0 0 0 0 0 0 0 1 0 0 1
0 0 0 1 0 0 1 0 0 0 1 1 1 0 0 1
1 0 1 0 0 1 1 1 0 0 0 1 0 0 0 1
1 1 1 0 0 1 1 1 1 1 1 0 1 1 1 1
0 0 0 1 0 0 1 1 1 0 0 0 0 1 1 0
0 1 1 0 1 0 1 1 0 1 0 1 0 0 1 1
0 1 0 1 0 0 1 0 1 1 1 1 1 1 0 0
0 1 0 1 1 0 0 1 1 1 1 1 1 1 1 0
1 1 0 1 0 1 1 1 1 1 1 1 1 0 1 1
0 1 1 0 1 1 1 1 0 0 1 1 0 1 0 0
1 1 0 0 1 1 0 1 1 1 0 1 0 0 0 0
1 1 1 1 1 1 0 1 1 1 1 1 0 1 1 0
1 0 0 1 0 1 0 0 1 1 1 0 0 0 0 1
0 0 1 1 1 1 1 1 0 1 0 1 1 1 1 1
1 1 0 1 1 0 0 0 0 0 1 0 0 0 1 1
1 0 1 0 0 0 1 0 0 0 1 0 0 0 0 0
0 1 0 0 1 0 0 0 0 0 0 1 0 1 0 1
1 1 0 1 1 1 0 1 0 0 1 1 0 1 0 0
1 1 1 1 1 1 0 0 0 1 1 0 1 1 0 1
1 1 1 0 1 0 0 0 1 0 0 1 1 1 0 1
0 1 0 1 1 1 0 0 0 0 0 1 1 1 0 1
0 0 1 0 0 1 1 0 0 1 0 0 1 1 1 0
0 1 1 0 0 1 1 1 1 0 1 1 0 1 0 0
0 1 0 1 1 0 1 1 1 0 0 1 0 1 0 0
0 1 0 1 0 0 0 1 0 0 0 1 0 1 0 1
1 1 1 1 0 1 0 0 1 1 0 0 0 1 0 1
0 0 1 0 0 0 1 1 1 1 0 0 1 1 0 1
1 1 0 0 0 0 1 1 0 0 0 0 0 0 0 1
0 1 1 0 0 1 1 0 1 1 1 1 0 1 0 0
0 1 0 1 0 1 0 0 1 1 0 1 0 0 1 1
1 0 0 1 0 0 0 1 0 0 1 1 1 1 1 1
1 1 0 0 0 1 0 0 1 1 1 0 1 1 1 1
1 1 1 0 1 0 0 0 0 0 0 1 0 1 0 1
0 1 0 0 1 1 1 1 0 1 0 0 0 1 0 1
1 0 1 1 0 0 1 0 1 0 0 0 1 0 1 0
0 0 0 0 1 0 1 0 0 0 1 1 1 0 0 0
0 0 1 0 0 1 0 0 1 0 0 1 0 0 1 0
1 0 0 1 0 0 1 1 1 1 0 1 0 0 1 1
1 0 1 0 0 1 1 0 1 0 0 0 0 1 0 0
1 0 0 1 0 0 0 0 0 1 1 0 0 1 1 0
1 1 0 1 0 0 1 1 0 0 0 0 1 0 0 0
0 0 1 1 0 0 1 0 0 1 0 0 1 0 1 0
1 0 0 1 1 0 1 0 0 0 1 1 0 1 0 1
0 1 0 1 1 1 1 0 1 0 1 0 1 0 1 1
0 1 1 0 1 1 1 1 0 0 1 0 1 0 1 0
1 0 1 0 1 1 0 1 0 1 1 0 1 1 0 0
0 1 0 0 0 0 0 0 0 1 0 0 1 0 0 0
1 0 0 1 1 0 0 1 0 0 1 0 1 0 0 0
1 0 0 0 1 0 0 0 1 0 0 0 0 1 0 1
1 0 1 1 1 1 1 0 0 1 0 1 1 1 1 0
0 1 0 0 1 1 0 0 0 1 1 1 1 1 0 1
0 0 1 1 1 1 0 1 1 1 1 0 0 0 0 0
1 0 0 0 0 0 0 1 0 1 1 0 1 0 1 1
1 1 1 1 0 0 1 1 1 0 1 1 1 0 1 1
0 1 1 0 0 0 1 1 1 0 1 1 0 1 0 0
1 0 1 0 0 1 1 0 0 1 1 1 0 1 0 1
0 1 0 1 1 0 1 0 1 1 1 1 1 1 0 1
1 0 0 1 1 1 0 1 0 1 0 1 0 0 0 0
1 0 1 1 1 0 0 1 1 1 0 0 1 0 0 1
0 1 1 0 1 1 1 1 1 1 1 1 0 1 1 0
1 1 1 0 1 0 0 1 0 0 0 1 1 1 1 1
0 0 0 1 0 0 0 0 1 1 1 0 1 0 1 0
0 1 1 0 1 1 0 0 0 1 1 1 1 0 1 0
1 1 1 0 0 1 1 0 0 0 0 0 1 0 1 1
1 0 0 1 1 1 1 1 0 1 1 1 1 1 1 0
1 0 1 0 0 0 1 1 0 1 1 0 0 1 1 0
1 0 1 1 0 0 1 1 0 1 1 1 1 0 1 1
1 1 0 0 1 1 0 1 1 0 1 0 0 1 1 1
1 1 1 1 1 0 0 0 1 1 1 0 1 0 0 0
1 1 1 0 1 1 0 1 0 0 1 1 0 1 1 0
1 0 1 1 1 1 1 1 0 0 1 0 0 1 0 1
0 1 0 1 0 0 1 0 1 0 1 1 0 1 1 0
1 1 1 0 0 1 1 0 1 1 1 0 1 1 1 0
0 0 1 1 1 1 1 0 1 1 0 0 0 1 1 1
1 1 1 1 1 1 0 0 0 1 0 0 0 0 0 1
1 1 1 1 1 1 1 0 1 0 0 0 0 1 1 1
0 0 0 1 0 1 0 0 1 0 0 1 1 0 1 0
1 1 1 1 1 1 0 0 1 1 0 0 1 0 1 1
0 1 0 0 0 1 0 1 0 1 0 0 0 0 1 1
0 1 0 1 1 1 0 1 0 1 1 0 0 0 0 0
0 1 0 1 1 0 1 1 0 1 0 1 0 0 0 1
1 1 1 1 1 1 0 1 0 0 1 0 1 1 0 0
1 0 1 0 1 1 0 1 0 1 0 1 1 0 1 0
1 0 0 0 1 0 1 0 0 0 0 0 1 1 0 0
1 1 1 1 0 0 0 1 0 1 0 1 0 0 1 1
0 0 1 0 0 0 0 0 0 0 1 1 0 0 1 0
0 0 0 1 1 0 1 0 1 1 1 0 0 1 0 0
0 1 1 0 1 0 0 1 0 0 0 0 1 0 1 1
0 1 0 0 0 0 0 1 1 0 1 0 0 1 0 0
0 1 1 1 0 1 1 0 0 0 0 0 0 0 0 0
0 0 1 1 1 1 0 0 1 0 0 0 0 0 0 0
1 1 1 1 0 1 0 0 0 1 0 1 1 1 0 1
0 0 0 0 0 0 1 1 1 0 0 1 0 0 1 0
0 1 0 1 0 0 0 0 1 1 0 0 1 1 0 1
1 0 1 1 1 0 1 0 1 1 0 1 1 0 1 1
1 0 1 0 0 1 1 0 0 0 1 1 0 1 1 0
0 1 1 1 0 1 1 0 0 1 1 0 0 1 0 1
0 1 0 1 1 1 1 1 0 0 0 1 1 0 0 0
1 0 1 1 0 0 0 1 1 1 1 1 1 1 1 1
1 0 1 0 0 1 1 1 1 1 0 0 1 0 1 0
0 0 1 1 1 1 0 1 0 1 0 1 0 1 0 1
1 0 0 0 0 1 1 0 1 0 0 1 0 0 1 0
1 0 0 0 0 1 0 0 0 0 0 0 1 1 1 0
1 0 0 0 0 1 1 0 0 0 1 1 0 0 0 0
1 0 0 1 0 1 1 1 1 0 1 0 1 1 1 0
1 1 1 0 0 1 0 1 0 1 1 1 1 1 0 0
0 1 1 1 0 1 0 0 1 0 1 1 0 0 1 1
0 1 0 1 1 1 0 0 0 0 1 0 0 0 0 0
0 1 1 1 0 1 1 1 1 0 0 0 1 1 0 1
1 1 0 0 1 1 0 0 0 0 0 0 1 0 0 0
1 1 1 1 0 1 1 1 1 1 1 1 1 0 0 0
1 0 1 0 0 0 0 1 0 1 0 0 0 0 0 1
0 0 0 0 0 1 0 1 1 0 0 1 0 0 0 1
1 0 1 1 0 0 0 1 0 0 0 1 1 0 0 0
1 0 0 0 0 1 0 0 0 0 0 1 0 0 0 0
1 0 1 1 1 1 1 1 0 1 0 1 1 1 1 0
0 1 0 1 1 1 1 0 0 1 0 1 0 0 1 1
1 1 1 0 1 0 1 0 1 0 1 0 0 0 1 1
1 0 1 0 0 0 1 1 0 1 1 1 1 1 0 0
0 1 0 1 1 0 1 1 0 1 1 0 1 0 0 1
0 0 0 0 1 1 1 0 1 0 0 1 1 1 1 1
0 0 1 0 0 0 0 0 1 0 0 0 0 1 0 0
1 1 0 1 1 1 0 0 1 1 1 1 0 0 0 0
0 1 0 1 1 0 0 0 0 1 0 0 0 0 0 0
0 0 1 0 1 0 0 1 1 0 0 0 1 0 1 0
0 0 0 0 0 0 0 0 1 0 1 1 1 0 0 1
0 0 0 1 0 0 1 0 0 0 1 0 0 1 0 0
0 0 1 1 0 0 1 0 0 0 0 1 1 0 0 1
1 1 1 0 0 1 0 1 1 0 1 1 1 1 0 1
1 1 1 1 1 0 0 0 1 1 0 0 1 1 0 1
1 1 0 0 1 1 1 0 0 1 0 1 1 1 1 0
1 1 0 1 1 0 1 0 1 1 0 0 1 0 0 1
1 0 0 1 0 1 1 0 0 0 1 0 0 1 0 1
1 1 0 1 1 0 1 0 1 1 1 1 1 0 1 1
1 1 0 0 1 1 1 0 1 1 1 1 0 1 0 1
1 0 1 0 0 1 0 1 1 1 0 0 1 0 1 1
0 0 1 0 1 1 0 0 0 1 1 1 0 0 1 0
1 1 1 0 1 1 0 0 0 0 0 0 1 1 1 1
0 1 0 0 1 0 0 1 0 1 0 1 1 1 0 0
0 0 1 0 1 0 1 0 1 0 0 0 0 1 0 0
0 1 1 0 1 0 0 1 1 1 0 0 0 1 1 1
1 1 1 0 0 0 0 0 1 1 0 1 1 1 1 1
0 0 1 0 1 0 0 1 0 0 0 0 1 1 1 1
0 0 0 0 0 1 1 1 0 1 1 0 0 1 0 1
0 0 1 1 1 0 0 0 1 0 0 0 0 0 1 0
1 1 1 1 0 1 0 0 0 1 1 1 1 0 1 1
1 0 0 0 1 0 0 0 1 0 0 1 0 1 1 1
1 1 0 1 1 1 0 1 0 1 0 0 1 1 1 1
0 0 1 0 0 1 0 1 1 0 0 0 0 0 1 0
0 1 0 0 1 1 0 0 1 0 0 1 0 1 0 0
1 1 0 1 0 0 1 1 1 0 0 0 0 0 1 1
1 0 0 1 1 0 0 0 1 0 1 0 0 0 1 0
1 1 0 0 0 0 0 1 1 1 1 1 0 0 0 1
1 0 0 0 1 0 0 0 1 0 1 1 0 0 1 0
0 1 0 0 0 1 1 0 1 1 1 1 1 1 1 0
1 0 1 1 1 1 0 1 0 0 0 1 1 0 0 0
1 0 0 1 1 0 0 0 1 1 0 1 0 1 0 0
1 0 0 1 1 1 1 0 1 1 1 1 1 0 1 0
1 0 1 0 0 1 1 0 1 1 1 1 1 1 0 0
0 0 0 0 0 1 0 0 1 0 0 0 1 0 0 0
0 0 1 1 0 1 0 1 0 0 1 1 1 0 0 1
1 0 0 1 1 1 1 1 0 1 0 1 0 1 1 1
0 0 0 0 1 1 0 1 1 0 0 1 0 0 1 0
1 1 1 1 1 0 0 1 0 1 0 0 0 0 1 1
1 1 0 0 0 1 0 0 0 1 0 1 1 1 1 1
1 1 0 0 1 1 1 1 0 0 0 0 1 1 0 1
0 0 1 0 1 1 1 1 1 0 0 0 0 0 1 0
0 0 0 0 0 1 0 0 1 0 1 0 0 1 0 0
1 0 0 0 1 1 1 1 0 1 0 1 0 0 1 0
0 0 0 0 1 0 0 0 0 1 1 1 1 1 1 1
1 1 1 1 1 0 0 1 0 1 0 1 1 1 0 0
1 1 1 1 1 1 0 1 0 1 1 1 0 0 1 0
1 0 0 0 1 1 1 1 0 1 0 0 0 0 0 1
0 1 1 0 0 1 0 1 1 1 0 0 1 0 0 1
0 1 1 0 0 1 1 1 0 1 0 1 1 0 1 1
0 1 1 0 1 0 0 1 1 0 0 0 1 1 0 0
1 0 1 0 1 1 1 1 1 1 1 0 1 0 0 0
0 0 1 1 0 1 1 0 0 1 0 0 0 1 0 0
0 0 1 1 0 0 0 0 0 0 0 1 1 1 1 0
1 0 1 1 0 1 0 0 0 0 1 0 1 1 0 0
1 0 1 0 1 0 0 0 0 0 0 0 1 1 1 1
0 1 1 0 0 0 0 0 0 1 0 0 0 1 1 0
1 0 1 0 0 0 1 0 1 1 0 0 1 1 0 0
1 1 0 0 1 1 1 0 1 0 0 1 0 0 1 0
0 1 0 0 0 1 1 0 0 0 1 1 0 1 1 0
1 1 0 0 0 0 1 0 1 0 1 1 1 1 1 0
0 0 0 1 0 0 1 0 1 0 0 0 1 1 1 1
1 0 0 1 0 1 1 0 1 1 0 1 1 0 1 1
1 0 1 1 1 1 1 1 1 0 1 0 1 0 0 1
1 1 1 0 0 0 1 0 0 0 1 0 1 1 0 1
1 0 1 1 1 1 1 1 1 0 1 1 1 0 0 0
1 1 1 0 1 1 0 1 1 1 1 1 1 0 0 0
0 1 1 1 1 0 0 1 0 1 1 1 1 1 0 1
0 1 1 1 1 1 1 1 1 0 0 0 1 0 1 0
1 1 1 0 0 0 1 0 1 1 0 1 1 1 0 0
1 1 0 1 1 1 0 0 1 1 0 0 1 1 1 0
0 0 0 0 1 0 1 1 1 0 0 0 0 1 0 0
0 0 1 0 0 0 0 1 0 0 1 0 0 1 0 1
0 0 1 0 0 0 0 0 1 0 0 0 0 0 1 0
0 0 0 1 0 0 1 0 1 1 0 1 1 1 0 1
0 0 1 0 1 0 0 0 0 0 0 0 1 1 1 1
1 0 0 0 0 0 1 1 0 1 0 1 0 1 1 1
0 1 0 0 0 1 0 1 0 1 1 0 0 1 1 0
0 1 0 0 1 0 1 1 1 0 1 0 1 1 1 1
0 1 1 0 0 1 0 1 0 1 1 1 1 1 1 1
0 1 1 0 1 1 1 1 0 0 0 1 0 1 0 0
0 1 1 0 0 0 0 0 1 1 1 1 0 1 0 0
0 1 1 0 1 1 1 0 0 0 1 0 1 0 1 1
0 0 1 0 1 1 1 0 1 1 0 1 0 0 0 1
0 0 0 1 0 0 0 0 0 1 1 1 1 0 0 1
0 1 1 1 0 0 0 1 0 0 0 0 0 0 1 0
1 0 1 0 1 1 1 1 0 0 1 0 1 1 1 1
1 0 1 1 1 0 0 1 0 0 0 1 0 1 0 1
0 1 1 0 0 1 1 1 1 0 1 0 1 0 1 1
0 1 0 0 1 1 1 1 1 0 0 1 0 1 1 0
0 1 1 1 1 0 1 1 1 1 0 1 0 1 1 0
0 0 0 1 1 1 1 0 0 1 0 1 0 1 0 1
0 1 0 0 0 0 0 0 1 0 1 1 1 0 1 1
1 0 0 0 0 1 1 0 1 0 0 0 0 0 1 0
0 1 1 0 0 1 0 0 1 1 0 1 0 0 1 1
1 0 0 0 1 1 0 0 0 0 1 0 1 0 1 0
1 0 1 0 1 0 1 0 1 0 0 0 1 0 1 0
0 1 1 0 0 1 1 0 0 1 1 1 1 1 0 0
0 1 0 1 1 0 0 0 1 1 0 1 1 0 1 1
0 1 1 1 0 1 1 1 0 1 0 0 1 0 0 0
0 0 0 0 1 0 0 0 0 1 0 0 0 1 1 1
1 0 1 0 1 1 1 1 1 0 0 0 1 0 0 1
1 1 0 1 1 1 0 1 1 0 1 1 0 1 1 1
0 1 0 1 0 0 1 1 0 1 1 1 1 0 1 0
0 1 1 0 0 0 1 0 1 0 1 0 1 0 0 0
1 0 0 0 0 1 1 0 0 1 1 1 0 0 0 0
0 1 1 1 1 1 1 1 0 1 0 1 1 0 1 1
0 0 1 1 1 1 1 1 0 0 1 0 1 1 1 1
0 0 1 0 0 0 1 1 1 1 1 0 1 0 0 0
1 1 0 1 1 0 1 1 1 1 0 1 0 1 0 1
0 1 0 1 1 1 0 0 0 1 1 0 1 0 0 0
1 0 0 0 1 1 0 0 0 1 1 0 0 1 0 1
1 1 0 1 1 1 1 0 1 0 1 0 1 1 1 0
1 0 1 1 0 1 0 1 1 1 1 0 0 1 0 0
1 1 0 0 0 0 1 0 0 0 1 0 1 1 0 1
1 1 1 1 0 0 1 0 0 0 1 1 0 1 0 1
1 1 1 1 0 1 0 1 1 1 1 1 0 1 1 0
1 1 1 1 0 1 1 1 0 0 1 1 0 0 0 1
1 1 0 1 0 0 1 0 1 0 1 1 0 0 1 1
1 1 1 1 0 0 0 0 0 1 1 1 1 1 1 0
0 0 0 1 1 0 0 0 1 0 0 0 0 1 1 0
1 1 1 0 1 0 0 0 0 1 1 0 1 1 0 0
0 1 0 0 0 0 1 0 0 0 1 1 1 0 1 1
0 1 1 1 1 0 1 0 1 1 0 1 1 0 0 1
0 1 1 0 1 0 1 1 0 1 1 1 0 1 1 1
1 0 1 0 0 0 1 0 1 0 1 1 0 1 1 1
1 0 1 1 0 0 0 1 1 0 0 1 1 0 0 0
0 0 1 0 0 0 1 1 1 0 0 0 1 1 1 0
0 0 0 0 1 0 0 0 1 0 0 1 0 0 0 1
0 0 0 1 1 1 0 1 0 1 0 1 1 1 1 1
0 0 0 1 0 1 0 1 0 0 1 0 1 1 1 1
0 0 1 0 0 1 0 1 1 1 0 0 0 1 1 0
1 1 0 0 0 1 0 1 0 1 0 1 0 1 0 0
1 0 0 1 0 1 1 0 0 1 1 1 0 1 0 0
0 0 1 0 1 0 0 1 1 1 0 1 1 0 1 1
1 0 1 0 1 0 0 0 0 1 0 1 0 1 0 1
1 0 0 1 0 0 1 0 0 1 0 1 1 0 0 1
0 0 1 1 1 1 0 0 1 1 1 0 1 1 0 0
0 1 1 1 0 1 1 0 0 0 0 0 1 1 1 0
0 1 0 0 1 1 1 0 0 0 0 1 0 0 1 0
0 1 1 1 0 0 1 1 0 0 1 0 0 0 1 0
1 0 0 1 1 0 1 0 1 1 1 1 1 0 1 0
0 1 0 1 1 0 0 0 1 1 0 0 0 1 1 1
0 0 1 0 0 1 1 1 1 1 0 0 1 0 1 0
0 1 1 0 0 0 1 1 0 1 0 1 0 1 1 0
1 1 1 1 0 1 1 1 0 0 0 0 0 1 0 0
0 0 0 1 0 1 0 1 1 1 0 0 0 0 0 0
1 1 1 1 1 1 1 1 1 1 1 1 0 0 1 1
0 0 0 0 1 0 0 1 0 0 0 0 0 1 0 1
1 1 1 0 0 1 0 1 0 1 1 0 1 0 0 0
0 0 0 0 0 0 0 1 1 1 0 1 0 1 1 1
0 1 1 0 1 1 1 1 1 1 1 1 0 0 1 0
1 0 0 0 1 0 0 0 0 0 0 0 1 1 1 1
0 0 0 1 0 1 0 1 1 0 0 0 0 0 1 1
1 0 0 1 1 1 1 0 0 1 1 1 1 0 1 1
1 1 0 0 0 1 1 1 0 0 1 1 0 1 0 0
1 0 1 0 0 1 0 0 0 0 1 1 0 0 1 0
0 0 0 0 1 0 0 0 1 1 1 1 1 1 0 0
0 1 0 0 1 1 0 0 0 0 1 0 1 1 0 0
1 0 1 1 1 0 1 1 1 0 1 1 0 0 1 0
1 0 0 0 1 0 1 0 1 0 0 0 1 1 1 1
1 0 0 1 0 0 0 0 1 1 0 1 1 1 1 1
1 0 0 1 1 1 0 0 1 0 0 0 0 1 0 1
1 0 1 0 1 0 1 0 0 1 0 1 0 0 0 1
1 1 0 1 1 1 1 0 0 1 1 0 1 1 0 0
1 0 0 1 0 1 0 0 0 1 0 0 0 1 0 1
0 0 1 1 1 0 1 1 1 1 0 0 0 0 0 0
0 1 1 1 0 0 1 0 0 0 0 1 1 1 0 0
0 0 0 0 0 0 1 0 0 0 0 1 1 1 0 1
1 1 0 0 1 0 1 0 1 0 0 1 0 0 0 0
0 0 0 0 0 1 0 0 0 1 1 0 0 1 1 0
1 0 1 1 1 1 0 0 0 0 0 1 0 0 0 0
0 0 0 1 0 1 1 1 0 1 1 1 0 1 0 1
1 0 1 1 0 0 1 0 1 0 1 1 1 0 0 0
1 1 1 0 1 0 1 0 1 1 0 1 0 1 1 0
1 1 0 1 1 0 0 1 1 0 0 1 0 1 0 0
1 1 1 1 0 1 1 0 1 0 1 1 0 1 0 1
0 1 0 0 1 1 0 1 0 0 0 1 0 1 0 1
1 1 1 0 1 1 0 1 0 1 1 1 1 1 0 1
1 1 0 1 0 0 1 0 1 1 1 0 1 1 0 0
0 0 0 1 0 1 1 0 1 1 1 0 0 0 0 1
1 1 1 1 1 0 0 0 0 0 0 0 1 0 1 0
1 1 1 0 1 0 1 0 1 1 1 1 0 1 1 1
0 1 0 0 1 1 0 0 0 0 0 1 1 1 0 0
0 0 0 1 0 1 0 1 1 1 1 1 0 0 0 1
1 1 0 0 0 1 0 1 1 0 0 1 0 1 0 0
0 0 0 1 1 0 0 1 1 0 0 1 0 0 1 0
1 0 1 1 1 0 1 0 0 0 1 1 0 1 0 0
0 0 1 0 1 0 1 1 0 0 0 0 0 0 0 0
0 0 0 0 1 0 0 0 0 1 0 0 0 0 1 0
1 1 0 1 0 0 0 1 0 1 1 0 1 1 0 0
0 1 1 1 0 0 1 1 1 1 0 0 1 1 1 0
0 1 1 0 0 0 0 0 0 1 1 0 1 0 1 1
1 1 0 0 0 1 1 1 0 1 1 0 0 0 1 0
1 0 1 1 0 1 1 0 1 0 0 0 1 0 0 1
0 1 1 0 1 1 0 1 0 0 0 0 0 1 0 0
0 1 1 0 1 1 1 0 1 1 1 1 1 0 1 1
0 1 0 0 0 1 0 0 0 0 1 1 0 0 1 1
1 0 1 0 0 1 0 0 1 1 1 0 0 0 0 1
0 0 0 1 1 0 0 1 1 0 1 0 0 1 1 1
0 1 0 1 0 0 0 0 0 0 0 0 0 0 0 1
0 0 1 1 1 1 0 1 0 0 0 1 1 0 1 1
1 0 1 1 1 0 1 0 0 0 0 0 1 1 0 0
1 0 1 0 0 0 1 1 0 0 0 0 1 0 0 0
1 0 1 0 0 1 0 1 1 1 0 1 0 1 0 1
1 1 0 1 0 0 1 1 0 1 0 1 0 0 0 1
0 1 1 0 1 0 1 0 1 1 1 0 0 1 0 1
1 1 0 0 1 0 0 1 1 0 1 1 0 0 0 1
0 1 0 0 1 0 1 0 1 0 0 1 1 0 1 0
0 1 0 0 0 1 1 0 0 1 1 0 0 1 1 1
0 1 1 1 0 0 0 1 1 0 0 0 0 0 1 1
0 1 1 1 1 1 1 1 0 0 0 0 0 1 1 0
0 1 0 0 0 1 0 0 0 0 0 0 0 0 0 0
1 1 0 0 0 1 1 0 0 1 0 1 0 1 1 0
1 1 0 0 1 0 1 1 1 1 0 1 0 1 0 1
0 1 1 1 0 1 0 0 1 0 0 0 1 1 0 1
1 0 0 0 0 1 0 0 1 1 0 1 0 0 1 0
1 1 0 1 0 0 0 0 0 0 0 0 1 0 1 0
0 0 0 0 1 1 0 1 1 1 0 1 0 1 1 1
0 1 0 1 1 0 1 0 1 1 0 1 0 0 0 0
0 1 0 0 0 0 1 1 1 1 1 0 0 1 1 0
1 1 0 1 0 1 0 1 1 1 0 0 0 1 1 0
0 0 1 1 1 1 1 1 0 0 1 1 1 1 1 1
1 0 1 1 0 0 0 1 0 1 1 1 0 0 1 1
1 1 1 1 1 1 0 0 1 0 1 0 0 0 0 1
0 0 0 0 0 1 0 0 0 0 0 1 1 1 0 0
1 1 0 1 1 0 0 1 1 1 0 0 1 1 0 1
1 0 0 0 0 0 0 1 1 1 0 0 0 0 1 0
1 1 1 1 0 0 1 1 1 0 1 1 0 1 1 0
0 0 1 0 0 0 0 0 1 1 1 1 0 1 0 1
0 1 1 0 1 1 1 1 1 0 0 1 0 0 1 0
0 0 1 0 1 1 0 1 1 0 0 0 0 0 0 1
1 1 1 0 0 1 1 1 0 0 0 1 0 0 1 0
0 0 0 1 1 0 0 1 1 0 0 0 1 0 1 0
0 0 0 0 1 0 1 1 1 0 1 1 0 0 0 0
0 0 1 1 0 1 0 0 0 1 0 0 0 1 0 1
1 1 1 1 0 1 1 0 0 0 1 1 1 1 0 1
1 0 0 0 0 1 0 0 0 1 0 0 1 1 0 1
1 0 1 1 1 1 1 0 1 1 0 1 1 1 1 0
1 0 0 0 0 1 1 1 0 1 0 1 0 1 0 0
1 1 1 1 1 1 0 0 0 1 1 1 0 1 1 0
1 1 1 1 0 1 1 1 1 0 0 1 0 1 1 1
1 0 0 1 0 1 0 1 0 1 0 0 1 0 0 0
0 1 1 1 1 1 1 0 1 1 1 0 0 1 0 1
0 0 0 1 1 0 0 0 1 0 1 1 0 0 0 1
0 0 0 0 1 0 1 1 0 0 0 0 1 1 0 0
0 1 1 1 1 0 0 1 0 1 0 1 0 0 0 1
1 1 0 0 0 1 0 0 0 0 1 1 1 1 0 1
0 1 1 0 1 1 0 0 0 1 1 1 1 0 1 1
1 0 1 1 1 1 0 1 0 0 1 1 1 0 0 0
1 1 1 1 1 1 1 0 0 0 0 0 1 0 0 1
1 1 0 1 0 0 1 0 0 1 0 1 0 1 1 0
0 0 1 0 1 0 0 1 0 0 0 0 0 0 1 0
1 1 0 1 0 1 0 1 1 0 0 1 1 1 1 1
0 1 1 1 1 1 1 0 0 1 0 1 1 0 0 1
1 0 1 0 0 0 1 1 0 1 0 1 1 1 0 1
0 1 1 0 0 1 1 0 1 1 0 1 0 1 0 1
0 0 1 0 1 0 0 1 1 1 1 1 1 0 0 0
1 0 1 1 0 0 1 0 0 1 1 1 1 1 0 1
0 1 0 1 0 0 1 1 1 0 1 0 1 0 1 0
0 1 0 1 0 0 0 1 0 0 1 0 0 0 0 1
0 1 0 0 1 1 0 0 0 0 1 0 0 0 0 1
0 1 1 0 1 1 1 1 1 0 1 0 1 0 1 1
1 1 0 1 1 1 1 1 0 0 0 1 1 1 0 1
1 1 0 0 0 1 0 0 1 0 0 1 0 0 0 1
1 1 0 1 1 1 0 1 1 0 0 1 0 1 1 0
0 0 1 1 1 1 0 1 0 0 0 0 0 1 0 1
1 0 1 0 0 0 0 1 0 0 0 0 1 1 0 1
1 1 1 1 1 1 0 1 1 0 1 1 0 1 0 1
1 0 0 0 1 0 0 1 1 1 1 0 1 0 0 0
0 1 0 0 0 0 1 0 0 0 0 1 0 1 0 0
1 0 1 0 1 1 1 0 1 1 1 0 0 1 1 0
0 1 1 0 1 1 1 0 0 1 1 1 1 0 0 0
1 0 1 1 1 0 1 0 0 0 1 0 1 0 1 0
1 1 1 1 1 0 1 0 0 1 1 1 0 0 0 1
1 1 1 1 0 0 1 0 1 0 0 0 1 0 0 0
0 1 1 1 0 0 1 0 0 0 1 0 1 1 1 1
0 0 0 0 0 1 1 0 1 1 0 0 0 0 1 0
0 0 0 1 1 0 1 1 1 1 0 1 0 1 0 0
1 0 1 1 1 1 1 0 1 1 1 0 1 1 1 1
0 0 0 0 1 1 0 1 0 1 1 1 1 1 0 1
1 1 0 0 0 1 0 1 1 0 0 0 0 1 0 0
0 1 0 1 0 1 1 1 0 0 1 1 1 0 1 1
0 0 0 0 0 1 1 1 1 0 0 1 0 1 0 0
1 0 0 1 1 0 0 1 0 0 1 0 0 0 1 1
1 0 1 1 1 0 1 0 1 1 0 1 1 0 0 1
1 1 0 1 1 0 0 0 1 0 0 1 0 0 1 0
0 0 1 1 0 0 0 1 1 1 0 0 1 1 1 1
0 1 1 0 1 1 0 0 0 1 0 1 1 0 0 1
0 0 0 1 1 1 1 1 0 1 0 0 0 0 0 1
1 0 1 1 0 1 1 0 1 1 0 0 0 0 0 1
1 1 1 1 1 0 0 1 0 0 1 0 1 1 0 0
1 0 0 1 1 1 0 1 0 1 1 0 0 0 0 0
1 1 1 0 1 0 1 1 1 0 1 1 1 1 1 1
1 0 0 0 1 1 1 0 1 1 1 0 0 0 1 1
0 0 0 1 0 1 1 1 1 0 1 1 0 1 1 1
1 1 0 1 0 0 1 0 1 0 0 0 0 1 0 0
0 1 0 0 1 1 0 0 1 0 0 1 1 0 1 1
0 1 1 1 1 0 1 1 1 0 1 0 1 1 1 1
1 1 0 0 1 1 1 0 0 0 0 1 0 0 1 1
0 0 0 0 1 1 1 1 0 1 1 0 1 1 0 1
1 1 1 1 1 1 0 0 1 1 0 1 1 0 1 1
0 1 0 0 0 0 1 1 0 1 0 0 1 1 1 0
1 1 1 1 0 0 0 1 1 0 1 1 1 1 1 1
1 1 1 1 1 1 0 0 0 0 0 0 1 1 0 0
1 0 0 0 0 1 0 1 0 1 0 0 1 1 1 1
1 1 0 1 1 0 0 1 1 0 1 1 0 1 0 1
0 1 1 0 0 1 0 0 1 0 1 0 1 1 1 0
1 0 1 1 0 0 1 0 1 0 0 0 1 1 1 0
0 0 1 0 1 1 1 1 1 0 1 1 1 0 1 1
1 1 1 0 1 0 0 1 1 1 1 0 0 1 1 1
1 1 1 1 1 1 0 0 0 1 1 1 1 1 0 1
0 1 1 1 1 0 1 0 1 0 0 0 0 0 0 1
1 1 1 0 1 0 1 0 0 0 0 0 0 1 1 0
0 1 1 0 1 1 0 0 0 1 0 1 1 1 0 0
0 0 0 1 1 0 0 0 0 1 1 0 0 1 0 0
0 0 0 0 1 1 1 1 1 1 1 1 0 0 0 0
1 0 0 1 0 0 0 1 1 0 1 1 1 0 1 1
1 0 0 0 0 0 1 1 0 0 1 0 0 1 1 1
1 1 0 1 0 1 0 1 0 0 0 1 0 0 0 0
1 0 1 0 1 1 0 0 0 0 0 0 0 1 1 1
0 0 0 1 0 1 1 1 1 0 0 0 1 1 1 1
1 1 1 1 0 1 1 1 1 0 1 0 0 1 0 1
1 1 1 0 0 1 1 1 0 1 0 1 0 1 0 1
1 0 1 1 0 0 1 0 0 1 1 1 1 1 0 0
1 0 1 1 1 0 0 1 0 1 0 0 1 1 0 1
0 0 1 0 1 0 0 0 0 0 0 1 0 1 0 1
1 1 1 1 0 0 1 0 1 1 1 0 1 1 0 0
1 1 1 1 1 0 0 1 1 1 1 1 1 0 1 1
1 1 1 0 1 1 0 1 1 1 1 1 0 0 1 1
0 1 0 0 1 0 0 1 1 1 1 0 1 1 0 0
1 0 0 0 1 1 1 0 1 1 1 1 1 0 1 0
1 0 1 1 0 0 1 0 1 1 0 1 0 1 1 0
0 0 1 0 0 0 0 0 1 1 0 0 1 0 0 0
1 0 1 0 0 0 0 0 1 1 1 1 0 1 1 1
0 1 1 0 0 0 1 0 0 0 1 0 1 1 1 1
0 1 1 0 1 0 1 1 1 0 0 0 0 0 1 1
1 1 1 1 1 0 0 0 1 0 1 0 0 0 0 0
1 1 0 1 0 1 0 0 1 0 0 0 0 1 0 1
0 0 1 0 0 1 1 0 1 1 1 1 1 1 0 0
0 1 0 0 1 0 1 0 0 0 0 1 1 0 0 1
0 1 1 0 1 0 0 1 0 1 0 1 0 1 1 0
0 0 1 1 0 1 1 0 0 1 1 1 1 0 0 0
1 1 1 1 0 0 1 0 0 0 0 1 1 1 1 1
1 0 1 0 0 0 1 0 1 0 1 1 1 1 0 1
0 0 1 1 1 0 0 1 0 0 0 0 0 1 0 1
0 1 1 0 1 1 0 0 1 0 0 1 1 1 0 0
0 1 0 0 1 0 1 0 0 0 0 0 0 0 1 1
1 0 1 1 0 1 0 0 0 1 1 1 0 1 1 1
0 1 1 0 1 0 0 1 1 1 1 0 1 0 1 1
0 0 1 1 1 0 0 0 0 1 0 0 1 1 1 0
1 1 0 1 0 0 0 1 1 0 1 0 0 1 1 0
1 1 1 1 1 1 1 1 1 0 0 0 1 0 1 0
1 0 1 0 1 1 1 1 0 1 1 0 1 1 1 1
0 0 0 0 1 1 0 1 1 1 0 0 1 1 0 0
0 1 0 0 0 0 1 1 1 0 1 1 1 0 0 1
1 0 1 1 1 1 0 0 1 0 1 1 0 0 1 0
1 1 1 1 0 1 1 1 0 1 0 1 0 0 0 0
0 1 1 1 1 0 1 1 0 1 1 0 0 0 0 0
1 1 0 0 0 1 1 1 0 0 0 0 0 1 0 0
0 0 0 1 0 1 1 0 0 0 0 0 1 0 0 0
0 1 0 1 0 1 1 0 1 1 1 1 1 0 1 0
1 1 1 0 0 0 0 0 0 1 1 0 0 1 1 1
0 0 0 1 1 1 1 0 0 1 1 0 0 0 1 0
1 0 1 1 0 0 0 0 0 1 0 0 1 0 1 0
0 0 0 1 0 1 0 1 0 1 0 0 1 1 1 1
1 1 0 0 0 0 0 1 0 0 1 0 1 1 0 0
1 0 1 1 0 0 0 0 1 1 1 1 1 1 0 0
1 0 0 0 0 0 0 1 0 0 0 0 0 0 1 1
0 1 0 0 0 1 1 1 0 0 1 1 1 1 1 0
1 1 1 1 0 0 1 0 0 1 0 0 0 0 1 0
1 1 1 1 1 0 1 1 1 1 1 1 0 0 1 0
1 0 0 1 0 1 1 1 0 0 0 0 0 1 0 1
0 1 1 1 1 0 1 1 0 1 1 1 1 0 0 0
1 0 1 1 1 1 0 0 1 1 1 0 0 0 1 0
0 0 0 1 0 1 1 0 1 0 0 0 1 0 0 1
0 1 0 1 1 1 1 0 1 1 0 1 1 0 0 0
0 1 0 1 1 1 1 1 1 1 0 1 0 1 0 0
0 1 1 0 1 1 0 1 1 1 0 0 0 0 1 0
1 0 0 1 0 0 0 1 1 0 1 0 0 1 0 1
0 0 0 1 0 0 1 0 0 1 1 1 1 0 0 0
0 1 1 1 1 1 0 0 1 0 0 0 0 1 1 1
1 0 0 0 0 0 0 1 0 0 0 0 0 1 0 1
1 1 0 0 1 1 0 0 1 1 1 0 0 1 0 0
0 0 1 0 0 0 1 0 1 1 1 0 0 1 1 0
1 0 1 1 0 0 0 0 1 0 0 1 1 1 1 1
0 1 1 1 0 1 1 0 0 0 1 0 1 1 1 1
1 0 1 1 1 1 1 1 0 1 0 0 0 0 1 0
1 1 0 0 1 0 1 1 0 1 0 0 0 1 1 1
0 1 0 0 1 1 0 0 1 0 1 1 1 1 1 1
1 0 1 0 0 0 1 1 0 0 0 0 0 0 1 0
1 1 0 1 1 0 0 0 0 1 0 1 1 0 0 0
1 1 1 1 0 1 1 0 1 1 0 1 1 1 0 1
0 0 1 0 1 1 0 0 0 1 1 0 0 0 0 1
0 1 0 1 1 0 1 1 1 1 1 1 0 0 1 0
1 0 0 1 0 0 0 1 0 0 0 1 0 1 0 1
0 0 0 1 1 0 1 0 1 0 1 1 1 1 1 1
1 1 0 0 1 1 1 1 0 0 1 0 1 1 0 0
0 1 1 1 0 1 0 0 1 1 0 1 0 1 1 1
0 0 0 0 1 1 1 0 1 1 0 0 0 1 1 0
1 1 0 1 1 0 1 0 1 0 1 0 1 1 1 1
1 0 0 0 0 1 0 1 0 1 0 1 0 0 1 0
0 0 0 1 0 0 0 1 0 0 1 1 1 1 1 0
0 1 0 1 0 1 1 1 0 1 0 1 0 0 0 1
0 0 1 0 1 0 0 0 1 0 0 0 1 0 1 1
0 1 0 0 0 0 1 0 1 1 0 1 0 0 1 0
1 0 1 0 1 1 0 1 1 0 0 1 1 1 1 1
1 0 1 0 0 0 0 1 0 0 0 1 0 1 1 1
0 1 0 1 0 1 1 0 1 0 0 0 1 0 1 0
0 0 0 1 0 0 1 1 0 0 0 1 1 0 0 1
0 1 1 0 0 1 1 1 1 1 0 0 0 0 1 1
1 1 1 0 1 1 1 1 1 0 1 1 1 0 1 0
0 0 1 1 0 1 1 0 1 0 1 1 0 0 0 1
0 0 0 0 1 1 0 0 1 0 1 1 0 0 0 1
0 0 0 0 1 1 1 0 0 0 1 0 1 1 0 0
1 1 1 1 0 0 1 0 0 0 0 0 1 0 0 0
0 0 0 0 1 0 1 1 1 1 0 1 0 0 1 0
1 1 1 0 1 1 0 0 0 1 1 1 0 1 1 1
1 0 0 0 1 0 1 0 1 0 0 1 0 1 1 0
1 1 1 1 0 0 0 0 0 1 1 1 1 1 0 0
1 1 1 0 1 0 1 0 1 1 0 0 0 0 0 1
0 0 0 1 0 1 0 1 0 1 1 1 1 0 1 1
0 0 0 1 0 1 0 1 1 0 0 0 0 1 0 0
0 1 0 1 1 0 1 0 1 1 1 1 0 1 1 1
1000
514 34
727 378
658 152
523 621
727 67
388 775
802 891
478 644
955 440
925 709
173 592
222 614
707 222
282 100
932 822
644 189
378 597
891 905
925 932
237 466
466 358
478 850
307 754
478 925
587 662
523 981
514 536
954 939
237 283
237 608
523 375
237 373
16 514
70 257
516 388
388 516
189 987
707 912
423 658
709 454
891 842
100 40
70 320
955 968
173 584
196 769
822 523
621 131
185 210
628 871
709 248
644 787
282 798
802 161
769 460
817 707
968 423
871 254
196 282
552 237
570 687
817 727
257 16
775 186
453 686
850 478
39 863
621 613
925 974
161 665
34 20
850 39
981 185
709 817
453 98
538 253
222 802
454 581
592 307
189 542
817 684
727 628
802 196
189 436
871 453
981 955
173 173
453 587
536 931
237 83
186 538
542 954
981 480
98 18
454 468
662 377
454 570
460 552
453 407
16 70
863 47
614 864
152 650
802 510
798 191
478 26
253 625
237 55
373 205
584 194
185 640
613 308
817 751
871 349
34 535
709 452
587 176
67 361
222 244
687 357
131 518
307 175
254 497
822 927
222 352
378 274
100 672
968 127
131 823
850 184
584 293
320 44
375 403
686 108
453 114
987 829
70 740
581 795
320 270
581 277
440 428
98 604
798 156
253 869
375 575
67 578
891 255
257 79
377 667
955 329
707 130
373 229
802 444
581 818
186 942
687 595
375 679
453 609
237 779
905 104
423 142
377 633
98 31
516 661
282 241
932 506
173 560
373 65
665 71
523 680
83 888
584 736
423 120
570 688
186 99
621 913
954 475
40 703
196 983
257 312
802 945
925 820
480 46
466 36
754 744
981 420
727 835
822 15
40 638
587 977
608 980
210 380
18 683
514 988
538 941
423 933
377 64
754 989
480 866
686 25
955 847
283 59
974 800
931 402
684 969
628 146
954 935
987 919
954 786
466 681
307 807
358 136
542 515
787 314
185 76
798 837
608 805
282 796
587 74
954 724
254 143
658 580
40 221
987 889
454 323
754 553
587 435
196 8
388 778
954 634
460 573
257 343
407 539
931 509
423 840
222 299
597 826
891 126
436 246
608 129
538 742
981 732
787 2
974 195
597 300
968 615
614 944
570 188
378 963
754 726
20 551
283 448
388 170
863 675
644 862
644 872
358 743
912 531
189 463
152 898
787 631
621 906
955 145
468 332
282 762
850 279
931 859
436 356
727 164
802 350
850 181
196 213
186 58
453 771
802 395
282 936
686 302
189 576
842 365
955 624
466 630
775 10
968 793
798 908
152 291
67 384
67 49
912 854
817 678
538 669
754 995
514 654
987 917
131 921
407 525
707 389
850 799
863 783
863 12
282 163
523 7
83 722
871 698
248 77
939 78
40 755
98 513
955 994
798 934
822 316
822 41
644 877
480 201
248 603
377 892
320 947
282 383
822 392
388 716
608 997
466 642
552 425
39 972
822 182
658 260
185 381
248 272
131 269
684 211
210 413
196 833
536 408
925 278
787 219
358 593
931 292
516 946
480 569
850 668
378 245
665 568
931 429
613 427
466 159
644 89
248 418
523 5
570 132
152 697
817 178
727 119
925 379
787 735
614 421
377 886
536 411
436 594
98 937
802 385
257 664
587 586
253 290
584 555
83 918
423 677
863 911
871 605
608 228
283 264
377 501
478 327
939 275
665 404
523 265
466 180
608 122
282 368
440 824
570 324
613 476
939 852
466 528
802 590
307 386
628 773
67 471
925 370
388 728
466 57
842 462
597 652
863 431
536 330
358 781
253 812
237 713
592 901
248 875
769 267
658 797
407 51
707 874
570 556
161 204
597 500
581 285
817 493
932 306
440 739
769 885
436 756
423 746
587 340
373 140
658 967
375 406
707 410
377 212
628 304
480 647
98 102
40 412
542 174
39 893
248 923
974 554
905 876
39 398
552 315
407 693
932 338
798 341
842 110
454 533
570 741
684 287
974 168
20 844
222 442
307 22
842 534
684 508
905 331
955 589
453 321
871 804
453 261
727 958
968 890
131 256
932 710
307 326
152 971
34 390
70 29
709 794
440 232
542 646
925 33
39 801
905 66
373 24
454 21
34 258
131 121
466 391
787 819
210 56
687 148
614 858
98 247
100 827
375 42
891 632
189 208
466 964
954 960
186 400
850 485
584 502
608 626
608 883
665 438
40 949
514 653
39 577
358 286
210 479
822 203
891 719
974 836
454 682
282 825
584 520
687 694
257 473
981 803
802 226
466 738
189 344
775 297
931 545
70 940
20 571
709 617
131 498
775 30
70 193
754 339
931 345
152 387
254 224
40 296
440 562
248 266
307 990
18 113
307 472
307 35
210 607
34 776
939 93
536 348
460 529
453 806
98 450
161 557
210 432
186 464
152 4
378 521
98 342
775 861
658 333
931 281
775 867
802 157
542 951
480 522
34 731
440 469
440 566
16 486
912 393
850 643
974 135
955 117
658 449
955 894
552 656
377 601
621 904
570 996
850 84
665 691
686 487
185 816
196 295
931 979
373 298
614 240
514 602
614 637
466 645
905 95
769 359
628 319
608 909
67 527
70 790
173 494
587 953
320 565
665 857
644 139
974 167
253 346
186 982
842 197
378 335
237 318
863 243
516 549
16 218
210 511
423 149
40 690
440 192
628 461
253 622
871 674
775 305
955 153
307 774
727 629
514 734
987 611
665 765
440 563
283 234
871 853
592 125
253 752
891 239
196 627
257 455
100 238
454 671
98 206
552 845
684 27
67 52
597 372
523 415
237 75
954 966
423 459
787 695
968 537
423 171
754 841
707 63
686 23
581 785
905 147
453 855
891 499
373 761
378 405
373 90
34 930
196 141
608 512
516 916
931 477
891 715
932 484
822 757
131 251
955 177
173 158
658 223
912 426
665 252
584 250
614 116
613 214
39 160
954 273
863 441
905 456
955 325
237 382
39 651
925 541
453 830
974 956
727 887
100 758
98 846
905 655
684 284
754 596
912 943
98 507
932 115
684 730
687 828
822 984
196 598
98 881
787 548
687 616
787 659
587 961
871 14
83 839
460 814
584 641
538 151
891 749
161 788
912 860
152 6
842 567
552 928
662 179
100 900
842 328
709 434
587 322
665 606
822 784
822 294
802 524
253 591
769 155
152 701
863 198
644 470
131 106
954 483
173 973
98 334
552 519
981 849
189 490
34 62
466 82
584 561
454 496
407 465
16 451
173 3
542 544
822 401
932 924
665 414
754 96
581 588
523 748
186 209
83 447
954 873
665 97
614 772
440 599
453 88
131 369
542 705
787 865
283 737
514 86
173 815
905 780
925 111
237 271
254 109
161 169
67 540
802 227
460 190
932 649
621 896
552 289
850 770
987 233
628 903
871 999
436 1
954 91
802 105
817 711
687 154
514 199
16 313
581 948
480 215
373 187
802 443
320 85
373 9
542 202
196 975
480 303
307 767
466 458
863 938
658 495
440 268
614 574
196 848
20 28
842 884
754 351
842 112
161 620
581 362
282 952
161 922
686 172
592 220
787 11
662 37
905 13
478 354
161 150
39 725
478 409
131 481
954 231
453 433
614 217
581 457
707 721
152 235
932 559
210 791
939 600
388 811
687 374
320 363
196 355
237 87
83 445
592 718
955 696
727 101
871 585
871 635
686 336
727 550
939 543
98 714
282 639
514 558
375 821
248 92
613 831
453 491
802 583
842 670
185 399
925 920
863 582
186 851
552 685
581 753
320 259
468 422
686 526
152 138
931 760
407 19
597 137
614 782
614 288
83 489
480 985
775 225
891 813
460 843
373 579
570 419
581 929
373 763
173 118
468 910
968 360
161 895
658 902
955 107
709 367
787 673
842 128
684 700
83 103
912 808
686 809
662 474
939 789
307 72
257 249
34 123
905 38
189 530
536 505
584 657
358 717
407 965
592 663
754 50
185 17
925 364
644 216
955 124
100 610
817 991
932 133
283 723
621 94
454 48
802 207
665 504
16 777
18 699
687 957
974 236
407 899
307 68
974 870
377 347
581 276
932 437
871 262
196 309
222 394
932 914
584 242
769 750
282 60
16 810
453 759
523 950
658 764
955 619
925 868
39 959
377 144
939 704
981 503
787 692
891 766
152 998
628 623
18 81
189 882
388 747
769 134
210 915
939 564
373 880
597 416
822 745
423 280
787 834
378 54
34 376
912 879
98 978
210 618
40 482
423 572
440 488
581 166
173 838
436 366
454 708
662 546
931 446
100 907
83 32
466 712
536 636
891 439
173 397
98 1000
662 337
20 666
707 986
981 162
802 612
436 856
480 200
987 45
802 396
955 310
614 733
468 311
453 424
891 353
440 417
436 792
307 430
581 183
974 962
388 832
283 69
686 467
987 970
621 532
538 263
817 702
842 230
282 648
253 53
863 492
932 371
536 993
161 517
932 689
665 926
658 660
196 61
185 976
709 676
307 73
665 992
787 43
454 165
478 301
644 897
152 878
536 547
939 720
248 768
514 729
253 706
687 80
70 317
