1000 32
2 1
3 1
4 3
5 2
6 5
7 2
8 4
9 5
10 2
11 10
12 2
13 9
14 8
15 6
16 1
17 13
18 1
19 15
20 8
21 5
22 4
23 14
24 2
25 20
26 12
27 26
28 18
29 3
30 21
31 12
32 5
33 18
34 13
35 10
36 33
37 27
38 14
39 17
40 15
41 5
42 3
43 41
44 33
45 41
46 45
47 36
48 30
49 20
50 29
51 19
52 16
53 27
54 39
55 54
56 45
57 52
58 23
59 53
60 2
61 25
62 60
63 44
64 30
65 60
66 10
67 17
68 11
69 15
70 33
71 7
72 60
73 44
74 31
75 47
76 60
77 41
78 20
79 62
80 75
81 26
82 59
83 14
84 35
85 58
86 4
87 29
88 1
89 85
90 48
91 50
92 52
93 31
94 20
95 8
96 69
97 58
98 62
99 76
100 87
101 73
102 46
103 4
104 28
105 49
106 65
107 84
108 17
109 18
110 14
111 63
112 98
113 55
114 8
115 40
116 112
117 46
118 96
119 51
120 53
121 17
122 36
123 22
124 123
125 38
126 26
127 99
128 81
129 58
130 53
131 119
132 79
133 123
134 56
135 65
136 105
137 17
138 107
139 28
140 41
141 73
142 111
143 9
144 86
145 25
146 130
147 119
148 21
149 142
150 32
151 129
152 76
153 130
154 7
155 109
156 87
157 103
158 36
159 154
160 127
161 108
162 84
163 3
164 35
165 142
166 11
167 5
168 25
169 123
170 9
171 149
172 165
173 55
174 93
175 169
176 72
177 170
178 129
179 156
180 42
181 7
182 78
183 115
184 124
185 159
186 178
187 15
188 156
189 132
190 20
191 105
192 95
193 93
194 31
195 69
196 93
197 66
198 113
199 26
200 163
201 62
202 198
203 198
204 22
205 20
206 112
207 73
208 184
209 114
210 62
211 73
212 41
213 82
214 120
215 127
216 14
217 192
218 1
219 143
220 28
221 145
222 12
223 196
224 42
225 38
226 131
227 131
228 112
229 179
230 149
231 147
232 22
233 103
234 72
235 76
236 30
237 117
238 76
239 54
240 115
241 219
242 140
243 221
244 159
245 212
246 152
247 205
248 103
249 3
250 140
251 158
252 182
253 192
254 27
255 60
256 250
257 170
258 188
259 183
260 129
261 101
262 84
263 202
264 243
265 2
266 253
267 167
268 63
269 80
270 59
271 167
272 100
273 260
274 157
275 6
276 39
277 159
278 203
279 74
280 239
281 237
282 220
283 231
284 90
285 255
286 19
287 152
288 263
289 90
290 40
291 93
292 149
293 9
294 26
295 256
296 21
297 68
298 81
299 34
300 63
301 165
302 234
303 99
304 252
305 213
306 217
307 99
308 99
309 194
310 133
311 211
312 155
313 77
314 291
315 125
316 257
317 168
318 27
319 272
320 161
321 302
322 111
323 225
324 128
325 44
326 153
327 231
328 250
329 183
330 57
331 39
332 212
333 89
334 124
335 3
336 300
337 214
338 294
339 163
340 210
341 247
342 326
343 238
344 251
345 246
346 169
347 141
348 115
349 291
350 296
351 334
352 31
353 112
354 281
355 313
356 148
357 237
358 5
359 202
360 283
361 258
362 34
363 351
364 150
365 211
366 28
367 10
368 77
369 81
370 282
371 32
372 176
373 12
374 306
375 191
376 275
377 179
378 317
379 229
380 156
381 367
382 220
383 295
384 171
385 11
386 374
387 317
388 221
389 353
390 278
391 112
392 108
393 203
394 318
395 219
396 229
397 321
398 116
399 225
400 262
401 321
402 184
403 311
404 203
405 110
406 201
407 404
408 316
409 300
410 109
411 99
412 214
413 244
414 412
415 190
416 272
417 211
418 127
419 263
420 287
421 261
422 152
423 210
424 202
425 289
426 21
427 92
428 122
429 79
430 191
431 430
432 74
433 151
434 131
435 96
436 361
437 301
438 72
439 320
440 313
441 61
442 382
443 376
444 324
445 18
446 70
447 367
448 188
449 68
450 129
451 199
452 242
453 222
454 316
455 146
456 330
457 351
458 189
459 88
460 59
461 101
462 139
463 243
464 235
465 45
466 336
467 331
468 441
469 433
470 57
471 397
472 244
473 471
474 241
475 80
476 235
477 72
478 247
479 144
480 264
481 240
482 131
483 38
484 119
485 301
486 122
487 74
488 317
489 319
490 101
491 439
492 225
493 441
494 174
495 392
496 76
497 190
498 49
499 371
500 390
501 85
502 72
503 93
504 104
505 374
506 130
507 438
508 486
509 71
510 280
511 386
512 509
513 392
514 289
515 286
516 306
517 118
518 283
519 423
520 312
521 468
522 55
523 285
524 406
525 276
526 454
527 273
528 456
529 110
530 482
531 325
532 384
533 513
534 276
535 254
536 323
537 147
538 489
539 221
540 96
541 26
542 403
543 477
544 79
545 63
546 385
547 111
548 91
549 214
550 386
551 310
552 207
553 152
554 275
555 288
556 309
557 395
558 551
559 28
560 49
561 73
562 534
563 346
564 343
565 42
566 504
567 354
568 5
569 190
570 150
571 568
572 335
573 535
574 443
575 56
576 405
577 522
578 546
579 511
580 52
581 197
582 364
583 322
584 296
585 406
586 179
587 221
588 557
589 144
590 426
591 458
592 584
593 492
594 208
595 232
596 46
597 386
598 140
599 514
600 24
601 488
602 395
603 596
604 508
605 277
606 298
607 89
608 495
609 332
610 477
611 485
612 262
613 172
614 608
615 87
616 90
617 62
618 5
619 595
620 214
621 292
622 224
623 162
624 438
625 124
626 324
627 602
628 327
629 149
630 568
631 627
632 406
633 264
634 63
635 466
636 73
637 601
638 616
639 547
640 219
641 458
642 471
643 48
644 288
645 336
646 88
647 311
648 218
649 646
650 37
651 331
652 227
653 139
654 54
655 482
656 9
657 71
658 652
659 427
660 612
661 189
662 385
663 513
664 380
665 367
666 459
667 460
668 619
669 67
670 319
671 173
672 460
673 110
674 102
675 382
676 415
677 463
678 161
679 429
680 267
681 673
682 149
683 679
684 85
685 221
686 216
687 559
688 4
689 532
690 15
691 179
692 477
693 84
694 669
695 6
696 178
697 267
698 73
699 557
700 534
701 658
702 225
703 270
704 348
705 502
706 647
707 370
708 24
709 624
710 283
711 511
712 183
713 597
714 411
715 79
716 623
717 487
718 87
719 334
720 633
721 141
722 403
723 52
724 136
725 689
726 698
727 209
728 49
729 401
730 262
731 505
732 444
733 350
734 456
735 550
736 506
737 567
738 116
739 270
740 88
741 646
742 585
743 662
744 271
745 17
746 345
747 228
748 412
749 55
750 736
751 137
752 295
753 481
754 299
755 652
756 444
757 202
758 371
759 264
760 513
761 608
762 622
763 488
764 609
765 429
766 60
767 640
768 441
769 211
770 427
771 730
772 295
773 87
774 757
775 36
776 673
777 411
778 567
779 163
780 307
781 35
782 207
783 726
784 752
785 269
786 423
787 316
788 187
789 460
790 107
791 318
792 157
793 68
794 143
795 357
796 579
797 79
798 99
799 730
800 25
801 61
802 8
803 423
804 748
805 78
806 231
807 455
808 416
809 467
810 416
811 355
812 274
813 144
814 73
815 437
816 624
817 592
818 598
819 10
820 798
821 90
822 805
823 782
824 162
825 756
826 708
827 582
828 481
829 649
830 331
831 51
832 696
833 792
834 332
835 288
836 659
837 143
838 84
839 524
840 190
841 367
842 685
843 179
844 822
845 805
846 438
847 405
848 6
849 550
850 74
851 608
852 667
853 20
854 678
855 549
856 39
857 264
858 47
859 598
860 236
861 609
862 817
863 317
864 728
865 580
866 344
867 520
868 688
869 819
870 297
871 767
872 600
873 220
874 126
875 182
876 667
877 795
878 667
879 857
880 872
881 252
882 742
883 732
884 707
885 447
886 184
887 318
888 552
889 291
890 116
891 759
892 517
893 321
894 734
895 129
896 761
897 625
898 279
899 884
900 630
901 562
902 772
903 232
904 575
905 482
906 247
907 36
908 828
909 124
910 714
911 522
912 636
913 912
914 710
915 222
916 43
917 722
918 464
919 203
920 111
921 920
922 469
923 83
924 245
925 480
926 492
927 786
928 864
929 250
930 619
931 430
932 738
933 377
934 555
935 374
936 5
937 415
938 355
939 57
940 682
941 189
942 647
943 93
944 609
945 518
946 927
947 284
948 505
949 120
950 376
951 416
952 870
953 755
954 889
955 417
956 793
957 194
958 310
959 428
960 608
961 65
962 113
963 823
964 101
965 866
966 499
967 750
968 953
969 649
970 330
971 318
972 252
973 400
974 861
975 738
976 696
977 82
978 625
979 712
980 792
981 41
982 897
983 947
984 556
985 954
986 801
987 58
988 826
989 342
990 973
991 486
992 9
993 446
994 72
995 120
996 438
997 205
998 338
999 462
1000 449
0 0 0 0 1 1 1 0 0 0 1 0 0 1 1 1 0 1 1 0 1 0 1 1 1 0 0 0 1 1 1 1
1 1 0 1 1 1 0 0 1 1 1 0 1 1 1 0 1 0 0 0 0 1 1 0 1 1 0 1 1 1 1 1
0 1 1 0 1 0 0 0 0 0 0 0 1 0 0 0 1 1 1 1 1 0 0 0 1 0 0 0 1 1 1 0
1 0 1 0 0 1 1 0 0 1 0 1 0 0 1 1 1 0 0 1 0 1 0 1 0 0 1 0 1 0 0 0
0 0 0 0 1 1 0 0 1 0 0 0 1 0 0 0 0 0 1 0 0 1 0 0 0 1 1 1 0 1 0 0
0 0 1 1 0 0 1 1 0 0 1 1 1 0 1 1 1 1 1 1 0 0 1 0 1 0 1 1 1 1 0 1
0 1 0 0 0 0 1 1 0 0 1 0 0 0 0 1 1 1 0 0 1 1 1 0 0 1 1 1 1 0 1 0
0 0 0 1 0 0 0 1 1 0 0 0 0 1 0 0 0 1 0 0 0 1 1 0 1 0 1 1 0 1 0 1
1 0 0 1 0 0 1 1 1 0 1 0 0 0 1 1 1 0 0 1 1 1 0 1 0 0 0 1 0 1 0 0
1 0 1 1 1 1 0 1 0 1 0 0 1 1 0 1 0 0 1 0 0 1 1 0 0 1 0 1 1 1 0 0
1 0 1 1 0 0 0 0 0 1 0 0 0 1 1 0 0 1 0 0 0 1 1 0 0 1 0 1 0 0 0 1
1 0 0 1 0 0 1 1 1 1 0 1 0 1 1 0 1 0 0 0 1 0 0 0 1 0 0 0 1 0 0 0
0 1 1 0 0 0 0 0 0 0 0 1 0 0 1 0 0 0 0 1 0 0 1 1 1 1 1 1 1 1 0 1
1 0 0 1 0 1 0 1 1 1 1 0 1 0 0 0 1 0 1 1 0 1 0 0 0 0 1 0 1 0 0 1
0 1 1 1 0 1 0 1 1 1 1 0 0 1 0 0 1 1 0 1 0 0 1 0 1 0 1 1 1 0 0 1
1 0 1 0 1 1 1 0 0 1 1 0 1 1 0 0 0 0 0 1 1 1 0 1 0 1 0 1 1 1 1 0
1 0 0 0 1 1 1 0 1 0 1 1 0 0 1 1 1 1 0 0 0 0 0 1 0 0 1 0 0 1 0 0
0 1 1 1 1 0 0 1 0 1 1 0 1 0 0 0 0 1 1 0 1 0 1 1 1 1 0 1 1 0 0 1
0 1 0 1 1 0 0 0 0 1 1 0 1 1 0 1 0 1 0 0 0 0 0 1 1 1 0 1 0 0 1 1
1 1 1 0 1 1 0 0 1 0 1 1 1 0 0 0 0 0 1 0 0 0 0 1 1 0 0 1 1 0 1 0
1 1 1 1 0 1 1 0 0 1 1 1 0 0 0 1 0 0 0 0 1 0 1 0 0 0 1 0 1 0 0 0
0 1 0 0 1 1 0 0 1 0 0 1 0 1 1 0 0 0 1 1 1 1 1 0 1 0 0 0 1 1 1 0
0 1 1 0 1 1 1 1 0 1 0 0 0 0 0 1 0 1 0 1 0 1 0 1 1 1 0 1 1 1 1 0
1 0 1 0 0 0 1 0 0 1 0 1 0 0 1 0 0 0 0 0 0 0 1 0 0 0 0 0 1 1 1 1
1 1 1 0 0 0 0 1 0 1 0 1 1 1 0 1 1 0 1 0 0 1 1 1 0 0 0 0 1 0 1 1
0 1 0 0 1 1 1 1 1 0 0 0 0 0 0 1 1 0 0 0 0 1 0 0 0 0 1 0 1 1 0 1
1 0 0 1 1 0 1 0 1 0 0 1 0 0 1 0 1 1 0 0 1 0 1 0 1 0 0 1 1 1 1 0
0 0 0 1 0 1 0 1 1 0 0 1 0 1 1 1 0 1 0 0 1 0 0 0 0 1 1 1 0 1 1 0
0 0 1 0 0 0 1 0 0 0 1 0 1 1 1 1 1 0 0 0 1 1 1 1 0 0 1 0 1 1 0 0
0 1 1 0 1 1 0 1 0 1 1 0 1 1 1 0 0 1 0 0 0 1 0 1 1 0 1 0 1 1 1 0
0 1 0 0 1 0 1 0 1 0 0 0 1 1 1 1 0 1 1 0 1 0 0 0 1 0 1 0 1 1 1 0
0 0 1 0 1 0 0 0 0 1 0 0 0 1 0 0 0 0 1 0 1 1 0 0 0 0 1 0 1 0 0 1
1 0 0 1 0 1 0 1 0 0 1 0 1 0 1 0 0 1 0 0 1 0 0 1 0 0 1 0 1 1 0 1
0 1 0 1 0 0 1 0 0 0 1 1 1 0 0 0 1 1 0 1 0 0 0 0 1 0 1 0 0 1 0 1
0 0 1 1 1 0 0 0 0 1 0 1 0 1 0 1 1 0 1 0 1 0 1 1 0 0 1 1 1 1 0 1
1 0 1 1 1 0 1 1 1 0 0 0 1 1 0 0 1 1 1 0 0 0 1 1 0 0 0 0 0 1 0 1
0 1 1 1 1 1 1 0 1 0 1 1 1 0 1 1 0 1 0 1 1 1 1 0 1 1 1 0 0 0 1 0
1 0 1 0 0 1 0 1 0 1 1 0 1 0 0 0 0 0 0 0 1 1 0 0 1 0 0 0 1 1 1 0
1 1 0 0 0 1 1 1 0 1 1 1 0 0 0 0 1 1 0 1 1 1 0 1 0 0 1 1 0 0 0 0
0 0 1 1 1 1 0 1 0 1 0 1 0 1 1 1 1 1 1 0 0 1 1 1 0 0 1 0 1 0 1 0
0 1 0 1 0 0 0 0 1 1 1 1 1 1 1 0 0 1 0 1 1 1 0 1 0 0 0 1 1 0 1 1
1 0 1 0 1 1 1 1 0 0 0 1 0 0 1 0 1 1 1 1 0 0 1 0 0 1 0 0 1 0 1 1
1 1 1 0 1 1 0 0 1 1 1 0 0 0 0 1 0 1 1 1 1 1 0 1 1 1 0 1 0 1 0 1
1 1 0 1 1 0 1 0 1 1 1 1 0 1 1 0 1 1 1 1 1 0 0 1 0 1 1 0 1 0 1 1
0 1 1 1 0 1 1 1 0 0 0 0 0 1 0 0 0 0 1 0 0 1 1 1 0 0 1 0 0 1 1 1
0 0 1 1 1 1 1 1 1 0 0 1 0 0 0 1 0 1 1 0 0 0 0 0 1 1 1 1 1 1 0 1
1 0 1 0 0 0 0 1 1 0 0 1 1 0 0 0 1 0 0 0 0 0 0 1 0 1 1 0 0 0 1 0
1 0 1 0 1 0 0 0 1 0 0 0 0 0 1 1 0 1 1 0 0 0 0 0 1 1 1 0 0 1 1 1
1 0 1 0 1 1 0 0 1 0 0 0 0 0 1 0 0 1 0 1 1 0 1 1 0 1 1 0 0 0 1 0
0 0 1 1 0 0 1 0 0 1 0 1 1 0 1 1 1 1 1 0 0 1 1 1 0 0 1 1 0 0 1 1
0 1 1 1 1 0 0 1 0 1 0 1 0 1 0 1 0 1 0 1 0 1 0 0 1 0 1 1 1 1 1 1
0 1 0 1 0 0 1 0 0 1 1 0 1 1 0 0 1 0 0 0 0 1 0 0 1 0 0 0 0 1 1 1
1 0 1 1 1 1 1 0 0 0 1 0 1 1 1 1 1 0 1 0 0 0 0 1 0 1 1 1 0 1 1 0
1 0 1 0 0 0 1 1 1 1 0 0 0 0 1 0 0 1 0 0 1 1 0 1 0 1 1 0 0 0 1 1
0 0 1 1 0 0 0 1 0 0 0 0 0 1 0 0 1 0 0 1 0 0 0 0 0 1 0 0 0 0 0 0
0 0 1 1 1 0 1 0 0 0 1 1 1 1 1 0 1 1 0 1 0 1 0 1 1 0 0 1 0 0 1 1
0 0 1 0 0 0 0 0 1 0 1 0 0 0 1 0 0 1 1 0 0 1 1 0 1 0 1 1 1 1 0 1
1 1 1 1 1 0 1 0 1 1 0 0 0 0 0 1 0 1 1 1 1 1 0 1 1 0 1 1 1 0 1 0
0 0 1 1 0 1 0 1 1 1 1 1 1 0 1 1 0 0 1 1 1 1 0 0 1 1 0 0 0 0 1 1
1 0 0 1 1 1 1 0 1 0 1 0 1 1 1 1 0 1 1 1 1 1 0 1 1 0 0 1 1 1 1 1
0 1 1 0 1 0 1 0 0 0 1 1 0 1 0 1 0 1 0 1 0 1 0 1 1 0 0 0 1 1 0 0
1 0 1 0 1 0 0 0 0 0 1 0 1 1 0 1 0 0 1 0 1 0 0 0 1 1 0 1 1 1 1 1
0 1 1 1 0 1 1 0 0 1 1 0 0 0 0 1 1 1 1 1 1 0 1 1 1 1 1 1 0 1 1 0
1 0 1 1 1 1 0 1 0 1 1 1 0 0 1 0 0 1 1 0 0 1 0 0 0 0 1 1 0 1 0 0
1 0 0 1 0 1 0 0 1 1 0 1 1 1 1 1 1 0 1 0 1 1 0 0 0 0 0 1 1 1 0 1
0 0 0 1 0 0 0 0 0 0 1 0 0 1 0 1 1 1 0 0 1 0 1 1 1 1 1 0 0 1 0 0
1 1 0 0 0 0 1 0 1 1 0 0 1 0 1 0 0 0 0 1 0 0 1 0 1 1 1 1 1 0 0 0
0 0 1 0 0 0 0 0 1 1 0 0 0 1 0 0 1 1 0 1 0 1 0 0 0 1 0 0 1 1 1 1
0 0 0 0 1 1 0 0 0 1 1 0 0 1 0 1 1 1 0 0 1 0 0 1 1 0 0 0 1 0 1 0
0 0 1 1 0 1 0 1 1 0 1 1 1 0 1 1 1 0 0 0 1 0 1 0 0 0 0 0 0 1 0 0
1 0 1 0 1 0 1 0 0 1 0 1 0 0 1 0 1 0 0 1 1 0 1 0 1 0 1 0 0 0 1 0
0 1 0 1 1 0 0 1 0 0 1 0 1 0 1 1 0 0 0 1 1 1 0 0 0 1 0 0 0 0 0 0
0 1 1 1 0 0 0 0 1 0 0 0 1 1 1 0 1 1 0 1 1 0 1 1 0 1 1 1 0 0 1 0
1 1 1 1 1 0 0 1 1 0 1 1 0 0 1 0 1 1 1 0 1 0 0 0 1 1 0 1 0 1 0 0
0 1 0 1 1 1 0 0 0 1 1 0 1 0 1 1 0 1 1 1 1 0 1 1 1 1 0 1 0 0 1 1
0 0 1 0 1 1 1 1 0 0 1 1 1 0 1 0 1 0 1 0 1 1 1 1 1 0 0 0 0 0 1 1
0 1 0 1 0 0 0 0 0 1 0 0 0 0 0 0 1 1 0 1 1 1 0 0 0 1 0 1 1 0 0 0
0 0 0 0 0 1 1 1 0 1 0 1 0 1 1 0 0 1 1 1 0 0 0 0 1 0 0 1 0 0 0 1
0 1 1 0 1 0 1 1 0 1 0 0 1 0 0 0 0 0 0 1 1 0 0 1 0 1 1 1 0 0 0 1
0 1 1 0 1 0 1 1 1 0 1 1 0 1 1 1 1 0 1 1 1 1 1 0 0 1 0 0 1 1 0 1
0 1 1 0 1 1 1 0 0 1 0 1 1 0 0 1 1 0 1 1 0 1 0 1 0 0 1 0 1 0 1 0
0 0 1 0 0 0 0 0 0 1 1 1 0 0 1 1 1 1 0 0 1 1 1 1 0 0 0 0 1 1 0 1
1 1 1 1 1 0 1 0 0 0 0 0 1 1 1 0 1 1 0 1 1 0 0 1 0 0 1 0 0 0 1 1
0 0 0 0 1 0 1 1 1 1 0 1 0 0 1 1 0 0 0 1 1 1 0 0 1 1 0 0 1 0 1 0
1 1 1 1 0 1 1 0 0 1 1 0 0 1 0 0 0 0 1 1 0 0 0 0 0 1 1 1 1 0 1 1
0 0 0 0 1 0 0 1 1 0 0 0 0 0 1 0 0 0 1 0 0 1 0 0 1 1 0 1 0 0 0 1
0 1 0 0 0 1 1 1 1 0 1 1 0 0 1 0 0 0 0 1 1 0 1 0 1 0 1 1 1 1 0 0
0 0 0 1 0 1 1 1 0 0 1 1 1 1 0 0 1 0 1 1 0 0 0 0 1 0 1 0 1 1 0 1
0 1 1 1 0 0 0 0 0 0 0 1 1 1 1 0 1 1 0 1 0 1 1 0 1 1 1 1 1 0 0 1
1 0 1 0 1 0 1 0 0 1 0 1 1 0 0 0 1 0 0 1 1 1 1 1 0 1 0 1 0 1 1 1
0 1 0 1 1 0 1 0 0 0 1 1 1 0 1 0 0 1 0 1 1 0 1 1 1 1 0 1 1 1 0 0
0 0 1 0 0 1 0 0 1 1 0 1 0 1 0 1 0 1 0 1 1 0 0 0 0 1 1 0 1 1 1 1
0 0 0 1 1 0 1 0 0 0 1 1 1 1 1 0 0 1 0 0 0 1 1 0 1 1 0 0 0 1 1 0
1 0 0 1 1 1 1 1 0 0 1 0 0 0 1 0 1 0 0 0 1 0 1 0 0 0 0 0 1 0 0 1
0 1 0 0 1 1 1 1 1 0 1 0 1 0 1 1 0 0 1 1 1 1 1 1 1 0 0 0 0 0 0 1
1 1 1 0 0 0 0 0 0 1 1 1 0 1 1 1 0 0 0 0 1 1 1 1 0 0 1 0 1 0 0 1
0 1 1 1 1 0 0 0 1 0 1 0 0 1 1 1 0 0 0 0 1 0 1 1 1 1 0 1 0 1 1 1
0 0 0 1 1 0 1 1 1 0 1 1 1 1 0 0 0 1 1 1 0 1 0 0 0 0 0 1 0 1 0 1
1 1 1 1 0 1 1 0 1 1 1 1 1 0 1 0 1 0 1 1 0 0 1 0 1 1 1 1 0 1 0 1
1 0 0 0 1 0 1 1 0 1 1 0 0 0 0 0 0 0 1 1 0 1 1 1 0 0 0 0 1 0 0 0
1 1 0 0 0 1 1 0 0 0 1 0 0 1 0 1 1 0 1 1 0 1 0 1 1 1 0 0 1 0 0 0
1 0 0 0 1 0 0 0 0 1 1 0 1 1 0 1 0 0 0 0 0 1 1 1 0 0 0 1 1 0 0 0
1 0 1 0 0 1 0 0 1 0 1 0 0 1 1 0 1 0 1 0 1 1 0 0 0 1 1 1 0 0 1 1
1 1 0 0 0 1 1 0 1 1 0 0 1 1 1 1 1 0 0 0 1 0 1 0 0 0 1 1 0 1 0 0
0 0 0 1 0 0 0 1 0 0 0 1 0 1 0 1 0 1 0 1 0 1 1 0 0 1 0 0 1 0 0 1
0 0 0 0 1 1 1 0 1 1 1 0 0 0 0 0 1 0 1 0 0 0 1 1 0 1 0 0 1 1 0 1
0 1 1 0 1 1 0 0 1 1 0 1 0 1 1 1 0 1 1 1 0 0 0 1 1 0 1 1 0 1 0 0
0 1 0 0 0 1 1 0 1 1 1 0 1 1 0 1 0 1 1 1 1 1 0 0 1 1 1 1 0 0 1 1
0 0 1 1 1 0 1 0 0 1 0 1 0 1 0 0 0 0 1 1 1 1 1 0 1 0 1 1 1 0 1 1
0 1 0 0 0 0 1 1 1 1 1 0 0 1 0 1 1 1 1 1 1 0 0 0 0 1 0 0 1 0 1 0
1 1 1 0 0 0 0 1 1 0 0 1 1 0 0 0 0 0 1 1 0 0 0 1 0 0 1 0 0 0 1 0
1 1 0 0 1 0 0 1 1 1 1 1 0 0 1 1 0 0 1 0 0 0 0 1 0 0 1 0 0 1 1 1
1 0 0 1 1 1 1 0 0 1 1 0 1 1 0 0 1 0 0 1 0 0 1 1 1 1 1 1 1 1 1 0
0 1 0 1 1 0 1 0 1 0 0 1 0 1 0 0 1 0 0 0 1 0 1 0 0 0 1 1 0 0 1 1
1 0 0 0 1 1 0 1 1 0 1 0 0 0 0 0 1 1 0 0 0 0 1 0 0 0 1 0 1 1 1 1
1 0 0 0 1 1 1 0 0 1 1 1 1 0 0 1 0 1 0 0 0 0 1 0 0 1 1 0 1 1 0 1
1 0 0 0 0 1 1 1 0 1 1 1 1 0 0 1 1 1 0 1 0 0 0 0 0 0 1 1 1 0 0 0
1 1 1 1 0 1 1 0 1 1 1 1 1 0 0 0 1 0 1 1 1 0 0 1 0 0 0 1 0 0 0 1
0 0 0 1 1 1 0 0 1 1 0 0 1 0 0 1 0 1 1 0 1 0 1 1 1 0 1 1 1 0 1 0
0 1 1 1 0 0 0 0 1 0 1 0 0 0 1 1 0 1 1 1 0 1 0 0 0 1 0 0 0 1 1 1
1 0 0 0 0 1 1 0 1 1 1 1 1 1 1 1 1 0 0 1 0 0 0 0 0 1 1 0 0 0 1 1
0 0 0 1 0 0 1 1 0 1 1 1 0 1 0 0 0 1 0 1 1 1 0 1 0 0 1 1 1 0 0 0
0 1 0 0 0 0 0 1 0 0 0 0 0 0 1 0 1 1 0 0 1 1 1 0 1 1 0 1 1 1 0 0
1 0 1 1 1 0 0 1 1 0 0 0 0 0 0 1 0 1 1 0 0 0 1 0 0 0 1 1 1 0 1 0
1 1 0 0 1 1 0 0 0 1 1 1 1 0 1 1 1 1 1 0 1 1 0 1 1 1 0 0 1 1 0 0
1 1 0 0 0 1 1 1 1 0 0 0 0 1 1 0 0 0 1 0 0 0 0 0 0 0 0 1 0 1 1 1
0 0 0 1 1 0 0 0 1 1 0 0 1 0 0 1 1 0 0 1 0 1 1 0 1 0 1 0 1 1 0 1
1 1 1 1 1 0 0 0 1 1 1 1 0 1 1 1 1 1 0 1 1 1 0 1 0 0 1 0 0 1 0 0
1 1 1 1 1 1 1 0 0 0 1 1 1 1 1 0 1 1 1 1 1 1 1 1 1 1 0 0 1 1 0 1
0 0 1 1 1 0 1 0 1 1 0 1 0 1 1 1 1 1 0 0 0 1 1 0 0 1 1 1 1 1 1 0
0 1 1 0 1 1 1 1 0 0 1 1 1 1 1 0 0 0 0 0 0 0 0 0 1 0 0 1 0 0 0 1
1 0 1 0 0 0 0 1 0 1 0 0 0 1 1 1 1 0 1 0 0 0 0 1 1 1 0 0 1 0 1 0
1 0 1 0 1 0 1 0 0 1 0 0 1 1 1 0 1 1 0 1 0 0 1 1 1 1 1 0 1 1 1 1
0 1 0 0 0 1 1 1 0 1 1 1 1 1 0 1 1 0 0 0 0 0 1 1 1 1 0 1 1 1 1 0
0 0 1 1 1 0 1 0 1 0 0 0 0 0 1 0 0 1 1 1 0 1 1 1 1 0 0 0 1 1 0 1
1 1 1 1 0 0 1 1 0 0 0 0 1 0 1 0 0 1 0 0 0 0 0 1 1 1 1 1 1 1 1 1
1 1 1 0 1 1 0 1 0 0 0 1 1 1 1 1 1 1 1 1 1 0 1 1 0 0 1 0 1 0 0 1
1 1 0 1 0 0 1 1 1 0 1 1 1 1 0 1 0 1 0 0 0 0 1 1 1 1 0 0 0 1 0 1
1 1 0 1 1 0 0 1 1 0 0 0 1 1 1 0 1 1 0 0 1 1 0 0 1 0 0 1 0 0 1 0
0 0 0 1 1 1 1 1 1 1 1 1 0 0 1 0 0 0 1 1 1 0 0 1 1 0 0 1 0 1 0 1
0 1 0 0 0 1 0 0 0 1 1 1 0 0 0 0 0 0 0 0 0 1 0 0 0 0 1 1 0 1 1 1
0 1 0 0 1 0 1 0 0 1 1 1 0 0 0 1 0 0 0 1 1 0 0 0 1 0 1 0 1 1 1 0
1 1 0 0 1 0 0 1 0 1 1 1 1 0 1 0 0 1 0 0 1 1 0 0 1 1 0 0 0 0 0 0
1 1 0 0 1 0 1 0 0 0 1 0 1 0 0 0 1 1 1 1 1 0 1 0 0 0 0 1 1 1 0 0
0 0 1 1 0 1 0 0 1 0 1 0 1 1 0 0 0 0 1 0 1 1 1 0 1 0 1 0 1 0 1 0
1 0 1 1 0 0 1 1 1 1 0 0 1 1 1 1 1 1 0 1 1 1 0 1 1 0 1 0 1 1 0 1
0 1 0 0 1 0 0 1 0 0 1 1 0 0 1 0 0 1 0 0 1 0 0 0 1 0 1 0 1 1 0 0
0 0 1 1 1 1 1 0 0 1 1 0 0 1 0 1 0 0 1 0 1 1 0 0 0 0 1 0 1 1 1 0
0 0 1 0 1 1 0 1 1 1 0 1 0 1 1 1 0 0 0 0 0 0 0 0 1 0 0 0 1 0 1 0
0 0 0 1 0 0 0 0 0 0 1 0 0 1 0 1 1 1 0 1 1 0 0 0 1 0 0 0 1 0 1 1
1 0 1 0 1 1 0 1 1 1 1 0 0 0 1 0 1 0 1 1 1 0 0 1 1 1 1 1 0 1 0 0
1 0 1 0 0 0 0 1 0 1 1 1 1 1 1 0 0 0 0 1 1 0 0 0 1 1 0 1 0 1 0 0
0 1 0 1 1 0 0 0 0 0 0 1 1 0 0 0 1 0 0 0 1 0 1 1 1 0 1 1 1 0 1 0
1 0 0 0 1 1 0 1 0 1 1 1 0 0 0 0 1 1 0 0 1 0 0 0 0 0 1 1 1 0 0 0
0 0 1 0 0 0 1 0 0 1 0 1 0 1 1 1 0 0 1 0 0 1 0 1 0 1 0 0 0 1 0 0
1 1 0 0 1 0 1 1 0 1 1 0 1 1 1 0 0 1 0 0 0 1 1 1 0 1 0 1 1 1 1 1
0 0 0 0 1 1 0 0 0 1 1 0 0 1 0 0 1 0 1 0 0 1 1 1 0 1 0 1 1 1 0 1
0 0 0 1 1 1 1 1 1 0 0 0 0 1 0 0 0 0 1 1 0 1 0 1 0 1 0 0 1 0 0 1
0 1 1 1 0 1 0 0 1 1 0 1 0 1 0 1 0 0 0 1 1 0 0 1 1 1 1 0 1 0 0 0
1 1 0 1 0 1 0 0 1 0 1 0 0 0 1 1 1 1 1 1 1 0 0 1 0 0 1 0 0 0 0 0
0 0 1 1 0 1 0 1 0 1 0 0 1 0 1 0 0 0 0 1 1 0 0 1 0 1 0 0 0 0 0 1
0 1 0 1 0 0 0 1 0 0 0 0 0 1 0 1 1 0 1 1 1 0 1 0 1 0 0 1 1 1 0 0
1 1 1 0 1 0 0 0 0 0 1 1 0 0 0 1 0 0 0 0 0 1 1 0 1 0 1 0 0 1 1 1
0 1 1 1 0 1 0 1 0 0 1 0 1 0 0 0 0 0 0 1 0 0 0 1 1 1 1 0 0 1 1 1
1 0 1 0 1 0 1 0 1 1 1 1 0 1 0 0 0 0 0 1 1 1 0 0 1 0 1 0 1 0 1 1
1 0 0 1 0 0 0 1 0 1 0 0 0 1 0 1 1 1 0 0 1 1 0 0 1 1 0 0 0 1 1 1
1 0 1 0 1 0 0 1 1 1 0 0 1 0 1 1 0 0 1 1 0 0 0 1 1 1 0 0 1 0 0 1
1 1 1 1 1 0 1 1 0 1 0 0 1 0 0 1 0 0 0 0 0 0 1 0 1 1 1 1 1 1 0 1
0 0 0 1 0 0 0 1 1 1 0 1 0 0 1 0 1 1 1 1 0 0 0 1 1 0 0 1 1 1 0 0
0 0 1 0 1 0 0 0 1 0 0 1 0 0 1 0 1 1 0 1 1 0 0 0 1 0 1 1 1 1 0 0
0 0 1 0 0 0 0 1 0 0 1 0 1 1 0 0 0 0 1 1 0 0 1 1 1 0 0 1 1 0 0 0
0 1 1 1 0 1 1 0 0 0 1 0 1 1 0 1 1 1 0 1 1 1 1 1 0 1 0 1 0 1 0 1
1 0 0 0 1 1 0 0 1 1 0 0 0 1 0 0 0 1 1 1 0 0 1 1 1 1 0 1 1 1 0 0
1 1 1 1 1 0 1 1 1 0 1 0 1 0 0 0 0 1 1 1 0 0 0 0 0 0 0 0 0 0 0 0
1 0 0 0 1 0 0 0 0 0 1 1 0 1 0 0 1 0 0 1 0 1 0 1 0 1 1 1 0 1 0 0
1 1 0 1 1 1 1 0 0 1 1 1 0 1 1 1 1 0 1 0 1 1 1 0 1 1 0 1 1 0 1 0
0 1 0 1 1 1 1 0 0 1 1 0 0 0 0 1 0 1 1 0 0 0 1 1 0 0 1 0 0 1 1 1
1 1 1 1 0 0 0 0 1 0 1 0 1 1 1 0 1 0 0 0 0 0 1 0 1 0 1 1 0 1 0 1
0 0 1 1 1 1 0 1 0 1 1 0 1 1 1 1 1 1 1 1 1 1 0 1 0 0 0 1 0 0 0 1
1 0 0 0 0 1 0 1 1 0 0 1 1 1 1 1 1 0 0 0 1 1 0 0 0 0 1 1 1 0 0 0
1 0 0 0 1 0 0 0 1 0 0 0 1 1 0 0 1 1 0 0 0 0 1 0 0 1 0 0 0 0 0 0
1 0 0 0 1 0 0 1 1 0 0 1 0 0 0 1 1 0 1 0 0 0 1 0 1 1 0 0 1 0 0 1
0 1 0 0 1 0 0 0 0 0 1 1 0 0 1 0 1 1 1 0 1 1 1 0 1 0 1 1 0 1 1 0
0 1 1 1 1 1 0 1 0 0 1 0 0 0 0 0 0 1 1 1 1 1 0 1 0 1 1 1 0 0 0 1
1 1 1 0 1 1 1 1 0 0 1 0 0 0 0 0 1 1 0 0 1 1 1 0 1 0 1 0 1 1 0 1
1 0 1 1 1 0 1 1 1 1 1 1 1 1 0 1 0 0 0 0 0 0 1 1 0 1 0 0 1 0 0 1
1 0 0 1 0 0 1 0 1 0 0 1 0 1 1 0 1 0 0 0 0 0 1 0 0 0 1 1 1 0 0 1
1 0 1 1 1 0 1 1 1 0 1 0 1 1 1 0 0 1 1 0 1 0 0 1 0 1 1 0 0 0 1 0
0 0 1 0 1 1 0 0 1 0 1 0 1 1 1 0 0 1 0 0 0 0 0 1 1 0 0 0 0 0 1 1
0 1 0 1 0 1 1 0 1 1 1 1 1 1 0 0 0 0 1 1 1 1 1 0 1 1 0 1 1 1 0 1
0 1 1 0 1 1 0 0 0 0 0 1 0 1 0 1 0 1 1 1 0 0 1 1 1 0 0 1 1 0 0 1
0 0 1 0 1 1 0 0 1 0 0 1 0 0 0 0 1 0 1 0 1 0 1 0 1 0 0 0 1 1 1 1
0 0 1 1 1 1 1 1 1 1 1 0 1 0 1 0 0 1 0 0 0 0 0 1 1 1 1 1 1 1 1 1
0 0 1 1 1 0 1 0 0 1 0 1 1 0 1 0 1 0 1 1 1 0 1 0 1 1 0 0 1 1 1 1
0 0 0 0 1 1 0 1 0 1 0 1 1 1 1 0 1 0 0 0 0 0 1 0 0 0 0 0 0 0 1 1
1 0 0 0 1 1 1 1 1 1 1 1 1 0 1 0 1 1 1 0 0 0 0 1 1 0 1 0 1 1 1 1
1 1 1 1 0 1 1 1 0 0 1 0 1 1 1 1 1 1 1 0 1 1 0 1 0 0 0 1 1 0 0 1
0 0 0 1 1 0 1 1 1 1 0 1 0 0 0 0 1 1 1 1 1 0 0 0 1 0 1 1 0 1 1 1
0 1 1 1 1 1 1 0 1 0 0 0 0 1 0 1 0 1 1 0 0 1 0 0 0 1 1 1 0 0 0 1
0 1 0 0 1 1 1 1 0 1 0 1 1 1 0 1 1 0 1 1 0 1 0 1 0 1 1 1 0 0 0 0
0 1 0 0 0 1 1 1 0 1 0 0 0 0 0 0 0 0 1 1 0 1 0 1 1 1 1 1 1 1 1 0
1 1 0 1 0 0 1 1 0 0 0 0 0 0 1 1 1 0 0 1 0 1 0 0 0 0 0 1 0 0 0 0
1 0 1 0 1 0 0 0 0 1 0 1 1 1 1 0 1 1 1 1 0 1 0 0 0 0 0 0 0 1 1 1
1 1 0 0 0 1 0 1 0 0 0 1 1 1 0 1 1 0 1 0 0 1 0 1 1 0 1 1 0 0 0 1
0 1 1 0 1 0 1 1 0 1 0 0 0 1 0 1 1 1 0 0 0 0 0 0 1 1 1 1 1 0 1 0
0 0 0 0 1 0 1 1 1 0 0 1 1 1 1 0 1 0 0 1 1 1 0 0 1 1 0 0 1 1 1 0
1 0 0 0 0 0 0 0 0 0 0 1 1 0 0 0 0 0 0 0 0 1 1 0 1 1 1 0 1 1 1 0
0 0 1 1 1 0 0 0 1 0 1 1 0 0 1 1 0 1 0 0 1 1 0 0 0 0 0 1 0 0 1 1
0 0 0 0 0 1 0 0 1 0 0 1 1 1 1 1 1 0 0 1 1 0 1 0 0 0 1 1 0 1 1 1
0 1 1 1 1 1 0 1 1 0 1 0 1 0 1 1 1 1 0 1 1 1 0 0 1 0 1 1 0 0 0 0
0 0 1 0 1 0 0 1 0 0 0 1 0 0 1 0 0 0 0 1 0 1 1 1 1 0 1 1 1 1 0 1
1 1 0 0 1 0 1 0 1 1 0 1 0 0 0 0 0 1 1 0 1 1 0 0 1 1 1 0 0 1 1 0
1 0 1 1 0 1 0 0 1 0 1 0 1 0 0 0 0 1 0 1 0 0 1 0 0 0 1 0 0 1 1 0
0 0 1 0 0 1 1 1 1 0 1 1 1 0 0 0 1 0 1 0 0 0 0 1 1 1 0 1 1 0 1 1
1 0 1 1 0 0 0 1 1 0 1 1 0 0 0 0 1 1 0 1 1 1 0 1 0 0 0 0 0 1 0 1
0 0 1 1 1 0 0 0 0 0 0 1 0 1 1 1 1 1 0 1 1 0 0 1 1 0 1 1 1 0 0 0
0 0 0 1 1 1 0 1 1 0 0 1 1 0 0 1 1 0 1 0 1 1 0 0 1 1 1 1 1 0 0 1
0 1 1 1 1 1 0 1 1 0 1 1 1 1 0 0 0 0 0 0 0 1 1 0 0 0 0 0 0 1 1 1
1 0 1 1 0 0 1 0 1 1 1 1 1 1 0 1 0 0 0 1 1 1 1 0 1 0 1 0 1 0 1 1
1 1 0 0 0 1 1 0 1 0 1 1 0 0 0 1 1 0 0 1 0 1 0 1 0 1 1 0 0 0 0 0
1 0 1 0 0 0 1 0 1 1 0 0 0 0 1 1 1 1 0 1 1 0 1 1 1 0 1 0 1 0 1 0
0 0 1 0 0 0 0 0 1 1 0 0 0 1 1 0 1 0 1 1 1 1 0 0 1 0 0 0 1 0 1 0
0 0 0 0 0 1 1 0 0 1 0 0 0 0 0 1 1 0 1 1 1 0 0 1 0 0 1 0 0 1 1 0
0 0 0 0 0 1 0 1 0 0 1 0 0 0 0 0 1 1 1 0 1 1 1 1 0 0 0 0 1 0 0 1
1 1 0 0 1 0 1 1 0 1 0 1 1 0 1 0 1 0 1 1 0 0 1 1 1 0 0 0 1 1 1 1
0 1 1 1 0 1 0 1 0 0 0 0 1 1 1 0 0 0 1 1 0 0 1 0 0 0 0 0 1 0 0 1
0 1 1 1 1 0 1 1 0 1 0 0 1 1 0 0 1 1 0 1 0 0 1 0 1 1 1 1 0 0 0 0
0 1 1 1 1 0 0 1 1 1 1 0 0 0 1 1 0 0 1 0 1 1 1 0 1 0 0 1 1 1 1 0
1 0 1 0 1 0 1 1 1 1 1 0 1 0 0 1 0 0 0 0 1 0 0 1 1 1 1 1 1 1 0 1
0 0 1 1 0 0 0 0 1 1 1 0 1 1 0 0 1 0 1 0 0 0 1 0 1 0 1 1 0 1 0 1
1 1 1 1 1 0 0 0 1 0 1 0 0 0 0 0 0 0 1 0 0 1 0 1 0 1 0 1 0 0 1 1
0 0 0 0 0 0 0 0 1 1 0 0 0 1 0 1 1 0 0 0 0 1 1 0 0 1 1 1 0 0 1 0
1 1 1 0 1 0 1 0 0 1 1 1 0 0 0 0 1 1 0 1 1 1 0 1 0 1 0 1 0 1 1 1
1 1 1 1 1 0 0 0 1 1 0 1 0 0 0 1 0 1 0 0 1 0 1 1 0 1 1 0 1 0 0 0
0 1 0 1 0 0 0 1 1 0 1 0 1 1 1 0 0 0 0 0 1 1 1 0 0 0 0 1 1 0 1 0
1 0 0 0 0 1 1 0 0 1 1 0 1 1 0 0 1 0 1 0 1 1 1 1 0 1 0 0 0 0 0 0
1 1 0 0 1 0 1 0 0 0 1 1 1 0 1 1 1 0 1 0 1 1 0 1 1 1 1 0 1 1 0 0
0 1 0 1 1 1 1 1 0 1 0 0 1 1 0 1 1 0 0 1 1 0 0 0 0 1 1 0 0 0 1 0
0 1 0 1 1 0 0 1 0 1 0 1 1 1 0 1 0 0 0 1 0 0 0 0 1 0 1 1 0 0 1 1
1 0 1 1 0 0 0 1 1 0 1 1 1 1 1 0 0 0 0 1 0 0 0 1 0 1 0 0 0 1 0 1
0 1 0 0 0 0 1 1 0 1 0 0 0 1 0 0 0 1 0 0 0 0 1 0 1 1 1 0 1 1 0 0
1 0 1 1 1 1 0 1 0 1 1 0 1 0 0 0 0 0 0 1 1 1 1 1 0 0 0 1 1 0 1 0
1 1 1 0 0 1 1 0 0 0 1 0 1 0 1 1 1 0 1 0 1 0 0 0 1 0 1 1 0 0 1 1
1 1 1 0 1 0 0 1 0 1 1 1 1 0 0 1 0 1 1 1 1 0 1 0 1 1 0 1 1 1 0 1
1 0 0 0 0 1 1 1 0 0 0 1 1 0 0 0 0 0 0 0 0 1 0 0 1 1 1 1 0 0 0 0
0 1 1 0 1 1 0 1 0 0 0 1 1 1 0 0 0 1 0 0 0 0 0 1 1 1 0 0 1 1 1 0
0 1 1 1 0 1 0 0 0 0 0 1 0 1 1 0 1 0 1 0 1 1 0 1 0 0 0 1 0 0 0 0
0 1 0 0 0 0 1 1 1 0 1 1 1 0 1 0 0 1 0 1 1 0 1 0 0 1 0 1 0 1 0 1
0 0 1 0 1 0 0 0 0 1 1 1 1 0 0 0 1 1 1 0 1 0 0 0 1 0 1 0 0 0 0 1
1 1 0 0 0 0 1 1 0 0 0 1 0 0 0 0 1 1 0 1 0 0 1 0 0 1 1 1 1 0 1 1
1 0 0 0 0 1 0 1 1 1 1 1 1 1 0 0 1 1 0 0 0 0 1 1 0 1 1 1 1 1 0 0
0 0 1 1 1 1 1 0 1 0 1 0 1 1 0 0 1 0 1 0 0 0 0 1 1 0 1 0 1 0 1 0
0 0 0 1 1 1 0 0 0 1 1 0 0 0 1 0 0 1 1 0 0 0 0 1 1 0 1 0 0 0 0 0
1 0 0 0 1 0 0 1 0 0 1 0 1 1 0 0 1 0 0 0 1 1 1 1 0 1 0 1 1 1 1 0
1 1 1 0 0 1 1 1 1 1 1 1 1 1 1 0 1 1 1 0 1 1 0 1 0 1 1 1 1 0 0 0
0 0 1 0 1 0 1 0 1 0 1 1 0 0 1 0 1 1 0 1 0 0 0 0 0 0 1 1 0 0 1 0
0 1 0 1 1 1 0 1 0 1 0 0 1 1 0 0 1 0 1 0 1 0 0 1 0 0 1 1 1 0 0 0
1 1 0 1 1 0 0 1 1 1 1 0 0 0 0 1 1 0 0 1 1 0 0 0 1 1 0 1 1 0 1 0
1 1 1 0 1 1 1 1 0 1 0 1 0 1 0 1 0 0 1 0 1 1 0 1 0 1 1 0 0 0 1 0
1 0 1 0 1 1 0 1 1 0 1 1 1 1 0 1 1 1 1 1 0 0 1 1 1 0 0 1 1 1 0 0
0 1 1 1 1 1 1 0 0 1 1 1 1 0 0 1 1 0 0 1 1 0 1 1 0 1 1 0 0 0 1 0
0 0 0 1 0 0 0 1 0 0 0 1 1 1 1 0 1 1 1 1 1 0 0 0 0 0 1 0 1 1 1 0
0 1 1 1 0 0 1 1 0 1 0 0 0 0 1 0 0 0 1 0 0 1 1 0 0 1 1 1 0 0 0 0
1 1 0 0 1 0 0 0 0 0 0 1 0 0 0 0 1 1 0 1 0 0 0 0 1 1 0 1 0 0 0 0
1 0 1 1 1 1 0 0 1 1 0 0 1 1 0 0 1 1 1 0 0 1 0 0 0 0 1 0 0 1 0 1
1 1 0 0 0 0 0 0 0 1 0 0 0 1 0 0 1 0 1 1 0 0 0 0 0 1 1 0 0 1 1 0
0 1 1 0 1 1 1 1 1 1 0 0 0 1 0 0 1 1 1 1 1 1 1 0 0 0 1 0 0 1 0 1
0 0 1 1 0 1 1 0 0 0 1 1 1 0 1 1 1 1 1 0 0 1 1 0 0 0 0 1 0 1 0 0
0 1 0 0 0 1 0 1 0 0 0 1 1 0 1 1 1 0 0 0 1 0 0 0 1 1 1 0 1 0 1 0
1 0 1 1 1 0 1 0 1 0 0 0 1 1 1 0 0 0 0 1 0 1 1 0 1 1 1 0 1 1 1 0
0 0 1 1 1 0 0 0 1 0 0 0 0 0 0 0 0 0 1 1 1 1 0 0 1 0 1 0 1 1 0 0
0 1 0 0 0 0 0 0 0 1 0 0 0 1 1 0 0 1 1 0 0 0 1 1 0 1 1 0 0 0 1 1
0 1 1 0 0 0 1 1 0 1 1 0 0 0 1 0 0 0 1 0 1 1 0 0 0 0 1 1 0 0 1 1
0 1 1 0 1 0 1 1 1 1 0 0 1 0 0 0 1 0 1 0 1 1 1 1 0 1 1 1 0 0 1 0
1 1 0 0 1 0 1 0 1 1 0 1 1 1 0 0 0 0 0 1 1 1 0 0 0 0 1 0 1 0 0 1
1 1 1 1 1 1 1 1 0 0 0 1 1 0 0 1 1 0 0 0 1 1 0 1 1 1 1 0 1 0 1 0
1 0 1 0 0 1 0 0 0 1 1 1 0 0 1 1 1 0 1 0 1 0 0 0 0 0 1 0 0 0 1 1
0 0 0 1 0 0 0 0 0 0 1 0 0 1 1 1 1 0 0 1 1 0 1 0 1 1 0 0 0 0 0 1
0 0 1 0 0 0 0 1 1 0 1 1 0 1 1 1 1 1 0 0 1 0 0 1 0 1 0 0 1 0 0 0
1 1 1 0 1 0 1 1 0 1 1 1 1 0 1 0 0 1 1 0 0 1 1 1 0 1 1 0 0 1 1 0
0 0 1 0 1 0 1 0 1 1 0 0 0 1 1 0 0 1 1 0 1 1 0 1 1 1 0 1 1 0 1 1
0 0 0 0 0 1 1 0 1 0 0 1 1 1 1 0 1 0 1 0 1 0 0 0 0 1 0 0 0 0 0 1
1 0 1 0 0 1 1 0 0 0 1 1 1 1 1 1 1 1 0 0 1 0 0 0 0 1 0 1 1 1 0 1
1 0 0 0 1 0 0 1 1 1 1 1 1 1 0 0 1 0 1 0 0 1 1 1 1 1 0 1 1 0 1 0
1 1 1 0 0 0 1 0 1 1 1 0 1 1 0 0 1 0 1 1 1 0 1 0 1 1 1 0 1 1 0 0
1 1 0 0 0 0 1 1 1 0 1 0 0 0 1 1 0 1 1 1 1 1 1 0 0 0 1 0 0 0 1 1
1 0 0 0 0 0 1 1 1 1 1 0 0 1 1 1 1 0 1 1 1 1 0 0 1 0 0 0 0 0 0 0
0 1 0 0 1 0 1 1 1 1 0 0 0 1 0 0 1 0 0 0 1 1 1 0 0 0 1 1 0 1 0 0
1 1 0 0 1 1 1 1 1 1 0 1 0 1 1 1 0 1 1 1 1 1 0 1 1 0 0 1 0 0 1 0
1 0 1 1 0 0 1 0 1 1 1 1 1 0 1 0 0 1 0 1 1 0 1 1 0 1 0 0 0 1 0 1
0 0 0 0 0 0 1 1 0 1 0 0 1 0 0 1 1 1 1 1 0 1 1 0 0 1 1 1 1 1 0 1
0 1 1 0 1 1 0 0 0 0 1 1 0 1 1 0 1 0 1 0 0 1 0 0 0 1 0 1 0 0 0 0
0 0 1 1 0 1 1 1 0 1 1 0 1 1 0 0 0 0 1 0 1 1 1 1 0 0 1 1 0 1 0 1
0 0 0 0 0 1 1 1 0 1 0 1 0 0 1 0 0 0 1 0 0 0 1 0 0 1 1 0 1 1 1 0
0 1 0 0 0 0 0 0 1 1 0 1 0 1 0 0 0 0 1 0 0 1 0 0 0 0 1 1 0 1 0 1
1 0 0 1 1 0 0 1 1 1 1 0 1 0 0 0 0 0 0 0 1 1 1 1 1 0 1 1 0 0 0 1
0 1 1 0 1 0 0 1 1 0 1 0 1 1 1 1 1 0 0 1 0 1 0 0 1 0 1 1 1 1 1 0
1 0 1 0 1 1 1 0 0 0 0 1 0 1 0 1 0 1 1 1 0 1 1 0 1 0 1 0 1 1 0 0
1 1 0 1 0 1 1 0 1 1 0 1 1 0 0 1 1 0 0 1 1 0 1 0 0 0 0 0 0 1 0 1
1 0 0 1 1 0 1 0 0 1 1 0 1 1 1 1 1 0 1 1 0 1 1 0 1 1 0 1 0 1 1 1
0 1 0 1 0 0 0 0 0 1 0 1 1 1 0 1 1 0 1 0 0 0 1 0 1 0 1 0 0 0 0 0
0 1 1 0 0 1 1 1 0 1 1 0 0 0 1 1 1 1 0 1 0 1 1 0 1 0 0 1 0 0 1 0
0 1 0 1 1 0 1 1 0 0 0 0 0 0 1 0 0 1 0 0 1 1 1 0 1 1 1 0 1 0 0 1
1 0 1 0 1 1 1 0 0 1 0 1 1 0 0 1 1 0 0 0 0 0 1 0 0 1 0 0 1 0 1 1
1 0 1 1 0 0 1 1 1 1 1 1 0 0 1 1 1 0 0 0 1 1 1 1 0 1 0 1 1 0 0 1
0 0 1 1 0 1 1 1 0 0 0 0 0 1 1 1 1 0 0 1 0 1 1 0 1 0 1 0 0 1 0 1
1 1 1 0 0 0 1 0 0 1 1 0 0 0 0 0 1 1 0 0 0 1 1 0 0 1 0 0 0 0 1 1
1 0 1 0 0 1 0 0 0 1 0 1 0 0 0 1 1 0 0 0 0 0 1 1 0 1 1 1 0 0 0 1
0 1 0 1 1 0 0 1 1 1 0 0 0 1 0 0 1 1 1 0 1 0 0 1 1 0 1 0 0 1 1 1
1 1 0 0 1 1 1 0 0 0 1 0 1 1 0 0 1 1 0 1 0 1 0 1 1 1 0 1 1 1 0 0
1 0 1 0 1 1 0 0 0 1 0 0 1 1 0 1 0 1 1 1 1 0 0 0 0 1 0 0 0 1 0 1
0 0 1 0 1 0 0 0 1 0 1 1 1 0 0 1 0 1 1 0 1 0 1 1 0 0 0 0 0 1 0 1
0 1 0 1 0 1 1 0 1 0 0 1 0 1 0 1 1 1 1 1 1 1 0 1 0 0 0 1 1 0 1 1
1 1 1 1 1 0 1 1 1 0 0 0 0 0 0 0 0 0 1 1 1 1 1 0 1 0 0 1 0 1 0 0
1 1 1 1 0 1 1 0 1 1 1 0 0 1 1 1 0 1 0 0 1 1 1 0 1 0 0 1 1 1 0 0
0 0 0 0 1 0 0 1 1 1 1 0 0 1 0 1 0 0 1 0 0 0 1 0 1 0 0 1 0 1 1 0
1 0 0 1 1 1 1 1 0 1 1 0 0 0 0 0 1 0 1 0 0 1 1 0 1 1 0 0 0 0 1 0
1 1 0 1 1 0 0 0 1 0 0 1 0 0 0 0 1 0 1 1 1 0 1 0 1 1 1 0 1 0 1 0
0 1 0 0 1 1 0 1 0 0 0 0 1 1 1 1 1 0 0 1 1 0 1 1 1 1 1 1 0 0 1 1
1 1 1 1 0 1 0 0 1 0 0 1 0 0 0 1 1 1 1 0 1 0 0 0 1 1 0 1 1 0 0 0
0 0 0 0 0 0 0 0 1 0 1 0 0 1 1 1 0 1 1 0 1 1 1 0 0 0 1 1 1 0 1 1
1 0 1 0 0 1 0 1 1 0 0 0 1 0 1 0 1 1 0 1 0 1 1 1 0 0 1 1 0 1 0 0
0 0 0 1 0 1 0 0 0 1 0 0 1 0 1 0 1 0 0 1 1 1 0 1 1 1 0 0 1 1 0 0
1 1 1 0 0 1 0 1 0 0 0 1 1 1 1 0 0 0 1 0 1 0 1 0 0 1 0 1 0 0 1 1
1 0 0 0 1 1 1 1 0 0 0 0 1 0 0 1 1 0 1 0 0 0 1 1 1 0 0 0 0 0 0 0
1 1 1 0 0 0 0 1 1 0 1 0 1 0 0 1 0 0 1 1 0 1 0 1 1 1 1 0 0 1 0 1
0 1 1 0 0 1 0 0 1 1 1 0 1 0 0 1 1 1 1 0 1 1 0 1 0 1 0 1 1 0 1 1
0 1 0 0 0 1 1 1 0 1 1 0 1 0 0 1 0 1 0 1 1 0 0 1 1 1 0 0 1 1 0 1
1 0 0 1 0 1 0 0 0 0 1 0 1 1 1 1 0 0 0 0 0 1 0 1 0 1 1 0 1 1 1 1
1 0 0 0 0 1 0 0 0 0 0 0 1 0 1 0 1 0 1 0 1 0 1 1 1 1 1 0 1 0 1 1
0 0 0 0 1 0 1 1 1 0 1 0 1 1 0 0 1 0 0 1 0 0 1 0 0 0 0 1 0 1 1 1
0 1 1 1 0 0 1 0 1 0 1 1 0 1 1 0 1 0 0 1 1 1 0 0 1 1 0 1 0 0 1 1
1 0 1 0 0 1 0 1 0 1 0 0 1 1 0 1 1 0 1 1 0 1 1 1 0 1 0 0 1 1 0 0
1 0 1 1 0 0 1 0 1 0 0 1 0 0 0 1 0 0 0 0 0 0 0 0 0 0 0 1 1 0 0 0
0 0 1 1 1 0 0 1 0 1 1 1 0 0 0 1 1 0 0 1 0 1 0 0 1 0 0 0 1 1 1 1
0 0 1 1 1 0 1 0 0 1 0 1 0 1 0 1 0 0 1 1 0 1 1 0 0 1 0 1 1 0 1 0
1 1 0 1 1 1 1 1 0 1 1 0 0 0 1 0 1 0 1 1 0 1 0 1 0 1 1 1 1 0 1 1
1 1 0 0 0 1 1 1 0 1 0 1 1 0 0 1 1 1 1 0 0 0 0 1 1 1 1 1 1 0 0 0
1 0 1 0 0 0 0 0 0 0 1 1 1 1 0 0 0 0 0 1 0 1 0 0 1 0 1 0 1 1 1 1
1 1 0 1 0 1 0 0 0 1 0 1 1 0 1 1 0 0 0 0 1 1 0 0 1 1 1 1 0 1 1 1
1 0 0 0 1 1 1 1 1 0 0 0 1 0 1 1 0 1 1 0 1 1 0 0 0 0 0 0 1 1 1 0
0 1 1 0 0 0 1 1 1 0 0 0 0 0 0 1 0 0 1 0 1 1 1 0 0 1 0 1 0 1 0 0
1 1 0 0 1 0 0 0 1 0 1 0 1 1 1 1 1 1 0 1 1 0 1 0 0 1 1 0 1 1 0 0
0 1 0 0 1 0 0 0 1 0 1 1 1 0 0 0 1 1 1 0 1 0 1 0 1 1 0 1 1 0 1 0
1 0 1 1 0 1 0 0 1 0 0 1 0 1 0 1 1 1 1 0 1 1 1 0 1 0 0 1 0 1 1 1
0 1 1 1 0 1 1 0 1 1 0 0 1 1 0 1 1 1 0 1 1 1 0 0 0 1 1 0 1 1 1 0
1 1 0 0 1 0 1 1 0 1 1 0 1 0 0 1 1 0 1 1 1 1 0 1 1 1 1 1 0 0 1 0
0 0 1 1 1 1 1 1 0 1 1 0 0 0 1 0 0 0 0 1 0 1 1 0 1 0 0 1 0 0 1 1
1 0 0 1 0 1 1 0 1 1 0 1 0 1 1 1 0 1 0 1 0 0 1 1 1 0 0 0 1 0 0 1
1 0 1 1 1 1 0 1 0 0 1 1 0 1 1 0 0 1 1 0 0 0 1 0 1 1 0 0 0 0 0 1
1 1 0 0 1 0 0 0 1 1 1 0 1 0 0 1 1 0 1 0 1 1 0 0 0 1 0 1 1 0 1 0
1 0 1 0 0 0 1 0 1 1 0 0 0 1 1 0 1 1 0 1 1 1 0 1 0 0 0 1 1 0 1 0
1 1 1 1 1 0 1 0 1 0 0 0 0 0 1 1 0 1 1 1 0 0 1 1 1 0 0 1 1 0 1 0
0 0 1 1 0 0 0 1 1 1 1 1 0 1 0 1 1 1 1 1 0 0 1 0 0 0 0 1 1 1 0 1
0 1 0 0 1 0 0 1 1 0 0 1 1 0 1 1 1 1 0 0 1 0 1 1 1 0 1 0 1 1 1 0
1 0 0 0 1 0 1 1 1 0 1 0 0 0 1 1 1 1 0 1 1 1 1 1 0 0 1 1 0 1 1 1
0 1 1 1 0 0 1 1 1 1 1 1 1 1 0 0 1 1 0 0 0 0 0 0 0 0 1 0 1 0 0 0
0 1 0 0 0 0 1 0 1 0 1 0 1 1 1 1 0 1 0 1 1 1 1 1 0 0 1 1 1 1 1 0
0 1 1 1 0 1 1 0 0 1 0 1 0 1 1 0 1 0 1 1 0 0 1 1 1 0 0 1 1 0 0 0
0 1 1 0 1 1 0 0 1 0 0 1 1 0 0 0 0 1 0 1 0 0 1 0 0 1 0 1 1 0 1 1
1 0 0 1 1 1 1 0 0 1 0 0 1 1 1 0 0 1 0 1 1 1 1 1 1 0 0 1 1 1 0 0
0 0 1 0 1 0 0 0 0 0 1 0 0 1 0 0 0 1 1 1 1 0 1 0 1 0 0 0 1 0 0 0
0 0 0 0 0 0 1 0 1 0 0 0 0 1 0 1 0 1 1 0 0 0 0 1 0 1 0 0 0 0 1 1
1 1 1 1 1 1 1 1 0 1 0 1 0 0 0 1 1 1 0 0 1 1 1 0 1 1 0 0 1 0 1 1
0 1 0 1 0 0 1 1 0 1 1 1 0 0 0 0 1 0 1 0 1 0 1 1 1 0 1 0 0 1 1 0
0 0 1 1 0 1 0 1 0 0 0 1 0 1 0 1 0 1 1 0 0 0 0 1 1 1 0 1 0 1 1 0
0 0 0 1 1 1 0 0 1 0 0 0 1 1 0 1 0 1 1 1 0 1 1 1 1 0 1 0 0 0 0 0
0 0 1 0 0 1 0 1 1 1 0 0 0 1 1 1 0 0 1 1 0 0 1 0 1 0 1 0 0 0 0 1
1 0 1 0 1 1 0 0 1 1 0 1 1 0 1 1 0 1 1 0 1 1 1 1 1 0 1 1 0 1 1 0
1 1 0 0 0 0 1 1 0 0 1 0 1 0 0 1 1 1 0 1 0 1 1 0 0 1 1 1 1 0 1 1
0 0 1 1 1 1 0 1 0 0 1 0 0 1 0 1 1 0 1 1 1 1 0 0 1 1 0 0 0 1 0 0
0 1 0 1 0 1 1 0 1 1 1 0 0 1 0 1 0 1 0 0 1 1 1 1 0 0 1 0 1 1 1 1
1 1 0 0 0 0 0 0 1 1 1 1 1 1 0 0 1 0 1 1 0 0 1 1 0 0 1 0 0 1 0 0
0 0 1 0 0 0 0 0 1 1 0 1 0 0 0 0 1 0 0 1 1 1 1 1 1 1 1 1 0 0 1 1
0 1 1 0 1 1 0 1 1 1 1 1 1 0 1 1 1 0 1 0 0 0 1 0 0 0 1 0 0 0 0 1
1 0 0 1 0 1 0 0 0 0 1 1 0 0 0 1 0 0 0 1 1 1 0 1 1 0 1 1 1 1 0 0
0 0 1 0 0 1 1 1 0 0 0 0 0 1 1 0 0 1 1 1 0 1 1 1 1 0 1 1 1 0 1 0
1 0 1 1 0 1 1 1 1 0 0 1 0 1 1 0 1 0 0 1 1 1 1 1 0 0 1 0 1 1 1 1
0 1 1 0 0 0 1 0 0 1 1 0 0 0 0 1 1 1 0 1 0 1 0 0 1 1 0 0 1 0 1 0
1 1 1 1 1 0 1 1 0 1 1 0 0 0 1 1 0 1 1 0 0 0 0 1 0 1 1 1 0 1 1 0
1 0 0 1 1 0 1 0 0 1 0 1 0 0 0 0 1 0 1 1 1 1 1 1 0 1 0 0 0 1 1 1
0 0 0 1 1 0 0 1 1 1 0 0 1 0 1 0 0 0 0 0 0 1 0 0 0 1 0 1 1 0 0 1
0 0 1 0 1 1 0 0 1 1 0 0 0 0 1 1 0 0 0 1 1 0 1 0 0 1 0 0 0 1 0 1
1 0 0 0 1 0 0 0 0 0 0 1 1 1 1 1 1 1 0 1 0 0 0 0 0 1 1 1 0 1 0 0
1 1 1 0 0 0 1 1 0 1 0 1 1 1 1 1 1 0 0 1 0 0 1 1 0 0 1 1 0 0 0 1
1 0 1 0 1 1 0 0 1 0 0 1 1 0 0 0 1 0 0 0 0 1 1 1 0 0 0 0 0 0 0 1
1 1 1 0 1 1 0 0 1 1 0 1 1 1 0 1 1 0 0 1 1 1 0 0 0 0 0 1 1 1 0 0
0 1 1 0 0 0 0 1 0 0 0 1 1 1 1 1 0 1 0 1 0 0 0 0 0 0 1 0 0 0 0 1
0 1 0 0 0 1 1 1 1 0 0 1 1 0 0 1 1 0 0 0 1 1 0 1 1 1 1 1 1 0 1 1
0 0 1 0 1 1 1 0 1 1 0 1 1 1 1 0 0 1 0 0 1 1 1 0 0 1 1 1 1 1 0 0
0 0 1 1 1 0 1 1 0 1 0 0 1 0 1 1 0 1 1 0 1 0 1 1 0 1 0 1 1 1 0 0
1 0 0 0 1 0 0 1 1 0 1 1 0 1 1 1 1 0 0 0 1 0 1 0 0 0 0 1 1 0 0 0
1 0 1 0 1 1 0 1 0 1 0 0 0 0 1 1 1 1 0 1 0 0 0 1 1 1 1 0 1 1 1 1
1 1 1 0 0 1 1 0 0 0 1 1 0 1 0 0 1 0 1 0 1 1 0 0 0 1 1 0 1 1 0 1
0 1 1 1 0 1 1 1 1 1 0 0 0 1 1 1 0 1 1 0 0 0 0 1 0 1 1 1 0 0 0 1
0 0 0 0 1 0 0 0 0 0 1 0 0 1 1 1 1 0 0 1 1 0 0 1 1 1 1 1 1 1 0 0
1 1 1 1 1 1 0 1 0 0 0 1 0 0 0 1 1 0 0 0 1 0 0 1 1 1 1 0 0 0 1 1
1 0 1 0 0 1 1 0 0 0 0 0 0 0 1 1 0 0 0 0 1 0 0 1 1 0 0 1 1 1 1 0
0 1 1 1 0 0 0 1 0 0 1 1 1 0 1 1 0 0 0 1 0 1 0 1 1 1 1 1 0 0 0 0
1 0 0 0 0 1 1 0 0 0 0 0 0 0 0 0 1 1 0 1 1 1 0 0 0 0 1 1 0 1 1 0
0 0 1 0 1 1 1 0 0 1 1 0 0 0 1 0 1 1 1 1 1 0 1 0 0 0 1 0 0 0 1 0
0 1 0 0 0 1 0 1 0 1 1 1 1 0 0 0 0 0 1 0 1 0 1 1 0 1 1 0 1 0 0 0
1 1 1 0 0 1 1 0 0 1 1 1 0 1 1 0 0 1 0 1 0 0 1 1 1 0 0 0 1 0 1 1
0 0 0 0 0 0 1 0 0 0 0 1 1 1 0 0 0 1 0 0 1 1 0 0 1 0 0 1 0 1 0 0
0 0 0 0 1 0 0 0 0 1 0 0 1 0 0 0 1 1 0 0 1 0 0 1 1 0 0 0 0 0 1 1
0 0 0 0 0 1 1 0 1 1 1 1 0 1 0 1 0 0 0 0 1 1 0 1 0 1 0 1 1 0 1 0
0 1 1 1 1 1 1 1 0 0 1 0 0 1 0 0 1 0 1 0 1 0 1 1 0 1 0 1 1 0 1 1
0 0 0 1 0 0 0 0 0 1 0 1 1 0 0 1 1 1 1 1 0 0 0 1 1 1 1 0 1 0 1 1
1 1 0 0 1 0 0 1 0 0 0 0 0 1 1 0 1 1 1 1 1 1 0 1 0 1 0 1 0 0 1 1
0 1 0 0 1 1 0 1 1 0 0 1 0 1 1 0 0 1 1 0 0 1 1 0 1 1 1 1 1 0 0 0
0 0 1 0 0 0 1 0 1 0 0 0 1 1 0 0 1 1 1 1 1 0 0 0 0 1 1 1 0 0 1 0
0 1 0 0 1 1 0 0 1 0 0 0 1 1 0 1 0 0 0 0 1 1 1 1 0 0 1 0 1 1 1 1
0 0 0 1 0 1 0 0 0 0 0 1 0 0 1 0 0 0 1 0 1 0 1 1 0 0 0 1 1 0 1 1
0 1 1 0 0 0 1 1 1 0 1 1 1 0 1 1 0 1 0 0 1 1 0 1 0 1 1 0 1 1 1 1
1 1 0 1 0 0 1 1 0 0 1 1 0 0 0 1 1 0 0 0 0 0 1 1 1 0 1 1 1 0 1 1
1 1 0 1 1 1 1 0 0 0 0 1 0 1 1 0 0 0 0 0 0 0 1 1 0 0 1 1 0 1 1 0
0 1 0 1 0 1 1 0 0 0 1 1 0 0 0 0 1 0 1 1 1 1 1 0 1 0 1 1 1 0 0 1
1 1 0 0 1 1 1 0 0 0 0 0 0 1 1 1 0 0 1 0 1 0 0 0 1 0 0 1 0 0 0 0
1 0 0 0 1 1 1 1 0 0 0 0 0 1 1 1 0 1 1 1 0 0 1 0 1 1 1 0 1 1 1 1
1 1 1 1 1 1 1 1 1 0 1 0 1 1 0 0 1 0 1 1 0 0 0 0 0 1 0 0 1 0 1 1
0 1 1 1 1 1 1 0 1 0 1 1 0 1 1 0 0 0 0 0 0 1 0 0 0 1 1 1 1 0 1 0
0 1 0 1 0 1 0 1 1 1 0 1 0 0 0 1 0 1 1 1 0 1 1 0 1 1 1 1 1 1 0 1
0 0 1 1 0 0 0 0 1 0 0 0 1 0 1 1 1 0 1 1 0 1 1 0 1 1 0 1 1 0 1 0
1 0 1 0 1 1 0 0 0 0 0 1 1 0 0 1 0 1 0 1 1 0 0 1 0 1 1 0 1 1 1 1
1 0 1 0 1 0 1 0 1 1 0 1 1 0 0 1 0 1 0 1 0 1 0 0 1 0 0 0 1 1 0 0
1 1 1 1 1 0 0 1 0 1 1 1 1 1 1 1 0 0 0 0 1 0 1 0 0 1 1 0 1 0 0 1
1 1 0 0 1 0 1 0 1 0 0 0 1 0 0 0 1 1 1 0 0 0 1 1 0 1 0 0 1 1 1 0
0 1 0 1 0 1 0 1 0 0 0 1 1 1 0 1 0 1 0 1 0 0 0 0 1 0 0 1 0 1 1 1
0 0 1 1 1 1 0 1 0 0 0 1 1 0 0 0 1 0 0 0 1 0 1 1 1 0 1 1 0 0 1 0
1 0 1 1 0 0 0 0 0 1 1 0 0 1 0 0 0 1 0 1 1 0 0 0 0 0 0 0 1 1 1 1
0 0 0 0 1 0 0 0 0 0 0 1 0 1 1 0 1 0 0 0 1 0 1 1 0 0 1 0 0 1 1 1
0 1 0 1 0 1 0 0 0 0 1 1 1 1 0 1 0 0 0 0 1 0 0 1 0 1 1 0 1 0 1 1
1 0 0 1 0 0 1 1 1 0 0 0 0 0 0 1 0 0 1 0 1 1 1 0 0 0 0 1 0 0 0 1
0 0 1 1 1 1 0 1 1 0 1 1 1 1 1 0 1 1 1 1 1 0 0 1 1 0 0 0 0 0 0 1
0 0 1 0 1 1 0 0 1 0 0 0 0 0 0 1 0 1 1 1 1 1 1 1 0 1 1 0 0 1 1 0
1 0 0 0 0 0 0 0 1 1 1 1 0 1 1 1 1 1 0 0 0 0 0 0 1 0 1 1 0 1 0 1
1 0 1 0 0 1 0 0 0 0 1 1 1 0 1 1 1 1 0 1 1 0 1 1 1 0 1 1 0 0 0 1
0 1 0 1 0 1 1 1 1 1 1 1 1 0 1 0 0 0 0 0 0 1 0 0 1 1 0 1 1 0 1 0
1 0 0 0 0 0 0 1 0 1 0 1 1 0 1 1 1 1 1 0 1 0 1 0 1 1 0 1 0 1 0 0
1 0 0 0 1 0 1 0 0 0 1 0 0 0 0 0 0 0 1 1 1 0 1 0 1 0 0 1 0 1 1 1
0 0 0 0 1 1 0 1 1 0 1 1 1 1 0 0 0 0 1 0 1 0 0 1 1 0 1 1 1 0 0 0
1 1 0 0 1 1 1 1 0 0 0 0 1 0 1 1 0 1 0 1 1 0 0 1 0 0 0 0 0 0 1 0
1 1 0 1 1 0 1 0 1 0 1 0 0 0 1 1 1 1 0 0 1 1 0 1 1 0 0 0 1 0 1 1
1 1 0 1 1 0 0 0 1 0 0 0 1 0 0 0 1 0 1 0 1 0 1 1 1 1 1 1 0 0 0 1
0 1 0 1 0 0 0 1 1 1 1 0 0 1 0 0 0 1 1 1 1 0 0 0 1 0 0 0 0 1 1 0
1 1 1 1 1 1 0 0 1 1 1 1 1 0 0 0 0 1 1 0 0 1 1 1 0 1 1 1 1 0 1 0
0 0 1 1 0 1 0 1 0 1 1 1 0 1 0 1 0 1 0 1 0 1 0 1 1 1 0 1 1 1 0 1
1 0 0 1 1 0 0 0 1 0 1 0 1 0 1 1 1 0 0 0 1 1 0 1 0 1 1 1 0 1 0 0
0 1 0 0 1 0 0 0 1 0 1 1 0 1 0 1 1 1 1 0 1 1 0 0 0 0 1 1 1 1 1 1
1 1 0 1 1 1 1 1 1 1 0 1 0 0 0 0 0 0 1 1 1 0 0 0 1 1 0 0 1 0 1 1
1 1 0 1 1 1 1 1 0 1 0 0 1 0 0 0 0 0 0 1 1 0 0 1 1 0 1 0 0 1 1 1
0 1 0 0 0 0 0 1 1 0 1 1 1 0 1 0 1 1 0 0 0 0 0 1 1 0 1 0 0 0 0 1
1 0 0 0 1 0 1 0 0 0 0 1 0 0 0 1 0 1 0 1 0 1 1 1 1 1 1 0 0 1 0 0
1 0 1 1 1 1 1 0 0 0 0 0 0 1 1 1 1 0 0 0 1 0 1 1 0 0 0 1 0 0 1 1
1 1 0 0 1 0 1 0 0 0 1 0 1 1 1 0 0 0 1 1 0 1 0 0 0 1 1 1 1 1 0 1
0 0 0 0 0 1 0 1 1 0 1 1 0 1 0 0 0 0 1 0 0 0 0 0 0 1 0 0 1 0 1 1
1 1 0 1 0 0 1 0 0 0 0 0 0 1 0 0 0 0 1 0 1 0 0 0 0 0 0 1 1 0 0 0
1 1 1 0 1 1 1 1 1 1 1 1 0 0 0 0 0 0 0 1 0 1 0 1 1 0 0 1 1 0 1 0
1 1 0 1 1 0 1 0 1 0 0 0 0 1 0 0 0 0 0 1 0 1 1 0 1 1 0 0 0 1 1 0
0 0 0 1 0 0 1 0 1 1 0 1 1 1 0 0 0 0 0 0 0 0 0 0 1 0 0 0 1 1 1 1
1 0 1 0 0 0 1 0 1 0 1 1 0 0 0 0 1 1 0 0 1 1 1 0 0 0 1 0 1 1 0 0
1 1 1 1 0 1 1 1 1 1 0 1 1 0 0 0 1 1 1 1 0 1 0 1 1 0 1 0 1 1 0 1
1 0 0 1 0 1 1 0 0 1 1 1 1 1 1 0 1 1 0 1 1 0 1 1 1 1 1 1 1 1 0 0
0 0 0 1 1 0 1 1 0 1 1 1 0 1 0 1 0 1 0 0 0 1 1 0 1 0 0 0 0 0 1 0
1 0 0 1 1 0 0 0 1 0 1 1 1 0 0 0 1 0 1 1 1 0 1 1 0 1 1 1 0 0 0 0
0 0 0 0 0 0 0 1 1 0 0 0 0 1 1 1 0 1 1 1 0 1 1 1 0 0 0 0 0 0 0 0
1 1 0 1 1 0 1 1 1 1 0 0 0 1 0 1 1 0 1 1 1 1 0 1 0 0 0 0 1 0 0 0
1 1 0 1 1 0 1 0 0 1 0 0 1 0 1 1 1 0 0 1 1 1 1 1 0 1 0 1 0 0 1 1
1 0 0 1 1 1 0 1 0 0 1 0 0 0 0 1 0 1 0 1 0 0 0 1 1 1 0 0 0 1 1 0
1 1 1 1 1 0 1 1 1 0 1 1 1 1 1 0 0 0 1 0 1 0 0 0 0 0 0 0 0 1 1 1
0 0 0 1 0 0 0 0 0 1 0 1 0 0 0 0 1 0 0 1 1 1 0 0 0 1 0 0 1 0 1 1
1 1 1 0 0 0 0 0 1 1 0 1 0 1 1 1 0 1 0 1 0 0 1 1 1 1 0 0 1 0 1 1
0 0 0 1 0 0 1 0 1 0 1 1 1 0 0 1 1 1 0 0 0 1 1 0 0 1 0 0 1 0 0 0
1 1 1 0 0 0 1 0 1 1 0 1 1 1 1 1 0 0 0 1 1 1 0 1 1 0 0 1 0 1 0 0
0 0 0 1 1 0 1 0 0 1 1 0 0 0 0 1 0 0 0 1 1 1 0 1 0 0 1 1 0 1 1 1
0 0 1 0 0 0 1 0 1 0 1 1 0 0 0 0 0 1 1 0 1 0 0 0 1 1 1 1 1 0 0 1
0 1 0 0 1 1 0 0 1 0 0 1 1 0 0 1 0 0 0 0 0 1 1 1 1 1 0 1 0 1 0 1
1 0 0 1 1 1 1 0 1 0 1 0 0 1 0 1 1 1 1 0 1 0 0 1 1 1 1 0 0 0 1 1
1 0 1 1 1 0 0 0 0 0 1 1 1 1 0 1 0 1 1 0 1 0 0 1 0 1 0 0 1 0 0 0
0 1 0 0 1 0 0 0 0 0 1 1 1 0 1 0 1 0 0 0 0 1 1 1 0 0 1 0 1 0 1 1
0 1 0 1 0 0 1 0 0 0 0 0 0 1 1 1 0 0 1 1 1 1 1 0 1 0 0 0 0 1 1 0
1 1 0 0 1 0 1 1 1 1 1 0 0 0 1 0 0 0 0 0 1 1 0 1 1 0 0 1 0 0 0 1
1 0 0 1 0 1 0 0 0 1 0 0 1 0 0 1 0 0 0 1 1 1 0 0 0 0 0 0 1 0 0 0
1 1 1 0 0 0 0 0 0 0 0 1 1 1 0 0 1 1 1 0 1 0 0 0 0 0 0 0 0 0 0 0
1 1 0 1 1 0 1 1 1 0 1 0 1 0 0 0 1 0 0 1 0 0 0 0 0 1 1 1 1 0 0 1
0 1 0 0 0 1 1 1 0 0 1 1 0 1 1 0 1 0 0 0 1 0 0 1 0 0 0 1 1 1 1 0
1 1 0 1 1 0 1 1 0 1 1 1 1 1 1 0 1 1 1 0 0 1 1 1 1 0 1 1 0 1 0 1
0 0 1 0 1 1 0 0 1 1 1 0 1 1 1 1 1 0 1 1 1 1 1 1 0 0 0 1 1 0 1 0
1 0 0 0 0 1 0 1 1 1 1 1 1 0 1 0 1 0 1 0 0 1 0 1 0 0 0 1 1 1 0 1
0 0 1 0 0 1 1 0 0 1 1 0 1 0 1 1 1 0 0 0 0 1 0 0 0 0 1 0 0 1 0 0
1 0 0 0 0 0 1 0 1 0 1 1 1 1 0 0 0 1 1 1 0 1 1 1 0 1 0 1 0 0 1 1
0 0 0 0 1 0 1 0 1 1 0 1 0 0 1 1 1 0 0 0 0 0 1 1 0 1 1 0 0 1 1 0
0 1 0 0 1 1 1 1 1 0 1 1 0 0 0 0 1 0 0 0 1 1 0 0 1 1 1 1 1 0 1 0
0 1 1 0 0 0 1 1 0 1 0 1 1 1 1 0 1 0 0 1 1 0 1 1 0 0 1 1 1 0 0 0
1 0 1 0 0 0 0 1 1 1 1 1 0 1 0 0 1 0 0 1 0 0 1 1 0 0 0 1 1 1 0 0
1 0 0 0 0 0 0 1 1 0 0 0 0 0 1 1 1 0 1 0 1 1 1 0 0 1 1 1 0 0 0 1
0 0 1 1 0 1 0 0 0 0 0 0 1 0 1 1 0 0 0 1 1 1 0 0 1 0 0 0 1 1 0 0
0 0 1 0 1 0 0 0 0 1 0 1 0 0 0 0 0 0 1 0 1 0 0 1 1 1 0 0 1 1 1 0
0 0 1 1 1 1 1 1 1 0 0 0 0 0 0 0 1 1 1 1 1 0 0 0 0 0 1 0 1 0 0 0
1 1 0 1 1 1 1 0 0 0 1 1 0 0 1 1 1 1 0 0 0 0 1 1 1 1 0 1 0 1 1 0
1 0 1 1 0 1 1 1 1 1 1 1 0 0 1 1 1 1 0 1 0 0 0 1 1 0 0 0 0 1 0 0
0 0 1 1 0 0 1 0 1 1 1 1 1 1 1 1 0 1 0 0 0 0 1 0 0 0 1 1 1 0 1 1
0 1 0 0 1 1 1 1 1 1 0 1 1 0 0 1 1 1 1 0 0 0 1 1 1 0 0 1 0 1 1 0
0 0 1 1 0 0 1 1 0 1 1 1 1 1 0 0 1 0 0 1 1 0 1 1 1 1 1 0 1 1 0 1
0 1 0 0 0 0 1 0 0 0 1 1 0 1 1 1 0 0 1 1 1 1 1 0 1 1 0 1 0 1 1 1
0 0 1 1 0 0 0 1 1 0 1 0 1 0 0 1 1 1 0 0 1 1 1 1 1 1 1 1 0 0 1 0
1 0 0 1 0 1 0 0 1 1 1 0 0 1 1 1 1 1 1 1 0 1 1 0 0 0 1 0 0 0 0 0
1 1 0 0 0 0 0 0 1 1 1 0 0 0 0 0 1 1 0 0 1 1 0 1 0 1 1 1 0 0 1 0
1 0 0 0 0 1 0 0 0 0 0 0 1 1 0 1 0 0 0 1 0 1 1 1 1 1 1 1 1 1 0 1
1 0 0 1 0 0 0 0 0 0 1 0 1 0 1 1 0 0 1 0 1 1 0 1 0 0 1 0 0 1 1 1
1 0 0 1 1 1 0 0 1 0 0 1 0 0 0 1 1 1 0 1 1 1 1 0 1 1 0 1 0 1 1 1
0 1 0 0 0 0 1 1 0 0 1 1 1 0 1 0 0 1 1 0 1 1 0 1 1 1 0 0 0 0 1 0
1 0 0 0 1 0 0 0 1 0 1 1 0 0 0 1 1 0 0 1 0 0 1 0 0 1 0 1 0 1 1 0
0 0 1 1 1 0 0 0 1 1 1 1 1 1 0 0 0 0 0 1 0 1 0 1 0 1 1 0 0 0 1 1
1 0 0 1 0 1 0 0 0 0 1 0 0 0 1 0 1 0 1 0 0 1 0 0 0 1 0 0 1 1 1 0
1 1 1 1 0 1 0 1 0 1 0 1 1 0 1 1 0 1 0 1 0 1 1 0 0 0 1 1 0 0 1 0
1 1 1 0 1 1 0 1 1 1 0 1 0 0 0 0 0 1 0 1 0 1 0 0 0 0 1 0 1 1 1 1
1 0 1 1 0 1 1 1 1 1 1 0 0 0 0 0 0 0 1 1 0 0 1 0 1 1 0 1 0 1 1 1
1 1 0 1 1 1 1 0 1 0 1 1 0 1 1 0 1 0 1 1 0 0 0 1 0 1 0 0 1 0 1 0
0 0 1 1 0 1 1 1 0 0 0 0 1 0 1 0 0 0 0 1 1 0 0 0 1 1 1 1 1 1 0 0
0 1 0 1 0 1 1 1 1 0 0 1 0 1 1 0 1 0 1 0 1 1 0 0 0 0 0 0 1 0 0 0
1 1 1 1 0 1 1 0 0 0 1 1 0 0 0 1 0 1 0 0 0 1 1 1 1 1 0 1 0 0 1 0
0 1 1 1 0 1 1 1 1 1 1 1 1 0 1 1 0 1 0 0 1 0 1 1 0 0 1 1 1 1 1 1
0 1 0 0 0 0 1 0 1 1 1 1 0 0 0 1 0 1 1 0 1 1 0 1 1 1 0 0 1 1 1 1
1 0 1 1 1 0 1 0 1 0 1 0 0 0 0 0 1 0 1 0 0 0 1 1 1 0 1 0 1 0 0 1
1 0 1 1 1 1 0 0 0 1 0 0 0 1 0 0 1 0 0 1 1 0 0 1 0 0 0 0 0 1 1 0
1 1 0 0 1 1 1 0 0 0 0 0 0 0 0 0 0 0 1 1 1 1 1 1 0 1 0 1 1 1 0 1
1 0 0 1 0 1 1 0 0 0 1 0 0 0 0 1 1 1 1 1 1 0 0 1 1 0 1 0 0 0 1 1
0 0 0 0 0 1 1 0 1 1 1 0 0 0 0 1 1 1 1 1 1 0 0 0 0 0 1 1 1 1 1 0
0 0 0 0 1 1 1 1 0 0 0 1 1 0 1 0 0 0 1 1 1 0 1 0 0 1 0 1 0 0 1 1
1 1 0 1 0 1 1 0 0 1 1 1 0 1 0 0 1 0 0 0 1 0 1 0 0 0 1 1 0 1 1 0
0 0 1 1 0 0 0 0 0 1 0 0 0 0 1 1 1 1 0 1 1 1 0 1 0 1 0 0 1 0 1 0
0 0 1 1 0 1 1 1 0 1 0 1 0 1 0 0 1 1 1 0 0 1 0 0 1 1 1 0 0 1 1 0
1 1 0 1 0 0 0 1 1 0 1 1 0 1 1 0 1 0 0 0 1 1 1 0 0 0 0 1 0 1 1 0
0 1 1 0 0 0 0 0 0 1 1 0 0 0 0 0 0 0 1 1 1 1 1 1 0 1 0 0 0 0 1 0
1 0 1 0 0 0 1 0 0 0 0 1 1 0 0 0 0 0 0 0 0 0 0 1 0 0 1 1 0 0 1 0
1 0 0 0 1 1 0 1 1 0 1 1 0 0 1 0 0 0 1 1 1 0 0 0 0 1 1 1 0 1 0 1
0 1 1 0 1 1 1 1 1 0 0 0 1 0 1 1 0 0 0 1 1 0 0 1 0 1 1 0 0 1 1 0
0 1 1 1 1 0 0 0 0 0 0 1 1 1 1 1 0 1 0 0 1 1 0 0 1 0 0 1 1 1 1 1
0 0 0 1 0 1 1 0 1 1 1 0 0 0 0 0 0 1 0 1 0 1 1 1 0 0 0 1 1 0 0 1
0 0 1 0 1 1 0 0 1 1 1 1 0 1 0 0 0 1 1 0 1 1 1 0 0 1 0 0 1 1 1 1
1 1 0 1 1 0 0 0 0 1 1 1 1 1 0 0 1 1 0 0 1 0 1 1 0 0 1 0 0 1 0 1
0 1 0 0 0 1 0 1 0 0 0 1 0 0 0 1 1 1 1 1 1 1 1 1 1 0 0 0 0 1 0 0
0 0 0 0 0 1 1 1 0 1 1 0 1 1 1 1 1 0 1 1 0 1 0 0 1 1 1 1 1 0 1 0
1 1 0 0 0 1 1 1 1 1 0 1 0 1 1 1 0 1 0 0 0 1 1 1 0 1 1 0 1 0 1 0
1 0 1 0 1 0 1 0 1 1 0 1 1 1 1 1 1 1 1 0 0 1 1 1 0 0 0 0 1 0 1 0
0 1 1 1 0 1 0 1 1 0 0 1 1 0 1 1 1 1 0 1 1 1 0 0 0 1 1 1 1 0 0 0
1 1 0 1 1 0 1 0 1 0 1 0 1 0 1 0 1 1 1 1 1 0 1 0 1 1 0 1 1 0 1 1
1 0 0 0 0 0 0 1 1 0 1 1 0 0 1 1 0 0 1 1 0 1 0 0 0 0 0 1 1 1 0 0
1 0 1 0 1 1 1 0 1 1 0 1 1 1 1 0 1 0 0 1 1 0 1 1 1 1 0 1 0 0 1 0
0 0 1 0 0 1 1 0 0 1 0 0 0 0 0 1 0 1 1 1 1 1 1 0 1 0 0 0 1 1 0 0
1 0 0 0 0 0 0 0 1 1 0 0 0 1 0 0 0 1 0 0 0 1 0 1 1 0 0 0 1 1 1 0
0 1 1 1 0 0 1 1 0 1 1 1 0 0 0 0 1 1 0 0 0 0 0 1 0 1 0 1 1 0 1 0
1 1 1 0 0 1 1 0 1 0 1 0 1 0 0 1 1 0 1 0 1 0 1 0 0 1 1 1 0 0 1 0
1 1 0 1 0 0 1 0 1 0 0 0 1 0 0 0 1 0 1 1 1 1 1 1 0 0 0 1 1 1 1 1
0 0 0 1 1 0 1 1 1 0 0 1 0 0 0 0 1 0 0 1 1 0 1 0 0 1 0 0 0 1 0 1
1 0 0 0 0 0 1 1 0 0 0 0 0 1 1 0 1 1 0 0 1 1 1 1 0 1 0 0 0 1 0 1
0 1 0 0 0 1 0 1 1 0 0 0 0 0 1 0 0 0 0 1 0 0 0 1 1 1 0 0 0 1 0 1
0 0 1 1 1 0 1 0 0 0 1 1 1 1 0 1 0 0 1 1 1 0 0 0 0 0 0 0 1 1 1 0
0 1 1 0 1 0 0 0 1 0 0 1 0 0 1 0 1 1 0 0 1 1 1 1 1 1 1 0 0 1 1 1
0 1 0 1 0 1 1 0 1 1 0 1 1 1 0 0 0 1 1 0 0 0 1 1 1 1 0 1 1 1 1 0
0 1 0 1 1 1 1 0 1 0 0 0 0 0 1 1 0 0 1 1 0 1 1 0 0 1 0 0 1 0 1 0
0 0 1 0 1 0 0 0 1 0 1 0 0 1 0 0 1 0 1 1 1 0 1 0 1 1 1 0 1 0 1 0
1 1 0 1 0 0 0 1 0 1 1 1 0 1 1 0 1 0 0 1 1 1 0 1 0 1 0 0 1 0 1 1
0 1 0 1 1 0 0 1 1 1 1 1 1 0 1 1 1 1 0 1 0 0 0 1 0 0 1 1 1 0 1 0
0 1 1 0 0 1 1 1 0 0 0 1 0 0 1 1 0 0 1 1 0 1 0 1 1 0 1 1 0 1 0 0
0 0 0 1 0 0 0 0 0 0 1 0 0 1 0 1 0 1 1 1 1 0 0 1 1 1 0 1 1 1 1 1
0 0 1 0 1 1 1 1 1 1 0 1 0 0 1 1 1 0 1 0 1 1 1 0 0 1 1 0 0 0 1 0
1 0 1 1 0 0 0 0 0 1 1 0 1 1 1 0 1 0 1 1 1 0 1 1 0 0 1 0 0 1 1 0
1 0 1 0 0 0 1 0 0 1 0 0 1 1 0 0 0 1 1 1 1 1 1 0 1 1 0 1 1 0 1 1
0 0 0 0 0 0 1 0 0 1 0 0 1 1 1 1 0 1 0 1 1 1 0 0 1 1 1 0 1 0 1 0
0 0 1 1 1 1 1 1 0 0 1 0 0 0 1 0 0 1 1 1 1 0 1 1 1 0 1 0 1 1 1 1
1 1 1 1 1 0 1 0 0 1 0 1 1 0 1 1 1 0 1 0 1 0 0 0 1 1 0 0 1 0 0 1
1 1 0 1 0 1 1 0 0 1 0 0 1 1 1 0 0 0 1 1 0 1 1 1 1 1 0 0 0 0 1 0
1 0 0 0 0 0 1 1 0 0 0 1 0 0 1 1 1 1 1 0 0 0 1 0 1 1 0 0 0 0 1 0
0 0 0 1 0 1 0 0 0 1 1 0 0 1 0 0 0 0 1 1 1 0 1 0 0 0 0 0 1 1 0 0
0 1 0 0 0 1 1 1 1 1 1 1 0 0 1 0 1 0 1 1 1 0 0 0 0 0 1 1 1 1 0 0
1 1 0 0 1 1 0 1 1 1 1 1 0 1 0 0 1 1 0 0 1 1 0 1 0 0 1 1 0 1 0 0
1 0 0 1 0 0 0 1 0 1 1 0 0 0 0 1 0 1 1 0 0 0 1 1 0 0 1 0 0 0 0 1
0 1 0 1 0 1 1 1 1 0 1 1 0 1 1 0 0 1 0 1 0 1 0 1 1 0 1 1 0 0 1 0
0 1 0 1 0 1 1 0 1 0 1 1 0 1 0 1 0 1 1 0 0 0 0 1 1 0 0 0 1 0 1 1
1 1 1 1 1 0 1 0 1 1 1 0 1 1 1 1 0 1 0 0 1 1 0 1 0 1 0 0 0 0 0 1
0 0 1 1 1 1 1 0 1 1 0 1 1 0 1 1 0 0 1 1 0 0 1 1 1 0 1 1 0 0 1 1
1 0 0 0 0 1 0 0 1 0 1 0 1 0 1 1 0 0 0 0 1 1 0 1 0 0 0 0 0 0 1 1
1 1 1 0 1 0 1 1 1 0 0 0 1 1 0 0 0 0 1 1 0 0 1 0 0 0 0 0 1 0 1 1
1 1 0 1 1 0 1 0 1 1 0 1 1 0 0 1 1 0 0 0 0 1 0 1 0 1 1 1 0 1 1 0
1 0 1 1 0 1 1 1 0 1 0 1 1 1 0 1 0 1 1 0 0 0 1 0 1 1 0 1 0 1 1 0
1 0 0 1 1 0 1 1 0 1 0 0 1 0 1 1 0 0 0 1 1 0 1 0 0 1 0 1 1 0 1 1
1 0 1 0 1 1 1 1 0 0 0 0 1 0 0 0 1 0 0 0 1 0 1 0 0 0 0 0 1 1 0 0
0 1 1 0 1 1 1 0 1 0 0 1 0 0 0 0 0 0 0 1 1 0 0 1 0 1 0 1 1 1 1 0
1 1 0 0 0 1 0 0 1 0 0 1 1 0 1 0 1 0 0 0 1 1 1 0 1 1 0 0 1 1 1 0
1 1 0 1 1 0 1 0 1 0 0 1 1 0 1 1 0 1 0 1 0 1 1 0 0 0 1 0 0 1 1 1
1 1 1 1 1 0 0 0 0 0 1 0 1 1 1 0 0 0 0 0 0 1 0 0 1 0 0 1 0 1 0 1
1 1 1 0 1 0 0 1 1 1 1 1 1 1 0 0 1 1 0 1 0 1 1 0 1 0 1 1 1 1 1 0
0 0 1 0 1 0 1 0 0 0 1 0 0 0 1 0 0 0 1 1 0 1 0 1 0 1 0 1 0 0 0 0
0 0 0 0 0 0 1 1 1 0 0 0 1 1 0 1 1 0 1 1 0 1 0 0 0 1 1 0 1 0 1 0
1 1 1 1 1 1 1 0 0 1 1 0 0 1 0 1 1 1 0 0 1 1 0 1 0 1 0 1 0 0 0 0
0 1 0 1 0 0 0 0 1 1 1 0 0 0 1 1 1 0 1 0 0 1 0 1 1 1 1 1 1 0 1 0
0 0 0 1 1 1 0 1 1 1 0 0 0 1 1 0 1 1 0 0 1 0 0 0 0 0 1 1 1 1 0 0
1 1 0 0 0 0 1 1 0 0 0 0 1 1 0 0 0 1 1 0 0 0 0 0 1 0 1 0 1 1 0 1
1 0 1 1 1 0 1 0 0 0 1 0 0 0 1 0 1 0 1 1 1 0 1 0 1 0 0 1 0 1 0 1
1 1 1 1 0 0 0 1 1 0 0 0 0 1 1 1 0 1 1 1 1 1 0 0 0 1 1 1 0 0 0 0
0 0 1 0 0 1 0 0 0 1 0 1 0 0 1 0 0 0 1 0 1 0 0 1 0 0 1 0 1 0 1 0
1 0 1 1 1 0 0 1 0 0 1 1 0 1 1 1 1 1 0 1 0 0 0 1 1 1 0 0 0 1 0 1
1 0 0 0 1 0 0 1 0 0 1 0 1 0 1 0 1 1 1 1 1 0 1 0 0 1 0 0 0 1 0 1
1 1 1 0 0 0 1 0 0 0 1 1 1 1 0 0 0 0 0 1 0 0 0 1 1 0 1 1 0 1 1 1
1 1 0 0 1 0 1 1 1 1 1 1 0 0 0 0 1 1 0 0 0 1 0 1 0 1 1 0 1 1 0 0
0 0 0 0 0 1 0 0 1 0 0 1 1 1 1 1 0 0 1 1 1 0 0 0 1 0 0 0 1 0 0 1
1 1 1 0 1 1 1 1 0 1 0 0 0 0 1 1 1 1 1 1 1 1 1 1 0 0 1 1 1 0 0 0
0 0 1 0 1 1 1 0 1 1 0 1 0 1 1 0 1 1 1 1 0 0 1 1 0 0 1 1 0 0 0 0
1 0 1 0 0 0 0 1 0 0 0 1 1 0 0 0 1 1 0 1 0 0 0 1 1 0 0 1 1 0 1 1
0 0 0 0 0 0 1 0 1 1 0 1 0 0 1 1 1 1 1 1 0 1 0 1 0 1 0 0 1 0 1 0
0 1 0 0 0 1 0 0 0 1 1 0 1 0 0 0 1 0 0 0 0 1 1 0 0 1 1 1 1 1 1 1
1 0 0 0 0 0 0 0 1 0 1 1 0 1 1 1 1 0 0 1 0 0 0 1 1 1 1 0 1 0 0 0
1 0 1 1 0 0 0 1 0 1 0 0 1 1 1 0 1 1 1 0 1 0 0 1 0 0 1 1 0 0 1 0
1 1 0 1 0 1 0 1 0 1 1 0 0 0 1 0 0 0 0 1 1 1 1 0 0 1 1 0 0 1 1 0
0 1 1 1 0 0 1 0 1 1 1 1 1 0 1 1 1 1 0 1 1 0 0 1 1 1 1 1 0 0 0 0
1 1 0 1 0 0 0 0 1 0 0 1 0 1 1 0 1 1 1 0 0 1 0 1 0 0 0 1 0 0 0 1
0 0 1 1 0 0 0 1 1 1 0 1 0 0 1 1 0 0 0 1 1 0 1 0 1 0 0 0 0 0 0 1
1 1 0 0 1 0 1 1 1 1 1 1 1 1 0 1 1 0 1 1 1 0 1 0 1 0 1 1 1 0 1 0
1 1 1 0 0 1 0 1 0 1 0 0 0 1 0 0 1 1 0 0 0 0 0 1 1 0 0 1 1 1 0 1
1 0 0 0 0 1 0 1 0 0 0 1 1 0 1 1 0 1 1 0 1 0 1 1 0 1 1 1 1 0 1 1
1 1 1 0 1 1 1 1 1 1 1 0 0 1 1 0 0 0 1 0 1 1 1 0 1 0 0 1 0 1 0 1
1 1 0 1 1 0 1 1 0 0 0 0 0 1 1 1 1 0 1 0 0 1 1 0 1 1 0 0 1 0 0 0
0 1 1 0 1 0 0 0 1 1 1 0 0 0 1 0 1 0 0 0 1 0 1 1 0 1 1 1 1 0 1 1
1 1 1 1 0 0 0 1 0 0 0 1 1 0 1 1 0 0 1 1 1 0 0 0 1 1 1 1 1 0 1 0
0 1 0 0 1 0 0 0 0 1 0 0 1 0 1 0 1 1 0 0 1 1 0 1 1 1 1 1 1 0 1 1
1 0 1 1 1 1 0 1 0 1 0 0 0 1 1 0 0 0 1 1 0 1 0 0 1 1 0 1 0 1 0 1
1 1 0 1 0 0 1 0 0 0 1 0 0 0 1 1 1 1 0 0 0 0 0 0 1 1 0 1 0 0 0 1
1 0 0 0 1 1 1 1 1 0 1 0 1 0 0 0 1 0 1 0 0 0 0 0 0 0 1 1 0 1 1 1
1 0 1 1 1 0 0 1 1 0 1 0 0 0 1 0 0 0 1 1 1 0 0 0 1 1 1 0 0 0 1 1
0 1 1 0 1 0 1 1 1 1 1 0 0 1 1 1 1 1 1 1 0 0 0 1 1 0 1 0 0 1 1 0
0 1 0 0 1 1 1 1 1 1 1 1 1 1 0 0 1 1 0 0 0 1 0 1 0 1 1 0 1 0 1 1
0 1 1 1 0 1 1 1 1 0 0 1 1 1 0 1 1 1 0 0 1 0 1 1 1 0 1 0 1 1 0 0
0 1 1 1 0 0 0 1 0 0 1 1 1 0 1 1 1 1 1 1 1 1 0 1 1 0 0 1 1 0 1 1
1 0 1 0 0 1 0 0 1 1 0 1 0 0 0 1 0 1 1 1 1 1 0 1 1 1 1 0 1 0 1 0
1 1 0 0 0 0 0 1 0 0 0 0 0 0 0 0 1 0 1 1 0 1 0 0 1 0 0 1 1 1 0 0
0 0 0 0 1 1 0 0 0 0 0 0 0 1 0 0 0 1 1 1 1 0 0 0 1 0 0 1 1 0 1 1
1 1 0 0 1 0 0 0 1 0 1 0 1 1 1 1 1 1 1 1 1 0 1 1 0 0 0 0 0 0 1 1
0 1 1 0 0 0 0 0 1 1 1 1 0 1 0 0 0 1 0 1 1 1 0 0 1 1 0 0 0 1 1 1
1 1 0 0 0 0 0 1 1 0 0 0 1 0 0 0 0 0 0 1 1 0 0 1 0 0 1 1 0 1 0 0
1 1 1 0 1 1 1 1 1 1 0 0 0 0 1 1 0 0 0 0 1 0 0 1 0 0 0 1 1 1 0 1
0 1 0 0 0 1 1 0 1 0 0 1 1 1 1 0 0 0 0 1 0 0 0 0 0 1 0 1 1 0 1 0
0 0 0 1 0 1 0 0 1 0 1 1 0 0 1 0 1 1 0 0 0 0 1 0 0 1 0 0 1 1 1 0
1 0 1 1 0 1 1 1 0 1 0 1 0 0 1 0 0 1 1 1 0 1 0 0 0 1 0 1 1 1 0 1
1 0 0 0 1 0 0 0 1 1 1 0 1 0 1 1 1 1 0 0 0 1 0 0 0 1 0 0 1 0 0 0
0 1 0 1 0 1 1 1 1 0 0 0 0 1 0 1 1 1 1 1 0 0 1 0 0 0 1 1 1 1 0 0
0 0 0 0 0 1 0 1 1 0 1 0 1 1 1 0 1 1 0 0 0 0 1 0 0 0 1 1 0 1 0 1
1 1 1 1 1 1 1 1 1 1 1 0 0 0 1 0 0 1 1 0 0 0 0 1 1 0 0 0 1 1 1 1
1 0 1 1 0 0 1 0 0 1 0 1 1 0 0 0 1 0 1 1 0 1 1 0 1 1 0 0 0 0 0 0
0 1 1 1 1 0 1 0 1 0 1 0 0 0 1 1 1 0 0 0 0 0 1 1 1 1 1 0 0 1 1 0
1 0 1 0 0 0 1 0 0 1 1 0 1 1 0 0 1 0 0 0 1 1 1 0 0 1 0 1 0 0 0 0
0 0 0 0 0 0 0 0 1 0 1 1 1 1 0 1 1 0 0 1 0 1 1 1 1 1 0 0 1 0 0 1
0 1 1 1 0 1 1 0 1 0 0 0 1 0 0 0 0 1 0 0 0 0 0 0 1 1 0 1 0 0 1 0
0 1 1 0 1 0 0 0 1 1 0 1 0 0 1 1 0 0 0 0 0 0 1 1 0 1 1 0 1 0 1 0
1 0 0 1 0 1 0 0 0 1 1 0 0 1 0 0 0 0 1 0 1 0 1 1 1 1 0 1 1 1 0 1
1 1 0 1 1 0 0 0 1 1 0 1 0 1 0 0 0 0 0 0 0 1 0 1 1 0 1 1 1 1 0 1
0 0 0 0 1 1 0 1 1 0 0 1 1 1 1 1 0 1 1 0 0 1 0 1 0 0 0 0 0 1 1 1
0 0 0 1 0 1 1 0 0 1 1 0 0 1 0 1 0 1 0 0 0 0 1 1 1 0 1 1 0 1 0 0
1 0 1 1 1 1 1 0 0 1 1 0 0 1 1 1 0 1 1 0 0 1 0 0 0 1 1 0 0 1 1 0
1 0 1 0 1 1 0 0 1 0 1 1 1 0 1 0 0 1 1 1 1 0 1 1 1 0 0 0 1 0 1 0
1 1 1 1 1 1 1 1 1 1 0 0 0 1 0 0 0 1 0 0 1 0 0 1 1 0 1 0 0 0 1 0
1 0 0 1 0 0 1 1 0 1 1 1 1 0 0 0 0 0 1 0 0 1 1 0 1 0 1 1 1 0 0 1
0 1 0 1 1 1 0 1 0 0 0 1 0 1 1 0 0 1 0 1 1 1 0 1 1 0 1 0 0 0 1 0
1 0 0 0 0 1 0 0 1 1 1 0 0 1 1 1 0 1 0 1 1 1 0 0 0 1 0 1 0 0 1 1
0 1 1 1 0 0 0 1 0 0 1 1 1 1 0 0 1 0 1 1 1 1 0 1 0 1 1 1 0 0 1 1
1 1 1 0 1 0 1 1 1 0 0 0 1 0 0 0 0 0 1 0 0 0 1 0 0 1 1 0 0 0 1 1
0 1 1 0 0 1 1 0 1 0 0 1 1 1 1 0 0 1 0 0 0 0 0 0 0 0 0 0 1 0 1 0
1 0 1 1 0 1 0 1 0 0 1 0 0 1 1 1 1 1 0 1 0 0 1 1 1 1 1 1 0 1 1 0
1 1 1 1 1 1 1 0 1 0 1 1 1 1 1 1 0 0 0 0 0 0 1 0 0 0 1 0 0 0 1 1
1 0 0 0 0 1 0 1 0 0 1 0 1 0 0 0 1 0 1 0 0 1 0 1 1 0 1 0 1 1 1 0
1 1 0 0 0 1 1 1 1 1 1 1 1 1 1 0 0 1 1 0 1 1 1 0 0 0 0 0 0 1 0 0
0 0 1 1 1 1 0 0 1 1 1 1 0 1 1 1 0 1 0 1 1 1 0 0 0 0 1 1 0 0 0 1
0 0 1 1 0 1 0 0 1 0 1 1 1 0 1 0 0 1 1 0 0 1 0 1 0 1 0 0 1 1 1 0
1 0 0 1 1 1 1 0 0 1 0 0 1 1 1 1 0 0 0 1 0 1 1 1 1 1 0 1 1 0 1 1
0 0 0 1 0 0 1 0 0 1 1 0 0 0 0 0 1 0 1 0 0 1 0 1 1 1 1 1 0 0 1 1
0 1 1 0 1 1 1 0 0 1 1 1 1 0 0 0 1 1 1 1 1 1 1 1 1 0 0 1 1 1 0 1
1 0 1 0 0 0 1 0 0 0 1 1 1 0 0 0 0 1 1 0 0 0 1 0 1 0 0 1 1 1 1 0
0 1 0 1 0 1 0 0 0 0 0 1 1 0 0 0 1 1 1 0 1 0 0 1 0 0 1 1 1 0 0 0
1 1 0 1 1 1 1 1 1 1 1 1 1 1 0 1 1 0 0 1 0 0 1 0 1 1 0 1 1 0 0 0
0 0 0 0 1 0 1 0 1 1 0 1 1 1 0 0 1 1 1 0 0 1 0 0 0 1 0 1 0 0 1 0
1 1 0 1 1 1 1 0 1 1 0 0 1 0 1 1 0 1 1 0 0 0 1 0 0 0 1 0 0 0 1 1
0 0 0 0 1 1 0 1 1 1 0 1 1 0 1 1 1 1 0 1 1 1 0 0 1 0 1 0 0 1 1 1
0 1 0 0 0 0 0 0 0 0 1 0 1 0 1 0 0 0 0 1 0 1 1 1 0 0 1 0 1 0 0 1
0 1 1 1 0 0 0 0 0 1 1 0 1 1 1 0 1 0 1 0 1 1 0 1 0 0 1 1 0 0 0 0
1 1 0 0 1 1 1 0 1 0 0 1 1 0 0 1 0 1 0 0 0 0 1 1 0 0 0 0 0 1 0 1
1 1 1 0 0 1 0 0 0 1 0 0 0 1 1 0 0 1 0 0 1 0 1 0 0 1 0 1 1 0 0 0
0 1 0 0 1 0 0 0 1 0 1 1 1 0 1 1 0 0 1 1 1 1 1 0 1 0 1 0 1 0 0 1
0 0 0 1 0 1 1 0 1 1 1 0 1 0 0 0 1 1 1 1 0 1 0 0 0 1 1 0 1 0 0 0
0 0 1 1 0 0 1 1 1 0 0 0 1 0 1 1 0 0 0 0 0 1 0 0 1 1 1 1 0 1 1 1
1 1 0 0 0 1 0 1 1 0 1 0 0 0 0 0 0 1 0 0 1 1 1 1 0 1 1 0 1 1 1 1
0 1 0 0 1 1 0 1 1 1 1 0 0 1 1 1 1 0 1 1 0 1 1 0 0 1 1 1 0 1 0 1
1 1 0 0 0 0 1 0 0 1 0 0 1 1 0 1 1 0 1 0 0 0 1 0 0 0 0 1 1 1 1 1
0 1 0 1 1 0 0 0 0 0 0 0 0 1 0 1 0 0 1 0 1 1 0 1 0 0 0 0 0 1 0 1
0 0 0 0 1 0 1 1 1 1 0 0 1 1 1 0 0 0 1 1 1 0 0 1 1 1 1 1 0 1 0 0
0 1 1 0 1 1 1 1 0 1 1 1 1 0 0 1 0 1 1 0 0 0 1 0 1 1 0 0 1 1 0 0
1 1 0 1 0 1 1 0 1 1 0 1 1 0 1 1 1 1 0 0 1 1 1 1 1 1 1 1 0 0 0 1
1 1 0 1 0 0 1 0 1 1 0 1 1 0 0 1 1 0 0 0 0 0 0 0 0 1 1 0 0 1 0 1
0 0 1 1 0 0 0 1 0 0 1 0 0 0 0 1 1 1 0 0 1 0 0 1 1 1 0 1 1 0 1 0
1 0 1 0 1 1 1 0 0 0 1 0 1 0 1 1 0 0 0 1 1 1 1 1 1 0 1 0 1 1 0 0
0 0 0 0 0 0 1 1 1 0 1 1 1 1 0 1 0 1 1 0 1 1 0 1 0 1 1 1 1 0 1 0
0 1 0 1 1 1 1 0 0 0 0 0 1 1 1 0 0 0 1 0 0 0 1 0 1 1 0 0 1 0 0 0
1 0 1 1 0 0 0 1 0 0 1 1 1 1 0 0 1 1 1 0 1 1 0 0 0 0 0 1 0 1 1 0
0 1 1 0 1 0 1 1 0 1 1 1 1 1 0 0 1 0 0 0 0 0 1 0 0 0 0 1 0 1 1 0
0 1 0 1 1 1 1 1 0 0 1 0 0 0 0 1 0 0 1 0 1 0 1 1 0 0 0 1 1 0 1 0
0 0 1 1 1 1 0 1 0 0 1 0 1 1 1 0 1 1 1 1 1 1 0 1 1 1 0 0 0 1 0 0
0 1 0 0 0 1 1 1 1 1 1 0 1 1 0 0 1 0 1 0 0 0 0 1 1 0 0 1 0 0 0 1
1 1 1 0 0 1 1 0 1 0 1 1 0 1 0 0 0 1 1 1 1 0 0 1 0 0 1 0 1 0 1 1
0 0 1 0 1 0 1 1 1 1 0 0 1 1 1 0 0 0 1 1 0 1 1 1 1 1 1 1 0 1 0 0
0 0 1 0 1 0 1 0 0 1 0 1 0 1 0 0 0 1 1 0 1 0 0 0 1 0 0 1 1 1 0 0
0 1 1 0 0 0 1 1 0 1 0 1 1 0 1 1 1 0 0 0 1 1 0 0 0 1 0 1 0 1 0 1
1 1 1 0 1 0 1 1 1 0 0 0 0 0 0 1 0 0 1 1 0 0 1 1 0 1 0 0 1 0 0 0
1 1 1 1 0 0 0 0 0 0 1 1 1 1 1 1 0 1 1 1 0 0 0 0 0 0 0 0 1 0 0 0
1 1 0 0 0 1 0 0 1 0 1 1 0 1 1 1 0 1 1 1 0 1 1 1 0 1 1 0 1 0 0 1
0 0 0 1 0 0 0 0 1 0 1 1 0 0 0 1 1 1 1 1 1 0 0 1 0 0 1 0 1 0 0 1
0 1 0 1 1 1 1 0 1 0 0 1 1 1 0 1 0 1 0 0 0 0 1 1 1 0 1 0 0 1 0 0
1 0 0 0 0 1 1 0 1 0 0 1 0 0 0 0 1 1 1 0 1 0 0 1 1 1 1 1 1 0 0 1
0 0 1 1 0 1 0 1 0 1 1 0 1 0 1 1 1 0 0 0 0 1 1 0 1 1 1 0 0 0 1 1
1 0 0 1 1 1 0 0 1 0 0 0 1 0 0 0 0 1 0 1 1 0 0 1 1 0 1 1 1 1 1 0
1 1 0 0 1 1 0 0 0 0 1 0 0 0 1 1 0 0 0 1 1 0 1 1 0 1 0 0 1 1 0 1
1 0 0 1 0 1 0 1 0 0 1 1 1 0 0 0 1 1 0 0 0 1 1 0 1 0 0 0 1 0 1 0
1 1 0 0 1 0 0 1 1 0 1 1 0 0 1 0 0 1 0 0 0 0 1 0 0 0 0 1 0 0 1 1
0 1 1 0 0 1 1 1 1 1 1 0 1 1 0 1 0 1 0 0 1 1 1 0 0 1 0 0 0 1 1 1
0 0 0 1 1 1 0 1 1 1 0 0 0 1 0 0 1 1 1 1 1 1 1 0 0 1 0 0 1 0 0 0
1 1 1 1 1 1 1 1 0 1 1 1 0 1 0 1 0 1 0 0 0 1 1 1 0 0 1 1 0 1 1 0
0 1 1 1 0 1 1 0 0 1 1 1 0 0 1 1 0 1 1 1 0 0 0 0 0 1 1 0 0 0 1 0
0 0 1 1 0 0 1 1 1 1 0 1 0 1 0 1 1 1 0 1 0 1 0 1 0 1 1 0 0 0 1 0
1 0 1 1 1 1 0 1 0 1 0 0 1 0 0 0 1 1 1 0 1 0 0 0 0 1 1 1 1 1 0 0
1 0 1 0 0 0 1 1 1 1 0 1 1 0 1 0 1 1 0 1 0 1 0 0 0 1 1 0 1 1 0 0
1 1 0 0 0 1 1 1 0 1 0 0 1 1 1 1 1 0 0 0 1 1 0 0 0 1 1 1 0 1 0 1
0 0 1 1 0 0 0 0 1 1 0 0 1 1 0 1 0 1 1 1 1 1 1 1 1 1 1 1 0 0 0 0
0 1 0 0 0 0 0 1 0 1 0 1 1 0 0 1 0 1 0 1 1 1 0 0 0 0 1 1 1 1 1 1
1 0 0 0 1 1 1 0 1 0 1 1 0 1 1 1 0 0 1 1 1 0 1 0 1 1 1 1 1 1 0 0
0 0 0 1 1 1 0 0 1 0 1 0 1 0 1 1 0 0 0 1 1 1 1 0 1 0 0 0 0 1 1 0
0 1 0 1 0 0 1 1 0 0 1 0 1 1 0 1 0 1 0 0 0 0 0 1 1 0 0 1 1 1 1 1
1 1 1 1 0 1 0 0 0 1 1 0 1 0 1 1 0 0 0 1 1 1 0 1 0 1 0 1 1 1 1 0
1 1 1 0 1 0 0 1 1 0 0 1 1 0 0 0 0 0 1 1 1 0 0 1 1 1 0 1 1 0 0 1
1 0 0 1 1 1 1 1 1 1 0 1 1 0 1 0 1 0 1 0 0 1 1 0 1 0 1 0 1 1 1 1
0 1 1 0 0 0 0 1 0 0 0 1 1 0 0 1 1 0 1 0 1 1 0 0 0 0 1 0 0 1 1 0
0 1 1 0 0 1 0 1 0 1 1 0 0 0 1 1 0 0 0 0 1 1 0 0 0 0 0 0 1 1 1 0
1 1 1 0 0 1 0 1 0 1 0 1 0 1 0 1 0 0 0 1 1 1 1 1 0 0 0 0 1 0 1 0
1 0 1 1 0 1 1 0 1 0 0 1 1 1 1 0 0 1 0 1 1 1 1 1 0 1 1 1 1 1 0 1
0 1 0 1 1 0 1 0 0 0 0 1 1 0 1 0 1 0 1 0 1 1 0 1 1 1 0 0 1 1 0 0
1 1 0 0 0 1 1 0 1 0 1 0 0 0 1 1 0 0 1 0 0 1 1 0 1 1 0 0 0 0 1 0
0 0 1 1 0 0 0 1 0 1 1 1 1 0 1 1 1 0 1 1 0 0 1 0 0 1 1 0 0 0 1 1
0 0 1 0 0 0 1 0 1 1 1 0 1 0 0 0 0 0 0 0 0 1 1 0 0 0 0 0 0 1 1 1
1 0 1 0 1 1 0 1 1 1 1 0 1 1 1 1 1 1 1 1 1 0 0 1 1 0 1 0 1 0 1 0
1 1 1 0 1 0 0 1 1 0 1 1 1 1 0 0 0 0 1 1 1 1 1 0 1 1 1 1 1 1 0 0
1 1 0 1 1 1 0 1 0 0 1 1 1 1 0 1 0 0 0 1 0 0 1 1 1 1 1 0 1 1 1 1
0 1 1 1 1 0 0 1 1 1 1 0 1 1 1 1 1 1 0 1 1 1 1 1 0 0 0 1 0 0 1 0
0 0 0 1 1 0 0 0 0 1 0 0 0 1 0 0 1 1 0 1 1 0 1 0 1 1 1 1 0 1 0 0
1 1 0 0 1 1 1 0 0 1 1 1 1 1 0 1 1 1 0 0 1 1 0 1 0 1 1 0 0 0 1 0
0 1 0 0 1 1 0 0 0 0 0 1 1 0 0 0 0 0 0 0 0 1 1 0 0 1 0 0 1 0 0 1
0 1 0 0 0 1 0 1 1 0 0 1 0 0 0 0 0 1 0 0 1 1 0 0 0 0 0 0 0 1 1 0
1 1 1 0 1 1 1 0 1 0 0 1 1 1 0 1 0 0 0 0 1 1 0 0 1 1 1 0 1 0 1 1
0 1 0 0 1 0 1 0 1 1 0 1 1 0 0 0 0 0 0 0 1 0 0 0 1 1 1 0 1 0 1 0
1 0 1 0 0 0 0 1 1 0 1 0 1 1 0 1 1 1 0 0 1 0 0 0 1 1 0 1 0 1 1 0
1 1 0 1 0 1 1 0 0 0 1 0 1 0 0 1 1 0 1 1 1 0 1 1 1 0 0 1 0 0 0 0
1 1 0 1 0 0 0 1 1 1 1 1 0 1 0 0 0 0 1 1 1 0 1 1 1 1 1 1 0 1 0 1
0 0 1 0 0 0 0 0 0 1 0 1 1 0 1 0 1 0 0 1 0 0 0 0 1 1 0 0 0 0 0 0
1 0 0 1 1 0 1 0 1 0 0 0 0 1 0 1 1 1 1 1 0 0 0 1 0 1 1 1 0 1 0 1
1 0 1 0 1 1 1 0 1 1 0 0 0 1 0 0 1 0 0 1 1 1 0 0 1 0 1 1 0 0 0 0
1 0 0 1 1 1 1 1 1 0 1 1 1 1 0 1 1 1 0 1 0 0 1 0 1 0 1 0 1 1 1 0
1 0 1 1 1 0 0 1 1 1 0 1 1 1 0 0 0 1 0 1 1 0 0 1 1 0 1 1 1 1 0 0
1 1 1 0 0 1 0 0 0 0 0 0 0 0 1 1 1 0 1 1 0 0 1 1 1 0 1 1 1 1 0 0
1 1 1 0 1 1 0 1 1 0 1 0 0 1 1 1 0 0 1 1 1 1 1 1 1 0 1 0 1 1 0 0
1 1 1 0 1 1 0 1 1 0 1 1 1 1 0 0 1 0 0 1 1 1 0 0 1 0 1 1 0 1 0 1
0 0 0 1 1 0 0 0 1 0 1 1 0 0 1 0 1 0 1 1 1 1 1 0 1 1 0 1 0 1 1 0
1 1 0 0 1 0 1 0 0 1 1 0 0 0 0 1 0 1 1 0 0 0 0 1 1 1 1 0 0 1 0 1
0 0 0 1 1 0 0 1 1 0 1 0 0 0 0 1 0 1 1 0 0 0 0 0 1 0 1 0 1 1 0 1
1 1 0 1 0 0 0 0 1 0 1 1 1 0 1 1 0 0 0 1 1 0 0 1 0 1 0 1 1 1 0 1
1 0 0 1 0 1 0 0 0 1 1 0 1 0 0 1 1 1 0 1 0 1 1 0 0 0 0 1 0 1 1 1
1 1 0 1 0 0 0 0 1 1 0 1 0 0 0 0 0 1 0 1 1 0 1 1 1 0 0 0 0 0 0 1
1 0 0 1 0 0 1 1 1 0 0 0 0 0 0 1 0 1 0 0 1 1 1 1 0 1 0 0 0 1 1 0
1 0 0 0 0 1 1 1 0 1 0 0 0 1 1 0 1 0 0 0 1 1 1 1 0 0 0 1 0 0 1 1
1 1 1 0 0 0 0 1 1 1 0 0 0 0 1 1 0 0 1 1 1 0 0 1 0 1 0 1 0 0 0 1
0 0 1 1 1 0 0 1 1 1 0 1 0 0 0 0 1 1 1 1 1 0 0 0 0 1 1 0 1 0 1 0
1 0 1 1 0 0 0 1 0 1 1 1 1 0 0 1 1 1 0 0 1 1 0 1 1 0 0 0 0 0 0 0
1 1 0 1 0 1 1 0 0 1 1 1 1 1 0 1 0 1 1 0 0 0 1 1 0 1 1 0 1 0 1 1
0 0 1 1 0 1 1 0 0 0 1 1 1 0 0 1 1 1 1 1 1 1 1 0 1 1 1 0 1 0 0 1
0 0 1 0 1 1 1 1 0 0 0 0 1 1 0 0 1 1 0 1 0 1 0 0 0 1 1 1 1 0 1 1
0 1 1 1 1 1 0 0 1 1 0 0 1 1 0 0 1 0 1 1 0 1 1 1 1 0 1 1 1 1 0 1
0 0 0 0 1 1 1 0 1 0 1 1 1 1 0 0 0 1 0 0 0 0 1 0 0 1 0 0 1 1 1 0
0 1 0 0 1 1 1 1 0 1 0 1 0 1 0 1 1 0 0 1 0 1 1 0 0 1 0 1 1 0 0 1
0 0 0 0 1 0 1 1 1 1 1 1 1 0 0 1 0 0 0 0 0 1 0 0 0 1 0 0 1 0 1 1
0 0 1 0 0 0 1 1 1 0 1 1 1 1 0 1 1 0 0 1 1 1 0 1 1 0 1 0 1 0 1 1
0 1 1 1 1 1 1 1 0 0 0 0 0 1 0 1 1 0 1 1 0 0 0 1 0 1 0 0 0 0 1 1
1 1 1 0 0 0 1 0 0 1 0 1 0 0 1 1 1 1 1 0 1 0 0 1 0 0 1 0 1 1 1 0
1 0 1 0 0 1 0 0 0 0 1 1 0 1 1 1 0 0 1 0 1 1 1 0 1 0 1 1 0 0 0 1
1 1 1 1 0 1 1 1 0 0 0 1 1 1 0 0 0 0 0 0 0 0 1 1 1 0 0 1 0 0 0 0
0 1 1 1 1 1 0 0 1 1 1 1 0 1 1 0 0 1 1 0 1 1 0 0 0 1 1 0 0 0 0 0
0 0 0 1 0 0 0 1 0 0 1 1 1 0 0 0 0 1 0 1 0 0 0 1 1 0 1 0 1 0 0 1
1 1 0 1 0 0 1 0 1 0 1 1 0 0 1 1 0 1 0 0 0 0 0 0 1 0 0 0 1 0 0 0
1 1 1 1 1 0 1 0 1 1 0 1 0 0 1 0 0 0 1 1 0 0 0 1 1 0 0 1 0 1 1 1
1 0 0 1 1 1 1 0 0 1 1 0 0 0 1 0 0 0 1 1 1 0 1 1 1 0 1 1 0 0 1 0
1 0 0 1 1 1 1 1 0 1 0 1 1 1 0 0 0 0 0 1 1 0 0 1 0 1 1 0 0 1 1 0
1 0 0 0 1 0 1 1 1 1 1 1 0 1 0 1 0 0 1 0 0 0 1 0 0 1 1 0 1 1 0 0
0 1 1 0 0 1 0 1 0 1 1 1 0 0 1 0 0 0 1 1 0 0 1 0 0 1 1 1 1 1 1 0
1 0 0 0 0 0 0 0 1 0 1 0 1 0 0 0 1 1 1 1 0 0 1 1 0 1 0 0 0 1 0 1
1 1 0 0 0 1 1 1 0 1 1 0 1 0 1 0 0 0 0 1 0 0 0 0 0 1 0 1 1 1 0 1
1 1 1 0 1 1 1 0 0 0 1 1 1 0 1 1 0 0 0 0 0 0 1 0 1 1 1 0 1 1 0 1
1 1 1 1 0 0 0 0 0 0 0 0 0 1 0 0 0 0 0 0 0 1 1 0 0 0 1 0 0 1 1 1
1 1 0 0 1 1 1 0 0 0 0 0 0 0 0 0 1 0 1 0 1 1 1 1 1 0 0 0 0 0 0 0
0 0 0 0 0 0 1 1 1 0 0 0 0 1 1 1 0 0 0 0 0 1 1 1 0 0 1 1 1 1 1 0
0 0 1 1 0 1 0 0 1 1 0 0 1 0 0 1 1 1 0 1 0 0 0 1 1 0 1 0 1 0 1 1
0 1 1 1 1 0 1 1 1 0 0 1 0 1 1 0 0 0 0 0 0 1 1 1 1 1 0 1 0 1 0 0
0 0 0 0 1 0 0 0 1 0 1 0 0 0 1 1 0 0 1 1 1 1 1 1 1 0 1 0 0 1 0 0
1 0 0 0 1 0 0 0 1 1 0 0 1 1 0 0 1 0 1 0 0 1 1 0 0 1 0 0 1 0 1 0
1 0 0 0 1 0 1 0 0 0 1 1 0 0 0 1 0 1 1 1 1 1 1 0 1 0 1 1 0 0 1 0
0 1 0 0 1 1 0 1 1 0 1 0 0 0 1 0 0 1 1 1 1 0 0 1 0 0 0 0 0 1 0 0
0 1 1 1 1 1 1 0 1 0 1 0 1 1 0 0 0 1 1 1 1 1 0 1 0 0 0 1 1 0 1 1
1 1 1 0 1 1 0 1 1 1 1 0 0 1 0 1 1 1 1 0 0 0 1 0 0 1 0 0 1 0 0 0
1 1 0 1 0 0 0 0 1 0 0 0 0 1 0 0 0 1 1 0 1 0 0 1 0 1 0 1 0 1 1 1
0 1 0 0 0 1 0 1 1 1 0 1 1 1 0 1 0 0 0 1 1 0 1 1 0 0 0 1 1 1 1 1
0 0 0 0 1 0 1 1 1 0 1 1 1 0 1 0 0 0 1 1 0 0 0 0 1 0 0 0 1 1 1 1
0 1 1 1 0 0 1 1 1 1 0 0 1 0 1 0 1 1 0 1 1 1 0 0 0 1 1 1 0 1 0 0
0 0 0 0 0 1 0 1 1 0 0 0 1 1 0 0 0 0 1 0 1 0 1 0 1 0 1 1 0 0 1 0
1 0 0 1 0 1 0 0 0 1 0 1 1 0 0 0 0 1 0 1 1 1 1 1 0 0 1 1 0 1 1 1
1 1 1 1 0 1 1 0 1 1 1 0 0 0 0 0 0 1 1 1 1 0 0 1 1 1 1 0 1 0 1 1
0 0 1 1 1 1 1 1 1 1 0 0 0 0 1 0 1 1 0 1 0 0 1 1 1 1 0 1 0 0 1 1
0 0 1 0 1 1 1 0 1 0 0 1 0 0 0 1 1 0 1 0 0 1 1 1 1 1 0 1 0 0 1 0
0 1 1 0 1 0 1 1 1 1 0 1 1 0 0 0 1 1 1 1 1 1 1 0 0 1 0 1 0 0 1 1
0 1 0 0 1 0 0 0 1 1 1 0 1 1 0 0 0 0 0 1 0 0 0 0 0 0 0 1 1 1 1 0
1 1 0 1 0 0 0 0 1 1 0 1 0 1 1 1 0 0 0 1 0 1 1 0 1 1 0 1 0 0 0 1
0 1 1 1 0 1 0 1 0 0 0 1 1 0 0 1 0 0 0 0 0 0 0 0 0 0 1 1 1 1 1 0
0 0 0 0 1 0 1 1 1 0 1 1 1 1 0 1 1 0 1 1 0 0 1 1 0 0 1 1 0 1 1 0
1 0 1 1 0 0 1 0 0 1 1 0 0 1 0 0 0 1 1 0 0 1 0 0 1 1 0 1 1 1 0 1
0 1 0 1 0 0 0 0 1 1 0 0 0 1 0 1 0 0 1 1 1 1 0 0 1 0 1 1 0 0 0 1
0 0 1 1 0 1 1 1 1 0 1 1 0 0 1 0 1 0 1 0 0 1 1 1 1 1 0 0 0 1 0 0
1 1 0 1 0 0 1 1 0 1 0 1 1 1 1 1 1 1 0 0 0 0 0 1 0 0 1 1 1 1 1 1
1 1 1 0 0 1 0 0 1 0 1 0 0 0 0 1 1 1 0 1 0 0 0 1 0 0 0 0 0 0 1 0
1 1 1 0 1 1 1 1 1 0 1 0 1 1 0 1 0 1 0 0 0 0 1 0 1 0 0 0 1 1 1 1
0 0 0 1 1 0 0 1 1 0 1 1 1 0 0 1 1 1 0 1 0 1 0 1 1 0 0 1 1 0 1 1
0 1 1 0 1 0 1 1 1 0 0 1 1 0 0 1 0 1 1 0 0 0 0 0 1 0 1 0 1 1 1 0
1 0 1 1 1 1 1 1 1 1 0 1 0 1 0 0 0 0 0 0 1 0 1 0 0 0 1 0 0 1 0 0
0 0 1 1 0 0 1 1 1 1 0 0 0 1 1 1 1 0 1 0 1 1 1 1 0 1 1 1 0 0 1 1
1 1 1 0 0 0 1 0 1 0 0 1 1 1 0 0 0 1 1 1 1 1 1 1 1 1 0 0 0 1 1 1
0 1 0 0 0 0 0 0 1 1 0 1 0 1 0 0 1 1 0 1 1 0 1 1 1 1 1 0 1 1 1 1
0 0 0 0 1 1 0 1 0 1 0 0 1 0 0 0 1 0 0 0 0 0 1 1 1 1 1 0 1 1 1 0
0 0 0 0 0 0 0 0 1 0 1 0 1 0 0 0 0 1 0 0 1 0 1 0 0 0 1 1 0 0 0 0
0 1 0 1 0 1 1 1 1 1 0 0 0 1 1 1 0 0 0 1 1 0 1 0 0 0 0 0 0 0 0 0
0 1 0 0 0 1 0 1 1 1 0 1 1 0 0 1 1 1 1 0 1 0 0 0 0 1 1 0 0 0 1 0
1 0 0 0 0 1 1 0 0 0 0 0 1 1 0 1 0 1 1 1 1 0 1 0 0 1 1 0 1 0 0 1
0 1 0 0 0 1 1 1 1 0 0 0 0 0 1 1 0 0 0 1 0 1 0 1 0 0 0 1 0 1 1 0
0 0 0 0 1 0 0 1 0 1 1 1 1 0 1 0 0 0 1 1 0 0 0 1 0 1 0 0 0 1 1 0
1 0 1 1 0 1 0 1 0 0 1 0 1 1 0 0 0 0 0 1 0 0 0 1 0 0 0 0 0 1 1 0
1 0 0 0 0 1 0 0 1 1 0 1 1 1 0 1 1 1 0 1 0 0 1 1 0 0 0 1 0 0 0 0
0 1 1 0 0 1 1 1 1 0 0 0 0 1 1 0 0 0 1 1 0 0 1 1 0 1 1 0 0 0 0 1
1 0 1 1 1 0 0 1 1 1 1 0 0 0 0 1 0 1 0 0 0 0 1 0 1 1 1 0 1 1 0 1
0 1 0 1 0 0 1 0 0 1 1 0 1 0 1 1 0 1 0 1 1 1 0 1 0 1 1 1 0 1 1 1
0 1 1 1 1 0 1 1 1 1 0 0 0 0 1 1 1 1 0 0 0 0 1 0 0 1 1 0 0 1 1 0
1 1 0 1 1 0 1 1 1 0 1 1 0 0 0 1 1 0 1 0 0 0 0 1 0 1 1 0 1 1 0 1
0 1 0 0 0 1 0 0 0 0 0 0 1 1 0 1 1 0 0 0 0 1 0 1 0 1 1 1 1 1 0 0
1 0 0 0 1 1 1 0 0 0 0 0 0 1 0 0 0 0 1 0 0 1 1 0 0 0 1 0 1 0 1 0
1 1 1 0 1 0 0 0 0 1 1 1 1 0 1 1 0 1 1 1 0 0 1 1 0 0 1 0 0 1 1 0
0 1 0 1 1 1 1 1 0 0 1 0 0 0 1 1 1 0 1 1 1 0 0 0 1 1 1 1 1 1 0 1
0 0 1 1 1 1 0 1 0 0 1 1 1 1 1 0 1 0 1 1 1 1 0 1 1 1 0 0 0 0 0 0
1 1 0 0 1 1 0 1 0 1 1 0 0 1 0 0 1 0 0 1 0 1 0 0 0 1 0 1 0 1 1 0
1 0 0 0 1 0 1 1 1 0 1 1 0 0 1 1 1 1 0 0 0 0 1 0 0 0 0 1 0 0 1 1
0 0 1 1 1 0 1 1 1 1 1 1 0 1 1 1 0 1 1 0 1 1 1 1 0 0 0 1 1 0 1 0
0 1 1 1 0 1 1 1 0 1 1 1 0 1 0 0 0 1 1 1 0 1 0 0 0 1 1 1 1 0 1 1
1 0 0 0 0 0 1 1 0 1 1 1 1 1 0 1 0 0 0 1 1 0 1 0 1 1 0 0 0 1 0 0
0 0 0 1 1 1 1 1 1 0 0 1 0 0 1 0 0 0 1 0 1 0 1 1 0 0 0 0 0 0 0 1
1 1 1 0 1 1 1 0 0 1 0 1 0 0 1 0 0 1 0 1 1 1 0 1 0 0 0 0 1 0 1 0
0 0 0 1 1 0 0 0 0 0 1 1 0 0 0 1 0 1 1 1 0 1 1 1 1 1 0 1 1 1 1 1
1 1 1 0 1 0 1 1 1 0 0 1 0 1 1 0 0 0 1 0 0 1 1 0 1 1 0 1 0 0 1 0
1 1 0 1 0 0 1 1 1 0 1 1 0 1 0 1 1 1 1 1 0 1 0 1 1 1 1 0 1 0 1 0
0 0 1 1 0 0 1 1 0 0 0 0 1 1 0 1 0 1 1 1 0 1 1 1 0 1 0 1 0 0 1 0
1 0 1 1 1 1 0 0 1 1 1 0 1 1 0 1 0 1 1 1 1 0 0 0 1 1 1 0 1 1 1 0
1 0 0 1 1 0 0 1 0 1 0 0 0 1 0 1 0 1 0 1 1 0 1 0 1 0 1 0 1 0 1 0
1 0 1 1 1 0 1 0 1 1 1 0 0 1 1 1 0 0 1 1 1 0 1 0 0 1 1 0 1 1 0 0
1 1 1 0 0 1 1 1 1 1 0 1 1 0 1 0 1 0 1 0 1 0 0 1 0 0 1 0 0 1 1 0
0 1 1 1 1 0 0 1 0 0 0 0 0 1 1 1 1 0 1 0 0 0 0 1 1 1 0 1 1 0 0 0
1 1 1 1 0 1 1 1 1 0 0 0 1 0 1 1 0 1 0 0 1 0 1 0 1 1 0 1 0 1 1 0
0 0 1 1 0 1 1 1 1 1 0 0 0 1 0 1 1 0 0 1 0 0 0 1 1 1 1 0 1 1 1 0
0 1 1 1 1 0 1 1 0 1 0 0 0 0 0 1 0 0 1 1 0 0 0 0 1 1 0 1 1 1 0 1
0 0 0 1 1 1 0 0 0 1 0 0 1 1 1 1 0 0 1 1 1 0 1 1 0 0 0 1 1 1 0 0
0 0 0 0 1 0 0 0 1 0 1 1 1 1 0 1 0 0 1 1 1 0 0 0 0 1 0 1 1 1 1 0
0 1 1 0 1 0 1 1 0 0 1 0 0 0 1 1 0 1 0 1 1 1 1 0 0 1 0 1 1 1 0 1
0 0 0 0 1 0 1 1 1 0 0 1 0 0 0 1 0 1 0 1 0 0 1 0 1 1 1 1 0 0 1 0
1 0 1 0 1 1 0 0 0 1 1 0 0 1 1 0 1 1 0 1 1 0 1 0 1 0 1 0 0 0 1 0
0 1 1 0 0 1 0 1 1 1 0 1 1 0 0 1 0 1 1 0 0 1 1 1 1 0 0 0 1 0 0 0
1 1 0 1 0 0 1 0 1 1 0 0 1 1 1 1 0 1 1 0 0 1 1 1 0 1 1 1 1 1 1 1
0 1 1 1 1 0 1 1 1 0 0 1 1 0 1 0 0 1 0 1 0 0 1 1 1 1 0 1 1 0 0 1
0 1 1 0 1 1 1 0 0 0 1 1 1 0 0 0 1 0 0 1 0 0 1 1 0 1 0 0 0 0 0 1
0 1 1 1 1 0 0 1 1 0 1 1 0 1 1 0 0 0 1 0 0 1 0 1 0 1 0 0 0 1 1 1
0 1 1 1 0 1 1 1 0 0 0 1 1 1 1 0 1 0 0 0 1 1 1 0 0 1 0 1 0 1 1 1
0 0 1 0 1 0 0 0 1 0 1 1 1 0 0 0 1 1 1 0 1 1 0 1 0 0 0 0 0 0 1 1
1 1 0 0 1 1 1 0 1 0 0 0 1 1 1 0 0 0 1 0 0 0 1 1 0 1 1 1 1 1 0 0
0 1 1 1 1 0 0 0 0 0 0 0 0 0 0 0 0 0 1 1 1 0 1 0 0 1 0 0 0 1 0 0
0 0 0 0 1 1 1 0 0 0 1 1 0 0 0 0 0 1 1 1 0 1 0 0 0 1 1 1 0 0 1 1
0 0 0 1 1 1 0 0 1 1 1 0 0 1 1 0 1 1 1 0 0 1 0 1 0 1 0 0 0 0 0 0
1 1 1 1 0 1 1 1 1 1 1 0 1 1 1 0 1 1 0 1 1 1 0 1 0 0 1 0 1 0 0 0
0 1 0 1 1 0 0 1 0 0 0 1 0 0 0 0 0 0 0 1 1 1 1 1 0 0 1 1 1 0 1 0
0 1 1 0 0 1 1 0 0 0 1 1 0 1 1 1 0 0 1 0 0 1 0 1 1 1 0 0 1 0 1 0
1 1 0 0 0 1 0 0 0 1 1 0 1 1 0 1 1 1 1 0 0 1 0 1 1 0 1 0 0 0 1 1
1 0 0 0 0 1 1 0 0 0 0 0 1 0 0 0 0 0 0 1 0 0 1 0 0 1 1 1 0 1 1 0
0 0 0 0 0 0 0 0 1 1 1 0 0 1 1 1 1 1 0 1 0 0 1 0 1 0 1 0 1 1 1 0
1 0 0 1 0 0 1 0 0 0 0 0 0 1 1 1 1 0 0 0 1 1 1 1 1 0 0 0 0 1 1 0
1 1 1 0 1 1 1 1 0 1 1 1 1 1 0 0 1 0 1 1 1 0 0 1 1 0 0 1 0 1 0 0
1 1 1 1 0 1 0 1 0 1 1 0 0 0 1 0 1 1 1 0 0 0 0 1 1 1 1 0 1 1 1 0
0 1 0 1 1 0 0 0 0 0 1 1 1 0 1 1 0 0 0 0 0 0 0 1 0 1 0 0 0 1 0 0
1 1 0 1 1 0 1 1 1 0 1 1 0 1 1 1 1 1 0 0 0 0 0 1 1 1 1 1 0 0 0 0
0 1 0 0 1 1 0 0 1 0 1 0 0 0 1 0 1 0 1 1 1 1 0 1 0 1 0 1 1 1 0 1
0 1 1 1 1 0 0 1 1 0 1 1 0 1 0 1 1 0 1 0 0 0 0 1 0 0 1 0 1 1 0 1
0 1 0 0 1 0 0 0 1 0 1 0 1 1 1 1 1 1 0 1 1 0 0 0 0 0 0 0 0 1 1 1
1 1 1 1 1 0 0 0 0 1 0 1 0 0 0 0 0 1 1 1 1 0 0 1 0 0 0 1 0 1 1 1
1 1 1 1 1 1 0 0 0 1 0 0 1 1 1 0 0 1 1 0 0 1 0 0 0 1 1 0 0 0 1 1
1 0 0 1 1 1 1 1 1 0 1 0 0 1 1 0 0 0 0 1 0 1 0 1 1 0 1 0 0 1 1 0
1 1 0 1 1 1 1 0 1 0 1 1 0 1 1 0 0 1 1 0 0 1 1 1 0 0 1 1 1 0 1 1
0 1 1 0 1 0 0 0 0 0 0 1 1 0 0 0 0 1 1 1 1 1 1 1 0 1 1 0 1 1 0 1
1 1 1 0 1 0 1 0 1 1 0 0 0 0 0 0 0 1 0 0 0 1 1 1 0 0 1 0 1 1 0 0
1 1 1 0 1 1 1 0 0 0 1 1 0 1 1 1 1 1 1 0 1 0 0 0 0 1 1 1 1 1 1 0
1 1 1 0 1 1 0 1 1 0 0 1 0 0 1 1 0 0 0 1 0 0 0 0 0 1 1 1 1 0 1 1
1 0 0 1 1 0 1 0 1 0 0 1 0 0 0 0 1 0 0 1 1 1 1 0 1 1 1 1 1 0 0 0
1 0 1 0 0 1 1 0 1 0 1 1 1 1 1 1 1 1 0 1 0 0 0 1 1 1 0 1 1 1 0 1
0 0 1 0 1 1 0 0 0 0 1 0 1 1 1 1 1 1 0 1 0 0 0 1 0 1 1 1 1 1 0 1
0 0 1 0 1 0 0 1 0 1 1 1 1 1 0 1 1 0 1 1 1 1 1 1 0 1 1 0 0 0 0 0
1 0 1 0 1 0 0 0 0 0 0 1 1 0 1 1 1 1 0 0 1 1 0 0 0 0 1 1 1 1 1 0
0 0 1 1 1 1 1 1 0 1 0 1 1 1 0 1 0 1 1 1 0 0 1 1 0 1 0 0 1 0 1 1
1 0 0 1 0 0 0 1 0 0 1 0 1 1 0 0 0 0 1 0 1 1 1 1 1 0 1 1 1 0 1 1
1 1 0 1 1 0 0 1 1 0 0 1 1 0 0 1 0 1 1 0 0 1 0 0 1 0 0 0 0 1 0 1
1 1 1 0 1 0 0 1 0 0 1 0 0 0 0 0 1 0 0 0 1 1 0 1 0 1 0 1 1 0 0 1
1 1 1 0 1 0 1 0 1 1 0 1 0 0 0 1 1 0 0 0 1 1 1 0 0 0 0 0 0 0 1 0
1 0 0 1 0 1 1 1 0 1 0 1 0 0 1 0 0 0 1 1 0 0 0 1 1 0 1 1 1 0 1 1
1 0 0 1 0 0 1 1 1 1 1 1 0 0 0 0 1 1 1 1 0 0 1 0 0 1 1 1 1 0 0 1
1 0 1 0 1 1 1 0 0 1 1 1 0 0 1 0 1 0 0 0 1 1 1 0 0 0 1 1 0 0 1 1
1 0 1 0 1 1 0 0 1 0 0 0 1 1 0 1 0 1 1 1 0 0 1 1 0 0 1 1 0 0 0 0
1 1 1 1 0 0 0 1 0 0 1 1 1 0 0 1 1 1 0 1 0 1 1 1 1 1 1 1 0 0 1 0
0 1 0 0 1 0 1 1 1 0 1 1 1 0 0 1 0 0 0 0 1 0 1 0 1 0 0 0 1 1 1 1
1 1 1 1 1 0 1 0 1 1 1 0 1 1 1 0 0 1 0 0 1 1 1 0 0 1 0 1 1 1 1 0
1 0 0 0 0 1 0 1 1 0 0 0 1 0 1 1 1 0 1 0 0 1 0 0 1 0 0 1 1 0 1 1
0 1 0 0 0 1 0 0 1 0 1 1 0 1 1 1 0 0 0 0 1 0 1 1 0 1 1 0 0 1 1 1
0 0 0 0 0 0 1 0 1 1 0 1 0 1 0 1 0 1 1 0 0 1 0 0 1 0 1 1 1 1 0 0
0 1 1 0 0 1 0 1 0 0 1 1 1 0 1 0 1 1 1 0 1 1 1 0 1 1 0 0 0 0 0 0
0 0 1 0 1 1 1 1 0 1 1 0 0 1 0 0 0 1 0 1 1 1 0 0 1 1 1 0 0 0 0 1
0 0 1 1 0 1 1 0 0 0 1 1 0 1 1 1 1 1 0 0 1 1 0 0 1 1 1 0 0 0 1 0
0 0 1 1 1 0 1 1 0 1 0 1 1 0 1 0 1 1 1 1 1 0 0 1 1 1 0 1 0 1 1 0
1 1 1 1 0 0 0 1 1 1 1 0 0 1 1 1 0 1 1 1 0 1 1 0 1 0 0 0 1 0 0 0
0 1 1 0 1 1 0 1 1 1 0 0 1 1 0 0 1 0 0 1 1 1 1 0 1 1 1 0 0 0 0 0
0 1 0 1 0 1 1 1 0 0 1 1 1 0 1 1 1 0 0 1 0 1 0 1 0 0 1 1 1 1 1 1
0 0 1 1 1 0 0 0 1 1 0 1 0 1 1 1 0 1 1 0 1 1 1 1 0 0 0 1 0 0 0 0
1 1 0 0 1 1 1 0 0 1 0 1 0 0 1 0 1 0 1 0 0 1 1 0 1 0 0 0 1 1 0 0
0 1 1 0 1 1 1 0 0 0 0 1 0 0 1 0 1 0 0 1 0 1 1 0 0 0 0 1 1 0 1 1
1 1 0 1 0 1 1 0 1 1 1 0 0 1 1 0 1 1 0 0 1 0 1 1 1 1 1 0 0 1 1 1
1 1 0 0 1 0 0 1 1 0 0 0 1 0 0 1 1 1 0 1 1 0 1 0 1 0 0 0 1 1 1 1
1 0 1 1 1 1 0 0 1 0 0 0 1 1 1 1 1 0 1 1 1 0 0 1 1 1 0 1 1 0 1 0
1 1 0 0 1 1 0 1 0 0 0 1 1 0 0 0 0 1 0 1 0 0 0 0 1 0 1 1 0 0 0 1
1 1 0 0 0 1 1 1 1 0 0 1 1 1 1 0 1 0 1 0 1 0 0 1 0 1 1 0 1 1 0 0
0 1 1 0 0 1 1 1 1 0 0 0 0 1 1 1 1 1 1 0 1 0 0 0 1 1 1 0 1 0 0 1
1 0 1 1 1 1 1 1 0 0 1 0 0 1 0 0 1 1 0 0 1 1 1 0 0 0 1 1 0 0 0 1
0 0 1 1 1 1 1 1 0 1 1 1 1 0 0 0 1 0 0 1 0 1 0 0 1 1 0 0 1 0 0 0
1 0 0 1 1 0 0 0 1 0 1 1 0 1 1 1 1 1 0 0 0 0 0 0 0 0 0 0 0 1 0 0
1 0 0 1 0 0 1 1 0 0 1 1 0 1 1 0 0 0 1 1 1 0 0 1 0 1 0 0 1 0 1 1
1 1 1 0 0 1 1 0 0 0 1 0 1 0 1 1 1 1 0 1 0 1 1 0 0 1 1 1 0 1 1 0
0 1 1 0 1 1 0 0 1 0 0 1 0 0 0 1 0 1 0 1 0 0 0 1 1 1 0 1 1 1 1 1
0 0 1 0 1 1 0 0 0 0 1 0 1 0 1 0 1 0 0 0 1 0 1 0 0 0 0 1 1 0 0 0
1 0 0 1 0 1 0 1 1 0 0 0 1 0 1 1 0 0 0 0 1 0 1 0 0 1 1 0 1 0 1 1
1 0 1 1 1 1 1 0 1 0 1 1 1 1 1 1 1 0 1 0 1 1 0 1 1 0 0 1 1 0 0 1
0 0 1 1 1 1 1 1 0 1 1 0 1 1 1 0 1 0 0 0 0 1 1 0 0 1 0 1 0 1 0 0
0 0 0 1 0 0 1 1 1 0 0 1 0 0 0 0 0 1 0 0 1 0 1 0 0 1 0 0 1 1 0 0
1 1 0 0 1 1 0 0 1 1 0 1 1 0 1 1 1 0 1 1 0 1 0 0 0 1 1 0 1 0 0 1
0 1 1 1 1 0 0 0 1 1 1 0 1 1 1 1 1 0 1 1 1 0 1 0 0 1 0 1 0 0 1 0
1 1 0 1 1 0 0 0 1 1 1 0 0 0 0 1 0 0 1 0 1 1 1 0 0 0 1 0 1 1 0 1
1 0 0 0 1 1 0 0 0 0 1 0 1 1 0 1 1 0 0 1 0 0 1 0 1 0 1 1 0 0 0 0
0 0 1 0 0 0 1 1 1 0 0 1 1 0 1 0 0 1 1 1 0 1 0 1 1 1 0 0 1 0 0 1
0 0 1 1 0 1 0 1 0 0 1 0 0 1 0 0 1 1 0 0 0 1 0 0 0 0 1 1 0 0 1 1
0 1 0 1 0 0 1 0 1 0 1 1 1 0 0 0 0 0 0 0 0 0 1 0 0 1 0 1 0 0 1 1
0 1 0 1 1 1 0 0 1 1 0 1 1 0 0 1 0 1 0 1 0 1 1 0 1 1 1 1 0 1 0 1
0 1 0 1 1 1 0 0 1 1 1 1 1 1 1 1 1 1 0 1 0 1 1 1 1 1 0 0 1 1 0 0
0 1 0 1 0 0 1 1 1 1 0 0 1 0 1 0 0 0 1 1 0 0 1 1 1 1 0 1 0 0 0 0
0 0 1 0 1 0 0 1 0 1 0 0 1 1 1 0 1 1 1 1 1 0 1 1 1 0 0 1 0 1 1 0
0 0 1 0 1 0 0 1 1 0 0 1 1 0 0 1 1 1 1 1 0 0 1 1 0 0 1 0 0 0 1 0
0 0 0 1 0 0 0 0 0 1 1 0 0 0 0 0 0 1 0 0 1 1 1 1 1 1 0 1 1 1 0 1
1 1 1 1 1 0 0 1 0 0 1 1 0 1 1 0 0 1 0 1 0 0 1 0 1 0 1 1 0 0 0 1
0 1 0 0 1 1 1 0 1 0 0 1 1 1 0 0 0 1 1 1 1 0 1 0 0 1 1 0 1 1 1 1
0 1 1 0 0 0 0 0 0 1 0 1 1 0 0 1 0 0 0 1 1 1 1 1 1 1 1 0 1 0 0 0
1 1 0 0 0 0 1 0 1 0 1 1 1 1 1 1 0 0 1 1 1 0 1 0 0 0 0 0 0 1 0 0
1 0 1 1 1 1 0 1 1 0 1 0 0 1 1 1 1 0 1 1 1 0 0 0 0 0 1 1 1 0 0 1
0 0 1 1 0 1 0 1 0 1 1 0 0 1 1 0 0 1 0 1 1 1 0 0 0 1 0 1 0 1 1 1
0 1 1 1 1 1 1 1 1 0 0 0 1 1 0 0 1 1 1 1 0 1 0 0 0 0 1 0 1 0 1 1
1 1 1 0 0 1 1 1 1 0 1 0 0 1 0 1 1 1 0 1 0 1 1 0 1 0 1 1 1 1 0 0
1 0 1 0 0 1 1 1 1 1 1 1 1 0 1 0 1 0 1 1 1 1 0 0 0 1 1 0 1 0 1 0
1 1 0 0 1 0 0 0 0 0 0 1 1 1 0 1 1 1 1 1 1 0 0 0 1 0 1 1 1 1 0 0
0 1 0 1 1 0 0 1 1 0 1 1 1 1 1 0 0 1 0 1 1 0 0 1 1 1 1 0 0 1 1 0
1 1 1 1 1 1 1 0 1 1 0 1 1 0 0 0 0 1 1 1 1 0 0 1 0 0 0 1 1 0 0 0
0 1 1 0 1 1 0 1 0 1 0 0 1 0 1 0 1 1 1 1 1 1 0 0 0 1 0 0 1 1 0 0
1 1 0 0 1 1 0 1 0 1 1 1 1 0 0 1 1 1 0 0 0 1 0 0 1 0 1 0 0 0 1 1
0 1 1 0 0 0 0 0 0 1 0 0 0 1 1 1 1 1 0 0 1 0 0 1 1 0 1 0 0 1 1 0
0 1 1 1 1 0 1 0 0 0 1 0 1 1 1 1 0 0 1 0 1 1 1 1 0 0 1 0 0 1 0 1
0 0 0 0 1 0 1 0 1 0 0 0 0 0 0 1 1 0 1 1 1 1 1 0 0 1 1 0 0 1 1 1
1 0 0 1 0 1 0 0 1 0 0 0 1 0 1 0 1 0 1 0 0 0 1 0 1 1 0 1 0 1 0 1
0 0 0 1 1 1 1 1 0 1 0 1 1 1 0 0 1 1 0 0 0 1 1 0 1 1 0 0 0 1 0 1
0 1 1 1 0 0 1 1 1 0 0 1 0 1 0 1 1 1 0 1 1 0 1 1 0 0 0 0 1 1 1 1
0 1 0 0 0 0 1 0 0 0 1 0 1 0 1 1 1 1 1 0 0 1 1 0 1 0 0 1 0 1 0 0
1 0 1 0 0 0 0 0 1 0 1 1 1 1 0 1 1 0 0 1 1 0 0 0 1 0 0 1 0 1 0 0
0 1 1 0 1 0 1 1 1 1 0 1 0 0 1 0 0 0 1 1 1 1 1 1 1 1 1 0 1 0 1 0
1 1 0 0 1 1 0 0 0 1 1 0 1 0 1 0 0 0 1 0 0 1 1 0 0 1 1 0 1 1 0 1
1 1 1 1 1 0 0 1 1 1 0 0 0 0 1 1 1 1 0 0 1 0 0 1 1 1 0 1 1 0 1 0
0 1 0 1 0 1 1 1 1 1 1 1 0 1 0 1 1 1 0 0 1 0 0 0 1 1 1 0 0 1 0 0
1000
828 228
992 809
591 61
621 844
634 499
459 425
724 391
960 567
600 211
157 929
523 258
352 946
292 393
652 803
165 493
302 616
978 223
202 186
999 268
115 742
159 380
522 540
143 190
297 355
651 497
37 776
705 138
287 293
528 541
391 684
901 746
696 875
348 824
880 255
349 68
261 285
846 769
255 386
63 437
580 782
266 982
227 689
235 726
863 871
747 673
388 471
840 970
92 623
346 932
183 699
196 809
612 568
905 534
756 956
650 894
526 65
736 120
973 136
399 299
285 15
714 199
871 902
954 927
322 273
335 760
498 299
275 786
395 379
789 740
110 863
976 895
194 198
375 91
954 658
840 361
572 92
927 723
655 703
712 335
556 741
806 122
558 577
577 181
45 23
400 992
1 452
668 274
232 488
702 604
155 927
363 303
589 877
508 871
87 332
492 606
485 308
847 675
288 337
9 899
80 880
992 211
396 380
80 246
752 889
234 263
401 950
128 364
714 313
453 288
147 74
11 901
540 688
515 228
691 41
917 398
762 111
829 155
776 158
383 394
691 541
534 99
81 561
675 903
655 287
753 611
982 878
961 164
987 98
834 224
315 653
924 99
232 86
112 704
468 435
116 406
776 925
648 711
237 354
366 872
649 498
480 218
97 336
449 756
757 14
420 373
284 121
811 609
484 747
517 330
865 384
142 557
230 664
130 841
726 147
819 835
613 479
341 530
800 850
457 979
833 104
300 244
431 902
312 669
632 263
159 16
836 951
795 380
320 829
958 942
28 384
917 708
259 992
739 182
941 446
316 351
353 226
768 533
365 360
370 118
190 39
382 577
823 648
359 429
617 400
124 116
715 44
746 840
620 892
814 639
249 99
39 596
503 52
821 108
672 16
934 680
196 225
7 864
928 865
447 63
717 922
824 636
943 846
843 894
386 766
958 158
55 835
219 320
953 914
10 475
563 473
739 424
48 993
543 845
490 268
854 748
303 683
594 74
280 862
761 639
853 700
982 173
414 467
963 444
329 464
553 177
334 625
684 354
7 71
941 77
53 424
322 938
696 422
16 268
455 515
871 720
610 114
862 643
534 117
650 485
150 849
245 109
519 466
257 275
43 781
724 593
779 395
368 891
584 998
723 281
986 881
865 516
15 886
38 986
125 263
688 544
583 999
439 968
684 768
509 475
466 669
376 953
629 948
379 998
272 4
134 722
344 239
559 101
246 381
408 843
242 492
247 828
997 531
943 835
394 991
229 808
857 115
657 133
682 828
291 570
262 983
444 12
912 611
992 591
280 143
91 446
967 101
30 895
501 304
623 805
601 508
980 316
416 489
425 490
325 373
225 534
971 66
474 674
520 870
429 310
735 729
957 101
359 159
226 538
790 114
536 426
671 748
954 411
977 148
349 777
404 597
123 389
114 363
995 669
598 8
64 875
978 895
577 643
707 126
740 181
739 815
460 866
926 963
154 41
429 633
373 938
560 600
833 395
355 45
367 850
806 676
46 230
542 629
935 778
700 566
623 280
991 610
427 697
649 407
206 300
923 75
201 268
766 126
640 997
735 160
107 36
532 493
872 534
407 482
570 389
824 21
952 746
149 445
171 160
27 380
889 565
869 715
230 112
986 494
369 693
419 818
193 528
734 922
769 305
85 949
738 746
808 771
425 943
957 250
984 339
74 563
47 269
201 375
14 49
695 665
56 806
217 874
160 437
284 33
483 893
965 792
632 914
768 885
592 19
17 839
723 71
861 184
150 276
232 658
877 486
648 191
867 796
369 654
815 138
999 549
617 82
365 532
225 606
529 883
806 344
597 578
877 488
568 993
848 549
676 306
634 117
898 771
822 145
157 992
666 55
878 506
399 152
625 722
907 819
450 148
784 434
753 786
963 247
182 647
366 370
465 239
227 647
195 779
386 861
735 471
322 208
871 668
771 274
571 468
728 302
741 406
535 83
913 819
978 896
785 230
447 125
165 968
159 678
268 580
459 505
374 326
640 393
904 152
957 860
672 838
677 303
416 437
529 184
312 689
276 735
51 738
281 882
75 926
194 61
446 767
685 365
518 877
996 753
289 599
203 53
324 469
527 85
886 596
750 914
366 659
93 781
631 577
603 786
947 368
784 663
178 181
16 135
832 740
223 886
896 807
716 946
489 957
292 245
745 944
965 653
806 906
305 584
518 367
588 239
353 975
615 316
209 9
271 977
429 889
248 885
10 615
499 188
292 662
795 893
417 979
896 667
315 875
384 973
869 384
544 502
305 397
747 837
578 770
783 752
2 454
829 73
534 216
492 214
993 329
355 693
33 330
159 620
211 69
608 501
229 447
142 484
640 363
797 206
143 739
314 340
892 121
780 546
356 307
358 795
841 661
698 704
418 852
281 489
830 560
677 624
303 563
401 422
187 585
999 417
474 747
494 773
516 589
479 488
809 933
759 522
906 102
321 576
803 477
296 271
925 487
902 931
932 589
296 228
876 934
604 52
924 128
861 637
257 259
304 798
944 943
56 463
54 34
323 754
290 83
29 57
747 897
8 200
682 722
75 45
500 490
461 956
385 830
944 444
887 67
938 33
43 766
863 341
330 589
709 838
733 338
572 658
36 309
350 132
353 711
536 530
832 867
416 240
169 818
231 598
713 618
477 175
626 937
479 243
782 161
750 972
133 307
477 244
299 360
816 653
188 340
537 440
676 595
704 936
306 298
852 288
853 219
8 521
948 373
554 48
932 995
814 576
662 165
241 388
6 288
65 795
60 140
912 247
409 116
533 554
796 835
185 792
168 290
471 304
925 519
332 929
179 205
995 94
833 740
739 597
521 110
943 26
227 681
896 284
220 596
607 434
594 579
357 767
400 553
674 240
213 91
656 414
414 378
156 936
243 250
726 986
69 412
223 1
715 205
358 46
30 426
504 158
853 508
375 362
996 567
836 554
116 572
672 584
679 826
871 149
372 778
823 72
35 916
723 280
212 383
643 581
104 931
805 926
330 712
890 839
983 327
585 61
390 299
789 399
932 588
218 487
817 803
927 80
97 163
957 545
1 666
587 620
278 798
980 351
428 806
490 644
45 41
735 67
794 721
205 346
328 330
271 343
869 756
606 348
322 390
240 81
816 597
133 648
305 397
629 345
199 417
467 570
298 466
518 511
785 390
156 17
121 861
329 419
286 596
125 798
361 981
384 874
449 349
196 386
181 839
61 323
522 565
262 631
352 489
199 18
796 619
920 670
583 12
77 831
943 860
775 659
136 473
662 832
917 225
432 73
914 487
243 454
150 745
519 334
326 329
14 658
24 507
501 581
279 963
807 716
298 240
538 654
378 295
308 741
428 4
747 573
235 651
412 851
538 950
381 962
373 874
547 118
254 17
906 861
506 991
132 111
589 384
22 942
107 528
655 528
159 536
851 926
899 553
299 539
724 860
232 351
266 905
967 283
801 144
546 274
933 608
960 615
158 724
466 401
920 379
736 170
902 181
680 861
551 157
80 843
674 102
676 539
64 921
685 916
624 188
598 188
662 950
735 665
784 816
535 731
153 817
568 373
654 536
240 139
397 9
248 738
930 594
73 824
498 399
77 601
939 641
601 911
283 393
537 665
277 741
738 631
914 547
196 53
651 125
737 743
107 580
792 447
942 461
276 705
649 540
412 867
967 724
944 506
672 55
788 10
733 291
668 974
960 407
250 23
655 72
750 690
765 882
958 899
300 577
692 940
911 956
575 33
180 439
61 381
171 162
305 515
239 488
938 32
306 716
650 819
31 115
815 367
448 457
39 511
4 903
74 948
395 290
959 600
369 569
440 261
547 222
706 817
157 59
935 265
775 291
689 807
241 192
372 436
423 486
816 980
93 814
811 142
407 830
787 536
663 158
75 971
539 115
930 692
103 11
952 715
557 267
205 469
843 817
624 594
56 635
457 339
128 634
553 545
481 966
845 256
405 749
847 935
403 462
476 35
80 983
321 838
423 600
626 725
420 172
331 249
731 898
529 892
586 342
445 194
94 34
502 897
473 169
540 13
91 276
420 497
40 375
269 781
717 34
572 82
304 412
536 789
566 840
592 479
688 363
928 150
957 78
613 297
195 531
458 669
301 153
765 193
302 638
78 719
377 199
954 609
917 892
40 654
972 48
61 344
844 976
855 633
214 674
619 557
230 294
799 376
456 98
166 124
461 849
967 702
749 587
69 2
340 40
674 310
423 569
83 437
899 408
123 672
947 772
184 14
375 661
299 680
867 296
41 9
93 155
866 489
247 257
505 918
277 41
223 219
873 406
673 253
379 553
634 186
476 574
716 992
961 510
385 939
637 255
584 473
913 642
234 873
831 19
796 443
756 355
564 793
375 11
486 54
69 432
426 75
776 871
244 575
685 18
687 77
541 218
138 361
173 195
943 149
272 433
211 952
786 589
190 100
93 548
665 381
148 158
378 136
29 943
866 312
315 50
864 841
321 402
270 102
814 620
923 283
812 640
212 236
581 711
433 155
1 39
653 837
273 459
684 945
382 921
