212 263
184 158
11 73 142 170 205 60 130 198 188 89 71 135
9 142 9 19 25 120 149 202 12 177
62 29 188 212 116 179 101 55 125 118 76 98 102 129 8 180 113 154 7 3 39 79 9 112 142 65 128 109 108 61 139 169 202 92 137 52 12 78 19 148 11 155 15 135 156 45 208 134 71 27 100 63 110 147 120 205 59 87 162 80 14 107 209
27 55 154 13 3 61 65 190 113 147 130 14 149 127 59 180 102 101 11 107 82 172 119 106 73 209 52 19
54 206 100 101 87 202 172 170 50 116 55 167 13 126 77 25 125 118 89 27 144 3 109 61 17 169 15 63 186 198 65 195 98 120 8 162 34 33 127 112 134 108 59 128 130 53 149 129 11 201 39 70 102 135 32
13 112 129 89 116 102 108 17 32 165 167 137 202 87
58 71 156 154 36 112 209 134 3 128 102 188 60 59 162 7 119 126 39 14 120 115 138 100 110 130 148 201 142 172 55 205 63 82 144 43 127 116 92 77 179 180 65 108 202 12 212 206 122 8 190 170 73 70 165 194 45 80 177
19 130 82 205 108 55 9 50 139 77 125 19 63 172 8 80 52 39 89 184
42 134 11 87 118 129 36 32 19 116 3 33 27 212 122 120 170 110 45 25 51 195 106 188 155 198 180 147 102 149 70 80 177 208 77 108 126 144 115 13 130 148 112
36 202 209 45 208 12 118 43 92 188 115 201 19 87 129 50 3 51 147 152 199 53 11 212 120 65 73 165 205 125 148 63 137 25 198 17 184
11 14 15 50 113 70 65 43 55 89 126 100
29 138 177 118 106 179 87 43 32 180 155 198 209 59 79 137 36 53 141 77 152 109 116 134 29 27 126 17 199 122
44 33 109 190 98 59 51 156 128 15 9 102 180 71 65 27 50 186 52 87 129 107 154 167 25 17 139 127 36 170 165 112 152 119 135 79 63 89 12 137 134 76 116 206 208
54 71 184 92 180 43 53 52 36 79 59 179 51 142 118 120 9 126 27 75 138 128 167 50 14 188 19 87 113 152 147 39 33 125 135 198 3 63 208 155 98 141 139 34 116 109 82 45 17 112 110 190 206 170 101
23 92 202 186 194 13 206 107 15 154 201 142 148 129 126 34 179 12 141 116 199 135 155 184
37 188 98 71 152 11 165 195 112 212 128 53 3 36 208 201 17 45 155 113 205 147 106 125 167 202 59 180 73 142 51 100 61 43 77 12 194 80
48 170 148 53 118 27 11 198 141 75 199 205 113 63 184 65 33 82 112 155 120 134 172 152 14 127 7 125 77 59 76 209 129 8 39 51 108 70 115 100 34 12 128 101 109 73 36 162 201
58 101 19 75 73 53 25 179 141 122 169 89 14 82 116 115 77 65 39 206 80 167 142 152 208 32 119 12 108 188 127 11 129 7 79 61 45 60 52 92 156 149 201 59 51 195 34 55 9 155 128 135 126 198 199 139 8 130 205
3 27 100 82
50 209 19 188 120 130 127 195 79 34 190 53 13 155 9 170 141 125 118 87 92 65 63 106 149 122 80 101 73 205 12 98 139 154 134 78 75 147 25 50 89 202 11 102 199 169 36 144 71 116 107
35 107 65 165 52 3 137 118 149 113 138 34 32 109 125 60 190 27 180 50 147 162 80 53 202 19 129 177 70 119 12 205 7 208 51 184
59 155 65 184 39 112 19 165 134 116 63 45 11 108 15 33 92 27 115 34 79 102 8 53 139 120 51 61 167 119 3 188 50 190 154 76 55 100 152 141 194 82 147 137 209 144 101 199 212 149 98 70 109 87 13 129 179 127 148 180
60 80 102 100 180 98 212 39 32 144 154 172 148 138 202 15 122 78 60 51 156 101 142 27 188 25 149 129 108 179 92 12 169 162 53 110 52 126 141 184 11 13 206 87 59 7 107 118 208 113 186 70 137 116 79 199 89 34 127 115 128
8 206 15 199 147 73 169 162 188
45 142 198 134 127 102 63 141 76 14 205 126 167 13 112 129 177 195 120 154 148 122 130 162 116 137 206 149 208 89 188 165 209 115 194 144 51 110 75 7 25 55 53 101 71 19
11 135 9 100 199 120 154 134 212 125 126 119
13 77 33 36 112 127 126 102 201 137 179 51 11 184
54 75 155 119 78 188 55 184 130 107 7 53 116 138 208 3 108 186 141 167 156 39 209 134 165 63 201 19 112 198 79 179 61 15 34 98 113 177 144 170 70 17 129 92 115 139 9 59 87 135 45 11 154 43 169
18 71 167 209 195 119 76 154 130 128 9 134 139 45 152 52 177 34 184
28 102 13 52 82 32 39 33 209 152 15 198 12 120 199 148 101 179 25 128 27 3 130 61 170 137 73 201 14
50 116 53 89 17 138 9 78 106 148 147 14 177 3 7 206 43 113 15 34 208 205 33 87 12 209 71 19 141 135 112 45 73 27 25 194 51 198 55 108 76 179 201 119 122 101 128 130 98 149 184
43 167 43 208 125 198 102 34 61 154 60 139 120 155 100 98 205 194 13 147 29 172 141 50 127 78 25 77 152 106 80 76 135 162 190 75 128 165 109 110 71 126 53 137
14 115 39 9 11 109 25 184 177 51 13 118 126 195 188
42 43 165 60 14 39 107 25 11 112 147 29 212 9 80 142 65 34 52 139 141 51 61 78 177 129 108 12 55 13 36 50 120 33 186 130 170 127 126 135 73 162 184
44 32 79 119 167 170 19 71 110 147 63 129 3 106 141 126 148 53 11 177 212 162 154 128 118 33 76 202 75 51 199 112 61 8 15 65 115 205 184 201 198 142 127 156 208
58 51 152 89 147 53 3 110 118 141 155 148 106 177 33 12 198 102 55 63 199 113 142 134 156 82 39 7 87 179 77 125 137 180 60 73 167 170 206 36 172 43 128 13 14 108 45 186 194 208 120 138 144 11 126 188 162 32 135
49 195 43 144 59 75 177 70 55 3 13 119 179 208 71 76 106 36 128 198 120 149 102 82 45 63 201 98 156 118 139 126 129 9 134 162 135 165 29 188 209 138 205 15 32 167 80 17 19 184
46 194 169 129 8 34 3 80 188 110 135 108 50 112 184 202 12 125 27 195 75 205 29 45 17 102 134 130 43 152 15 107 109 209 128 199 137 144 142 33 61 87 165 78 7 122 180
34 14 212 127 180 53 169 11 36 34 33 177 128 106 137 122 76 119 195 142 165 3 144 199 27 194 109 202 19 209 55 32 179 92 13
13 135 110 162 25 106 180 165 112 98 209 36 92 184
59 134 59 188 184 202 120 118 32 102 115 50 52 3 139 63 190 125 7 129 107 11 25 162 201 138 127 27 108 154 205 17 149 144 165 80 135 152 70 39 122 13 208 199 53 8 177 179 36 147 19 119 55 100 198 9 92 112 170 156
51 134 195 142 78 169 15 205 45 130 59 198 138 148 180 63 152 98 190 25 128 127 201 199 106 79 55 126 7 209 43 8 110 188 118 109 194 29 87 144 50 112 212 77 9 139 75 115 19 172 116 100
28 177 108 87 55 127 202 135 89 11 12 199 25 188 43 115 128 53 179 212 148 125 162 77 205 51 130 116 102
59 9 212 202 179 73 87 63 78 147 70 144 101 51 165 17 208 115 113 130 180 76 39 149 194 170 112 148 139 177 108 116 118 128 134 188 55 33 59 126 125 209 65 12 119 13 75 3 8 71 102 98 127 82 60 25 14 45 195 61
43 115 82 148 77 15 19 180 8 80 87 195 45 76 194 78 75 152 198 14 55 92 50 60 98 206 127 190 101 167 71 113 138 130 63 201 53 118 70 65 43 11 129 212
21 71 79 156 198 17 147 13 65 148 36 186 61 12 75 139 8 129 116 201 113 205
43 39 52 61 63 14 33 80 156 73 29 195 125 188 82 162 50 139 71 25 13 9 152 51 135 208 55 165 77 177 43 53 190 87 17 75 141 129 109 76 106 7 110 8
40 209 170 177 126 55 165 134 135 120 186 13 98 190 7 194 80 15 89 76 206 73 12 180 33 101 184 113 195 109 127 17 102 19 212 152 29 108 199 14 154
4 79 55 167 100
33 167 113 202 65 188 109 51 34 127 179 78 52 154 120 184 25 53 137 118 155 112 142 13 198 92 39 55 63 172 194 144 80 130
19 89 11 212 139 14 109 148 27 101 144 198 155 92 195 19 122 51 113 52
5 19 130 119 100 184
8 116 149 13 112 14 51 3 106
50 128 87 147 32 106 102 205 130 34 125 198 11 92 134 120 212 8 7 89 180 55 202 119 155 112 15 194 172 59 127 138 190 52 126 43 109 141 29 9 137 100 63 78 206 177 110 195 79 27 3
60 65 33 201 87 179 134 11 186 79 167 61 195 14 55 141 70 126 113 12 9 202 198 17 106 27 180 209 115 169 43 75 119 51 212 184 15 144 142 109 156 50 32 130 13 73 205 76 25 177 53 137 165 129 7 120 125 92 190 199 19
49 45 188 138 109 179 29 120 51 128 116 134 9 12 87 33 92 184 71 82 107 101 79 13 142 149 108 118 177 50 169 39 209 61 52 147 14 70 7 195 202 17 98 36 8 141 130 53 129 76
50 128 138 165 142 148 82 11 206 79 77 177 118 55 102 152 188 184 167 169 109 126 180 43 78 52 15 50 195 39 108 73 144 112 198 12 134 100 101 179 125 8 71 115 162 51 122 75 116 212 199
62 165 52 147 134 12 8 92 126 78 195 202 120 154 79 11 149 206 71 89 177 148 137 45 60 128 102 14 209 172 169 188 138 51 43 122 108 36 13 179 61 212 194 15 107 19 190 162 152 33 170 101 50 156 144 77 155 7 110 127 180 3 80
29 139 60 134 138 184 154 15 9 63 14 188 118 17 106 137 39 98 3 112 144 115 169 71 7 45 77 100 119 8
52 122 19 199 78 13 34 50 141 137 112 33 12 77 100 3 7 127 134 118 102 162 212 79 65 155 87 172 198 206 179 180 29 202 190 152 167 208 36 170 101 55 116 188 126 82 61 63 135 209 142 27 128
62 63 141 71 170 125 50 139 78 11 109 108 59 199 115 190 79 201 53 27 39 148 179 147 14 188 87 29 73 15 45 119 142 137 129 206 116 110 3 120 205 76 167 209 17 12 156 127 9 70 162 177 33 102 106 13 126 101 128 194 134 25 184
26 45 120 25 116 155 53 138 102 147 52 149 92 15 80 7 78 55 109 154 98 125 135 139 14 17 8
22 167 76 45 108 82 148 102 113 199 147 177 61 75 139 125 206 98 59 201 55 101 119
25 141 79 36 17 80 188 87 60 190 206 209 116 77 201 149 126 13 125 102 198 55 130 148 82 142
29 148 209 3 34 51 180 119 165 152 14 110 79 201 177 137 76 39 199 134 19 60 78 61 59 116 120 11 112 65
18 135 102 92 110 141 14 15 202 27 43 32 194 106 169 13 8 205 184
55 138 199 78 119 101 60 190 139 118 201 45 19 172 162 205 109 167 17 43 179 27 170 52 194 180 113 12 137 177 73 110 14 92 106 79 135 98 107 29 11 55 82 130 36 87 100 154 120 25 32 116 108 51 198 209
53 89 29 55 119 13 39 76 118 70 19 134 147 186 208 130 162 32 155 127 51 165 3 60 205 139 202 8 61 100 125 135 113 156 129 102 128 80 43 188 12 92 73 110 144 137 206 209 190 78 148 180 34 142
8 148 12 100 78 198 36 119 172
54 127 87 212 169 39 53 60 119 63 194 109 27 162 148 190 98 78 3 106 130 209 139 70 34 152 149 199 154 12 147 172 59 9 129 76 113 118 188 122 198 77 29 170 65 52 112 14 25 179 107 101 177 80 184
14 14 208 201 209 152 92 32 113 78 110 73 148 27 180
42 12 82 73 118 77 122 101 75 25 199 107 180 147 155 13 205 9 127 17 137 179 100 109 208 125 126 169 194 29 15 170 89 116 128 7 108 53 14 113 32 141 138
24 139 186 119 147 125 61 32 115 34 45 195 19 198 201 135 128 3 51 59 80 138 13 134 15
40 128 202 43 165 59 152 126 78 125 154 116 15 188 45 199 55 53 92 102 76 98 156 147 107 190 112 109 122 12 29 13 87 149 80 113 142 169 32 180 184
29 77 112 15 119 125 52 201 130 138 170 29 73 65 12 80 43 149 100 202 209 109 144 19 126 17 102 194 51 184
42 205 55 36 116 43 98 3 180 199 12 120 118 70 212 162 179 194 71 17 112 139 201 32 144 169 165 75 27 9 202 135 125 195 65 60 107 186 122 34 8 190 129
28 77 144 127 156 130 33 27 208 179 198 120 101 39 9 202 137 7 110 135 139 209 78 128 75 186 76 154 184
39 87 172 70 144 78 113 71 194 198 109 13 208 188 116 138 170 195 9 61 122 156 118 50 92 45 128 165 15 60 3 129 167 108 52 152 36 53 82 29
52 73 130 89 109 102 108 116 137 118 106 190 147 59 15 9 8 82 165 155 208 156 36 33 70 119 179 126 12 139 142 169 212 138 76 177 34 77 141 110 92 152 184 100 63 75 199 87 198 29 80 115 50
62 82 201 122 32 13 29 15 170 59 12 177 128 17 9 202 8 112 127 141 101 208 165 125 134 108 61 198 206 139 155 36 11 126 199 167 149 3 45 73 109 195 51 76 144 209 142 113 129 63 119 78 138 25 186 184 156 148 7 89 110 107 100
31 12 194 53 98 15 82 167 190 127 162 188 50 179 65 73 116 113 106 129 27 87 75 212 156 138 36 14 55 209 155 149
52 3 212 170 167 135 209 92 128 126 106 129 100 87 172 119 25 8 138 80 107 180 155 108 17 19 32 78 82 148 43 162 110 144 205 115 154 45 156 186 116 141 120 89 98 53 177 165 36 194 102 70 112
46 110 13 198 109 107 152 15 50 43 135 167 186 154 148 156 77 202 7 14 106 78 45 125 138 172 118 179 12 73 76 79 89 126 139 70 65 116 92 87 34 134 208 122 127 205 52
63 45 100 82 205 77 115 199 32 142 172 78 19 135 13 55 202 139 186 190 128 11 3 177 61 27 141 162 155 126 80 52 148 125 71 165 212 152 134 75 59 101 106 130 50 169 109 14 120 102 60 79 167 194 122 156 119 39 76 116 63 53 113 154
18 148 128 107 113 79 201 199 202 92 89 110 15 212 109 13 125 152 184
60 9 110 186 202 167 98 188 155 79 106 209 65 71 148 208 195 184 162 122 139 13 180 115 108 61 118 55 179 165 76 51 11 154 82 130 15 77 172 135 156 45 141 212 34 169 12 107 120 102 14 194 199 129 78 89 3 126 29 116 198
28 120 205 78 165 52 184 138 144 98 112 135 122 12 195 129 50 209 61 14 102 139 156 13 116 212 147 75 71
42 51 115 14 212 169 92 186 127 194 139 208 106 199 73 27 108 61 32 3 100 170 87 184 138 50 63 129 142 102 128 36 188 190 70 130 82 53 71 165 119 147 113
4 8 206 112 184
64 126 100 79 177 135 11 137 156 112 199 109 63 170 120 148 122 27 33 89 113 106 188 179 180 141 209 162 78 198 9 206 43 127 75 165 110 128 82 101 208 71 194 7 149 195 39 15 118 52 80 172 14 50 147 53 51 77 142 115 144 98 201 65 184
52 177 115 65 13 7 102 63 149 120 87 194 61 36 112 9 212 27 92 118 50 169 110 130 122 71 129 180 147 205 139 80 70 8 55 25 106 82 109 45 162 209 134 15 138 167 33 172 208 59 3 119 52
38 19 147 87 106 142 135 14 53 112 155 102 119 134 65 152 76 12 194 9 115 149 156 199 61 36 109 165 79 208 212 209 188 177 195 27 52 70 110
15 113 177 13 162 190 100 201 169 9 107 129 43 128 15 45
60 59 25 19 129 188 11 45 79 43 144 98 60 87 139 27 33 199 108 195 76 190 8 128 70 134 167 135 14 194 179 92 110 118 82 78 209 137 141 115 177 170 17 206 113 156 29 152 122 198 201 112 52 184 125 205 13 126 119 142 75
4 77 39 79 29
17 55 118 170 155 180 77 61 29 109 106 154 71 135 152 51 45 92
61 32 142 128 194 170 139 162 172 129 109 101 80 76 51 122 190 79 205 77 116 119 212 130 184 137 154 60 9 100 125 27 199 36 201 25 33 53 112 71 198 186 50 45 78 11 138 147 92 167 59 13 141 180 63 3 120 195 110 98 206 118
62 25 15 152 202 127 63 156 92 70 75 188 115 139 116 205 184 112 82 208 87 147 71 137 79 14 141 113 101 129 135 32 100 170 130 7 154 148 177 199 29 126 13 53 65 76 9 43 39 118 172 201 61 108 34 19 169 195 180 119 78 106 55
10 29 142 177 115 109 147 3 172 122 184
52 128 125 162 172 198 43 9 102 53 98 50 144 106 52 15 141 61 100 73 63 80 186 148 149 65 13 142 8 45 180 134 51 92 17 118 156 3 138 194 39 135 19 60 209 12 89 87 33 110 107 184 113
27 148 55 25 36 108 170 7 167 3 202 149 139 209 60 194 112 87 190 184 134 78 33 179 59 43 9 52
11 199 61 126 170 172 11 162 60 167 34 129
51 36 179 61 25 45 172 128 34 112 106 8 125 199 11 100 7 194 79 65 126 170 209 53 19 116 188 130 76 127 138 165 134 190 102 115 202 59 15 70 52 43 60 63 129 80 177 149 119 107 73 135
21 148 53 113 198 206 155 77 71 172 202 184 167 169 126 128 70 129 144 135 134 36
19 27 209 101 186 8 144 108 147 9 167 154 76 55 120 119 78 50 128 45
4 102 112 135 98
34 119 165 92 7 118 190 130 179 147 112 206 135 3 201 202 60 154 45 65 8 195 212 162 177 76 172 15 73 167 144 101 126 19 71
42 134 82 32 108 147 135 152 167 3 116 115 36 177 102 98 79 50 154 144 61 128 107 149 138 206 75 51 172 100 148 125 129 208 184 60 127 89 118 43 63 65 120
49 198 139 180 162 135 142 113 144 209 120 89 53 177 188 59 212 13 108 100 7 147 194 15 156 39 71 14 79 116 109 170 106 63 102 112 77 43 127 128 17 51 92 201 36 115 29 73 126 184
40 115 36 172 188 199 126 135 177 27 144 107 45 122 82 194 17 79 33 71 9 190 13 70 63 156 32 186 112 208 209 101 125 14 55 179 12 212 92 98 77
31 107 80 110 25 113 169 106 76 51 198 116 89 45 17 82 167 119 154 87 102 205 208 32 170 138 128 127 190 14 212 162
61 63 79 199 52 201 13 139 78 122 102 115 147 190 73 162 75 119 212 169 198 59 25 80 39 138 29 55 116 45 195 109 177 205 51 65 7 87 154 19 110 8 36 89 53 142 188 11 127 100 82 43 165 15 172 149 137 61 144 209 70 184
6 112 122 52 51 120 184
23 137 108 188 141 122 167 172 147 138 116 39 82 52 63 53 12 73 9 198 71 194 15 59
24 73 177 130 201 51 152 120 144 167 70 115 128 75 142 122 112 184 25 87 13 138 92 198 180
7 60 112 128 75 208 102 201
52 208 7 201 170 198 144 32 15 128 63 109 70 51 25 50 141 149 29 177 101 118 115 60 92 134 186 152 17 77 80 107 179 206 89 27 138 71 212 39 162 34 184 75 169 14 11 155 43 9 36 209 12
48 34 149 113 43 180 17 8 51 50 137 172 165 144 82 129 107 98 80 65 170 177 186 100 76 125 59 152 61 199 122 75 118 112 73 71 209 188 148 130 92 190 108 12 135 55 53 202 70
43 79 3 70 25 147 106 101 186 19 162 120 148 100 149 33 51 109 78 135 60 198 34 113 138 180 112 50 115 205 127 172 129 87 71 32 154 92 29 89 170 9 36 61
3 29 89 186
23 139 135 195 107 170 205 202 3 113 127 53 110 32 71 102 109 8 25 194 9 137 165 188
9 43 184 122 110 125 162 135 205 92
20 127 39 162 73 195 154 144 3 65 106 7 14 119 208 70 9 122 149 15 109
32 63 149 15 118 29 162 209 205 112 186 137 17 52 50 9 59 65 79 60 101 106 177 195 76 208 109 100 75 87 36 43 184
16 212 15 63 199 162 154 130 134 198 116 102 3 60 77 169 118
11 51 36 202 3 19 188 122 190 79 101 39
28 208 148 135 116 102 206 115 138 112 201 79 144 32 156 113 71 122 29 152 212 92 9 172 12 184 186 134 14
48 199 43 134 52 51 78 50 141 3 34 7 120 82 137 11 155 149 101 170 138 109 14 142 53 208 98 13 180 87 32 126 55 184 206 212 147 110 209 144 135 116 8 108 29 118 115 73 75
54 186 13 195 138 135 36 71 53 137 60 39 167 130 52 107 127 43 76 29 15 129 50 212 179 63 65 208 34 118 101 177 202 152 184 108 128 169 113 11 75 87 120 206 45 27 147 109 155 119 116 9 156 162 61
51 61 60 198 36 106 75 55 116 195 154 180 13 25 142 126 7 167 51 156 148 15 190 194 8 11 199 205 3 53 202 76 73 52 128 186 201 141 32 78 134 184 92 107 138 206 118 98 70 122 112 80
2 125 34
12 141 184 34 29 138 135 186 52 87 92 45 73
45 206 167 134 152 110 126 106 119 12 14 156 17 102 202 212 45 113 179 107 135 8 184 61 139 73 148 129 172 33 75 130 19 3 77 98 25 154 112 122 205 76 65 162 43 109
3 12 80 188
44 3 119 78 135 27 110 188 184 11 76 7 43 127 108 129 77 51 9 113 152 61 36 206 73 15 194 106 34 144 82 25 92 101 100 179 89 156 98 39 208 128 209 172 112
18 50 34 154 170 17 29 129 179 169 172 76 194 190 126 101 141 106 109
10 33 152 127 186 107 122 212 77 113 36
52 126 106 147 129 155 29 78 139 45 186 53 209 149 156 112 59 51 75 202 177 135 15 92 3 60 50 63 82 12 201 165 180 148 184 89 167 79 137 73 141 36 9 138 190 120 122 7 199 98 212 144 208
18 201 89 172 51 12 98 61 188 130 63 29 118 109 70 82 107 78 184
47 169 141 92 76 73 25 198 177 102 89 107 8 180 135 113 126 78 11 148 65 165 110 15 125 9 202 12 186 139 129 162 206 179 194 155 188 108 205 98 101 77 36 53 61 87 115 100
13 80 199 177 122 172 11 75 128 120 116 212 106 184
48 149 179 59 89 82 180 194 130 92 195 106 172 147 127 52 29 60 209 73 154 13 120 76 43 142 8 39 9 212 188 112 79 107 198 77 137 15 110 116 177 61 186 155 165 205 80 71 184
14 14 17 138 179 73 12 199 152 32 139 177 55 129 33
30 184 147 101 148 188 165 92 19 134 120 129 75 205 206 32 135 7 177 138 155 60 17 3 29 130 34 179 52 122 59
41 186 109 112 63 70 32 115 180 19 162 8 110 147 128 149 202 82 172 120 155 79 125 76 179 148 130 15 188 201 190 122 126 77 43 7 144 107 50 116 51 45
35 59 129 61 102 139 45 33 179 19 186 60 11 3 27 109 73 134 201 155 29 55 142 25 63 194 12 156 87 71 110 206 17 184 43 82
26 51 139 60 162 127 172 194 198 108 125 126 53 188 142 82 9 186 76 19 202 155 13 116 141 180 144
27 188 122 154 137 120 167 125 100 36 45 184 206 27 135 130 7 8 52 82 177 79 3 126 212 170 138 205
39 116 65 127 137 126 169 29 212 115 129 51 141 70 50 45 106 205 17 199 122 170 119 55 27 98 32 139 118 144 39 77 61 198 107 9 209 188 89 186
50 71 82 129 202 79 167 127 165 55 92 100 75 155 36 80 59 172 208 144 188 156 87 125 107 152 52 170 177 61 102 78 70 89 27 15 122 147 206 19 141 118 51 73 3 186 194 180 11 212 148
10 73 127 134 167 177 112 130 9 59 107
24 43 77 7 194 155 71 179 152 13 59 29 113 116 209 135 32 129 51 33 137 120 61 141 19
11 11 202 106 32 127 142 65 75 36 212 141
22 144 61 199 152 206 139 34 129 179 87 75 65 205 11 155 170 33 100 19 77 101 190
23 195 127 177 107 82 126 3 89 155 188 36 198 142 87 45 61 154 32 65 148 13 144 184
11 109 201 87 134 34 125 177 8 147 172 184
11 120 135 130 25 137 107 71 7 134 60 115
15 121 90 21 143 88 47 166 103 85 189 114 173 22 153 184
52 193 83 133 72 62 207 86 91 64 185 84 97 153 175 145 166 95 54 159 158 67 189 38 163 151 10 182 146 40 21 35 105 103 136 174 90 44 6 2 28 157 121 18 143 192 85 211 191 150 31 68 205
38 6 163 145 67 83 69 131 49 10 166 31 84 28 183 158 196 41 146 94 117 210 124 40 21 197 121 103 111 160 136 174 88 176 175 46 207 47 133
14 183 72 105 20 175 26 85 31 95 124 58 173 187 159
38 140 93 44 62 111 193 181 85 91 207 196 96 66 46 153 151 74 4 67 197 192 40 104 54 88 42 83 200 203 178 136 187 171 168 90 1 35 163
20 4 68 189 161 197 175 91 121 132 74 151 72 40 41 140 93 24 136 10 62
46 173 54 166 111 18 44 68 160 1 96 47 164 163 37 200 85 67 88 157 23 176 26 191 174 187 69 197 5 22 81 103 196 21 168 175 193 20 41 62 42 2 204 211 153 140 114
26 86 24 99 187 67 104 96 204 146 176 47 133 18 105 94 114 145 160 131 140 1 211 157 103 42 191
4 74 66 203 41
14 117 143 183 146 30 10 192 150 164 20 47 191 104 140
41 124 84 10 56 132 193 37 178 191 42 26 54 105 131 143 6 93 21 28 94 189 163 91 57 35 40 22 38 164 158 86 104 192 123 159 83 85 183 62 30 140
21 166 151 20 68 5 22 30 150 10 72 132 44 123 185 114 42 1 117 153 145 143
44 2 187 44 28 151 117 74 5 197 105 30 146 196 66 1 96 6 175 20 24 132 31 185 56 168 192 67 93 58 46 153 18 35 38 183 174 150 4 37 10 204 69 178 121
3 86 62 67
9 161 104 131 81 18 140 176 37 178
13 96 20 49 160 111 94 157 42 35 38 176 57 182
46 178 211 6 44 151 86 187 181 123 5 166 99 40 83 67 164 57 42 85 103 97 24 105 23 28 30 41 159 182 200 153 193 197 84 96 207 49 47 90 95 173 140 204 133 124 158
63 95 26 66 97 30 114 203 90 161 191 69 171 210 196 150 207 86 200 176 187 168 49 42 56 166 136 93 83 158 84 157 48 160 85 174 6 96 68 185 175 181 159 62 178 81 21 183 57 74 145 47 211 88 1 204 192 16 124 58 44 132 46 24
33 103 49 1 182 185 31 175 105 143 56 200 94 173 196 181 145 95 153 85 86 117 192 5 10 131 26 132 68 42 114 38 183 165
39 197 22 161 187 181 173 57 182 97 46 143 166 18 105 145 133 191 196 84 49 164 153 193 150 183 40 96 91 132 203 31 74 103 23 47 42 6 38 90
9 131 133 62 132 37 2 69 58 71
15 140 157 22 145 38 66 181 196 175 62 151 183 164 20 193
43 38 74 91 54 24 178 95 37 49 69 93 104 10 211 168 146 18 166 173 164 67 66 35 192 96 28 124 62 31 20 2 72 57 42 56 64 81 26 207 203 136 114 191
46 146 111 136 150 44 24 67 157 159 38 72 166 6 132 163 174 54 145 85 176 160 23 66 26 58 197 35 21 196 16 31 153 42 183 69 168 1 207 20 151 185 123 204 124 105 104
26 38 111 85 16 159 117 104 123 176 4 132 168 164 171 163 42 49 90 54 86 84 56 211 28 94 22
20 181 203 150 193 81 6 23 131 153 83 18 48 158 38 35 72 124 69 66 136
25 84 91 163 150 38 121 5 145 58 158 117 211 124 105 185 171 10 68 26 72 176 74 123 30 133
5 99 203 54 185 114
48 22 158 48 58 196 197 66 203 157 103 143 81 185 117 191 90 26 49 64 28 124 68 69 35 67 10 97 23 181 164 210 1 2 146 168 40 176 5 94 140 93 42 211 30 183 84 114 95
15 56 99 93 96 197 111 192 196 133 183 185 159 164 10 175
13 176 44 121 189 143 5 114 18 93 192 183 210 69
35 168 185 37 140 23 191 211 94 196 62 136 38 16 164 160 123 20 187 178 143 31 28 105 48 4 30 175 181 58 114 26 18 6 22 193
4 150 38 111 172
34 210 5 150 28 197 168 104 41 132 203 72 35 18 164 83 24 160 2 114 192 95 166 185 6 181 62 146 187 99 81 105 84 121 189
49 62 85 197 160 183 211 54 41 193 133 68 174 58 72 26 187 203 74 185 143 49 204 40 159 182 28 69 196 56 31 192 95 111 207 2 88 171 24 22 84 210 168 86 97 140 67 48 191 145
50 210 123 168 160 171 90 187 72 48 64 54 47 74 93 97 193 173 197 182 181 6 183 103 16 58 68 46 200 133 44 18 121 1 131 175 91 207 145 196 28 31 57 26 192 150 166 146 151 67 23
35 193 16 26 182 22 62 68 111 4 168 35 121 157 207 114 31 97 131 81 185 183 133 38 58 103 1 21 5 151 10 41 95 74 93 9
30 191 4 54 49 64 124 117 26 196 88 22 86 153 44 178 85 99 74 193 58 166 145 176 40 158 151 111 210 90 174
52 62 153 105 66 123 143 99 86 191 84 166 46 21 69 133 168 93 42 5 90 175 81 41 196 193 157 173 1 207 68 150 18 57 30 132 31 183 151 58 4 103 35 121 174 111 158 159 104 10 40 136 164
33 185 182 143 72 90 30 211 91 173 54 40 16 193 104 159 171 24 68 121 181 28 58 67 20 174 164 84 48 123 117 161 38 98
21 10 158 5 171 185 103 196 93 161 207 95 104 178 175 74 160 86 20 143 203 97
38 99 48 31 207 66 211 28 5 166 146 93 37 57 140 91 44 175 132 210 40 26 24 176 96 85 183 68 114 181 189 46 35 158 90 193 54 161 10
38 85 44 23 48 150 159 58 38 105 158 2 111 56 164 40 97 182 35 88 72 6 136 96 171 10 1 64 211 189 54 83 67 26 210 104 132 145 93
39 20 197 49 95 104 182 140 22 42 158 58 37 103 54 204 166 6 192 207 185 93 2 46 114 67 97 111 153 41 88 86 196 81 47 40 200 90 4 74
61 174 171 196 151 192 182 99 104 166 41 24 85 42 5 10 74 191 88 54 21 204 133 62 83 81 67 187 211 23 56 97 114 178 143 136 46 64 160 18 153 103 168 6 48 31 47 157 124 2 111 1 57 94 49 183 20 207 84 86 22 154
57 192 28 183 48 163 93 185 74 41 182 83 35 123 157 150 197 145 131 121 88 54 86 2 114 210 153 193 211 23 207 124 104 66 26 168 16 176 158 200 81 1 91 187 69 37 62 133 38 136 94 84 196 44 160 204 178 105
57 133 193 62 69 204 105 161 1 95 86 111 132 150 117 210 99 88 131 168 47 121 57 183 42 18 44 151 182 207 136 197 40 163 83 28 189 93 35 171 4 6 160 37 5 66 54 74 20 203 58 103 48 96 31 22 123 156
43 174 2 56 57 91 136 181 191 48 44 143 5 185 178 123 6 204 81 18 189 54 145 196 41 117 21 168 4 160 35 171 105 64 84 131 42 67 49 182 163 200 121 96
34 18 67 5 136 143 171 146 187 159 40 182 132 64 46 163 22 26 91 168 21 178 111 10 16 151 90 150 68 131 31 191 88 140 93
18 210 182 145 146 44 189 21 181 104 163 114 26 81 151 178 6 185 62
38 161 66 185 146 99 28 117 90 41 42 103 4 111 24 143 93 47 81 54 207 56 136 23 204 197 191 30 133 21 5 58 46 83 97 153 22 105 138
16 42 136 174 171 145 24 192 81 191 178 143 49 203 2 211 105
16 143 84 124 72 91 123 168 81 41 86 163 136 151 161 5 77
43 23 20 145 207 97 41 6 163 111 83 181 84 210 5 57 44 132 46 168 160 193 192 18 178 48 93 74 38 1 54 81 72 103 123 158 133 37 176 143 151 200 211 34
9 171 72 168 105 196 85 159 23 191
8 211 166 182 44 84 6 46 145
48 124 171 131 204 49 146 145 21 168 103 41 133 123 183 54 86 2 203 175 28 159 48 46 207 157 182 66 6 37 136 74 173 132 114 24 18 42 97 67 95 90 166 160 69 178 158 20 176
2 159 111
62 62 35 31 44 41 157 47 26 182 185 178 57 200 6 146 105 204 140 103 181 210 21 211 37 104 176 46 159 99 49 160 197 22 20 23 83 5 117 30 153 2 72 68 166 131 207 95 48 58 150 96 88 24 158 132 196 175 64 187 10 69 16
61 10 131 23 200 44 164 211 124 157 48 54 189 67 173 85 150 117 86 104 83 49 72 193 176 69 47 140 84 133 181 123 57 58 182 16 28 187 35 146 41 62 90 183 151 159 168 204 175 121 31 161 174 145 114 96 143 22 136 103 88 39
34 84 46 67 66 197 68 103 90 54 151 35 123 72 210 4 62 196 150 132 93 58 176 153 48 18 203 1 171 20 23 159 191 160 111
64 210 166 38 153 123 181 183 18 99 54 189 193 111 117 136 40 185 103 5 57 211 20 37 105 200 23 48 2 95 4 176 121 10 90 84 160 132 131 145 187 85 151 6 83 173 28 182 204 178 58 72 158 31 26 197 91 46 88 191 21 203 1 140 170
20 161 136 157 1 66 171 166 41 196 97 132 197 159 131 204 21 207 173 72 84
17 42 40 132 140 103 30 44 28 161 93 67 204 146 68 6 185 47
2 173 166
49 104 131 85 66 40 28 31 189 140 69 20 96 111 123 175 38 26 153 16 146 168 183 57 178 41 72 5 103 181 1 86 160 185 48 6 164 145 42 21 204 37 171 99 22 151 173 46 210 84
23 159 204 74 173 31 136 207 166 175 64 200 35 37 46 30 91 10 171 20 211 49 143 15
46 67 161 133 49 200 160 66 83 192 41 47 23 57 157 74 48 163 181 171 46 20 2 124 189 121 99 178 21 16 5 30 6 197 68 143 193 174 86 207 91 151 196 42 18 28 44
28 157 83 58 150 48 96 132 22 30 94 175 131 164 176 64 6 28 62 42 40 2 203 207 68 168 72 41 95
42 46 211 193 133 18 23 203 104 72 42 69 4 196 83 54 86 168 207 41 159 189 1 200 10 174 97 31 47 140 183 166 44 191 182 88 2 26 5 145 96 16 151
54 97 210 10 171 140 181 114 123 157 24 31 86 41 67 105 1 211 30 145 146 174 72 69 23 84 143 136 183 103 150 193 96 44 68 187 131 166 20 175 90 26 153 83 64 94 191 204 196 18 37 66 121 95 132
35 81 46 2 72 132 23 164 35 104 181 161 182 5 158 200 166 93 145 1 136 21 153 197 31 151 160 143 131 69 210 183 30 22 193 110
14 174 173 40 22 49 38 175 46 204 210 23 192 41 162
15 191 44 210 84 146 38 196 211 189 175 207 104 111 93 11
12 67 24 99 185 204 37 143 10 159 86 16 173
59 81 140 191 121 196 58 189 200 124 99 28 90 173 30 111 44 85 31 117 24 211 193 68 176 23 133 161 48 96 95 182 37 16 166 207 160 123 66 132 181 168 69 21 86 42 40 105 203 91 64 104 6 49 187 171 131 153 46 4
29 123 166 90 182 157 20 103 1 97 4 185 196 187 85 163 5 37 175 96 150 176 69 131 94 181 207 211 146 204
54 103 72 174 93 157 56 88 123 189 132 124 6 62 81 37 210 48 131 94 1 90 54 114 173 49 16 10 24 117 44 163 121 145 58 67 35 86 204 143 22 68 211 168 26 31 20 158 85 40 95 74 133 166 4
10 121 210 176 145 95 93 175 4 56 197
40 204 83 44 157 150 96 185 26 56 68 133 164 40 5 151 146 183 91 182 203 21 145 84 66 160 58 22 173 28 62 67 90 37 176 171 64 103 140 57 74
18 166 175 10 57 111 160 178 72 1 158 23 197 146 81 41 83 21 58
11 174 178 46 189 23 56 85 181 123 42 182
3 124 196 62
54 181 140 163 111 64 182 46 203 166 81 97 93 67 72 174 168 104 157 114 85 150 57 192 123 200 191 37 136 99 26 4 159 145 183 121 44 91 160 204 30 132 47 1 22 86 133 197 88 94 187 124 185 66 103
4 10 28 171 13
9 90 111 182 26 210 40 157 173 103
22 4 104 28 151 168 182 207 6 42 46 88 18 23 150 35 99 117 30 174 47 178 100
62 187 123 104 153 81 84 136 16 166 114 41 164 111 69 66 62 35 168 83 117 196 121 31 193 40 103 197 10 105 64 124 74 58 203 37 146 5 23 22 132 46 161 173 88 140 94 150 145 49 54 86 192 175 44 93 24 157 90 26 28 47 2
35 48 2 1 176 117 193 74 66 160 40 83 200 84 23 42 151 26 136 86 161 6 140 150 196 197 90 31 211 163 96 189 49 104 203 116
30 146 204 37 191 20 114 40 117 150 49 4 192 23 62 145 6 187 48 86 56 105 97 182 24 72 5 159 67 103 183
37 159 104 157 4 31 197 166 26 181 111 41 42 136 211 74 145 54 143 131 96 182 86 132 114 91 85 123 210 35 23 117 95 204 192 163 193 146
44 191 114 42 210 31 157 10 2 111 20 158 37 153 173 94 211 74 41 133 185 132 24 21 99 150 86 182 96 178 40 131 88 91 84 93 44 49 58 16 48 56 140 46 196
35 207 103 93 163 161 143 193 146 56 168 40 85 157 97 95 4 160 64 69 26 185 28 136 5 131 2 20 16 150 37 145 91 35 44 21
57 176 191 178 123 4 151 54 88 10 157 81 99 200 46 196 74 158 210 35 93 62 56 132 159 189 57 168 49 193 2 90 161 85 174 40 1 121 28 124 30 68 181 72 150 91 69 111 84 66 185 183 48 67 20 160 207 64
18 90 56 143 18 91 16 183 178 23 57 136 47 200 86 166 95 94 52
46 38 183 56 203 163 1 88 47 168 158 173 150 5 111 182 66 140 10 62 161 24 197 132 28 211 200 81 40 114 37 160 54 30 84 23 192 117 83 176 74 57 133 67 123 136 4
21 192 104 143 48 2 105 42 67 96 95 21 160 16 44 161 174 24 157 28 158 93
37 133 22 211 124 69 37 204 5 164 4 30 47 163 158 151 54 104 42 1 68 62 171 117 181 174 90 105 207 114 28 168 153 183 150 26 178 96
9 67 4 171 210 44 183 40 173 161
45 38 91 183 185 164 44 123 133 90 171 200 161 54 49 168 67 66 124 22 69 48 131 105 35 103 6 86 203 187 211 111 151 83 97 47 140 196 189 96 58 207 163 99 18 114
17 189 38 164 56 46 57 191 42 163 131 16 117 81 159 62 69 92
41 81 84 204 111 164 58 150 1 114 5 28 103 23 85 175 57 96 47 42 62 74 153 10 48 181 18 117 31 68 140 105 182 124 41 20 158 95 54 143 163 2
53 166 37 97 58 5 30 21 203 83 18 90 132 88 136 22 105 72 143 163 191 175 74 178 84 56 4 95 6 28 196 145 181 54 64 68 103 35 176 2 164 153 146 183 20 91 104 38 204 99 1 24 96 197
46 192 97 94 196 58 145 163 136 200 35 66 16 57 2 96 175 40 164 81 173 146 6 158 143 178 30 62 1 159 133 24 91 23 31 140 121 132 174 150 18 207 176 74 46 203 29
6 203 187 178 21 207 160
26 132 6 145 160 91 66 193 123 47 121 211 84 200 159 191 174 16 35 104 131 40 69 46 94 158 93
