100 500
1 54
54 76
54 15
54 36
76 19
36 22
1 31
54 69
36 83
76 42
19 48
54 10
10 63
31 6
54 94
63 43
69 41
43 79
79 35
36 7
69 61
76 91
94 47
35 34
31 24
19 74
83 70
94 17
42 12
47 93
35 45
43 73
24 2
2 72
10 8
79 92
24 13
45 96
7 30
12 66
10 56
31 26
54 90
47 80
63 37
34 62
90 58
41 77
72 82
31 25
30 78
13 9
83 3
13 33
77 59
3 85
91 98
15 39
59 67
69 84
25 89
70 20
13 65
26 46
72 95
98 4
45 64
30 21
43 44
42 50
33 40
1 5
64 29
20 28
19 68
50 53
80 49
1 52
8 60
9 38
29 75
53 51
62 99
38 81
44 86
78 23
65 88
84 11
7 100
89 55
77 14
70 32
6 57
57 27
3 18
66 87
47 97
70 16
77 71
99 1
38 99
48 1
37 48
74 38
78 37
39 1
27 39
84 38
32 1
9 99
11 27
6 99
88 48
16 1
42 48
61 27
55 16
91 88
63 61
93 91
3 78
97 6
72 27
65 37
33 61
51 1
40 32
95 74
5 1
14 1
45 78
23 95
98 6
25 11
41 16
75 99
94 41
10 42
79 93
82 41
8 25
28 79
29 1
96 40
36 99
30 9
60 91
73 48
12 40
44 45
18 6
47 33
90 5
92 45
89 41
85 11
70 3
52 61
57 52
87 28
2 61
49 85
26 70
58 36
59 29
53 92
22 98
50 33
15 58
67 60
100 89
35 16
43 2
56 79
83 37
7 90
46 18
24 72
76 24
31 100
19 87
81 78
13 36
71 67
66 92
68 26
21 35
62 13
17 23
20 63
34 52
86 32
4 8
54 83
77 78
69 3
64 4
80 61
34 20
42 3
61 97
30 99
11 40
13 86
86 90
60 83
75 100
60 63
58 7
73 77
30 10
51 90
98 28
61 53
54 68
90 89
56 70
73 20
1 17
42 53
47 28
97 95
56 2
38 1
53 75
77 42
73 98
20 83
18 7
11 71
81 33
8 81
22 97
70 97
10 59
21 49
19 64
93 39
29 11
44 51
11 5
57 85
9 98
28 87
63 90
39 65
79 90
26 13
100 58
16 52
99 53
92 36
89 57
37 77
79 56
85 65
56 43
59 94
49 81
12 20
29 6
7 22
85 18
14 73
4 69
57 54
52 45
7 13
20 30
75 78
37 71
40 43
90 11
88 61
57 2
48 7
41 72
60 87
8 4
75 43
84 13
22 44
15 13
53 41
49 79
82 56
41 74
78 16
39 63
34 4
19 71
69 89
78 8
40 36
12 9
30 18
55 78
29 34
46 37
48 34
41 82
82 40
15 74
6 77
91 39
5 57
5 23
51 45
70 78
11 36
75 7
69 97
55 2
52 9
29 93
9 36
31 4
26 2
93 70
30 51
36 80
5 81
53 12
89 52
5 56
35 76
83 63
75 59
10 81
64 53
29 37
85 91
19 23
34 78
77 92
32 87
74 44
44 99
73 39
59 75
35 63
96 79
30 82
74 3
66 97
86 16
95 58
97 15
69 34
15 65
6 47
47 20
50 51
67 57
83 72
50 28
88 1
98 2
73 37
100 62
85 100
4 71
80 72
25 99
13 17
48 33
24 96
9 20
32 46
68 60
80 64
21 43
55 91
26 82
39 36
62 19
73 63
45 92
46 7
59 28
36 77
93 84
57 5
98 40
100 67
69 94
11 60
44 15
38 24
72 89
21 97
18 87
45 31
9 44
30 34
30 33
53 57
98 60
81 19
30 61
28 38
28 98
67 82
88 35
42 78
19 92
45 27
15 89
48 92
5 63
47 40
76 26
22 26
9 50
84 80
64 84
70 99
89 30
77 2
39 9
12 25
33 2
30 71
18 43
16 8
77 66
54 78
34 64
83 100
93 92
19 93
16 63
80 91
21 6
100 4
62 33
76 7
66 44
28 17
84 81
21 65
22 47
43 1
92 46
3 31
53 62
20 41
1 95
7 41
47 21
91 78
90 74
93 56
61 94
45 81
4 39
27 30
41 31
54 1
74 88
92 14
12 83
25 91
6 76
26 35
36 33
35 19
1 10
22 53
31 5
8 28
42 43
66 28
57 62
52 31
23 32
72 2
99 84
69 92
72 32
49 100
52 2
32 92
95 97
46 75
66 13
32 94
19 54
38 98
34 76
29 54
64 98
57 23
93 48
85 69
2 78
86 41
4 19
95 44
7 93
