100 496
7 8
63 74
65 63
47 81
21 7
7 6
89 7
14 47
17 35
92 81
1 54
94 38
63 16
94 11
46 31
57 30
7 21
20 2
100 42
3 39
28 63
36 48
8 83
12 43
88 3
6 8
40 60
20 25
29 54
28 34
31 29
41 69
75 47
97 6
53 40
74 57
7 93
29 31
82 86
99 46
60 29
86 66
53 1
14 23
20 47
72 50
54 29
94 42
38 26
38 100
21 93
67 35
81 14
8 21
10 92
92 47
8 93
99 54
95 50
67 15
50 45
11 9
54 60
69 93
40 99
95 5
29 1
41 83
84 76
35 24
54 85
93 8
30 16
43 98
30 28
74 30
5 95
88 44
48 36
83 21
45 5
89 21
2 75
75 23
85 29
14 92
35 17
60 31
3 44
65 57
34 30
53 29
53 31
46 40
54 99
23 14
63 34
58 91
25 75
95 18
2 10
25 2
30 34
94 100
75 81
64 3
25 10
65 28
26 38
57 16
43 49
8 69
41 97
54 31
72 52
99 1
83 41
39 64
83 97
21 6
18 72
92 23
7 83
50 72
63 57
89 8
31 40
42 94
96 3
93 89
98 43
29 99
21 83
93 21
74 34
64 78
89 41
3 64
75 14
28 16
53 46
21 89
26 42
89 93
31 54
20 75
2 14
90 33
34 74
40 53
60 54
16 28
9 26
7 41
72 5
41 93
83 69
5 45
21 8
86 82
94 26
16 74
41 8
54 53
46 54
9 100
83 8
26 94
40 85
47 92
9 38
42 26
39 96
97 83
9 11
6 69
8 89
44 78
60 40
49 12
8 6
99 60
30 57
10 2
11 26
38 11
96 88
44 96
89 97
92 75
12 49
50 52
100 94
20 92
29 85
75 10
2 47
31 46
72 95
88 64
1 53
95 52
6 7
69 7
14 2
14 75
34 63
97 21
78 88
81 75
3 78
10 25
96 39
75 25
45 50
29 40
57 74
34 57
18 50
10 81
47 14
45 18
8 7
47 20
23 2
69 8
64 96
89 6
11 100
6 89
74 65
81 23
16 65
34 16
97 8
85 99
92 2
100 38
1 99
65 30
74 63
6 97
69 21
46 29
25 92
66 82
23 81
52 50
17 24
47 2
24 15
2 92
18 5
24 67
26 100
35 15
10 23
66 86
85 40
34 28
54 46
78 39
1 60
23 20
18 52
69 6
88 39
81 25
3 96
44 39
81 47
3 88
31 85
47 10
74 16
5 52
33 90
57 28
23 10
2 20
83 6
46 53
29 46
41 89
42 38
5 50
7 69
28 74
52 18
83 89
85 53
46 99
64 44
63 65
38 42
92 10
45 72
14 81
65 34
52 5
17 15
69 97
63 30
34 65
75 20
1 85
44 88
25 14
6 83
65 16
60 1
52 72
57 63
11 94
23 75
23 25
97 7
92 14
93 7
47 75
53 54
31 99
88 78
14 25
100 11
100 26
25 20
85 1
67 17
96 64
49 98
99 31
99 29
85 60
76 84
29 53
97 69
5 72
25 81
26 9
10 75
14 20
57 34
39 44
88 96
20 10
1 29
44 64
2 81
21 97
93 41
1 31
42 11
99 40
97 41
93 83
6 93
30 74
30 65
16 57
38 94
92 25
78 96
54 40
78 64
20 81
16 34
65 74
53 99
26 11
6 21
44 3
83 7
28 65
28 57
57 65
81 92
42 9
96 78
17 67
31 1
97 89
15 35
40 54
40 31
63 28
15 67
46 1
99 53
21 41
28 30
78 3
40 46
49 43
96 44
18 45
72 45
20 23
60 53
50 5
47 25
7 89
9 42
9 94
16 30
16 63
41 21
39 78
89 69
14 10
15 17
6 41
10 14
10 47
7 97
82 66
40 29
35 67
5 18
1 40
39 88
53 60
31 60
74 28
43 12
81 20
41 7
69 89
53 85
39 3
91 58
75 2
12 98
41 6
98 49
97 93
24 35
93 69
92 20
60 85
100 9
25 23
98 12
42 100
11 38
78 44
38 9
60 46
99 85
83 93
24 17
21 69
81 10
25 47
50 18
2 23
85 31
52 95
31 53
23 92
46 60
2 25
93 6
69 83
54 1
45 95
94 9
45 52
72 18
1 46
60 99
85 54
18 95
89 83
52 45
95 45
64 88
93 97
30 63
81 2
47 23
29 60
10 20
69 41
8 41
23 47
64 39
95 72
20 14
67 24
15 24
50 95
8 97
11 42
75 92
40 1
