778 579
628 457
30 465 331 303 775 340 213 495 566 403 235 304 75 249 81 17 244 280 310 46 226 168 643 553 754 609 342 189 316 710 257
6 87 350 300 669 371 88
17 223 739 657 82 210 227 423 76 436 208 289 263 586 595 352 122 520
37 506 592 778 448 34 776 320 752 40 405 25 338 635 524 13 538 734 316 533 508 391 99 722 331 308 356 124 476 605 270 330 714 693 475 243 4 246
38 54 532 348 327 159 707 509 722 544 127 558 610 229 250 83 362 279 293 487 765 464 395 246 169 499 162 685 374 49 721 505 588 270 629 347 300 593 108
36 529 177 315 208 78 766 365 716 732 466 175 385 369 219 567 740 21 381 108 401 235 649 435 226 583 99 6 162 757 197 530 198 568 53 218 255
4 158 368 429 210
31 472 153 65 340 271 554 770 89 420 366 580 657 655 740 664 608 330 193 407 388 422 687 589 438 321 730 578 575 134 316 25
33 617 616 769 365 418 125 688 102 487 657 308 108 85 756 540 458 664 771 328 25 155 530 595 187 205 686 627 424 479 337 175 671 67
10 220 496 3 217 360 291 611 172 306 103
31 708 85 709 497 298 132 212 221 8 49 150 321 71 771 769 585 494 181 408 366 168 569 374 367 446 373 502 314 597 648 424
34 621 602 66 547 259 77 372 140 429 413 238 685 168 237 162 9 390 246 341 576 700 35 520 686 519 682 371 89 542 526 362 29 616 386
29 95 458 523 87 336 164 457 270 92 601 354 468 496 289 94 340 197 766 593 552 201 560 325 450 387 225 470 408 707
2 435 547
19 1 5 722 167 220 204 376 481 446 52 256 149 127 403 334 702 87 760 706
4 381 214 529 202
3 4 311 765
19 275 754 134 618 297 549 588 710 535 83 654 513 554 375 140 329 578 24 340
31 569 257 101 429 589 518 2 689 204 665 343 373 137 525 261 41 479 268 342 309 727 136 655 35 296 481 473 23 744 711 224
9 772 127 348 658 311 233 24 542 55
3 24 395 513
38 564 745 490 596 341 421 411 45 675 580 179 129 332 343 642 430 486 639 200 478 180 584 731 653 152 159 595 241 278 244 111 501 552 544 535 384 401 71
14 145 130 340 641 556 348 94 25 689 77 513 67 594 704
6 642 37 30 594 124 435
25 47 48 266 714 418 723 561 434 443 731 260 531 683 55 382 131 172 577 600 626 480 669 614 251 66
22 296 189 43 574 525 680 36 255 252 760 589 581 117 352 467 493 447 399 617 502 626 724
26 232 488 769 320 637 389 485 196 611 383 396 559 426 257 500 100 613 675 357 329 646 633 583 286 210 101
10 77 776 211 308 761 423 650 693 58 674
2 622 26
10 453 452 131 37 233 660 302 652 716 708
26 616 610 495 679 370 27 492 494 24 717 149 77 52 423 355 108 759 401 557 631 259 586 47 708 59 68
37 29 575 193 63 770 465 485 202 746 119 639 197 699 188 228 712 219 594 389 568 110 733 143 84 587 284 469 164 374 115 126 502 608 227 723 129 630
25 356 543 424 241 733 164 58 159 195 138 702 591 589 225 192 346 26 605 727 612 216 18 156 240 412
10 652 81 119 519 216 303 248 664 397 92
20 488 438 282 498 299 542 289 493 370 721 748 123 591 148 535 565 155 366 372 306
22 66 704 485 756 340 56 367 83 754 172 9 255 705 72 55 522 171 721 456 561 231 73
8 626 519 82 715 222 60 738 656
13 3 616 393 597 334 321 145 315 85 362 544 623 385
29 690 510 774 72 656 300 38 662 473 6 535 3 777 675 77 211 685 235 481 93 427 158 623 212 106 382 529 60 648
32 508 542 765 720 189 438 92 159 352 148 567 174 272 636 490 329 302 706 599 432 695 150 504 443 674 761 452 444 568 467 259 244
21 23 676 626 524 689 625 744 303 773 517 624 68 495 606 435 141 273 529 387 74 366
2 482 132
4 355 250 59 85
4 657 150 716 682
11 289 205 328 23 474 18 110 13 386 210 56
6 308 283 22 708 388 410
16 771 459 700 11 62 181 758 66 173 763 79 117 189 25 350 454
10 760 513 650 612 770 544 352 440 426 725
4 722 272 589 687
18 50 290 561 727 628 627 262 690 153 542 679 622 517 420 200 340 733 118
17 393 480 726 699 722 633 714 331 498 496 26 711 683 287 539 292 51
15 124 742 284 550 78 498 645 529 523 714 575 141 244 298 571
36 160 449 544 89 46 328 313 33 463 624 525 205 167 6 98 427 460 506 700 551 4 635 315 272 359 684 126 42 755 38 510 88 537 706 159 329
33 704 525 193 6 245 455 520 266 484 369 247 571 586 698 90 703 265 456 141 497 62 493 349 29 643 202 110 385 511 716 451 544 752
13 622 321 54 436 424 189 258 2 255 147 342 512 759
31 174 66 460 418 545 434 162 97 146 757 711 296 522 350 529 311 515 230 103 354 266 608 724 355 665 438 567 548 719 337 156
18 655 616 690 204 488 572 765 71 196 227 7 736 233 334 349 119 643 43
11 415 155 260 754 614 410 651 36 97 587 287
36 345 674 457 214 696 69 755 511 454 344 106 240 262 648 107 588 98 39 5 255 9 480 113 116 358 365 385 773 552 702 549 505 564 183 129 408
36 258 510 159 533 208 49 148 329 596 133 541 683 108 625 538 668 540 120 42 700 111 328 223 488 44 77 294 458 72 79 30 68 531 436 627 697
24 477 254 683 648 40 218 647 360 67 142 421 144 347 694 728 343 362 559 461 727 760 299 432 733
27 414 526 234 115 637 354 51 113 613 466 1 663 476 233 635 556 338 211 473 532 197 312 210 329 508 237 289
26 705 567 280 719 755 148 493 480 478 496 9 476 527 26 232 539 504 400 278 687 378 310 101 458 524 104
4 32 508 120 553
17 638 18 83 566 182 213 542 481 467 653 71 666 306 145 719 353 17
29 690 257 228 726 605 195 636 314 302 129 344 3 553 595 514 673 92 124 383 230 716 506 378 45 539 103 413 348 13
9 452 353 504 167 644 111 509 302 79
36 85 630 392 616 386 170 540 543 315 662 596 284 619 320 554 197 716 339 131 135 484 667 558 216 355 663 385 529 180 441 67 243 606 452 319 520
7 7 257 406 133 776 739 436
2 385 361
30 265 628 589 292 692 654 155 776 623 716 132 428 70 417 423 659 516 227 62 618 32 421 318 373 702 108 302 724 260 393
10 483 634 125 225 159 511 379 442 348 98
24 211 361 539 517 666 672 591 152 527 184 734 476 773 443 219 576 646 154 753 96 603 547 587 456
17 33 565 167 417 596 490 676 102 686 374 747 34 139 342 77 620 338
26 486 236 125 159 234 232 712 735 86 235 741 81 152 185 525 664 602 569 35 124 697 365 375 308 760 738
38 508 99 708 352 573 466 27 194 651 192 104 209 649 96 312 731 463 504 222 474 609 616 751 361 777 430 505 553 79 277 727 109 251 598 584 92 706 211
33 744 284 519 764 412 502 724 281 140 153 400 569 250 547 698 711 497 225 532 440 716 146 468 30 625 162 126 632 718 599 35 89 527
10 684 557 464 336 373 35 20 549 359 333
13 486 332 667 25 516 439 7 301 48 244 564 390 556
35 199 79 475 727 257 586 452 304 378 260 331 634 461 141 442 258 318 743 520 21 716 745 154 67 383 706 404 527 431 223 363 6 776 333 513
28 369 187 405 595 167 612 111 208 740 675 358 146 427 203 485 217 609 653 735 546 712 285 229 104 275 192 259 128
21 765 3 472 537 159 433 741 200 221 446 464 22 538 45 646 461 227 11 719 260 356
21 438 153 35 172 628 715 207 324 725 74 440 63 410 94 108 730 131 79 244 646 61
3 569 304 146
30 219 540 151 254 493 462 634 683 76 168 543 277 501 774 347 16 659 290 751 61 17 405 697 752 669 684 55 65 527 169
28 142 753 515 415 627 80 29 650 703 83 516 222 62 19 637 152 278 406 49 339 232 158 103 708 622 66 724 522
36 633 674 740 233 129 451 237 659 772 366 426 593 638 567 163 11 35 353 406 375 617 302 741 417 159 507 513 733 689 468 249 74 614 245 183 301
5 88 451 672 185 165
23 200 711 598 132 346 270 454 318 44 554 680 407 545 165 485 264 570 353 193 591 755 197 694
23 396 67 574 467 138 541 51 720 633 52 623 47 227 650 596 273 234 519 317 696 612 430 31
12 382 301 500 565 749 627 95 31 190 413 644 753
23 85 333 641 612 205 161 529 667 47 169 443 475 119 122 763 721 278 585 738 89 680 350 491
16 411 679 466 38 699 450 402 621 276 462 254 694 579 563 181 156
29 262 241 108 219 55 619 745 68 436 689 770 320 555 683 193 89 381 263 775 778 429 12 133 766 502 61 696 75 762
11 419 503 357 328 773 407 674 714 128 439 373
8 197 659 97 30 53 137 544 122
19 356 383 676 455 636 377 332 151 265 147 512 386 298 491 122 289 370 758 67
36 80 561 263 638 681 377 683 404 674 43 167 35 266 143 523 535 358 81 486 498 240 179 650 330 692 244 282 242 776 252 151 673 103 448 615 164
36 210 580 293 723 13 174 394 636 168 597 200 600 442 273 590 59 687 290 7 472 380 144 735 558 131 661 265 312 761 611 487 681 423 50 418 565
12 745 56 123 367 683 704 370 149 481 648 695 572
35 609 633 124 774 686 90 139 338 84 506 676 179 196 700 625 302 277 31 721 349 376 567 316 477 545 266 497 218 237 211 72 525 776 4 145
38 43 102 275 97 332 139 697 557 638 62 582 255 719 778 556 764 737 428 741 216 564 440 503 639 202 113 169 587 207 140 338 497 442 674 167 703 358 627
4 205 202 330 482
3 757 54 608
23 699 417 397 409 578 387 222 38 115 197 667 236 96 616 191 182 162 80 81 350 144 21 373
23 315 444 30 103 55 674 7 344 330 682 279 693 728 351 765 11 638 721 101 263 662 63 598
3 347 176 138
25 167 758 523 326 180 728 294 339 158 47 108 385 463 274 54 103 592 145 293 643 1 723 300 30 329
18 434 48 45 299 332 344 690 208 465 777 498 441 691 533 367 289 267 591
2 329 726
3 164 627 656
23 365 135 466 476 629 454 715 515 767 391 591 684 351 354 69 599 409 355 227 336 207 632 583
3 258 510 28
19 551 217 346 7 612 511 451 711 6 153 765 514 253 590 48 648 621 440 632
30 350 373 395 260 564 359 722 257 118 760 204 770 325 134 324 644 723 441 119 668 55 78 700 689 576 642 353 532 472 420
17 154 131 462 514 21 118 383 253 595 400 10 640 530 104 408 428 687
11 376 722 500 358 199 564 369 737 278 253 308
38 653 35 626 324 267 575 637 256 188 337 226 524 115 434 290 438 245 634 76 485 696 173 296 587 552 392 358 123 178 204 472 440 55 287 602 311 104 312
14 767 99 707 774 565 703 241 35 538 108 251 5 157 413
28 576 191 193 103 231 29 523 378 517 118 90 620 199 410 553 647 611 334 451 54 501 638 266 108 243 106 256 744
35 675 109 263 7 365 703 208 242 59 227 492 312 560 385 629 168 552 752 142 704 104 751 224 82 49 35 236 769 27 726 353 103 519 624 83
38 88 343 134 125 214 435 375 16 238 206 574 542 646 643 427 130 189 310 359 81 697 204 662 450 746 553 163 754 228 536 733 639 528 157 559 444 285 374
17 153 333 180 654 598 706 372 443 463 649 547 5 452 521 348 564 216
23 617 227 350 282 78 381 532 281 393 730 308 15 760 739 482 596 764 359 287 42 653 20 545
35 629 96 424 195 485 625 210 164 613 654 739 753 644 501 247 293 574 274 709 252 689 45 239 267 410 336 575 423 253 761 160 315 87 72 576
15 594 185 396 524 388 112 267 374 453 9 651 221 183 744 82
33 160 672 660 215 123 775 656 250 490 95 403 180 599 79 647 210 696 148 379 610 75 686 81 113 236 312 485 21 15 461 332 298 730
17 249 630 57 165 327 675 726 115 658 754 507 502 131 677 310 690 680
37 136 103 147 663 489 308 265 571 439 70 684 154 229 222 654 416 760 361 324 461 359 602 317 342 632 172 344 354 336 313 750 423 407 158 761 641 248
25 550 272 59 766 232 425 125 518 690 109 66 164 294 657 647 325 301 50 254 434 761 551 621 91 643
19 364 593 571 519 51 365 289 296 550 761 174 554 497 679 451 161 205 762 300
26 97 68 441 275 51 17 493 619 444 473 106 452 486 204 345 257 726 357 736 242 63 303 539 33 723 198
25 122 165 273 140 572 274 628 253 220 429 344 271 187 760 478 276 216 239 769 762 296 570 532 624 7
17 322 78 422 476 450 23 268 341 225 316 156 293 113 730 12 321 757
12 323 298 678 129 233 56 377 529 426 761 263 727
2 196 55
27 441 256 227 372 462 456 599 300 1 200 760 583 369 519 385 605 661 506 499 149 246 128 766 547 514 222 626
9 53 29 702 649 249 569 86 93 71
31 252 611 131 233 232 584 467 35 394 276 28 765 130 522 578 264 181 667 268 61 698 169 322 234 452 11 471 542 59 483 153
12 659 265 682 7 667 122 201 411 106 629 481 30
9 73 244 85 475 101 379 332 214 774
37 95 575 671 202 89 583 275 762 597 570 747 630 714 716 347 158 663 192 667 254 683 268 491 326 572 54 673 94 216 618 439 559 285 607 499 733 665
21 8 587 262 103 697 83 500 249 355 54 644 61 400 683 330 425 139 66 342 23 2
27 554 6 738 731 170 668 79 171 40 87 483 455 428 510 447 221 200 471 236 772 518 445 698 122 539 699 18
22 11 157 297 618 465 302 723 739 677 228 621 101 226 204 324 274 303 82 62 599 259 74
13 661 122 585 34 111 217 277 170 3 94 225 597 348
24 32 331 482 405 135 486 431 647 577 251 542 511 145 269 497 562 617 374 44 318 635 273 578 282
36 623 190 403 549 277 767 147 278 564 655 59 731 684 73 531 527 666 404 695 505 38 467 441 599 667 492 34 711 281 543 729 178 736 488 309 302
6 69 404 254 414 498 283
17 407 310 171 409 144 668 410 204 40 78 598 182 464 741 714 360 185
9 436 334 113 27 272 65 184 288 343
17 465 101 534 392 216 640 113 752 157 480 703 755 142 293 735 444 227
10 621 741 535 163 364 533 581 198 462 234
3 41 307 386
12 245 253 120 282 671 732 631 44 384 761 354 255
23 19 707 410 28 546 279 247 763 66 659 393 696 319 570 258 569 110 760 115 402 286 182 420
22 332 34 306 556 402 728 429 536 674 175 336 343 439 350 516 333 409 538 524 447 692 735
10 595 72 313 393 176 687 508 618 27 434
19 57 326 672 744 580 252 214 97 292 314 136 163 605 264 495 285 24 621 754
20 517 664 294 117 439 419 24 761 387 553 571 702 132 198 152 551 138 762 424 626
4 554 448 278 767
32 677 292 36 777 480 538 341 576 707 708 229 87 25 582 27 569 176 520 102 533 192 322 21 415 90 227 364 756 135 763 689 594
35 310 78 633 558 241 647 718 328 318 621 446 607 442 5 741 210 23 665 120 282 232 428 126 262 333 719 445 721 569 167 422 596 628 684 553
3 775 405 701
15 546 683 593 393 440 23 79 569 377 740 637 124 14 187 95
20 422 743 241 409 664 577 439 475 155 611 543 400 684 148 676 226 756 708 511 547
38 629 742 225 355 251 239 153 442 24 514 770 86 566 777 554 670 751 624 587 125 733 445 280 103 461 464 513 631 604 291 222 739 402 716 734 369 172 558
12 541 221 474 165 259 479 51 32 530 422 491 393
37 545 557 248 350 496 283 374 492 263 668 89 325 271 203 288 228 224 665 607 537 690 444 111 704 518 12 614 53 147 85 649 541 391 200 140 493 739
32 99 477 270 222 460 524 233 283 702 173 55 431 735 523 188 417 189 326 154 433 725 740 462 350 134 106 494 140 208 193 263 50
35 144 253 747 246 331 737 424 149 39 690 728 684 326 743 45 140 404 256 539 207 274 41 445 363 603 394 74 391 677 357 51 12 732 277 220
9 498 22 336 332 581 573 305 296 307
14 382 414 493 219 616 342 678 706 179 201 699 8 98 344
37 480 127 152 545 525 453 758 350 192 557 733 606 40 380 199 167 476 284 157 112 595 182 507 43 754 257 248 760 534 381 518 586 302 231 751 252 522
2 177 315
7 226 295 544 159 584 252 315
19 138 448 477 361 355 242 422 671 635 665 457 494 688 532 717 232 634 102 130
11 225 203 741 400 240 376 421 86 100 484 463
27 524 755 317 502 57 359 119 606 749 394 472 683 346 704 274 173 128 751 468 350 198 492 407 319 770 282 677
19 509 507 497 537 609 364 428 230 653 535 68 510 136 10 152 694 720 469 753
26 366 51 445 119 550 568 159 657 124 724 365 610 54 434 418 346 361 56 295 607 39 17 98 292 415 559
13 111 86 180 743 564 655 318 188 375 110 201 136 335
37 331 762 732 517 596 684 702 111 409 574 272 219 593 112 520 599 669 477 510 637 119 636 485 453 594 20 197 45 406 216 682 754 24 756 737 771 194
27 159 350 562 128 327 545 722 239 130 110 592 371 401 517 388 428 757 678 415 125 146 527 203 47 697 604 200
24 602 120 474 704 77 150 322 564 171 337 242 121 660 509 411 749 579 551 497 630 368 181 2 755
16 372 386 496 724 20 463 499 417 630 744 122 398 642 338 77 364
28 610 51 190 736 164 84 522 733 220 22 340 667 97 4 538 239 9 576 497 184 263 413 737 217 498 367 229 570
2 278 333
35 623 515 262 101 204 589 377 691 440 65 597 30 547 124 54 624 347 626 718 546 16 127 564 373 463 744 729 289 91 557 306 141 432 157 582
6 458 299 761 537 606 556
13 97 757 471 603 232 536 390 530 423 661 472 9 464
30 431 753 375 102 231 158 699 46 380 776 715 439 704 746 353 294 430 750 600 295 14 766 5 62 334 86 226 179 363 613
27 431 310 400 221 774 135 470 311 226 520 661 342 655 166 656 285 271 722 267 635 338 471 735 479 47 384 570
6 442 192 726 585 74 39
31 215 257 433 221 656 303 75 310 758 447 749 283 640 532 746 488 391 312 306 733 38 773 146 117 184 550 227 239 611 142 285
9 521 329 430 548 670 333 454 447 385
36 114 354 542 504 402 620 585 641 124 551 286 279 50 89 608 432 305 148 242 596 215 52 640 226 29 764 256 21 721 347 252 69 648 531 98 672
24 559 91 294 516 446 618 39 774 629 60 474 697 543 327 97 584 161 19 401 131 264 263 772 405
5 107 456 384 696 429
22 594 764 299 520 120 627 344 119 438 437 538 524 727 511 445 567 406 156 503 371 365 236
16 757 282 552 28 495 94 654 8 627 701 645 643 336 585 511 60
24 378 287 43 95 86 603 265 326 778 612 498 150 487 132 548 468 1 523 234 580 752 637 615 731
30 12 146 491 228 537 754 300 199 155 547 640 728 672 566 515 103 330 63 550 723 469 280 631 766 162 34 635 462 219 418
24 419 179 443 685 656 553 650 35 531 25 496 276 80 212 589 523 113 462 306 192 615 251 588 702
27 486 734 730 76 525 55 326 740 347 776 393 743 613 744 3 431 294 419 427 479 297 321 512 735 554 450 545
25 513 155 657 81 189 634 372 133 455 429 774 453 658 374 675 305 84 758 505 672 545 107 236 501 106
27 408 526 402 757 388 307 448 520 578 598 21 689 369 3 48 470 574 247 727 496 346 99 138 251 245 748 128
23 345 505 20 651 472 736 299 619 710 141 414 46 519 570 325 350 558 300 382 528 330 29 476
21 512 729 342 578 107 317 110 82 383 324 480 487 100 678 475 760 746 721 645 608 263
22 324 450 54 461 344 421 602 544 622 586 618 246 773 629 65 438 754 124 274 196 26 465
35 127 270 625 110 282 109 655 341 431 501 685 211 186 599 675 254 147 10 279 43 119 630 280 617 69 636 290 623 416 398 48 189 66 272 609
21 271 295 110 228 401 700 561 327 507 262 618 225 374 417 261 393 284 199 663 528 631
2 503 307
24 30 227 687 88 601 290 510 266 251 111 40 371 120 757 65 551 648 71 373 708 577 129 274 142
35 543 113 39 556 615 263 613 134 353 368 595 489 318 623 581 485 288 43 28 734 38 386 446 265 533 597 232 399 762 351 83 17 467 220 276
19 581 63 318 634 360 211 479 361 371 377 548 341 256 323 486 678 528 751 180
35 726 92 374 367 471 105 162 244 489 626 86 606 425 671 214 670 596 377 251 173 57 775 680 687 732 643 144 327 554 349 183 651 690 370 630
33 414 647 588 570 495 355 365 199 745 629 138 273 744 239 39 76 562 77 119 394 738 713 441 370 669 43 326 280 171 421 609 702 700
7 462 353 582 403 527 742 197
23 342 210 497 666 129 124 507 419 381 552 553 506 112 157 216 58 703 72 468 581 654 498 119
26 270 145 174 571 112 371 444 170 331 519 666 639 39 593 501 187 277 742 261 556 460 684 421 776 549 78
32 281 55 503 671 507 151 42 399 131 166 401 352 378 317 298 303 288 170 398 240 346 249 184 365 9 210 136 616 724 601 261 765
26 149 175 750 346 267 381 738 234 76 387 119 596 585 429 696 556 755 559 515 289 321 75 199 481 247 673
15 132 339 342 143 279 739 105 30 508 46 778 325 490 600 99
26 333 637 643 324 407 309 310 206 2 661 733 626 374 696 118 542 669 697 769 717 403 202 95 138 593 85
24 519 565 521 37 552 363 637 54 219 298 574 314 113 681 421 543 110 483 755 410 416 122 176 530
8 183 699 46 338 47 263 149 747
22 142 437 721 372 92 752 477 596 215 650 758 111 615 1 681 492 575 706 337 311 282 728
37 176 626 327 471 14 411 395 630 440 594 582 222 149 494 282 713 640 623 366 417 392 401 612 349 381 260 362 251 265 668 123 116 459 776 739 407 151
35 255 684 30 492 293 747 373 495 73 242 709 179 122 145 291 419 22 479 513 189 184 77 182 230 390 433 508 316 542 198 541 480 750 313 47
9 419 769 259 581 221 316 296 106 210
19 120 481 105 327 248 150 290 645 133 511 423 684 92 590 153 468 289 122 314
38 448 639 554 299 654 532 719 335 242 277 414 444 742 579 74 660 186 586 339 518 450 681 159 288 417 73 304 647 29 336 585 611 593 250 323 673 298 33
5 141 577 696 719 547
29 360 54 224 164 730 228 307 105 676 611 718 737 255 192 137 509 618 637 734 447 725 765 63 683 294 776 222 692 203
25 776 377 605 398 576 181 624 469 108 629 289 645 270 275 186 676 403 486 547 704 56 585 221 234 435
4 703 548 759 140
35 27 370 100 681 565 74 81 99 235 218 85 602 460 171 760 125 217 381 305 315 665 33 412 663 584 580 444 227 485 127 376 438 705 61 742
7 174 456 416 598 318 510 247
31 233 637 186 372 761 601 29 713 613 563 243 250 378 269 135 315 106 683 751 721 352 661 197 681 180 727 290 568 710 24 42
21 207 595 447 93 735 632 466 775 566 247 695 739 329 620 512 139 240 200 446 468 385
35 242 138 363 720 89 156 565 641 693 255 135 553 148 432 225 311 238 498 323 305 309 331 532 771 406 295 296 644 462 408 249 727 335 760 632
3 21 168 555
3 344 573 770
16 649 392 339 692 318 258 59 446 94 654 735 509 519 6 522 485
11 92 208 173 345 222 3 736 712 599 336 371
9 630 62 708 627 81 69 127 611 361
5 215 709 486 87 181
33 602 675 702 59 322 67 601 777 28 118 328 242 262 243 376 102 455 466 668 658 428 311 284 190 531 491 338 100 633 593 538 196 296
33 152 210 515 447 321 190 389 439 156 443 410 158 539 74 442 501 119 310 675 641 478 200 109 92 480 522 167 738 645 596 531 698 9
28 611 386 325 651 686 122 151 226 157 213 274 365 90 748 701 26 724 729 586 773 282 679 758 601 589 11 160 550
38 344 621 115 128 162 59 610 49 390 228 683 565 217 317 694 703 68 380 281 722 560 562 485 77 195 100 74 738 188 455 596 314 727 559 666 137 392 276
5 351 215 220 12 506
4 567 275 501 364
2 16 251
6 616 490 101 50 736 535
6 546 138 38 194 618 627
34 569 203 201 525 475 45 765 44 113 25 579 234 122 356 532 268 9 82 648 481 320 76 208 251 303 36 436 284 598 715 168 725 248 3
5 332 402 163 211 69
14 517 233 540 485 618 73 7 400 266 182 109 712 96 20
26 318 716 699 452 169 226 205 431 144 341 236 410 693 553 149 132 321 316 107 460 691 283 483 225 111 114
33 5 149 206 768 159 687 435 506 135 47 562 196 660 251 108 296 70 393 585 624 767 720 398 74 586 446 97 769 321 30 385 372 228
14 529 431 320 289 203 542 463 470 116 313 433 204 455 498
26 770 729 172 469 68 693 267 155 550 481 405 287 56 655 754 775 273 118 345 702 440 157 530 428 674 389
32 303 461 364 318 144 685 284 118 706 542 148 242 617 8 697 519 104 48 415 597 322 676 319 108 35 195 568 215 721 294 575 690
25 568 482 177 331 333 485 620 596 549 220 462 465 584 286 337 110 170 686 449 148 227 391 59 731 469
5 321 290 531 171 10
10 464 693 568 533 507 190 217 431 379 611
18 216 181 259 657 128 423 205 422 722 208 662 111 714 622 134 340 613 149
36 320 277 476 516 369 310 565 12 270 138 717 52 504 394 346 400 618 451 307 244 640 703 570 9 62 434 193 641 552 316 70 101 423 208 223 631
27 372 285 122 628 390 230 346 734 349 222 293 429 696 652 191 611 9 328 291 443 631 208 78 537 475 76 546
28 179 227 64 202 682 301 66 496 268 552 140 287 18 20 492 706 196 562 394 283 503 377 118 677 494 695 509 762
23 304 402 114 603 388 189 370 566 1 527 14 714 262 299 279 410 460 161 444 634 16 293 99
23 292 483 357 86 396 719 276 340 739 651 100 243 723 494 19 225 114 384 316 150 406 709 344
37 62 733 339 238 187 134 264 400 64 606 612 440 324 695 71 342 549 773 204 330 649 326 385 333 683 709 364 2 547 410 639 721 769 60 646 332 755
24 188 578 408 220 406 421 176 255 208 654 240 141 213 583 478 763 304 286 372 483 13 332 306 721
23 487 24 181 422 333 200 618 761 702 587 235 545 576 350 178 631 433 730 315 424 360 582 554
15 267 333 745 249 63 445 554 307 190 744 224 14 178 480 254
20 266 584 194 172 178 232 549 236 294 288 484 650 508 169 186 739 693 338 80 376
32 206 156 542 199 188 85 639 737 630 219 496 645 376 68 527 434 37 378 283 157 245 115 486 53 507 126 356 60 403 413 584 196
29 233 240 178 597 101 429 532 255 198 168 65 595 473 658 385 126 434 484 254 215 427 399 719 594 267 736 167 542 49
22 388 682 618 341 217 279 491 539 572 492 519 738 205 703 678 107 21 71 704 554 727 13
31 404 559 56 358 460 314 330 120 564 591 241 12 280 186 770 446 737 255 443 414 453 80 608 316 467 546 265 200 760 307 269
22 428 405 435 100 664 9 307 522 120 577 194 722 126 628 679 273 764 65 680 736 24 373
31 650 14 118 505 147 761 564 429 448 410 569 267 490 121 644 310 173 48 414 31 526 568 92 261 633 612 465 46 708 165 282
27 555 582 269 496 631 70 778 354 522 363 182 597 54 685 445 42 733 551 516 719 13 127 419 619 340 43 530
5 776 721 46 710 484
32 227 352 108 519 394 427 415 566 724 495 262 721 490 480 500 395 195 733 522 542 308 392 711 247 110 57 136 89 301 466 612 223
8 258 228 603 120 81 401 162 698
19 137 521 393 674 664 55 696 425 170 479 453 627 60 351 438 309 569 559 82
18 71 532 465 674 544 627 45 422 440 757 771 378 515 182 352 328 585 217
37 4 193 670 517 104 159 671 661 352 369 188 302 481 461 329 18 528 356 730 746 130 396 341 189 109 400 375 727 616 664 363 617 539 554 430 585 573
20 419 771 642 73 393 247 445 579 492 497 207 705 472 364 248 133 778 394 496 238
20 514 472 345 242 42 18 480 54 438 119 513 689 191 474 772 104 543 522 668 253
7 171 8 553 775 51 27 673
35 11 58 164 314 172 591 265 203 307 218 85 393 539 100 758 738 583 470 578 331 712 371 468 575 701 121 697 413 348 197 696 465 124 425 632
3 73 678 682
13 185 542 198 736 215 206 581 630 474 14 361 479 347
35 666 341 205 251 484 131 157 712 359 391 730 309 636 382 583 741 402 276 438 587 735 551 661 351 748 21 774 188 73 221 417 588 277 143 413
30 778 245 510 549 197 776 365 647 595 411 483 532 661 747 473 271 570 322 267 317 387 487 717 215 722 103 750 764 767 612
21 383 496 546 607 432 647 49 390 348 359 233 61 592 226 313 533 654 486 387 617 202
36 672 756 228 414 765 166 358 368 420 7 490 80 413 545 240 287 272 473 770 194 69 309 292 331 534 214 18 209 523 717 13 666 129 222 596 583
5 354 672 540 551 178
10 144 329 74 374 287 537 524 400 217 675
10 503 168 743 201 608 311 532 507 742 292
6 617 627 13 473 512 6
17 146 572 24 319 83 543 715 170 752 757 386 379 15 208 607 777 160
34 142 29 749 393 655 461 203 666 612 509 715 563 22 76 581 5 586 59 464 353 349 181 400 575 74 221 252 657 569 631 650 634 433 119
12 623 614 445 140 286 592 11 631 63 205 215 228
12 394 457 59 586 475 263 390 3 242 331 502 627
30 446 730 661 209 508 301 616 191 664 469 36 412 420 679 400 71 578 447 533 484 766 136 262 586 205 381 212 775 697 336
37 672 651 247 315 730 134 595 465 184 405 339 581 415 75 181 454 196 697 36 131 282 255 230 40 706 49 334 649 627 220 239 133 727 575 88 527 744
36 636 449 372 225 559 548 91 190 729 486 772 189 519 168 573 247 757 187 281 246 567 683 181 160 454 661 397 164 300 503 527 563 758 477 227 388
25 407 387 698 232 113 510 674 563 33 389 156 423 244 157 618 193 768 160 603 755 604 84 516 306 636
24 168 381 340 333 405 157 29 192 597 675 559 455 604 180 448 768 339 645 472 546 312 218 282 13
33 55 225 36 335 690 98 332 689 69 97 183 19 51 264 296 705 304 637 567 641 66 536 675 232 665 464 44 476 670 514 57 606 405
20 257 76 264 515 567 485 81 46 197 215 519 488 107 250 123 175 661 362 216 634
16 127 286 709 322 713 422 180 575 426 731 223 680 68 360 420 662
5 416 699 175 250 516
27 408 225 466 377 601 678 46 413 11 451 574 307 194 347 463 713 5 335 440 403 732 182 720 482 523 303 747
22 197 443 60 635 648 346 374 554 260 744 303 279 13 71 69 99 208 760 220 70 384 367
13 259 486 580 312 654 67 767 70 51 37 589 71 16
33 81 597 468 286 131 41 84 307 559 123 436 552 38 587 646 208 204 598 114 86 357 283 154 281 691 215 369 54 249 383 178 708 396
31 57 253 696 326 366 15 72 359 592 108 229 662 200 627 195 86 472 493 25 266 777 621 511 618 438 724 176 702 222 658 156
12 406 325 755 768 299 724 280 378 321 401 355 635
35 611 705 285 89 220 287 25 733 331 403 33 350 560 304 256 203 101 640 460 492 616 293 346 343 502 601 71 172 77 218 404 540 240 180 14
12 705 489 716 441 307 576 299 403 650 564 358 769
2 592 767
31 18 748 111 680 708 326 271 713 570 351 8 751 619 738 293 477 25 450 546 93 414 208 29 617 572 230 308 482 469 661 216
10 62 604 759 361 161 316 570 279 771 752
11 371 218 769 314 325 634 129 131 37 181 523
35 251 122 136 449 502 671 760 736 326 564 375 532 733 131 191 769 543 660 164 709 481 756 577 7 53 211 5 14 132 398 471 622 626 511 647
3 248 466 595
6 296 530 146 208 372 443
26 366 140 289 348 481 115 319 328 358 232 678 131 34 310 422 222 589 108 434 738 484 213 364 732 202 365
7 226 195 67 708 644 460 102
28 487 411 486 660 233 354 585 560 349 305 549 304 307 484 383 584 27 134 609 712 665 503 13 249 289 467 509 423
31 548 126 494 711 465 264 357 61 338 411 167 20 667 157 752 275 611 427 753 383 392 328 472 725 325 572 42 518 774 698 747
34 714 707 664 672 684 290 203 78 318 626 286 634 449 518 406 576 475 190 523 466 728 383 426 554 159 751 395 497 216 575 363 524 205 548
38 111 210 704 623 211 436 743 188 445 42 369 696 681 693 764 603 717 224 394 662 388 672 1 341 579 274 526 568 287 134 697 550 412 375 71 238 431 542
11 147 195 530 214 309 370 732 718 720 177 699
12 107 776 661 179 243 444 85 663 717 332 226 737
18 710 224 424 368 307 285 430 681 245 570 441 14 140 302 538 577 634 2
33 547 431 518 368 361 539 125 41 665 392 192 131 383 213 374 385 636 74 285 486 340 99 687 394 717 562 529 80 359 632 652 381 158
28 648 79 23 565 409 342 560 630 355 264 263 215 518 638 422 66 31 47 204 646 260 598 17 454 291 408 492 496
16 13 730 131 495 659 508 41 194 245 589 187 88 346 228 661 105
12 202 99 528 581 88 450 257 571 710 9 298 376
13 513 716 287 476 146 551 589 730 103 159 670 290 540
9 289 440 202 740 205 472 616 113 304
36 154 637 227 394 99 283 615 579 1 365 155 206 544 38 24 267 677 243 704 176 404 217 72 51 429 492 197 567 278 729 778 344 79 642 312 683
37 712 47 714 678 453 658 165 44 476 750 89 672 251 556 491 115 570 376 512 395 262 252 485 78 574 267 198 185 656 433 439 430 141 168 158 548 169
6 190 486 329 616 169 182
28 356 559 69 523 43 464 257 527 115 166 387 271 191 494 266 347 698 632 449 104 120 487 577 346 687 549 451 437
7 619 680 764 467 609 88 115
33 658 77 325 614 473 643 120 766 187 326 641 498 483 398 541 763 754 318 568 494 660 179 162 545 234 258 92 256 683 423 313 769 429
26 523 562 234 653 135 524 286 469 261 106 546 86 21 486 377 37 680 774 390 558 325 188 566 537 288 176
9 551 573 203 33 378 498 166 246 757
2 201 240
25 234 39 487 509 307 729 621 50 363 269 734 401 425 345 204 284 741 663 108 25 641 175 278 378 214
5 31 279 312 592 62
3 616 636 87
37 722 418 548 273 62 524 748 741 94 613 710 467 603 679 616 705 219 685 772 394 38 187 637 136 224 142 633 281 204 311 715 688 91 762 494 343 563
35 445 228 152 139 169 247 544 726 109 154 268 66 424 43 754 532 108 71 59 191 547 425 535 554 209 220 121 496 49 64 478 685 503 746 11
11 198 80 121 745 22 187 462 671 445 398 67
9 507 151 710 240 468 631 521 265 729
20 149 155 725 321 719 511 181 737 380 429 16 680 515 563 709 773 188 285 395 733
13 282 217 380 389 440 155 303 567 706 57 186 358 732
2 546 750
12 442 71 568 530 263 339 656 305 53 216 63 771
2 235 519
7 428 479 331 73 95 745 176
21 300 123 10 718 406 770 249 658 507 687 661 730 459 654 102 450 697 691 731 208 415
24 370 495 640 727 116 429 614 162 334 128 152 59 53 679 634 540 262 657 488 424 92 403 84 329
5 285 177 736 537 272
31 490 582 61 530 606 375 572 492 560 636 222 62 387 480 256 575 279 135 574 477 300 386 755 274 138 337 251 136 774 117 529
8 726 92 127 750 680 749 430 25
5 476 467 466 696 549
31 439 46 506 684 318 446 388 76 186 645 262 438 95 162 678 478 306 99 343 182 676 292 96 198 247 320 660 716 712 663 462
12 197 653 198 429 681 628 110 233 668 29 693 114
2 345 678
19 726 540 493 754 690 56 490 311 145 153 124 746 468 241 464 382 82 205 479
4 366 297 682 208
3 144 492 710
22 404 695 231 773 568 479 36 59 82 713 268 304 497 613 23 454 121 302 596 381 376 190
18 409 450 439 662 757 287 292 88 692 337 365 637 155 347 397 380 125 265
17 191 320 482 80 269 460 678 321 717 265 175 704 590 443 506 627 683
17 353 443 543 616 716 717 499 747 354 95 249 474 162 568 194 726 134
36 365 72 422 13 126 650 329 675 428 283 257 580 635 686 181 461 88 668 60 10 665 302 685 64 278 65 219 573 187 315 613 92 526 266 505 684
35 497 323 131 687 134 214 172 450 245 255 146 19 111 400 342 265 70 122 258 723 673 501 423 362 726 242 266 485 702 759 220 310 187 645 591
20 592 764 180 75 330 224 220 432 662 533 454 771 550 657 498 453 43 241 388 755
29 15 455 451 710 621 742 111 718 669 642 660 300 580 163 214 483 278 37 260 169 250 376 418 601 383 413 331 567 589
30 98 510 414 478 604 526 451 615 379 165 729 56 747 772 67 35 469 544 423 506 518 502 251 555 307 594 395 602 568 339
26 759 66 258 721 571 291 428 273 570 216 288 763 592 502 174 510 483 377 760 614 308 434 379 21 583 149
23 12 317 593 246 50 627 491 326 111 68 198 693 497 566 684 240 119 401 132 64 528 37 677
21 69 425 530 762 345 98 757 552 625 556 753 621 156 754 660 358 733 481 37 212 64
18 313 307 331 664 112 198 453 590 247 463 302 613 749 312 19 627 134 686
27 475 286 113 655 365 361 433 577 752 114 102 513 491 120 343 594 270 685 282 300 689 265 555 704 626 36 62
15 627 17 202 358 608 397 15 355 478 769 19 146 385 411 156
18 253 3 551 130 383 592 750 363 612 353 645 664 580 457 348 644 245 405
6 606 377 575 93 585 478
13 260 757 732 61 665 655 137 90 734 477 230 505 549
9 75 172 48 149 126 480 127 78 603
23 70 226 619 707 629 381 648 90 663 547 292 637 360 96 272 214 345 535 709 546 477 631 187
6 644 51 688 604 209 700
7 448 463 539 195 158 79 159
36 93 733 695 301 415 283 552 26 720 547 9 634 417 394 670 626 686 3 469 725 732 215 618 637 116 63 337 200 56 342 491 354 400 155 699 707
3 736 652 358
9 492 60 438 177 168 583 426 284 53
7 47 773 50 574 295 271 514
28 284 703 197 651 249 762 207 60 745 158 550 506 234 292 448 709 667 509 604 500 484 497 512 587 139 208 480 296
29 697 764 341 682 624 577 548 730 152 554 292 727 735 384 375 586 503 75 565 325 675 471 556 748 337 572 760 148 723
24 553 674 666 275 472 103 544 185 760 56 307 251 297 124 527 470 615 43 202 605 693 135 47 295
34 639 699 518 326 120 558 475 267 522 619 332 693 704 696 28 140 771 511 348 321 173 12 287 625 531 13 163 403 335 680 493 706 4 216
36 68 633 22 472 469 487 153 197 735 127 584 433 425 602 338 170 631 558 747 116 527 557 668 596 95 666 523 759 364 579 737 325 512 57 515 105
27 738 215 3 651 301 631 466 647 74 128 650 420 648 406 534 212 21 333 505 608 119 778 393 180 509 101 532
7 739 12 188 678 258 691 515
23 101 328 679 374 203 327 691 420 725 41 5 329 499 256 541 409 89 542 330 497 407 349 116
22 303 584 180 674 228 740 311 478 323 635 728 636 465 402 325 572 767 511 6 523 720 533
9 633 521 184 307 564 537 616 682 630
10 219 699 46 611 559 462 60 597 627 710
6 190 577 605 414 679 404
3 98 244 234
3 663 295 211
3 712 61 565
26 344 642 507 356 357 280 324 54 456 281 602 495 100 651 305 617 488 147 730 273 542 600 12 230 658 343
31 231 118 742 615 524 120 438 691 690 425 620 218 339 279 266 322 665 711 87 350 176 399 357 719 427 413 8 705 92 46 372
22 180 199 776 434 441 481 7 408 696 194 339 162 344 210 48 280 244 555 221 774 259 427
33 772 39 124 717 701 726 672 686 63 627 31 82 551 403 182 688 153 522 62 675 721 587 607 634 694 375 765 352 498 454 203 22 92
35 260 51 244 34 17 176 445 450 598 637 749 351 361 245 272 437 67 98 99 470 482 134 552 709 670 691 566 128 279 247 448 217 443 408 137
19 103 766 713 605 346 225 81 400 338 499 760 705 21 390 227 482 300 138 94
7 37 13 158 595 221 560 30
18 240 500 765 39 405 112 436 314 684 27 288 628 481 336 519 362 65 565
20 375 372 498 536 660 608 55 762 30 199 327 606 274 77 81 218 32 187 153 109
35 81 283 158 750 35 364 527 506 624 318 103 90 714 596 629 298 279 313 690 227 453 777 169 592 37 734 386 343 245 662 521 346 2 234 39
6 205 76 478 602 437 446
35 349 106 574 183 193 727 474 107 178 47 424 278 603 374 230 738 35 37 81 114 746 332 553 579 446 376 769 632 449 726 166 7 482 619 543
37 310 681 715 351 278 593 203 487 93 575 657 155 647 180 142 285 144 7 484 543 663 564 407 703 89 394 195 33 539 698 138 462 4 443 750 213 1
8 8 257 484 712 7 628 761 127
17 420 668 619 402 102 763 436 651 422 329 556 399 28 397 83 505 115
23 470 452 490 366 764 377 691 341 304 103 666 252 348 315 431 154 698 101 240 300 136 694 131
21 204 142 354 757 626 529 493 736 637 561 485 52 90 157 418 585 526 693 449 276 478
24 69 443 714 532 21 126 477 275 64 291 415 280 131 115 582 529 387 597 493 492 666 295 236 219
33 575 82 498 573 354 403 693 709 15 250 513 555 435 739 391 607 477 203 501 748 274 209 221 678 119 772 103 589 504 75 675 269 83
31 209 142 607 403 611 696 501 337 267 383 667 675 221 558 227 355 31 665 715 290 679 638 378 511 514 294 271 103 704 587 220
3 125 41 471
29 726 633 83 464 717 287 289 135 706 272 762 743 138 311 20 45 214 481 322 733 600 544 339 407 167 434 249 299 512
28 411 751 486 82 57 280 218 712 302 249 761 192 362 496 556 72 45 19 775 311 559 365 136 38 742 703 444 564
29 291 595 635 290 658 8 488 102 109 60 146 581 563 715 527 263 626 271 43 361 179 103 41 412 373 669 552 390 93
19 600 477 98 299 235 216 120 449 167 775 77 705 408 124 776 80 258 468 156
7 422 121 117 745 531 226 194
2 446 749
10 287 662 633 539 406 620 303 212 229 739
24 41 83 597 128 165 453 344 337 392 674 305 694 582 771 161 191 618 615 433 725 660 42 314 111
36 366 656 296 511 18 571 415 503 5 538 542 685 335 747 755 113 372 216 712 609 645 330 491 572 79 422 464 201 213 652 17 608 633 64 233 493
35 95 205 716 523 383 539 300 408 147 368 676 480 261 119 582 208 562 585 198 566 601 407 191 377 460 453 186 180 36 90 9 211 694 434 390
34 650 472 372 459 601 605 88 108 348 588 271 305 178 128 181 48 135 479 576 166 374 142 384 574 707 76 582 552 218 244 685 316 619 640
36 199 374 539 503 54 578 433 144 728 647 531 590 195 8 719 573 612 83 300 707 60 248 203 118 361 742 550 392 699 711 197 394 190 377 101 628
38 666 197 553 407 626 647 649 772 222 256 591 545 312 264 424 188 569 280 335 345 291 440 732 51 310 766 369 129 167 509 39 298 85 740 530 327 23 313
26 361 202 230 520 173 16 139 328 463 44 114 99 73 276 319 547 132 508 333 32 534 541 641 213 442 553
30 732 283 233 265 423 183 300 428 673 414 280 102 103 468 278 400 516 449 439 162 275 390 552 442 37 44 286 110 659 643
36 466 673 417 450 180 413 697 197 170 632 440 117 236 682 27 60 465 385 709 210 552 626 688 33 62 159 700 637 526 35 59 620 83 707 102 529
25 486 97 540 727 161 670 200 460 371 734 775 245 254 225 384 628 489 26 320 88 255 627 10 386 418
27 496 347 728 591 91 472 578 144 63 633 725 159 756 273 413 165 571 568 83 767 647 64 86 543 167 755 380
16 735 107 577 631 678 108 468 350 484 649 564 218 482 223 426 189
26 745 593 628 89 602 662 539 133 406 314 227 409 658 536 511 684 524 599 725 737 402 139 751 393 68 528
14 160 615 470 576 99 240 269 604 655 265 123 763 749 315
3 641 493 469
17 206 523 355 745 377 256 157 85 321 494 217 400 690 629 474 201 274
19 9 497 172 245 286 134 344 185 80 324 283 11 393 516 348 677 378 481 423
31 730 322 722 102 615 122 72 292 492 656 74 738 593 206 599 468 118 455 739 245 539 27 319 570 770 279 748 10 55 705 483
16 432 279 317 736 386 226 573 108 310 578 623 292 642 262 177 587
25 776 692 530 202 540 256 548 470 402 300 278 25 591 445 15 659 579 630 606 307 498 54 648 461 370
8 627 771 229 152 476 752 371 605
37 198 252 481 177 581 281 266 735 373 752 443 34 618 301 56 310 605 86 179 504 272 678 712 143 432 375 464 398 506 711 564 204 335 666 761 681 727
24 94 716 523 46 577 462 700 494 525 506 620 648 522 613 386 331 203 527 683 362 318 21 98 222
13 160 566 731 665 73 737 344 623 303 647 374 487 427
18 458 710 440 665 180 348 320 382 230 88 557 718 199 590 71 572 312 110
30 286 567 504 576 91 328 329 601 608 84 376 62 61 253 444 335 226 428 72 420 454 247 578 680 67 377 184 679 118 708
37 369 595 665 389 769 166 521 42 360 401 600 749 745 687 1 382 334 679 573 250 180 92 434 549 234 756 654 683 163 230 519 761 126 224 78 775 137
35 285 307 321 457 777 89 494 680 698 279 568 83 445 553 70 651 84 564 213 377 266 136 337 391 100 671 709 636 664 649 223 514 77 574 614
17 161 505 475 498 296 258 568 35 408 492 382 21 401 521 519 343 110
30 469 343 50 626 111 538 571 428 85 189 226 21 132 124 84 74 503 376 338 664 64 171 288 684 483 460 656 97 211 569
8 504 162 490 496 446 272 701 617
36 220 584 32 557 172 126 486 75 305 443 547 463 560 559 402 623 575 518 606 700 641 677 756 392 54 262 491 438 397 400 708 638 482 436 190 707
19 388 63 216 548 451 316 325 737 429 613 754 713 706 631 346 407 64 172 192
15 25 143 735 399 309 400 406 691 11 338 513 275 581 365 649
30 31 419 403 588 454 286 542 295 474 430 438 646 394 483 224 740 573 220 440 540 561 469 437 663 368 725 612 517 399 79
3 603 703 20
4 156 289 13 536
25 364 127 12 429 705 219 521 702 588 484 62 615 343 38 115 514 349 46 153 345 419 109 210 708 173
26 20 234 203 417 542 324 192 737 406 154 768 509 166 423 124 636 555 333 447 419 577 266 1 404 634 584
19 19 356 714 57 610 319 222 20 751 127 174 260 671 500 26 249 436 67 601
31 505 440 118 433 597 510 772 256 71 276 151 390 689 224 397 700 413 478 715 599 463 299 563 446 247 293 522 344 536 669 148
36 750 240 382 646 705 651 402 126 599 542 502 571 435 707 34 54 233 407 421 314 687 45 647 220 671 619 368 139 460 309 132 406 415 577 325 301
21 655 369 747 657 297 109 282 637 185 507 131 722 8 703 562 281 87 441 415 450 556
27 132 545 322 546 254 84 722 147 679 280 110 497 617 509 659 111 297 169 267 511 523 710 670 325 13 48 487
5 112 215 375 546 619
8 281 552 160 717 609 773 771 472
32 669 141 80 154 638 353 214 547 190 133 62 153 418 76 14 593 415 4 483 327 215 532 229 357 194 287 186 77 528 125 556 504
16 135 256 403 319 585 480 211 616 411 451 119 573 368 122 679 85
29 585 660 47 528 22 773 476 243 140 310 66 332 768 147 521 335 515 765 347 177 630 546 339 230 182 766 586 150 28
20 577 714 35 434 533 713 67 128 76 662 98 55 317 348 40 627 528 460 700 352
11 592 259 53 72 495 320 525 599 162 501 622
8 369 723 556 582 614 21 591 635
20 394 260 419 356 189 39 36 10 473 116 471 707 6 448 47 66 104 50 281 261
15 257 387 468 391 381 575 616 660 698 5 680 688 525 598 33
17 101 502 537 129 562 579 244 227 119 209 577 450 436 200 727 602 133
3 111 226 472
10 579 596 50 550 671 207 621 41 75 141
15 285 87 469 765 274 183 662 717 312 187 296 262 114 322 749
36 122 496 340 134 189 467 465 653 124 228 45 31 562 642 700 287 542 278 218 386 442 177 772 580 285 42 618 190 317 372 544 172 93 523 360 410
10 190 696 485 496 730 704 710 692 233 216
20 755 191 336 697 216 356 457 661 171 683 664 392 132 514 218 747 691 481 345 646
33 722 370 700 36 773 600 339 706 234 582 550 520 71 671 684 228 583 513 626 625 62 478 475 116 615 485 357 586 64 549 508 396 744
32 330 61 676 636 742 410 283 11 530 182 157 291 457 747 270 700 58 668 522 172 25 679 409 285 621 461 71 743 326 481 74 570
13 631 586 733 252 197 314 75 438 257 515 220 128 292
7 615 117 458 512 181 37 621
25 478 439 578 213 33 318 467 468 583 327 60 716 533 316 25 727 54 515 157 32 112 138 44 607 615
3 554 769 248
31 735 612 715 335 710 209 694 378 640 81 203 23 569 50 670 278 506 123 1 146 732 546 443 531 468 244 21 46 690 482 461
10 693 134 174 478 399 43 559 547 378 118
3 293 552 208
10 747 181 244 584 169 295 216 28 175 99
3 717 588 159
6 318 261 748 410 144 678
3 147 392 223
8 354 273 152 567 154 16 259 331
29 83 578 710 299 603 232 656 672 475 386 647 250 34 540 116 429 387 331 210 384 502 755 649 297 776 576 463 431 607
7 44 439 639 650 326 671 133
20 208 384 664 689 404 638 486 352 49 289 732 242 158 768 570 23 578 564 613 565
30 562 133 324 387 303 43 363 599 260 347 6 352 506 483 337 247 328 605 76 84 239 96 205 305 400 338 466 176 639 41
33 567 338 639 326 162 412 504 421 572 451 532 564 729 61 70 340 770 154 131 229 437 418 670 387 307 330 209 518 488 775 4 153 694
23 593 353 124 355 45 284 690 134 6 72 615 103 626 87 451 243 613 36 653 473 512 311 354
24 333 550 752 643 86 743 486 30 371 180 125 388 546 427 178 692 582 450 700 183 122 759 415 228
35 236 505 342 406 54 706 170 449 333 285 659 350 115 4 681 13 389 667 62 478 607 453 608 743 139 359 298 388 338 372 683 160 387 537 29
27 23 4 442 379 153 482 391 716 677 775 466 638 735 684 173 682 253 161 693 343 96 341 719 645 670 201 170
3 377 663 233
35 536 704 127 735 67 58 325 86 20 769 754 26 580 518 383 19 227 181 701 560 277 693 87 687 111 680 262 55 264 601 220 556 572 672 13
30 40 229 669 640 142 464 309 577 405 597 302 292 56 224 9 607 451 399 547 645 317 431 147 403 687 13 18 280 429 232
23 674 507 345 544 632 768 573 347 142 516 489 488 166 764 635 506 461 119 621 21 159 767 267
22 7 381 438 181 549 451 219 559 726 242 152 169 189 419 325 327 743 370 679 467 666 107
14 760 350 716 473 209 692 730 352 247 158 183 213 575 761
27 626 726 778 744 369 376 452 9 235 247 769 628 134 48 645 748 217 740 500 127 204 399 16 512 219 661 712
10 253 107 48 712 503 764 108 644 56 508
9 59 547 658 103 622 601 742 593 559
3 492 159 553
21 264 85 617 36 365 121 288 685 646 14 653 368 666 522 140 474 724 693 198 607 25
4 37 311 406 631
7 175 610 411 342 571 387 467
28 710 437 606 215 235 695 564 537 342 74 755 278 598 313 60 593 10 289 753 293 409 197 551 491 287 718 536 162
12 553 543 78 540 39 591 693 63 614 474 33 148
34 624 281 642 566 557 620 110 492 86 612 235 224 83 233 274 749 339 239 154 217 383 477 603 611 91 242 705 405 599 686 513 588 73 750
20 358 433 137 624 765 618 458 619 614 751 670 432 267 276 99 696 500 547 732 333
36 379 556 60 280 603 686 662 518 443 592 440 714 489 720 730 490 554 109 7 372 412 550 256 64 749 736 354 704 189 613 778 675 577 408 91 94
22 155 150 305 89 501 326 20 240 612 592 303 94 91 212 390 335 509 691 70 556 572 504
19 373 408 13 653 710 523 471 130 593 742 771 762 97 197 625 37 702 288 73
12 375 626 564 454 311 393 713 357 206 552 500 448
36 729 714 516 680 580 640 341 736 478 686 634 21 102 705 594 734 760 380 533 642 152 513 34 220 171 213 382 367 538 611 494 632 24 434 100 463
28 134 508 243 377 777 506 57 319 576 283 709 574 455 628 176 113 297 516 341 227 773 289 452 636 470 645 705 396
32 275 631 405 742 684 248 562 323 679 394 547 701 114 466 380 63 614 1 676 208 691 655 232 613 283 24 627 726 165 777 227 44
19 154 612 281 231 389 626 610 472 646 47 198 290 498 563 718 122 398 142 283
12 298 409 342 437 455 774 642 217 706 390 475 289
29 758 757 662 620 52 282 451 571 239 540 135 148 751 44 679 271 140 327 378 423 617 217 342 460 41 425 385 145 273
32 725 397 755 231 598 382 330 335 519 560 690 542 364 706 106 374 171 325 591 474 226 402 136 365 72 100 490 349 677 295 556 177
35 326 269 67 490 200 652 179 222 767 207 740 168 176 602 556 19 54 689 194 52 173 212 586 151 287 338 213 401 465 28 261 307 137 347 520
7 679 19 433 634 461 749 674
32 510 181 524 228 535 470 147 22 511 288 375 624 546 283 301 616 17 453 647 271 446 331 270 143 429 691 217 285 555 499 773 422
9 307 146 545 611 187 445 31 615 91
24 160 34 222 492 757 241 493 674 202 295 664 190 608 695 354 718 280 53 758 40 289 602 703 577
9 611 118 378 405 432 414 3 398 406
25 605 663 391 115 688 363 87 677 287 208 501 433 200 524 285 456 589 718 452 165 523 702 355 300 21
29 15 55 462 457 80 296 11 348 739 250 742 489 434 504 419 197 161 697 106 664 563 116 490 776 658 536 382 571 178
30 504 546 642 166 229 676 686 436 384 362 695 102 623 325 110 654 470 369 109 408 401 735 648 519 73 473 502 551 427 630
15 22 378 250 767 585 728 93 362 94 257 450 663 545 236 494
24 609 2 416 107 723 708 595 462 244 95 628 579 761 411 103 147 415 491 448 295 709 430 65 29
3 735 142 265
21 755 716 281 644 354 148 63 481 254 584 578 245 593 202 339 196 405 304 714 681 756
38 655 666 457 23 494 211 450 462 460 333 319 621 628 456 452 602 482 354 274 428 345 29 715 650 98 331 601 398 659 662 641 487 512 160 414 80 412 675
29 465 326 72 662 190 107 395 691 536 117 17 198 311 473 555 227 710 749 776 416 333 747 380 186 181 100 641 714 384
