475 156 555 940
80
183 670 194 830
589 573 676 624
203 625 256 671
620 105 701 175
152 63 163 211
294 202 378 330
25 798 122 929
184 431 283 543
91 726 92 882
729 384 827 580
657 121 715 165
970 689 1000 798
781 466 876 657
239 356 327 358
241 472 248 579
744 219 747 245
826 555 903 618
846 645 858 729
53 269 55 316
244 87 316 126
250 99 320 271
214 128 227 145
401 124 419 213
629 188 643 388
488 641 576 800
170 617 177 699
654 226 676 412
668 737 670 816
553 298 643 442
985 131 991 133
465 525 513 663
664 318 739 419
204 329 293 415
294 580 351 755
883 776 937 863
732 83 794 175
412 527 507 697
777 157 840 340
349 48 416 241
513 86 591 212
794 632 816 818
846 294 882 443
398 11 400 86
657 525 664 721
465 814 469 921
795 412 866 503
559 869 592 893
913 688 993 762
568 108 615 120
285 692 349 833
660 507 748 617
763 431 845 477
774 764 781 962
454 275 525 377
784 769 808 856
722 577 733 671
266 509 332 658
297 705 350 840
260 438 309 456
671 510 675 705
711 585 800 669
271 812 295 950
16 198 97 212
468 352 510 400
495 804 558 851
861 723 931 768
159 733 172 851
924 418 983 521
69 554 82 601
776 668 863 714
346 780 371 898
582 508 667 599
476 429 485 560
927 52 996 240
664 690 687 851
637 43 675 115
834 14 916 25
616 160 692 163
212 310 310 407
341 821 393 923
