5 263 970 955
80
365 650 491 658
213 910 328 952
473 158 500 195
788 863 821 929
625 536 669 555
766 254 955 273
46 376 167 415
483 674 559 683
185 613 269 673
105 373 305 459
340 550 502 553
282 839 366 885
842 602 898 620
772 293 785 365
434 507 505 507
334 152 510 186
650 473 835 559
780 507 862 523
716 421 782 510
723 412 761 454
89 151 285 240
817 321 861 404
111 399 275 439
179 17 306 79
679 271 878 362
785 477 823 530
271 483 440 524
267 368 311 395
94 151 226 168
175 197 350 200
770 706 884 801
575 697 602 706
776 115 940 171
719 4 745 36
265 696 452 763
830 899 901 955
33 792 124 819
442 636 513 686
76 12 245 66
464 16 551 100
728 475 785 502
765 720 862 758
451 423 578 508
713 14 836 114
844 70 965 111
913 813 913 841
481 37 588 121
291 386 485 445
257 169 428 172
540 925 583 954
315 134 510 182
503 716 646 752
832 384 883 424
541 656 703 707
74 76 102 107
182 204 366 243
630 427 665 522
156 370 180 371
789 884 972 938
118 105 297 141
439 713 520 713
226 698 353 791
595 881 625 965
345 93 422 136
84 441 187 522
155 616 254 668
252 229 377 230
689 742 768 781
169 507 315 530
608 491 761 509
545 70 736 111
39 134 83 171
34 130 109 167
228 141 318 228
48 329 120 410
696 748 851 839
668 86 739 180
590 383 725 449
75 743 169 756
415 911 517 947
