79
-899 362
211 388
54 94
275 -54
-802 103
460 -37
778 406
414 760
394 -700
-531 -89
982 -503
-787 768
157 -719
655 382
417 999
-63 146
552 -65
-815 675
287 -157
-316 -619
455 789
-798 -806
-363 -496
-238 746
270 290
263 -243
-550 705
935 -732
28 316
797 -260
585 -47
-648 -852
-120 87
753 -769
534 609
764 248
352 966
319 -405
-498 -865
-713 -3
-980 -335
-69 157
-725 -722
-785 165
-304 -123
-163 969
-234 415
-165 223
941 -787
-884 231
-494 -163
-708 -735
-202 -266
642 598
653 -188
-741 792
-736 186
-299 188
982 -138
-701 -147
215 -461
818 -829
-826 -350
156 90
-47 543
159 -766
105 -688
-869 -70
690 702
270 723
-67 -651
-310 448
-627 40
62 -903
-142 -246
-150 -146
-79 529
-482 854
-350 929
