64
344 911
-480 -973
370 -110
865 -225
-664 -774
490 771
63 248
949 202
160 -548
589 810
402 263
-704 697
19 -148
697 -647
819 -87
-506 -654
61 76
-497 399
-2 797
863 -489
-776 906
258 529
876 -706
-3 -420
775 -177
-38 553
-153 -908
95 60
-956 -749
-610 -102
-891 143
31 -740
953 564
-823 86
-578 119
-226 829
-147 806
-894 325
-538 -612
-669 104
-444 -279
994 476
-780 160
220 64
547 861
-1000 733
-362 -207
434 676
58 456
683 272
-717 806
268 427
-696 946
812 401
996 -56
-956 -926
-58 -523
-697 -22
-599 -604
356 -285
-893 344
-221 -714
616 385
996 480
