111
50 657
678 -941
-633 -788
727 702
-995 -545
-922 610
-39 337
-56 -459
-18 273
-52 798
398 75
684 -219
122 522
-317 -376
-848 953
332 -413
-399 -763
954 -444
817 785
426 -212
779 -338
657 211
-610 319
9 427
-338 72
-122 393
-708 -450
-14 -368
895 657
-301 -872
-1000 -189
-752 -35
700 -122
202 564
-297 -452
99 -307
-949 -952
-811 -271
352 872
-926 814
-302 -468
44 -414
461 655
-4 135
355 294
496 -996
313 -251
671 295
339 -984
-520 309
702 -450
-921 1000
557 -308
63 -367
460 456
-859 859
297 -172
539 -907
477 323
-609 -215
-816 -18
-969 -171
-897 188
974 591
-846 65
427 -36
589 -928
-314 507
-819 333
661 -175
-708 -721
-305 321
16 -281
-168 33
174 260
-330 823
750 -834
-785 46
258 -445
360 -242
246 -904
768 -385
-786 618
613 -7
383 -487
585 -981
30 -913
-609 -995
152 -797
62 -28
379 717
-897 -575
282 -35
-387 -910
278 835
-241 -43
470 775
228 951
-856 243
-111 659
-293 324
235 -898
-568 854
229 11
-570 443
-23 -488
-847 -101
777 911
-469 -234
939 -131
-822 -543
