200
-58 770
195 33
676 331
164 -250
906 -772
523 224
670 281
413 379
133 88
361 -67
-123 647
-865 119
246 653
759 437
977 976
-367 -961
219 -150
259 520
695 -840
949 -497
923 961
404 -922
418 180
-884 -770
-561 -113
458 543
682 -735
332 165
88 52
954 890
214 -705
-164 -457
-742 338
-869 -873
895 -323
-570 220
784 220
419 -567
-664 -508
-182 -633
425 -479
-597 -721
-336 410
699 949
124 -729
-493 808
-689 -392
630 634
288 -383
732 383
-202 786
-270 -787
147 451
-193 256
617 528
266 -355
308 -811
-236 850
-477 386
243 -196
-202 -370
-387 196
781 -16
554 916
124 -234
-136 -726
95 -277
664 -976
453 -725
-672 966
593 -904
536 622
-505 426
-267 150
-396 550
-195 -220
-664 25
326 -750
889 525
-50 540
-934 943
-646 439
44 -175
461 -845
-553 225
-328 439
-67 -643
110 -940
506 238
-764 -336
-474 -216
-127 952
-553 326
835 -481
950 893
881 -752
-604 -766
-246 767
366 899
139 17
332 390
752 -92
-859 601
-387 789
-996 -707
-653 -330
841 -985
699 -680
-277 383
-212 -73
-826 312
-455 243
-200 -486
86 -828
415 -929
-82 177
405 318
207 -363
-545 -843
-909 -488
-915 938
-584 -956
563 -313
139 236
20 -494
712 -539
-649 253
264 750
974 142
441 253
320 -577
-907 96
-28 651
380 -75
-18 121
-159 -174
732 -482
-867 171
634 -778
-523 -435
773 249
992 434
-476 908
-212 77
-305 783
161 -540
-845 -544
609 618
208 -530
-758 -563
806 -38
-78 575
-732 935
-967 -34
-776 -729
326 203
740 859
-623 -955
659 794
48 248
59 -431
-199 -969
433 -41
-274 -865
104 745
963 -568
0 -946
-538 4
-788 533
-472 651
576 2
638 776
422 531
-410 72
-26 563
796 -14
415 -810
838 -947
167 87
-473 -572
-634 -636
-710 -230
347 304
-151 -712
-368 -696
242 131
-687 -673
-66 -579
-742 786
-46 -166
-358 -991
643 818
539 -58
249 -121
122 -562
-837 -972
-269 969
-224 997
-439 -12
-655 -584
