756
92 94
79 81
95 97
55 57
87 88
8 9
76 78
7 8
12 14
58 60
58 60
55 57
3 5
50 51
19 21
8 9
22 23
27 29
66 68
21 22
34 36
61 62
18 19
5 7
12 13
18 20
45 46
41 43
45 46
45 47
14 16
6 7
40 42
18 20
46 48
98 100
1 3
42 44
71 73
60 62
95 96
66 67
59 60
31 32
68 70
19 20
87 88
69 71
94 96
91 92
25 27
95 96
28 29
27 28
48 49
10 12
69 71
69 70
58 60
57 58
42 44
37 39
92 93
81 83
58 60
9 10
73 75
84 85
29 31
79 80
88 90
11 13
89 90
77 79
69 71
88 89
32 34
61 62
97 99
81 83
82 83
87 88
67 69
54 55
47 48
95 97
81 83
96 97
33 35
72 73
37 38
68 69
47 49
49 50
12 14
80 82
3 4
65 66
55 57
56 57
34 36
91 92
66 68
68 69
3 4
50 52
14 15
85 87
2 4
9 11
27 29
35 36
33 35
67 69
53 55
30 31
31 33
2 4
35 36
50 52
37 38
23 24
51 53
33 34
53 54
31 33
73 74
44 45
74 76
75 77
54 55
87 88
66 68
6 7
11 12
62 63
70 72
15 16
75 77
98 99
87 89
26 28
50 51
75 76
94 96
46 47
49 50
6 8
97 99
7 8
71 72
31 32
60 62
26 28
39 41
48 49
32 33
8 10
30 32
79 80
78 79
84 85
22 23
16 18
84 86
90 92
62 64
25 26
25 27
73 74
83 85
32 34
75 77
90 92
7 9
67 69
43 44
94 96
63 64
50 51
25 27
83 85
10 11
69 71
28 30
30 32
13 15
69 70
98 99
37 39
42 44
25 27
15 17
87 88
15 16
82 84
22 24
27 28
32 34
57 58
84 85
11 12
90 92
45 46
62 64
57 59
58 59
45 46
52 53
52 54
95 96
47 48
80 82
2 4
43 45
14 15
45 46
80 82
17 18
80 81
98 99
11 13
49 50
90 92
47 48
47 48
51 53
38 40
96 98
33 34
76 77
32 33
1 3
37 39
20 21
70 71
12 13
24 25
48 49
5 7
80 82
96 97
59 60
13 14
88 90
10 11
27 29
8 10
70 72
36 38
10 11
51 52
5 6
86 88
89 90
17 19
34 36
67 69
81 83
78 79
62 63
91 92
58 59
18 20
11 12
14 15
63 65
84 85
31 32
98 100
72 74
7 8
75 77
97 98
31 33
24 26
12 13
50 51
31 32
72 74
92 93
76 78
14 15
68 70
1 3
69 71
34 35
17 19
24 26
91 93
80 82
23 24
11 13
36 37
71 73
26 27
1 3
60 61
73 75
2 3
13 15
32 34
11 13
62 63
83 85
42 43
55 57
62 64
34 35
23 25
4 6
8 9
41 43
95 96
50 52
82 83
2 4
44 46
25 26
95 96
43 45
20 21
48 49
13 14
49 51
25 26
93 94
66 67
86 88
51 53
34 36
19 20
47 48
3 4
34 35
62 64
20 21
96 97
44 45
50 51
31 32
60 61
94 95
72 73
66 67
68 69
32 34
27 29
80 82
35 36
95 96
15 16
63 64
19 21
14 15
41 42
53 55
13 14
37 38
54 55
75 77
68 69
6 8
65 66
79 80
3 4
33 34
9 10
84 86
18 19
1 3
52 54
31 33
29 31
36 38
15 16
11 13
6 8
82 84
93 94
76 77
27 28
88 90
50 52
46 48
9 11
71 72
32 34
46 47
93 94
28 29
68 70
98 99
12 13
41 42
36 38
16 17
65 67
10 11
10 12
7 8
83 85
94 95
23 24
42 43
33 35
38 40
11 12
42 44
45 46
81 83
44 46
29 31
77 79
97 99
53 55
77 79
11 12
50 51
1 2
17 18
37 39
65 66
24 26
57 58
2 4
72 74
88 89
60 62
92 93
10 11
95 96
53 54
49 51
20 21
86 88
90 92
31 33
40 41
57 59
69 71
1 3
70 71
42 44
79 81
40 42
33 34
8 9
89 91
92 93
21 22
82 84
85 87
38 39
64 66
29 30
4 5
30 32
7 8
5 6
7 8
55 56
31 32
56 58
72 73
80 82
45 46
14 16
28 29
83 85
31 33
21 22
63 64
36 37
59 61
29 31
86 87
54 55
81 83
51 53
70 71
9 10
38 39
71 72
21 23
10 12
39 40
4 5
29 30
76 77
33 35
56 58
63 65
49 50
37 39
38 39
70 72
79 80
61 63
33 34
20 21
57 59
29 31
40 42
52 54
51 52
50 51
97 98
27 28
27 28
78 79
19 21
91 92
32 33
49 50
14 16
82 83
57 58
84 86
54 55
52 54
4 6
81 82
24 26
8 10
75 77
41 43
61 63
70 72
29 30
77 78
65 67
40 41
14 16
12 14
38 40
23 25
59 60
88 89
8 10
9 11
66 68
73 75
47 49
90 92
65 66
35 36
73 75
13 15
25 27
32 33
22 24
24 25
3 4
74 76
69 70
82 83
78 80
62 63
62 63
76 78
53 54
93 95
9 10
30 31
9 10
37 38
13 14
74 76
63 65
52 54
47 48
76 77
94 96
91 93
22 23
67 68
87 88
17 18
75 76
35 36
26 28
74 76
28 29
76 78
75 77
15 16
75 77
49 50
59 61
74 76
58 60
57 58
44 45
31 32
94 96
65 66
38 40
47 48
64 65
25 26
1 3
65 67
90 91
19 21
1 2
93 94
21 22
67 69
84 85
48 49
41 42
34 36
95 97
21 23
25 26
5 6
56 57
62 63
43 45
45 47
63 65
39 40
97 99
4 5
79 81
96 97
1 3
15 17
7 9
22 23
67 69
97 99
43 44
36 37
77 79
90 92
37 39
62 64
44 45
56 57
14 15
95 97
2 4
26 28
12 13
69 70
64 66
48 50
10 11
33 35
64 65
71 73
15 16
95 96
47 48
85 86
30 31
59 60
36 38
85 87
40 41
22 23
4 5
40 42
40 41
7 8
65 66
8 10
51 53
18 20
67 68
81 82
96 97
45 46
74 76
82 84
87 88
6 8
57 58
48 50
61 62
66 67
88 89
61 62
5 6
3 5
60 61
1 3
67 69
93 94
40 41
14 15
70 71
93 94
13 15
71 72
42 44
40 41
98 99
61 62
10 11
76 77
85 86
32 33
86 87
43 45
86 87
79 81
28 29
43 45
90 91
87 89
26 27
76 78
57 59
93 94
18 19
85 86
73 74
28 29
65 67
30 32
78 79
79 80
96 97
38 39
92 94
17 18
92 93
5 7
86 88
11 12
74 76
6 8
17 19
38 39
14 16
91 92
98 100
61 62
55 56
95 96
58 60
84 86
51 53
94 95
23 25
86 87
50 52
10 12
5 7
1 3
84 85
17 19
51 52
