730
122 123
149 150
132 133
130 131
32 34
118 119
82 84
193 194
55 57
167 169
116 118
161 163
10 12
46 48
89 90
37 38
116 117
32 33
34 35
89 91
62 63
171 172
65 66
190 192
169 171
157 159
30 31
155 157
99 100
70 71
170 171
45 46
68 70
185 186
47 48
166 168
25 27
2 3
54 56
164 165
96 98
58 59
149 151
55 57
133 134
108 110
179 181
178 179
117 118
26 27
3 5
48 49
157 158
198 200
60 61
58 59
86 88
84 85
135 137
130 132
61 62
52 53
136 137
151 153
160 162
34 35
130 132
132 134
105 106
21 23
87 89
84 85
44 45
45 47
114 116
24 25
4 5
28 29
170 172
93 95
69 70
57 58
43 44
114 116
12 13
4 5
136 137
119 120
179 180
88 89
84 85
115 117
30 32
180 181
74 75
168 170
173 174
25 26
72 74
152 154
27 28
155 156
158 159
23 24
47 48
178 179
129 130
5 6
144 145
21 22
7 8
31 33
161 163
155 156
6 7
103 104
110 112
184 186
182 183
117 119
140 142
163 164
123 125
179 180
117 119
125 126
121 122
176 178
66 68
39 40
45 47
31 33
151 153
64 65
83 85
111 112
75 76
118 119
146 148
140 142
113 114
118 120
181 183
87 88
78 79
93 94
56 58
1 3
193 194
138 140
197 199
134 136
59 60
6 7
97 99
128 129
106 108
101 102
45 47
115 117
195 197
70 71
176 178
161 162
79 80
102 103
76 78
92 94
10 11
4 6
60 62
33 35
145 146
130 131
171 172
42 43
80 82
70 71
82 84
82 83
41 42
143 145
26 27
153 155
10 12
19 21
68 69
57 59
77 79
66 67
186 188
97 99
76 78
160 161
24 25
101 102
45 47
74 76
29 31
195 197
26 27
196 198
188 190
164 165
121 122
106 107
102 104
25 26
186 187
110 112
154 156
190 192
190 191
59 61
128 129
109 111
75 76
113 114
96 97
138 139
147 148
99 101
17 18
22 23
125 127
188 189
31 32
84 85
154 155
57 59
198 199
117 118
18 20
114 115
42 43
47 48
94 95
191 193
157 159
28 29
165 166
157 158
6 7
142 143
101 102
179 180
110 112
62 64
172 174
37 38
78 80
156 157
143 145
148 150
161 162
197 198
84 85
51 53
40 41
61 62
9 11
152 153
118 120
29 30
46 48
79 81
132 133
195 197
166 167
32 34
38 39
54 55
111 113
95 96
13 14
1 3
143 145
153 154
51 53
46 48
137 138
152 153
6 7
17 19
110 111
95 96
102 103
20 22
67 69
32 34
49 50
150 151
11 12
64 66
64 66
98 99
178 179
13 15
191 193
100 102
94 96
26 28
25 27
11 12
21 22
83 84
8 10
137 138
139 140
55 57
197 199
112 113
1 3
120 122
147 149
133 134
132 134
123 125
136 137
119 120
180 182
1 2
153 154
52 54
27 29
63 64
65 66
127 129
25 26
98 100
93 94
73 74
45 47
87 89
43 44
112 113
42 43
153 155
156 157
119 120
130 131
146 147
195 196
60 61
176 178
176 177
42 43
180 182
174 175
56 58
80 81
135 136
68 69
41 43
153 154
66 68
129 131
67 69
165 166
145 146
52 53
65 67
147 148
33 34
28 29
119 120
152 154
191 192
169 170
98 100
81 83
159 160
36 37
56 57
107 108
171 173
166 168
170 171
180 182
122 124
137 139
190 192
100 101
140 141
181 183
141 142
132 134
187 188
126 127
81 83
159 161
40 41
63 64
154 156
174 175
79 81
48 50
32 34
150 152
189 191
81 82
191 192
140 141
19 20
90 91
85 86
17 19
39 40
119 120
66 67
104 105
80 81
155 157
100 101
94 95
185 186
163 164
40 41
133 135
195 197
64 66
124 126
142 144
51 52
111 113
156 158
115 117
59 61
67 68
127 129
142 144
23 25
88 89
115 116
128 129
187 188
158 160
108 110
174 175
38 39
187 188
176 177
17 19
104 105
132 133
196 198
126 127
18 20
5 6
131 132
123 125
108 109
61 63
165 167
174 175
167 169
88 90
139 140
23 25
92 93
177 178
78 80
70 72
67 69
68 70
100 101
177 178
14 15
35 36
168 170
194 195
193 195
86 88
121 122
129 131
118 119
74 76
50 52
145 147
5 6
164 165
113 114
16 17
12 14
4 5
39 40
89 91
83 85
150 152
30 32
105 106
153 154
163 164
72 73
132 134
101 103
75 76
34 35
48 49
150 151
74 76
59 60
20 22
144 145
144 146
133 134
135 136
5 6
151 152
53 54
48 49
74 75
138 140
154 155
137 139
185 187
186 187
104 105
70 71
188 189
56 57
150 151
41 43
51 53
79 80
20 21
76 78
106 107
66 68
111 113
141 142
49 50
187 188
147 148
166 167
107 108
71 73
95 97
88 89
169 170
192 193
51 53
146 147
184 186
79 81
177 178
169 170
34 36
61 63
43 45
129 130
33 34
32 33
35 37
100 101
170 171
185 186
178 179
32 33
171 172
162 163
86 87
158 159
182 184
31 33
142 144
196 198
11 13
126 127
77 79
186 187
19 21
166 167
13 15
99 100
1 2
196 197
115 116
151 153
187 188
48 49
107 108
44 45
98 100
63 65
70 71
22 23
168 170
168 169
145 146
4 5
72 74
82 83
172 173
184 185
30 32
63 65
133 134
9 11
96 97
13 15
172 173
109 111
139 141
87 88
11 12
44 46
141 143
142 143
7 8
13 14
67 68
166 167
117 118
53 55
198 200
98 100
146 147
176 177
142 143
28 29
61 63
109 110
105 106
86 87
92 94
88 89
198 199
116 118
122 124
85 86
14 16
16 17
92 93
62 63
76 78
184 185
77 78
49 50
194 195
82 83
189 191
98 99
173 175
148 150
151 153
29 31
174 176
122 124
167 168
195 196
41 43
121 123
147 149
134 135
91 92
62 64
146 147
93 95
33 34
43 44
100 101
156 158
115 116
160 161
195 196
79 81
44 45
21 22
27 29
16 18
70 72
111 112
177 178
161 162
120 121
137 138
90 92
46 47
181 182
98 99
156 158
96 98
127 128
50 51
164 165
124 126
1 2
149 151
52 54
53 54
141 142
126 128
174 175
172 173
125 127
25 26
135 136
10 11
32 34
178 180
143 144
84 86
51 52
185 187
106 107
112 114
33 35
8 9
41 42
175 177
195 197
99 100
163 165
112 114
143 144
71 73
15 16
134 135
94 96
7 8
69 71
11 12
192 193
65 66
47 49
104 105
168 170
8 9
140 141
