852
92 93
193 194
17 19
80 81
363 364
393 394
178 179
164 166
133 135
128 129
117 118
180 181
292 293
200 201
287 289
95 96
149 150
101 102
179 180
15 16
307 309
156 158
236 237
184 186
185 186
272 274
255 257
227 228
223 224
167 169
90 91
218 219
12 14
317 318
311 312
271 272
102 103
275 277
372 373
306 308
26 28
82 84
168 170
5 6
246 248
216 218
49 50
177 178
14 15
163 164
7 8
28 29
93 95
31 33
185 186
204 206
317 318
71 72
367 369
139 140
361 362
199 200
192 194
323 325
158 159
289 290
350 352
300 302
285 286
177 178
347 348
209 211
27 29
21 22
114 115
244 245
93 94
70 72
181 182
205 207
391 393
251 252
198 199
364 366
17 18
3 4
337 339
381 382
57 59
38 39
140 141
237 238
236 238
104 106
132 134
306 307
255 256
395 396
291 293
389 390
385 386
357 359
253 254
311 312
56 57
114 115
280 281
32 34
353 355
318 320
99 101
93 94
297 298
165 167
145 146
165 167
364 366
316 317
304 306
83 85
116 117
258 260
108 109
109 111
348 350
50 51
322 323
66 68
269 270
44 45
231 233
248 250
160 161
324 325
394 395
334 335
389 390
147 149
12 13
147 148
308 310
10 11
321 323
218 220
213 214
202 203
246 247
1 2
244 245
151 153
347 349
203 204
279 280
364 366
228 230
362 364
68 69
392 393
143 144
107 109
265 267
158 160
27 29
331 332
207 209
268 270
131 133
313 314
326 328
31 32
355 356
22 23
267 268
128 129
291 293
121 122
278 279
351 353
309 310
368 370
68 69
264 266
277 278
253 255
108 109
148 150
68 69
99 101
263 264
136 138
63 64
199 200
247 249
221 222
384 386
160 162
303 304
255 257
48 49
86 87
183 184
18 19
273 274
69 70
277 279
375 376
353 354
342 343
55 57
47 48
386 387
123 124
64 65
312 313
361 362
16 17
296 297
302 303
241 243
332 333
242 244
263 264
224 225
396 397
303 304
382 383
187 188
387 388
173 174
394 395
316 318
328 329
67 69
378 379
338 339
46 47
185 187
4 6
363 364
207 208
242 243
209 210
240 242
133 135
336 337
279 281
182 183
369 370
316 317
107 108
202 204
277 279
370 371
94 95
129 130
1 2
252 253
328 330
29 30
237 238
231 232
271 273
173 175
41 43
184 185
345 347
261 262
31 33
10 11
384 385
190 191
76 78
59 61
177 179
210 211
340 341
133 134
339 341
2 3
318 319
2 3
168 169
91 93
391 392
124 125
398 400
339 341
120 122
227 228
54 56
189 191
329 330
266 268
60 61
162 163
250 251
297 298
195 197
254 255
149 150
60 61
71 72
362 364
49 50
388 390
320 321
146 148
249 250
125 126
119 120
147 148
385 387
358 359
97 98
32 34
345 346
221 223
27 28
315 316
247 248
8 9
393 395
236 238
385 386
36 38
361 363
166 167
202 204
155 157
128 129
240 242
310 311
209 210
85 87
20 21
209 211
82 84
54 55
302 303
203 205
35 37
204 206
163 165
251 252
4 5
35 36
15 16
286 288
351 353
3 4
107 109
282 283
251 252
381 382
195 196
327 329
8 9
360 361
338 339
232 233
256 258
20 21
171 173
85 86
389 391
230 231
80 81
40 41
287 289
194 195
203 205
361 363
160 161
339 341
118 119
99 101
336 338
284 286
189 191
394 395
9 10
346 347
381 382
316 317
258 259
188 190
289 290
17 19
38 40
310 311
255 256
276 277
34 35
173 175
137 138
241 243
5 6
390 391
272 273
181 182
204 205
45 47
111 112
262 264
239 240
185 186
354 356
33 34
214 215
32 34
300 302
288 289
84 85
209 210
101 102
349 350
344 345
11 13
343 345
55 57
298 300
294 295
77 78
135 136
324 326
49 50
199 200
269 270
83 84
249 250
124 126
105 107
73 75
211 212
192 193
333 334
208 210
398 399
263 265
238 239
92 94
260 261
41 42
85 87
53 55
220 221
300 301
94 96
37 38
233 235
116 118
342 344
225 227
14 16
354 355
212 213
227 228
87 88
8 9
113 114
375 376
150 151
221 223
36 38
319 320
101 102
78 79
70 71
171 172
157 158
16 18
105 107
99 100
199 201
64 65
224 225
46 47
300 301
26 27
34 36
333 335
155 156
329 331
142 143
166 167
366 368
326 328
74 75
245 246
293 295
187 189
259 261
97 98
329 331
24 25
29 31
303 304
132 133
277 279
127 128
199 200
142 144
176 177
379 380
235 236
180 182
108 110
109 110
151 153
223 225
284 285
366 367
101 103
198 200
34 35
139 140
106 107
313 314
224 226
201 202
65 66
51 52
106 107
285 286
80 82
27 28
6 7
281 283
106 108
96 97
136 137
7 9
391 393
95 97
352 354
162 163
162 163
329 331
134 135
260 262
167 168
363 365
373 374
390 392
210 211
331 333
104 106
29 30
281 283
260 261
121 123
206 207
366 368
304 305
143 144
30 32
159 160
140 142
126 128
247 249
350 351
192 193
64 66
348 349
41 42
351 352
376 378
211 212
320 321
190 191
313 314
158 159
131 133
329 330
392 393
54 55
116 117
288 290
127 128
344 345
248 250
325 326
172 173
337 338
169 171
291 293
43 45
163 165
103 105
69 71
228 229
357 358
3 5
388 389
393 395
175 176
196 197
27 29
321 322
109 110
115 117
312 314
162 163
391 392
136 137
25 27
338 339
147 149
102 103
117 118
353 355
206 207
319 320
273 275
312 313
131 132
43 44
267 269
29 30
264 265
150 152
332 334
9 11
167 169
112 114
395 397
265 267
314 315
391 392
239 240
109 110
147 148
311 312
336 337
291 293
311 313
234 236
9 10
169 170
387 388
357 358
217 219
74 75
305 306
61 62
276 277
373 374
347 349
360 361
72 73
88 89
13 15
356 358
244 245
19 20
213 214
86 88
176 178
293 295
279 280
12 14
270 271
380 381
91 92
41 43
62 63
7 9
234 235
67 69
336 338
316 317
5 6
53 54
112 113
158 159
305 306
179 180
307 308
17 18
13 15
183 184
359 361
132 134
389 390
340 342
104 106
200 202
79 81
22 23
128 129
282 283
268 269
206 207
311 312
281 282
374 375
314 315
297 299
356 357
242 243
270 271
276 278
374 375
12 13
290 291
39 41
103 104
252 253
368 369
222 223
214 215
215 217
237 238
272 273
303 304
26 28
128 129
196 197
68 69
164 165
319 320
35 37
239 241
178 180
349 350
3 5
397 398
156 157
91 92
115 117
307 308
174 175
134 135
42 43
141 142
183 185
261 262
395 396
89 90
171 172
371 373
320 321
321 322
23 25
53 54
62 63
372 373
185 186
373 375
219 220
75 76
377 379
22 23
60 62
235 236
291 292
393 395
123 125
152 154
177 179
46 48
190 191
47 49
301 302
192 194
351 353
332 334
139 141
130 131
225 227
127 129
30 31
144 145
123 124
98 100
118 120
327 329
109 110
191 192
355 356
274 275
125 126
309 311
39 41
60 61
228 230
55 56
265 266
320 322
239 240
275 276
397 399
138 140
243 244
65 66
338 339
274 275
350 352
6 8
308 309
13 14
396 398
186 187
115 117
29 31
148 149
257 258
325 326
299 301
112 113
33 34
175 176
106 108
335 337
360 362
210 211
172 173
293 295
137 138
139 140
312 314
273 274
276 278
87 89
259 261
283 284
178 180
383 384
154 155
120 121
119 120
164 165
10 12
110 111
289 291
248 249
324 326
291 292
96 97
338 339
376 378
15 16
26 28
24 26
317 318
284 285
1 2
295 296
18 19
395 396
245 247
122 123
