98
-844 632
-348 -409
-887 -98
61 -557
-737 -14
138 -792
-609 311
-446 304
-203 893
-199 764
-520 508
-361 -583
141 344
895 352
-828 -175
527 -762
-403 959
-463 -65
848 623
185 -851
-206 -997
-737 -260
-346 521
33 -248
484 -393
-744 -89
711 981
38 -20
-202 -143
-792 793
-114 -118
-453 956
175 -454
120 -548
-960 858
543 -569
-156 -930
560 -824
507 317
707 -86
127 73
50 365
345 -177
271 518
647 -495
292 846
204 973
-234 191
368 462
319 -734
708 -211
-399 315
218 -322
-421 130
103 517
907 -635
896 -785
-777 -724
-196 -71
-242 -738
588 -672
941 983
-451 -802
189 387
14 -950
-531 453
-741 64
771 -648
562 -966
-244 115
-947 539
324 -148
205 321
929 957
119 588
895 248
-183 -194
703 -237
-645 516
795 277
6 107
286 -205
255 -813
-548 294
-964 588
879 306
-525 -44
-608 -573
280 69
-778 -184
933 657
412 965
881 -909
-380 625
981 321
-65 -704
-462 575
116 -750
