142
-521 158
-837 24
-102 -113
737 -282
-284 -486
329 -495
988 281
941 444
-314 942
421 832
-370 436
-518 -349
404 113
697 -355
-49 959
-659 -328
-134 -413
-712 -630
132 -930
312 750
-884 0
-19 161
753 94
755 -142
76 983
561 -578
-402 147
-388 320
308 706
670 -445
-345 -344
731 -213
1000 270
765 -687
-23 -822
-201 324
736 825
509 -980
-965 951
307 -775
202 34
-737 956
-391 218
237 -367
68 977
-502 -902
-455 482
437 -525
817 -852
-67 -800
99 -501
-840 679
-408 -268
347 203
267 -704
-816 -574
-860 57
24 -671
-564 903
-843 647
-248 -830
328 855
244 170
319 107
123 -894
170 983
873 790
-298 -559
-785 -840
-868 -389
886 127
538 -155
-843 289
835 465
298 -107
-530 -828
-616 -659
603 -25
491 35
503 825
586 -535
-86 -131
268 768
-9 174
544 120
130 -396
993 910
54 -106
593 919
-264 -308
793 972
478 -361
-332 -387
-206 377
954 925
-549 -458
-589 -225
696 780
-713 483
210 399
171 630
-677 948
723 -941
462 323
121 522
-578 36
592 786
994 -814
-813 975
-556 95
-359 -89
457 -221
802 323
884 366
-968 -304
-276 -49
-787 612
248 570
-420 -1
190 944
-433 694
-681 730
309 158
-985 219
929 -214
88 696
-765 848
823 227
765 172
110 -758
275 507
-478 -263
57 -748
-884 -260
100 -407
623 451
-551 -861
612 -465
-758 641
207 -204
478 -50
444 773
