100 100
2 82 2
1 1 98
2 99 98
2 100 100
3 24
3 51
1 1 99
1 2 100
2 98 100
3 51
2 99 99
2 100 99
1 2 100
2 100 100
1 1 99
1 1 98
2 98 99
1 2 100
2 34 1
1 68 2
1 40 1
1 49 1
1 2 100
2 100 98
3 81
2 100 100
3 33
2 99 99
1 1 99
1 1 99
2 100 100
1 10 2
3 16
1 1 98
2 99 100
2 41 1
2 98 98
3 82
1 2 99
1 2 98
2 98 99
3 19
1 26 1
1 2 100
1 56 2
2 99 98
3 100
2 98 98
3 87
2 100 99
3 18
2 73 2
2 98 99
1 2 98
2 99 98
2 99 98
1 1 100
3 83
1 45 1
2 98 99
1 1 100
2 99 100
2 98 99
3 14
1 1 99
3 16
1 1 98
1 1 98
1 1 99
3 54
3 19
1 1 98
2 98 100
1 2 99
1 2 98
3 98
1 40 1
1 2 100
1 1 98
2 31 1
2 11 1
1 2 98
1 1 98
3 20
1 2 99
2 100 98
2 100 99
2 99 100
2 99 100
2 100 98
3 18
1 1 100
1 2 99
3 87
1 1 100
3 45
1 2 2
3 36
2 36 2
1 73 1
