100 100
1 95 1
2 99 98
1 1 100
1 1 98
1 2 98
2 76 1
1 46 1
2 99 100
2 94 1
1 1 98
2 94 1
2 2 2
1 2 98
1 38 1
1 45 2
1 2 99
2 100 100
1 1 98
3 82
3 64
2 59 2
1 50 2
3 25
3 84
2 99 2
2 100 99
2 98 98
2 100 99
1 2 98
1 86 2
1 52 1
2 98 1
2 98 100
1 1 98
2 99 98
2 15 2
3 17
3 48
2 48 1
2 37 2
2 28 1
1 1 99
1 2 99
2 99 100
1 35 2
3 21
1 1 99
2 98 99
2 99 98
3 31
1 56 2
1 1 99
3 85
2 93 2
1 31 1
1 1 100
1 39 1
2 98 98
3 91
3 28
2 99 100
3 87
1 2 100
2 99 100
3 4
1 1 99
2 98 98
1 25 1
2 99 99
1 1 99
2 61 1
3 76
2 88 2
2 71 1
3 1
1 42 2
2 98 99
2 99 99
1 6 2
3 75
2 100 100
1 2 100
3 88
2 98 98
3 12
2 98 99
2 93 1
3 25
2 82 1
1 1 100
3 92
3 79
3 25
2 99 99
1 2 100
1 77 1
2 49 1
1 2 99
1 1 98
2 70 1
