1000 1000
2 629 8
2 984 995
1 14 994
3 185
1 1 995
3 782
1 607 1
1 5 982
1 26 4
2 991 994
1 17 996
1 20 993
3 528
2 524 11
3 905
3 864
1 15 992
2 990 998
2 992 990
2 996 984
2 988 996
1 5 996
2 989 980
2 998 982
3 336
2 983 988
2 1000 994
1 7 981
1 17 985
2 995 993
1 14 997
2 994 1000
3 401
2 911 9
1 10 983
2 995 988
2 993 980
2 287 17
3 83
3 435
2 991 982
1 7 986
2 984 993
3 878
3 191
1 8 992
1 12 983
1 3 994
2 989 985
1 2 981
3 855
1 528 13
1 11 989
2 332 13
2 985 988
2 114 9
2 628 20
1 1 993
1 19 998
1 8 985
2 999 989
1 4 987
1 18 996
3 328
3 392
2 1000 998
2 959 5
2 504 18
1 8 991
1 16 991
1 3 994
1 18 999
1 10 990
2 990 992
3 575
1 20 983
2 367 16
1 8 990
2 969 9
2 980 989
2 654 9
2 990 999
2 985 989
1 469 8
1 960 17
3 473
3 494
2 989 987
1 11 983
2 984 995
1 11 984
2 375 3
1 10 994
1 12 997
2 988 996
1 270 7
1 20 986
3 829
1 837 1
1 13 993
3 153
1 391 9
1 14 989
2 999 995
1 2 997
1 6 987
2 211 1
2 996 990
1 18 987
3 143
3 245
2 518 15
3 253
3 679
1 10 998
1 11 988
2 998 990
2 999 994
3 272
2 980 993
2 989 988
1 2 994
2 980 981
3 329
3 769
2 989 983
2 990 980
1 866 11
2 987 982
1 3 992
2 986 994
2 981 991
2 987 982
2 988 993
2 990 992
2 640 8
2 171 14
2 911 12
3 495
1 16 988
2 992 998
2 991 988
2 987 986
1 13 1000
2 980 999
1 1 1000
2 981 983
3 320
1 8 997
3 880
2 996 999
1 13 981
1 18 6
1 11 981
1 19 982
1 15 989
1 19 982
2 989 983
2 995 984
2 999 990
1 2 992
2 1000 992
2 990 10
1 20 987
1 14 980
3 992
2 986 996
1 13 982
3 208
1 18 995
3 361
1 18 993
1 11 983
1 16 992
2 526 19
2 987 991
1 13 1000
1 7 996
1 16 985
3 283
3 359
1 13 987
3 388
2 1000 991
1 10 994
2 994 982
2 370 17
1 20 993
2 991 987
2 448 5
1 8 1000
1 1 996
2 992 999
3 866
3 284
2 983 1000
1 18 995
1 15 981
2 980 1000
2 995 983
1 850 16
1 14 992
2 996 988
2 980 990
1 2 985
2 997 998
1 7 997
2 982 986
1 5 992
2 999 992
3 663
3 120
3 771
1 18 987
2 981 996
2 997 994
1 15 982
1 8 999
2 997 984
2 997 981
1 3 999
3 345
3 892
2 995 998
1 423 7
2 987 980
2 987 986
3 661
1 19 983
2 533 12
1 3 993
1 560 5
3 824
2 981 986
1 19 996
1 8 992
3 470
1 20 993
3 829
2 981 985
1 8 998
3 711
3 906
2 867 4
2 987 991
2 991 986
2 998 981
1 581 5
1 19 995
1 11 989
1 1 980
2 995 986
2 985 991
1 9 996
1 415 4
1 873 13
2 587 13
2 659 8
1 10 988
3 262
1 10 990
2 1000 982
2 982 992
2 999 980
1 16 981
2 995 991
2 999 980
3 733
1 8 995
2 989 995
3 880
1 17 982
2 987 1000
2 983 991
1 7 988
1 20 995
3 651
1 19 991
2 342 2
3 713
1 17 997
1 13 988
2 988 999
1 18 994
3 662
3 918
1 11 1000
3 259
2 980 992
2 982 981
1 931 12
1 542 9
1 1 999
1 9 987
2 999 994
2 365 18
2 992 982
3 76
3 597
1 13 982
2 982 989
2 995 993
1 11 980
1 18 990
2 988 992
3 530
1 19 981
2 355 7
2 986 997
2 987 996
2 990 990
2 895 4
2 981 993
2 981 995
2 983 989
2 995 988
2 980 993
2 986 997
1 5 989
1 11 982
2 986 992
3 100
2 990 986
2 997 984
2 395 20
1 14 988
1 20 981
3 709
1 11 995
2 738 16
2 997 984
1 14 988
2 358 12
2 132 20
3 474
2 981 992
2 876 2
2 988 995
2 997 986
1 14 997
2 986 982
3 328
2 996 982
3 340
3 61
2 982 996
2 989 983
2 993 997
2 997 983
2 995 982
3 288
1 3 988
1 14 988
1 960 13
3 583
2 644 8
1 1 983
3 181
1 9 997
1 7 1000
3 896
1 10 992
2 796 19
2 992 980
1 734 15
2 987 987
1 15 988
1 4 992
1 10 995
1 16 998
1 1 991
2 658 18
3 17
3 753
2 995 999
3 61
3 437
1 16 991
1 12 987
3 295
3 797
1 3 980
1 8 985
3 608
2 593 18
2 342 11
2 983 989
1 4 992
1 7 987
2 989 982
2 991 984
1 17 986
3 328
3 749
1 18 999
2 993 993
1 18 989
3 764
1 9 1000
2 996 984
1 17 996
1 565 14
1 11 989
1 408 17
1 9 980
3 128
1 12 993
1 866 20
2 980 999
1 6 993
3 431
2 996 992
1 12 995
1 17 988
3 594
2 980 990
1 17 983
1 18 989
3 19
2 985 990
2 984 989
2 992 984
1 15 986
2 996 991
2 10 6
2 996 983
3 724
1 1 983
2 992 989
1 10 995
2 941 17
2 990 993
1 801 16
3 923
1 77 20
2 481 17
2 993 989
2 984 994
1 1 992
2 994 984
2 997 985
2 981 981
3 957
1 19 984
3 288
2 504 19
2 999 987
3 821
1 13 995
1 2 983
3 714
3 203
1 12 983
1 964 2
2 337 13
3 441
2 981 987
1 10 980
2 991 989
1 18 1000
2 1000 990
2 987 985
2 985 998
1 590 19
2 993 984
2 983 999
1 558 2
1 802 7
1 25 2
2 984 990
3 590
3 299
2 988 987
3 259
1 2 981
3 503
3 738
1 7 996
2 239 18
3 696
1 5 990
3 288
1 12 990
1 10 1000
3 615
2 991 991
2 985 991
2 987 980
1 7 994
2 981 983
2 991 985
2 990 996
1 981 5
1 3 990
2 992 985
2 520 20
2 990 981
3 321
2 993 996
3 390
3 949
1 403 6
3 839
1 9 985
1 3 987
2 980 982
1 15 982
3 86
1 19 995
1 1 1000
3 77
1 14 990
1 563 3
3 341
2 993 990
3 482
1 951 8
2 997 991
2 988 990
1 863 7
1 8 984
1 19 983
2 987 985
3 739
1 18 992
3 846
1 3 999
3 535
3 297
1 9 995
2 980 996
1 720 20
1 7 1000
1 3 984
2 346 3
2 980 1000
1 5 997
1 626 19
2 995 982
1 857 11
1 1 982
3 398
1 5 983
2 367 2
2 982 990
2 998 985
2 986 988
1 17 982
1 4 994
2 982 987
2 521 9
1 2 998
1 1 1000
2 982 996
2 993 987
2 983 992
1 19 999
1 13 984
2 987 982
3 939
3 397
1 467 10
1 17 981
1 17 985
1 16 995
1 16 991
1 9 989
3 162
2 738 14
2 981 1000
3 44
2 879 20
1 3 981
1 12 990
3 477
1 815 7
2 997 986
3 958
1 888 3
3 742
2 987 998
1 13 988
3 401
3 354
2 986 998
2 992 988
3 173
3 419
1 1 985
2 151 15
2 997 985
3 984
1 6 987
1 10 987
2 983 981
2 981 999
1 19 981
2 504 15
2 990 999
2 986 1000
2 980 999
2 994 985
2 984 981
1 2 993
1 979 10
2 673 18
1 12 994
2 992 984
2 989 993
1 16 998
1 2 992
2 981 992
3 846
2 607 14
2 995 991
1 453 12
3 436
1 10 980
1 16 995
2 987 984
2 991 993
1 674 17
1 9 997
1 8 997
3 9
1 732 9
2 1000 988
2 995 997
1 320 20
1 232 19
1 20 999
2 980 988
1 3 993
2 1000 988
1 661 14
2 999 987
2 996 986
1 270 12
3 297
2 984 981
2 13 2
2 996 996
3 173
2 1000 996
1 974 5
2 985 984
3 951
1 19 1000
2 991 990
3 891
3 810
3 270
1 10 983
3 17
2 986 984
2 401 10
2 996 988
2 260 9
2 985 988
2 992 983
1 3 988
2 986 982
1 15 985
1 362 2
1 5 982
3 650
2 990 997
2 987 985
2 994 995
1 16 983
1 964 8
2 989 990
3 80
2 985 987
1 15 996
2 989 995
2 999 996
1 18 981
3 191
2 985 998
2 988 983
1 9 993
2 986 980
1 1 992
1 7 990
2 980 994
2 456 15
1 359 17
2 137 6
1 12 991
3 900
1 20 989
1 6 998
1 19 1000
2 807 3
2 986 1000
1 7 988
2 994 991
2 998 997
2 988 986
2 986 983
1 951 11
2 1000 994
2 992 992
2 985 996
1 20 992
1 18 987
1 15 993
1 2 994
1 2 980
3 104
1 4 987
1 6 987
3 778
1 16 999
3 62
3 282
1 14 981
3 904
2 986 985
2 981 992
1 17 992
1 16 1000
2 1000 997
2 993 992
2 124 5
3 183
2 155 19
2 983 991
3 877
2 982 996
1 9 980
2 981 982
2 988 982
1 10 980
1 11 988
1 5 980
3 255
1 13 981
2 993 980
1 1 995
2 999 982
3 424
3 680
1 17 983
2 996 993
1 10 991
1 2 980
2 984 984
2 984 994
2 999 2
2 994 984
2 118 11
1 7 996
2 504 3
1 17 994
3 971
3 781
3 333
2 634 17
3 571
3 294
1 7 985
1 704 2
2 980 981
1 17 992
2 987 986
1 10 984
2 995 984
1 3 980
2 984 985
3 946
1 15 998
2 36 5
2 991 997
3 619
2 248 1
2 336 20
2 992 991
1 967 14
2 361 6
1 349 19
3 294
1 407 16
2 984 985
2 51 11
1 244 16
3 957
1 5 987
2 996 980
2 983 991
2 999 991
1 354 16
1 15 989
3 889
3 364
1 19 984
2 986 985
2 978 10
1 1 995
2 999 990
2 986 984
1 16 984
1 7 1000
1 19 984
1 14 995
1 11 994
2 994 999
1 428 2
1 7 998
3 863
3 49
3 258
2 990 987
2 998 996
1 20 982
1 15 992
3 69
3 948
1 15 997
2 999 994
3 107
3 2
1 12 997
2 987 982
1 4 990
2 987 981
1 1 992
1 4 997
1 8 984
1 18 996
1 5 984
1 17 989
3 534
1 5 1000
3 35
2 993 994
3 94
3 663
2 994 998
1 15 995
2 987 988
2 997 984
2 999 987
1 9 982
1 3 993
2 992 981
1 15 981
2 850 1
1 2 997
1 3 996
2 993 993
1 8 982
1 12 995
3 850
2 990 997
2 999 992
1 9 998
1 315 19
2 992 997
2 988 985
1 9 995
1 7 994
2 980 982
2 995 984
1 659 20
2 997 989
1 9 984
1 646 3
1 14 983
3 719
2 983 990
2 996 981
1 15 1000
2 997 999
3 814
2 983 984
1 14 999
1 5 982
2 996 984
2 998 984
2 1000 986
1 1 997
1 14 985
2 1000 993
1 864 12
2 986 993
2 999 994
3 842
1 222 7
3 227
1 16 986
3 72
2 999 984
1 1 992
1 17 981
1 13 994
2 984 997
1 618 5
3 652
2 988 994
1 3 998
1 7 993
1 7 983
1 20 1000
1 12 992
3 998
2 987 993
1 12 991
1 591 2
1 8 986
3 390
3 242
1 14 1000
1 3 981
2 846 10
2 1000 993
1 3 996
1 6 989
1 974 15
3 354
3 246
3 400
2 1000 998
2 995 984
1 432 4
1 3 983
2 839 2
3 246
2 987 989
2 995 988
2 983 992
1 53 5
2 986 989
1 10 996
1 9 992
1 576 9
2 589 8
3 633
2 994 990
3 17
1 1 998
1 13 997
1 13 981
2 144 12
2 982 997
3 989
2 993 993
3 340
3 670
2 996 986
2 994 999
2 984 983
1 6 997
2 235 16
3 564
3 868
2 985 985
1 14 997
3 542
1 1 997
1 11 998
2 984 980
3 676
1 4 985
1 10 997
2 994 994
2 980 988
2 983 995
3 190
3 657
2 982 998
1 545 8
2 447 3
2 990 1000
2 985 980
1 787 18
3 410
1 10 987
2 989 995
3 917
3 445
2 995 998
1 2 994
2 984 989
3 226
1 11 987
1 267 9
3 83
2 982 996
2 1000 991
1 5 990
2 999 988
3 503
2 989 983
2 809 19
2 982 981
2 986 996
3 467
1 287 5
