1000 1000
3 459
3 381
3 5
1 10 992
3 468
3 81
3 943
3 674
3 105
2 986 994
1 8 988
3 782
3 721
3 774
3 600
3 218
3 499
2 664 19
3 379
3 825
3 758
2 982 999
3 807
3 455
3 300
3 306
3 532
3 21
3 332
3 301
3 906
2 980 16
3 457
3 240
3 659
3 84
2 986 997
3 505
3 53
3 661
3 725
3 143
3 501
3 514
3 540
1 142 17
3 830
3 957
3 781
2 998 983
1 4 995
3 359
3 982
3 167
3 176
3 94
3 250
3 629
3 741
3 745
3 578
2 987 982
3 847
3 270
3 702
3 339
2 987 986
3 993
3 862
3 99
1 8 986
3 255
3 350
3 925
3 932
3 165
3 960
3 635
2 998 984
3 206
3 957
3 85
1 2 993
3 921
2 449 19
2 989 999
3 270
3 211
3 281
3 591
3 563
3 111
3 20
3 338
3 44
3 828
1 17 988
3 22
3 601
1 8 985
3 751
3 435
3 455
1 19 983
1 4 993
2 980 982
3 326
1 998 16
3 627
3 528
3 742
3 14
3 602
3 106
3 880
2 104 20
3 306
3 60
3 617
2 996 981
3 571
3 190
3 804
3 878
3 912
3 745
3 321
3 258
3 156
3 752
3 113
3 979
3 586
3 589
3 32
2 990 989
3 307
1 154 12
3 21
3 386
2 982 998
3 68
3 7
3 542
3 303
3 12
1 20 982
2 986 999
3 799
2 988 993
2 987 991
1 20 992
2 1000 987
3 11
3 123
3 8
3 907
3 488
3 817
3 916
2 702 2
3 523
3 773
3 174
2 986 984
3 547
3 209
3 417
3 735
3 496
3 443
3 881
3 694
3 784
3 20
3 769
3 302
3 794
3 31
1 12 980
3 27
2 998 984
3 725
2 992 994
3 287
3 201
3 104
3 797
3 933
3 581
3 421
2 1000 994
1 7 991
2 991 999
3 590
3 634
3 556
3 173
3 339
3 521
3 154
3 340
3 660
3 348
3 260
3 227
3 93
3 141
3 832
3 703
3 510
3 683
3 605
3 754
3 506
3 177
3 508
1 66 10
3 445
2 989 990
3 572
3 232
3 196
3 972
3 918
3 801
3 617
3 593
1 9 984
1 460 7
3 727
3 441
3 757
3 442
3 294
3 811
3 998
3 331
3 191
3 529
3 582
3 756
3 195
3 317
2 991 981
2 999 1000
3 491
2 987 988
3 214
2 1000 1000
2 991 991
3 564
3 673
3 803
3 453
3 491
3 326
3 847
3 840
3 570
3 210
2 591 13
3 301
3 30
3 129
3 690
3 951
3 38
3 296
3 861
3 477
1 9 981
3 12
3 132
3 853
2 998 988
3 316
2 997 12
3 429
3 595
3 390
3 542
3 139
3 447
3 217
3 870
3 858
3 114
3 119
3 64
3 726
3 450
3 662
1 18 983
2 982 1000
3 609
3 401
3 254
3 307
3 251
2 999 982
3 538
3 191
3 350
3 525
3 666
3 382
3 589
2 582 3
1 14 980
3 687
3 665
3 838
3 608
3 529
3 403
2 997 986
3 933
1 16 993
3 297
1 15 998
3 529
3 442
3 857
3 147
3 747
3 601
2 984 987
1 3 984
3 462
3 510
2 998 995
3 417
3 414
3 293
3 551
3 820
3 465
2 991 996
3 296
1 1 991
3 902
3 941
1 8 994
2 1000 998
3 420
3 126
3 138
3 731
3 680
3 841
3 424
2 995 994
1 18 999
1 20 989
3 722
3 648
3 947
3 233
3 380
3 781
3 160
3 389
3 631
3 367
1 14 985
3 637
1 17 997
3 305
1 20 984
3 853
1 7 982
2 985 984
3 511
3 797
3 114
3 202
3 324
3 258
3 848
3 375
2 996 994
3 415
3 405
3 117
3 730
3 650
3 133
3 364
3 983
3 51
3 429
2 663 19
3 711
3 994
3 899
3 311
3 391
2 988 982
3 801
3 386
3 551
2 981 998
2 543 20
3 725
3 473
2 986 998
3 24
3 663
3 929
3 47
3 57
3 959
3 510
3 968
1 12 987
3 471
3 310
3 632
3 569
3 123
3 954
2 980 997
1 16 983
3 3
3 709
3 608
3 995
2 984 989
3 192
3 82
1 19 990
3 681
3 996
1 517 10
3 192
3 28
3 732
2 993 998
3 205
1 395 14
1 16 998
3 891
3 158
3 852
3 774
3 798
3 50
3 589
1 20 1000
3 332
3 540
3 973
3 379
3 754
1 18 982
3 323
3 482
1 2 983
3 220
3 268
3 170
3 3
3 650
3 898
3 112
3 163
3 620
2 322 13
3 768
3 387
1 4 989
3 258
3 371
2 999 988
3 728
3 287
3 869
3 714
2 990 990
3 767
3 183
1 11 985
3 160
3 490
3 738
3 561
3 887
3 797
3 121
3 893
3 837
3 634
3 448
3 654
3 417
3 328
3 982
3 610
3 587
3 334
3 583
3 567
3 30
2 992 990
3 72
3 476
2 99 14
1 18 989
3 793
3 451
1 17 983
3 429
3 637
3 284
3 23
3 249
3 317
3 289
3 70
3 35
3 993
3 871
1 3 998
3 561
3 915
3 413
3 976
3 61
1 1 985
3 779
3 42
3 279
3 541
3 21
3 507
3 787
2 983 981
3 663
1 11 997
1 2 980
3 556
3 316
3 15
2 561 19
3 180
1 59 12
3 389
3 348
1 5 980
3 213
3 248
3 828
3 358
1 15 998
3 316
3 989
2 209 11
3 510
3 284
3 131
3 14
3 470
3 201
3 438
1 6 996
3 605
3 42
3 494
3 839
3 297
3 401
3 835
3 222
3 729
3 762
3 199
3 133
3 1
3 441
3 567
3 979
3 38
3 289
3 184
3 667
3 783
3 865
3 409
3 472
3 900
3 889
3 329
2 990 1000
3 605
3 391
3 296
3 451
3 769
3 462
3 209
3 998
3 244
2 992 987
3 168
2 573 8
3 427
3 571
3 907
1 17 980
3 334
3 6
3 204
1 9 981
3 278
1 2 993
3 503
3 372
3 264
3 911
3 812
3 890
3 184
2 997 994
3 495
3 437
3 861
3 698
3 403
2 983 989
1 13 998
1 7 983
1 8 983
3 826
3 409
3 447
3 137
3 763
3 136
3 505
3 744
3 263
3 42
3 531
3 344
3 434
3 184
3 430
2 996 990
3 281
3 154
3 762
3 660
3 692
3 787
3 582
3 621
3 171
3 291
3 495
3 268
1 88 17
3 539
3 586
3 769
1 2 983
3 157
2 90 2
3 374
3 655
2 998 985
3 39
3 174
1 20 999
2 983 982
3 413
1 220 17
3 306
3 176
3 64
3 179
2 991 998
3 948
3 559
1 16 997
2 996 991
3 716
3 762
3 810
3 28
3 691
3 854
3 585
1 3 988
2 996 982
3 445
3 119
2 990 981
3 33
2 998 981
3 753
1 20 982
3 644
3 11
1 11 1000
1 1 982
3 329
3 497
3 377
3 564
2 352 5
3 67
3 254
3 319
3 181
3 800
3 768
3 478
3 158
2 31 17
3 831
3 435
1 4 991
3 876
3 207
3 339
2 982 998
3 156
3 318
3 284
3 205
3 213
1 12 982
3 576
3 431
3 106
3 199
1 1 993
3 288
3 542
3 698
3 834
3 814
3 257
3 609
3 64
3 108
3 493
3 434
3 535
3 34
3 19
3 619
3 850
3 827
3 429
3 35
3 305
3 774
1 18 990
3 948
2 993 995
1 12 980
3 761
3 442
1 18 1000
3 186
3 166
3 57
3 229
3 83
3 411
3 617
3 161
3 958
3 46
3 644
3 402
3 851
3 299
2 981 986
3 136
3 615
1 8 998
3 279
3 340
3 210
3 25
3 720
3 841
3 100
3 866
3 544
3 882
2 877 17
3 710
3 776
2 993 988
3 425
3 649
3 655
3 453
2 988 997
2 992 987
3 488
3 332
3 910
1 8 992
3 310
3 247
3 759
3 512
2 993 994
2 986 998
3 498
1 5 987
3 856
1 17 999
3 67
3 764
3 372
3 376
3 71
2 988 986
3 194
3 338
3 837
3 70
3 169
1 1 996
3 111
3 373
1 4 998
3 908
3 942
2 999 981
3 873
3 83
3 377
3 561
3 715
3 215
3 571
3 92
3 846
2 989 990
1 9 998
2 982 985
3 216
3 532
1 11 996
3 425
3 503
3 923
3 207
3 241
1 5 983
3 151
3 270
3 876
3 923
3 368
3 875
3 827
3 879
3 437
3 268
2 995 984
3 283
3 37
2 980 990
3 204
3 237
3 781
3 378
3 573
3 282
3 148
3 520
1 15 1000
3 281
2 995 1000
3 57
3 220
3 321
3 215
1 369 8
3 4
3 611
3 222
3 945
3 669
3 180
3 894
3 219
3 252
3 398
3 929
3 347
3 954
3 590
3 632
2 1000 983
3 688
2 456 5
1 13 997
3 516
3 792
3 850
3 333
3 57
3 547
3 877
3 451
3 399
3 719
2 995 12
3 778
3 431
3 579
3 227
3 565
1 1 986
3 420
1 6 987
3 126
2 1000 993
3 255
3 903
3 9
3 690
3 196
3 181
3 670
3 96
3 380
3 413
3 40
3 572
3 62
3 144
3 729
3 855
3 1
3 338
3 238
3 700
3 441
3 39
3 817
1 17 996
3 949
2 980 980
3 642
2 998 986
3 155
3 712
3 167
3 196
3 124
1 1 999
3 537
2 989 988
3 523
2 992 999
3 444
3 745
3 692
3 539
3 650
3 44
3 202
2 990 992
2 984 984
2 991 982
2 995 990
3 118
1 20 980
3 54
3 835
2 68 8
3 831
3 944
3 443
3 283
3 128
3 601
3 679
3 289
3 269
3 433
1 15 984
3 344
3 938
3 280
3 256
3 398
3 836
3 173
3 413
