1000 1000
2 992 993
2 994 993
2 996 980
1 6 1000
1 13 983
2 999 983
2 990 981
1 18 981
3 384
1 8 996
2 986 983
1 9 994
2 982 992
3 634
2 981 981
2 994 999
3 697
3 335
2 982 984
1 10 984
2 984 990
1 4 980
1 12 999
1 13 982
2 988 999
1 2 991
2 1000 984
2 989 995
2 981 999
1 3 1000
1 14 981
1 992 14
1 16 1000
1 15 981
1 435 17
1 14 998
1 5 984
1 9 984
1 1 987
3 664
1 632 8
2 989 996
3 360
2 981 997
2 986 988
1 468 3
1 15 995
2 992 997
1 12 988
1 7 984
1 6 997
1 17 991
1 18 982
2 993 988
3 520
2 981 997
1 450 12
1 476 9
3 538
3 989
1 17 996
2 984 998
1 848 5
3 870
3 421
1 12 998
2 985 994
2 994 981
2 987 993
2 988 991
2 995 988
3 679
2 666 19
3 788
3 503
2 999 994
2 985 994
1 20 994
3 641
2 1000 990
1 16 989
3 802
1 16 986
3 611
3 438
1 8 992
1 6 995
1 12 985
1 9 998
1 5 993
1 9 980
1 15 1000
1 1 994
2 995 995
1 1 986
1 16 985
1 10 992
2 992 983
3 61
2 996 980
2 988 993
1 791 8
2 991 997
1 16 991
3 965
1 17 999
1 13 981
2 982 1000
1 20 986
2 987 987
1 4 987
3 523
1 119 15
1 8 988
2 984 997
1 115 17
2 824 19
3 754
1 2 995
1 3 984
2 996 990
1 3 995
2 983 992
1 6 999
1 19 992
1 3 999
1 19 985
1 12 990
2 985 997
1 12 991
1 13 993
2 1000 986
1 14 983
1 11 986
2 994 993
2 996 992
2 999 988
1 5 980
1 12 989
2 983 997
1 113 15
2 356 16
3 261
2 1000 986
2 983 988
2 986 993
1 228 9
1 220 16
2 991 998
1 10 993
1 13 985
1 12 986
2 990 993
1 14 994
1 19 999
2 992 997
3 865
3 986
1 3 990
3 299
3 99
1 987 20
2 980 1000
2 988 993
1 1 997
2 998 996
2 986 992
2 982 990
2 987 983
2 526 14
2 992 988
2 984 992
3 888
2 989 990
3 408
2 993 994
1 3 1000
1 460 12
2 981 988
2 987 992
2 991 1000
2 980 998
2 999 986
2 995 991
1 5 984
1 13 990
1 7 988
2 998 991
1 4 993
1 17 1000
3 396
1 4 1000
2 984 991
1 15 982
2 987 998
3 788
3 620
2 986 997
1 17 980
1 19 985
1 1 980
1 13 982
1 4 983
1 11 985
3 873
2 992 999
1 10 998
2 980 995
2 975 16
2 993 980
1 14 998
1 326 17
3 572
2 996 991
2 983 1000
1 2 984
1 20 988
1 16 986
3 1
1 6 1000
2 982 986
1 11 990
1 6 997
2 984 996
2 986 987
2 993 995
3 366
2 989 998
1 13 989
1 6 985
2 984 987
2 993 989
1 11 989
2 998 998
2 987 993
1 9 991
2 985 988
2 988 981
3 235
3 94
1 2 1000
3 925
2 980 993
1 18 986
3 1000
1 20 1000
2 990 987
1 20 998
3 118
2 1000 1000
3 658
1 12 999
2 1000 999
1 19 983
1 239 5
2 1000 992
3 252
2 998 987
2 995 992
3 513
2 994 991
2 999 990
2 994 987
3 937
3 467
3 533
3 537
2 994 997
1 4 994
1 15 991
1 1 989
1 17 1000
2 987 995
2 992 988
2 980 997
2 985 980
2 981 992
1 15 985
1 16 995
3 151
1 1 994
1 19 999
2 994 991
2 990 980
2 987 991
2 991 982
1 9 981
1 16 996
2 983 990
2 998 997
2 984 997
2 982 980
3 513
2 993 993
2 989 983
2 980 989
3 234
3 634
1 18 998
1 7 996
3 196
1 6 994
1 15 983
2 985 998
1 10 985
3 843
1 10 994
3 110
3 480
2 996 982
1 20 989
2 606 3
1 1 984
2 996 992
2 992 980
2 991 992
1 18 987
1 7 984
1 430 18
2 988 993
2 992 996
2 992 981
2 998 986
2 984 993
2 996 998
2 63 14
1 696 16
2 985 982
1 13 981
2 994 994
1 10 997
1 12 980
2 985 1000
2 387 16
2 695 9
1 9 987
1 18 986
2 984 984
1 5 990
1 8 992
3 210
1 11 988
2 987 998
2 987 990
2 988 986
1 12 988
2 990 989
1 7 987
1 4 996
1 17 985
3 782
3 835
1 217 4
1 18 998
2 995 999
1 901 2
3 488
2 994 983
3 938
2 998 980
3 214
2 987 985
3 773
1 4 998
2 988 1000
1 7 985
2 992 993
2 984 995
1 13 992
2 988 1000
3 214
1 418 12
1 16 992
1 12 993
3 797
2 980 990
2 992 990
3 43
3 597
3 791
2 994 999
1 1 986
2 993 998
1 3 988
3 497
2 991 985
1 20 988
2 997 997
2 982 996
2 982 982
2 1000 1000
3 822
2 996 994
2 994 983
2 981 992
1 17 982
1 1 986
1 16 987
1 5 992
2 988 988
2 994 985
1 16 990
1 236 16
2 989 998
2 992 981
2 992 984
2 987 982
3 465
2 993 995
2 982 999
1 11 988
3 539
1 18 991
1 12 980
3 247
2 985 988
1 17 989
1 17 986
2 988 982
1 20 987
2 996 995
2 994 991
3 971
2 988 997
1 15 994
1 19 990
2 997 997
2 994 986
3 882
1 3 988
2 487 16
2 995 997
2 981 996
1 3 982
1 17 987
2 996 1000
1 2 992
1 5 982
1 18 996
3 312
3 171
1 6 995
2 997 984
1 7 993
2 899 20
1 9 994
3 380
1 5 994
1 12 983
3 26
1 16 985
3 153
2 982 995
3 851
1 785 12
1 5 995
2 990 996
2 980 983
2 356 3
1 1 997
2 989 991
2 993 989
3 811
1 6 993
1 5 989
2 997 997
2 988 992
3 574
2 564 1
2 992 987
1 6 991
1 4 983
2 989 982
3 483
3 991
2 985 980
1 15 998
3 490
3 216
1 7 992
2 998 1000
2 999 982
1 12 998
1 13 994
2 983 994
1 12 984
1 1 996
3 190
2 998 984
1 8 987
2 983 982
1 2 999
1 15 996
2 982 981
2 230 8
3 179
1 6 990
3 365
2 988 994
2 992 1000
2 981 995
2 988 990
1 15 996
1 19 991
2 995 990
1 19 983
1 15 982
3 512
1 14 986
3 951
3 745
2 990 996
3 638
1 9 996
2 985 988
2 983 995
2 995 999
1 13 986
1 2 996
2 981 980
1 12 981
3 662
1 3 990
3 153
2 986 993
1 8 995
2 985 981
2 996 989
3 559
3 1
1 9 998
2 989 996
2 981 985
3 100
3 84
3 489
3 22
2 153 3
1 19 999
2 986 998
2 608 19
2 991 995
2 999 991
1 944 11
1 18 988
2 995 998
3 93
2 983 1000
2 980 987
1 19 996
1 5 990
2 242 20
2 982 991
1 651 7
2 991 985
1 14 980
3 64
1 7 987
3 384
2 998 1000
2 991 991
1 2 992
2 295 5
2 981 999
1 7 986
2 982 984
1 6 983
2 994 983
1 17 980
2 227 6
2 985 980
2 996 980
2 989 980
2 986 985
2 984 990
3 979
1 1 983
1 15 991
1 14 985
3 949
2 981 982
2 990 981
2 984 996
1 770 18
2 995 997
1 18 985
1 345 10
2 989 993
2 985 991
1 6 1000
1 9 991
3 375
2 984 985
1 17 999
3 679
1 16 989
3 389
2 988 985
1 16 1000
1 15 981
1 19 994
2 984 996
1 14 985
2 994 991
1 5 985
1 4 1000
2 992 987
1 16 994
1 15 989
2 983 980
3 364
1 10 990
2 445 19
2 988 985
3 783
2 998 990
2 982 985
2 995 990
2 984 994
3 107
1 12 989
3 269
3 736
2 986 1000
1 19 995
1 19 984
2 992 987
1 12 1000
2 994 986
3 505
2 981 994
3 500
1 3 985
2 995 992
1 2 990
2 983 991
3 177
3 13
2 998 992
2 985 998
1 7 991
1 1 994
2 989 982
3 658
2 995 999
3 162
1 10 984
2 996 991
2 90 5
3 275
2 985 984
2 992 994
1 1 983
2 987 982
3 409
2 998 983
2 767 18
3 280
2 997 4
1 11 982
1 13 993
1 16 988
3 450
1 5 987
2 993 985
2 980 993
1 444 3
2 1000 992
3 392
2 328 18
1 1 988
1 527 11
1 8 983
3 209
2 986 990
2 989 999
2 984 989
1 7 984
3 290
2 987 988
1 8 987
2 983 997
2 994 986
1 10 998
3 890
1 4 996
1 18 988
1 14 989
1 14 991
1 19 984
2 980 982
2 982 993
2 990 994
2 1000 1000
3 315
3 287
2 991 993
3 808
2 999 991
2 992 982
3 341
1 15 991
3 670
3 31
2 989 992
1 5 982
2 1000 988
3 512
2 985 982
2 641 16
2 999 996
3 222
2 659 3
1 5 999
3 774
1 19 991
1 5 985
1 14 982
3 699
2 999 995
2 996 982
2 994 984
1 8 981
2 989 992
1 3 992
3 912
2 986 987
1 9 990
1 18 990
3 867
3 246
2 987 987
1 10 981
3 84
2 1000 981
2 993 992
2 984 986
1 12 985
2 987 989
3 132
1 13 995
3 483
2 981 990
1 3 999
2 990 998
2 980 1000
1 6 995
2 989 995
2 994 992
2 988 989
1 8 994
3 60
2 985 991
3 703
2 981 993
1 13 985
3 421
2 984 981
2 981 996
2 982 995
2 981 980
2 1000 999
2 985 991
1 1 986
3 223
1 18 985
1 19 992
3 851
1 3 985
2 994 984
1 15 988
1 9 989
2 996 998
1 5 980
1 7 994
3 640
1 7 995
2 995 995
1 20 997
2 1000 989
1 16 981
1 18 987
1 20 984
1 11 980
1 10 992
3 275
1 821 9
2 981 988
1 17 1000
2 990 982
1 16 988
1 2 993
2 986 1000
2 986 997
1 1 994
1 6 981
2 994 998
2 995 1000
2 997 998
1 10 982
2 991 981
1 1 980
3 907
1 20 981
1 3 986
1 20 998
1 17 980
2 985 998
3 116
3 730
2 994 990
3 703
1 17 992
1 13 987
2 983 993
1 11 988
3 560
2 988 996
3 204
1 179 8
1 17 994
2 998 997
2 841 6
3 364
1 17 980
2 989 990
2 992 983
2 990 990
2 991 996
1 10 997
1 6 993
2 1000 992
1 14 989
3 772
1 6 992
1 14 991
1 15 991
1 939 17
1 20 1000
1 7 983
2 167 17
1 11 1000
2 984 984
3 968
1 11 989
2 995 980
3 630
3 409
1 11 999
3 231
3 714
1 18 995
1 10 999
3 995
3 485
2 997 998
2 980 985
2 844 16
2 998 980
2 995 999
1 11 989
2 980 992
3 492
1 10 998
2 984 998
2 986 998
1 4 986
2 985 988
2 991 983
2 996 990
2 980 985
3 369
1 19 993
3 715
3 513
1 4 984
2 988 985
2 994 993
3 927
2 981 992
1 4 992
3 312
2 991 992
3 773
1 19 994
3 47
1 16 992
2 513 19
2 982 993
1 17 987
1 9 985
1 14 988
2 997 991
3 556
2 990 982
1 6 980
1 16 987
1 17 988
2 998 999
2 994 986
3 278
1 4 994
1 4 993
3 887
1 20 995
2 997 992
1 701 11
1 19 998
1 6 981
1 6 983
1 3 999
1 8 982
2 669 9
1 9 981
2 987 994
3 704
1 892 12
1 5 985
3 801
2 985 983
3 807
3 132
3 698
1 16 980
2 990 994
2 992 995
2 991 994
3 440
2 986 997
3 334
1 16 991
3 764
2 991 982
3 560
1 11 993
2 987 981
1 18 989
2 989 988
1 8 987
1 7 992
1 11 994
2 993 989
1 19 986
1 19 980
2 996 987
2 999 995
2 990 986
1 15 999
1 10 997
2 1000 986
1 15 994
1 1 993
1 5 985
1 1 991
2 997 988
1 9 994
3 648
3 334
2 999 994
3 774
2 998 1000
3 200
1 12 999
3 40
3 824
3 240
2 987 990
1 16 990
2 990 996
3 940
1 2 983
3 759
1 16 991
1 4 993
3 800
2 980 992
3 759
1 7 1000
3 9
3 185
3 774
2 991 998
2 982 989
2 992 996
1 841 20
1 9 999
2 987 991
2 982 980
3 717
3 528
1 19 995
3 915
2 999 991
1 8 991
2 989 990
3 169
1 10 995
2 987 981
1 8 984
1 6 992
