10000
-93 51
72 -15
17 -18
-87 -58
26 32
50 59
59 59
-93 11
-15 -69
-96 32
98 -90
47 32
-31 70
8 38
-84 -25
-21 10
97 15
-54 27
-87 -75
-29 72
41 55
60 -56
-22 72
70 -10
48 -51
-14 -9
54 27
79 -35
80 51
53 -47
51 99
-10 41
8 -1
-70 -78
56 -79
-73 -74
50 27
80 -42
90 -81
16 39
55 -89
-43 -72
82 -6
1 -71
-27 43
-92 -96
71 80
46 -95
-64 69
70 -37
37 56
-50 29
-43 -68
17 84
-48 -59
-88 32
-58 61
99 42
51 4
37 -21
68 -96
-27 -35
35 -78
-90 -87
-50 -68
78 -59
-24 -99
75 -33
79 48
-65 35
1 -100
-7 -21
29 -20
25 -99
-29 12
46 -16
-10 58
74 92
-14 71
-18 -77
-40 22
84 -22
-81 39
-14 58
-21 79
-89 -4
56 83
-100 -90
4 20
15 40
45 -93
-84 -22
-3 -45
42 6
-36 -53
59 47
-87 14
-43 18
38 -30
2 29
-21 -16
-67 -14
71 9
2 82
5 -36
42 61
-29 100
-3 5
56 -46
35 -58
10 -19
78 58
-35 -90
-47 -44
-99 72
-64 88
78 -79
-87 17
-72 -83
-14 -25
71 -28
6 -96
-55 -46
-19 52
55 -82
-6 -39
-95 54
66 -20
76 -8
-53 35
-96 -78
-16 -91
20 -92
31 -93
65 -28
93 -21
-52 77
13 -57
-100 67
27 -6
86 -57
78 13
96 -71
-29 45
85 94
-72 -59
75 16
-94 -90
87 -90
85 35
69 -12
97 28
7 -43
-13 80
80 -15
-6 92
15 34
61 57
-59 -30
-61 55
-99 62
-56 2
41 46
-49 16
-82 63
77 34
59 37
86 9
-100 44
-17 -77
-66 42
15 -26
-3 -61
-24 37
-40 83
-21 94
40 -58
50 42
48 56
37 37
-97 28
-53 49
52 -50
-98 -90
93 41
63 -5
45 -16
46 54
61 -86
29 -42
77 87
-5 -1
-99 -15
86 73
-8 -97
-92 -49
86 -41
-53 -29
-6 -70
-40 -3
-62 37
-26 72
-70 -65
66 65
18 -59
-11 -63
-51 68
32 46
71 -12
-44 42
-83 90
-35 -50
-33 -18
92 97
-89 66
88 28
-57 29
-31 30
64 -76
35 41
-100 79
-37 -94
55 93
-85 -1
34 -39
38 -66
62 -10
-7 -93
5 38
-66 55
25 51
-100 -1
56 -31
27 45
23 -98
-7 -80
-57 -85
-5 -21
78 77
97 -24
-92 28
22 30
-58 -71
-4 -39
-58 -69
67 9
81 -90
-42 70
99 -84
45 13
64 -18
3 -3
1 20
77 19
-58 -34
-10 -47
-51 -39
-41 -18
-27 17
-97 -35
62 -56
98 99
24 -9
-75 -32
40 99
4 34
-61 44
-71 36
-57 22
-93 -74
36 -34
-19 32
67 75
-99 30
-90 95
-71 -98
10 -91
31 -20
71 10
-91 -39
45 -68
-13 -38
-47 -30
-35 52
-37 73
79 44
-85 65
-84 -37
52 -19
72 -16
36 37
-94 -97
1 99
-83 -66
24 34
74 35
32 0
21 54
36 -13
-92 -41
-11 52
-88 88
21 -19
79 -67
28 -31
1 -98
-54 -96
-39 -19
-11 -7
28 -85
93 -94
38 37
-24 -62
-25 67
13 82
-88 95
67 0
-14 74
-35 -13
48 -12
-69 79
-14 -79
4 31
53 -99
-25 -10
-25 -23
78 66
-29 -22
-13 64
-36 -46
-14 -70
80 19
-79 -46
75 78
88 22
-78 14
87 46
19 54
-24 66
-2 -15
26 -5
-15 -1
-26 -79
23 95
15 -19
-30 82
-41 30
-68 35
3 79
-83 -83
49 -2
-31 10
-2 11
-24 75
64 -56
-44 -79
70 -35
59 -81
-4 34
71 -39
81 38
-7 73
19 -90
-59 -32
25 94
31 -44
-71 -80
75 -42
35 12
6 -9
-94 16
97 -93
-60 -50
71 6
-53 3
-53 -68
90 -51
30 93
79 -38
-46 94
-52 11
-23 -5
-42 -86
-75 59
51 -91
-28 -69
11 0
-72 44
-74 -34
-27 -15
-20 42
78 -100
76 37
-5 68
-84 83
-78 85
-4 65
-22 -47
-41 -12
-86 -19
-16 9
62 88
-16 -42
-46 50
34 92
97 34
37 -86
30 64
9 82
-9 -38
62 64
-87 -6
27 -18
35 52
-83 -46
35 32
-7 -89
-29 81
21 31
-99 -29
-73 -48
-69 -94
53 20
-30 32
-31 -81
44 -63
60 -82
-9 -52
34 -32
-93 76
39 90
53 95
-81 42
80 -77
31 -21
84 -25
89 -91
-44 -14
-45 2
-75 -82
45 36
-70 80
28 58
39 51
47 74
81 -33
-10 -15
-27 63
14 79
-40 23
-6 16
-41 -92
61 46
-29 -97
15 30
-100 -69
56 4
85 33
98 1
29 -97
-46 74
-58 47
90 83
-45 33
27 28
51 -83
82 39
29 -49
-93 52
57 59
-33 1
-65 55
-80 -61
23 -68
-17 -51
44 -47
-34 -59
-73 89
-12 -53
-17 -64
-63 -1
-60 -42
62 -98
-9 27
-91 4
7 57
41 -1
79 96
-43 -87
-80 -93
-88 -36
-71 82
75 26
-100 -100
-2 -52
11 66
25 -77
18 56
-6 37
60 53
-54 99
29 -66
-91 77
-39 -20
9 -75
-85 69
-21 -14
7 46
-54 -93
85 22
66 -95
61 -8
99 71
-34 -96
-35 44
-25 -60
-81 44
79 27
62 -70
-61 28
97 -97
46 -94
-53 -94
51 48
-53 24
-60 -97
-75 -33
37 -85
-13 -28
-16 -88
91 -7
91 33
-52 -55
4 -32
76 100
-34 -21
-47 -3
42 -25
-12 -36
92 -89
38 -56
25 -18
-11 -32
-11 -91
-13 -48
64 -14
46 85
-3 79
56 55
69 0
11 48
-38 49
-64 -26
83 58
99 -18
-44 -47
40 -67
-59 -51
-88 -59
-12 38
83 -11
23 -13
-67 79
-4 -14
34 85
19 -63
-29 -85
-21 -43
45 72
-84 93
5 -92
16 100
-66 -62
33 43
68 -2
-20 -13
97 88
44 81
-40 20
39 -17
22 -4
-57 -22
-59 32
1 -54
-53 -47
60 -63
28 -53
22 42
90 5
19 -44
-81 -10
-21 -18
94 -24
11 0
77 -25
48 32
89 -95
92 46
-97 -48
7 -60
91 -19
-29 95
29 -66
74 53
56 97
15 76
-93 90
16 -70
-77 45
87 4
26 53
-98 24
-49 94
17 65
36 14
-5 38
-68 -46
21 -62
17 86
-33 -14
-76 -8
-77 -29
-99 58
72 88
60 3
-70 -20
61 -1
-12 31
-11 -79
21 -54
-25 -75
-45 22
21 -54
42 -50
-64 -30
4 -87
-30 -35
-85 92
46 -58
12 -93
5 -52
-48 -24
-2 -72
-79 100
-26 91
67 -38
9 -41
73 -47
-76 77
89 83
38 30
-50 34
-4 -39
-45 -76
12 19
50 30
50 64
71 76
-54 -42
-75 -66
-54 -11
73 -22
-49 22
-71 95
46 -26
35 -22
53 -60
47 14
-1 4
57 -86
-91 -29
10 -1
-99 90
-21 51
46 -22
-59 -59
52 65
-74 -16
-3 62
71 66
23 -5
-84 18
78 -88
4 -18
-45 5
20 -97
56 37
-63 66
-59 17
65 -13
-62 -78
-94 -26
73 6
39 -91
52 35
-61 92
-56 58
-76 -88
-41 -100
-37 -68
-11 -96
10 12
33 88
51 75
32 -53
-100 5
64 41
-28 -55
67 72
11 43
-46 -61
98 -97
-92 33
64 27
20 70
63 28
17 6
-75 96
89 85
67 -30
59 -42
22 76
10 -59
40 8
-43 -11
-65 -72
-34 -74
-19 -48
-31 70
66 -89
-58 -50
90 35
-72 76
-1 92
26 -95
2 42
-58 69
-2 40
-3 -62
-22 76
-80 43
3 46
-67 26
-61 53
45 -17
-16 -22
33 47
36 82
-100 98
65 52
-97 -64
74 -40
66 -34
75 -42
-39 -28
-65 -23
98 -64
-86 49
84 21
-86 -84
-33 67
83 -57
-39 78
1 -55
36 34
-34 36
-58 28
-73 -18
-86 8
45 -1
-91 89
71 51
-46 41
-50 -87
-37 71
76 41
-97 -71
-33 20
-7 -73
-47 -99
84 -88
-80 -73
76 7
38 94
10 32
72 55
92 34
-16 -78
48 82
-71 93
30 3
-74 45
14 91
15 84
26 17
24 -90
-44 68
35 -99
-80 -17
52 84
15 -40
-77 -84
-81 71
-93 42
-69 -43
10 -31
-32 59
-8 -93
-70 29
52 50
-74 -71
-39 21
-65 -50
8 21
39 -31
-37 -28
-70 7
57 7
-15 -99
4 -75
5 -30
-43 4
-42 -20
-94 -23
31 -51
75 -10
34 -91
-67 13
100 4
-20 19
28 95
-7 66
75 56
48 -49
-9 23
-1 -97
-70 -90
71 -43
-61 -32
77 50
-22 -8
10 56
-54 -18
-62 43
16 15
0 -32
98 -68
-14 74
-73 -50
95 -3
-50 -83
-41 82
-44 -67
63 -97
-44 73
37 -65
-57 46
76 -17
59 -64
-95 -67
19 -21
-66 -81
52 59
-26 73
60 -63
-75 -17
-1 84
-69 100
13 58
24 -52
-30 -72
-13 53
94 6
-49 -11
-54 10
-80 46
71 18
64 5
-14 -35
-45 -24
-1 64
-83 -16
38 77
-24 61
-72 -18
24 -25
11 -55
-78 -7
-35 56
-89 3
-5 -100
-33 -98
-67 -6
-59 -21
38 67
5 35
-18 -10
-81 -22
50 82
53 -88
-62 -59
87 -11
-75 34
86 -14
98 -83
-61 90
99 -26
-48 -6
52 51
50 90
12 -68
47 35
-10 -26
50 65
60 84
-15 -65
-31 78
9 61
48 -33
83 54
44 87
29 -47
-62 -33
-24 32
-62 -49
65 -76
-67 -10
-74 6
42 -20
-88 -86
9 64
77 33
31 18
-46 -55
-67 5
57 60
-46 -98
15 41
-20 9
-35 75
10 94
-14 -99
80 100
-77 -16
66 31
-69 93
-45 -6
-80 -65
-24 32
-59 -71
28 97
21 -60
-77 16
69 24
-82 95
-91 99
67 -64
39 86
1 52
-85 8
-3 -17
-28 70
85 78
-55 33
-2 -47
7 -85
-52 -18
73 -41
81 -15
-97 -38
58 -56
44 21
30 -51
-79 77
-41 22
4 -46
-8 -53
55 -55
62 -95
71 36
-77 73
61 -54
-2 -19
89 8
-3 -59
-68 49
-90 4
-68 85
92 -54
32 -51
12 -30
-64 -27
55 -46
2 -49
11 -98
35 -78
35 -77
-77 -41
-53 63
15 -87
-78 94
-43 77
-81 39
29 -28
-14 -71
41 12
51 -90
80 86
72 51
-72 -41
-17 -25
7 43
-72 -23
40 -23
-43 -95
83 36
-75 -65
-15 -58
55 57
-14 64
91 -47
-98 42
49 -79
-90 -57
-15 79
-19 -22
-15 -2
35 -41
75 7
-16 93
47 20
-96 84
-16 -60
-21 -92
71 38
-49 -44
-99 71
88 -4
85 -92
-13 58
67 -97
-71 -44
77 22
46 77
100 39
0 60
84 75
-70 -48
98 80
8 67
16 -69
-29 13
-24 4
67 -80
-45 -60
-57 -31
-59 54
-39 -75
-83 -43
-56 -13
-17 57
-93 49
92 -9
98 83
13 17
38 -1
57 91
24 -25
66 83
67 -58
-84 39
43 -3
41 -73
-97 -20
90 60
33 -84
-86 5
-29 71
10 36
1 -43
-8 -2
-77 23
-58 34
-22 67
-72 69
45 -78
0 65
-5 -3
84 99
-89 74
-37 -67
-16 12
-30 -31
92 -91
-4 25
82 -55
15 -64
-94 26
-57 88
-14 -27
-36 -62
46 72
-3 97
-73 68
-52 19
-51 32
-42 67
-42 33
-71 -85
-42 -42
-82 -40
-67 -71
-66 23
-46 72
9 -93
-28 57
74 -83
-58 74
67 -80
19 -98
98 47
81 83
-92 62
-16 -85
5 -64
55 -65
46 36
45 -96
38 -75
27 16
-10 68
-65 65
-85 65
-16 62
96 -10
72 -11
-68 -20
39 62
64 -22
-86 -47
69 76
68 95
61 -22
-74 -77
15 98
-42 78
41 34
10 -11
-93 50
-44 44
-16 96
-83 -25
24 -73
25 93
-9 -66
-95 -24
55 27
-93 28
7 -14
7 -45
-30 7
52 -87
54 64
18 22
-57 -25
36 -98
-98 67
-8 11
-6 -20
-54 -59
-89 -62
-32 53
8 -43
95 -51
100 -44
12 -81
43 -88
6 -53
47 -60
-84 82
-81 33
60 27
88 79
-29 -88
-74 -22
-20 44
22 90
-40 -60
96 -17
11 59
95 -60
-54 -87
57 58
67 -5
1 15
-47 -53
59 80
-88 -25
-41 -71
-91 -19
-87 63
-25 79
-34 21
19 -2
-92 1
-33 -66
24 25
16 -28
-68 -56
-89 -18
-89 -41
-3 99
-48 87
98 -90
-86 87
28 11
74 38
25 -58
80 -49
24 -4
66 -83
-68 -68
84 48
27 -42
51 26
-63 0
-62 57
48 -63
-10 36
54 70
-87 97
-55 -31
-39 -97
-29 27
-91 -6
1 43
15 -13
-30 71
49 89
-17 -67
-35 4
-59 -56
-89 -12
13 -10
23 32
3 44
29 59
73 -74
-78 74
21 -60
-11 -83
33 27
-80 53
-45 -42
-15 -58
-49 27
78 -86
88 74
70 -73
29 15
6 -98
34 -57
-76 -40
50 27
16 -7
90 -38
-9 23
58 -93
93 -16
25 -23
-28 21
-99 37
44 71
57 -66
-50 -66
-71 -82
96 -85
17 50
-55 67
-4 86
58 -35
-90 -67
19 -1
4 -45
40 -26
-70 -49
-80 -42
-90 -76
-27 22
8 88
-11 -80
-45 64
-10 68
87 -84
-53 -74
92 79
51 -12
96 1
70 -66
34 17
74 -2
99 4
-21 -7
-62 62
-77 -10
-58 64
12 4
-39 18
-40 63
-87 -86
-71 -70
62 -18
59 45
32 35
40 59
-94 26
85 -5
-15 -48
-45 68
-22 -95
43 99
-12 64
-34 -79
-3 -50
47 -100
23 30
91 -36
22 -39
44 55
-92 -42
30 -90
42 97
-11 78
-52 -38
85 5
24 39
29 -78
68 -32
99 18
96 32
28 48
84 29
-83 -71
-26 -84
48 -48
-6 84
94 -99
-82 -70
49 70
44 -97
82 -21
-26 -70
47 -56
9 -7
22 53
-35 4
85 -42
-2 -51
-6 -21
5 -38
-33 16
30 -75
68 86
-76 0
-28 -35
-67 29
-15 -78
9 56
14 62
-85 -81
-62 -85
-66 70
55 -61
41 -7
62 -37
64 91
34 -64
68 27
-66 -75
-32 -46
-47 26
-5 98
-40 -13
-53 -94
38 -34
2 -77
93 35
42 -11
-41 -57
-95 -30
34 -14
99 59
-58 15
87 -7
77 20
-99 -27
-61 90
73 -67
-49 -80
-79 -48
-22 76
29 -75
-52 -50
-44 88
53 66
39 -48
-62 38
-8 24
66 51
56 -46
14 -67
-87 -55
-13 89
71 48
-31 87
6 83
68 55
-45 16
24 82
69 29
-96 -31
-33 -37
-42 -80
0 81
-20 -57
47 10
-59 -22
-30 -36
8 13
66 78
-66 25
83 -68
-4 -6
-16 -32
43 -88
-73 -70
-5 -49
36 93
27 -23
25 93
-50 70
77 -45
-50 48
90 22
-5 -34
38 -42
100 -10
-69 10
-40 -12
-71 89
11 -54
-58 -69
84 19
48 -2
-48 43
16 -13
42 50
16 68
54 81
86 -25
-22 -74
-38 15
-3 -34
52 -67
45 72
-4 -5
77 -79
86 37
-28 -60
36 73
57 60
3 -11
56 -18
-42 47
-29 -63
-74 -44
37 81
77 -95
-21 86
60 64
-21 61
28 72
-61 -11
59 76
-85 -44
-45 63
-66 -46
-64 9
-51 52
-86 24
83 -95
-84 29
-88 63
83 -69
-66 -78
47 -51
72 32
-96 -98
17 79
86 95
30 33
92 85
-61 47
76 77
28 -25
-64 80
50 88
-37 -95
-59 -56
-20 87
-12 91
92 46
24 84
-62 94
93 -45
96 86
18 14
63 -66
-50 66
64 -59
-9 -34
-87 87
-76 73
-43 -42
-33 99
-8 59
11 -67
44 -10
-51 -66
-28 -60
-10 -16
-9 57
98 -35
27 71
-38 21
-18 -5
-52 10
-53 39
11 1
-44 45
26 70
9 50
71 66
69 -84
-25 59
-54 13
25 12
76 -17
-33 -75
7 -20
64 -100
82 -69
-24 90
-45 -33
100 71
87 94
54 43
65 -47
-65 71
-3 65
-60 51
82 -69
-1 67
-99 33
-83 -78
26 70
34 -38
52 -2
3 -72
-40 -51
67 39
94 81
45 -7
-68 -24
-70 88
19 -14
93 -53
-88 -86
93 -94
30 76
-17 45
45 -76
-73 -42
-68 68
22 -84
72 35
-51 75
-7 60
-30 -32
-1 -66
71 27
-69 -21
50 -81
-75 57
-82 78
99 29
-35 37
14 -56
78 -73
31 -14
-87 -22
97 66
-86 14
43 17
33 54
9 90
46 -98
5 -30
61 57
44 -25
-26 52
-38 95
-68 -93
73 88
-15 -60
-97 35
31 32
-13 -16
-75 36
20 27
85 73
48 2
-24 19
-62 -23
-38 -8
8 14
85 -69
-8 -41
-2 60
83 26
5 -31
-52 -27
9 -25
88 95
23 30
43 73
12 -93
-52 12
37 -57
-70 14
-92 -85
-15 -21
-74 -36
-17 69
56 32
65 68
12 -62
-59 -7
62 81
64 79
-17 -1
5 95
55 -18
-92 37
89 94
54 -23
81 -99
83 -73
-28 -97
45 -19
-13 -85
-81 64
-35 -23
41 -39
-53 13
-51 -23
39 -93
90 80
-43 83
69 56
-96 6
-95 -31
-80 7
17 -83
-75 -55
-4 28
-76 -24
76 92
59 -98
-10 64
-14 -53
90 -71
67 13
-84 89
-41 -39
-51 84
-36 83
78 -60
73 15
-15 -39
-47 -27
-24 -88
-75 -9
8 69
-59 46
57 -31
-9 34
-53 30
-3 -22
-13 -71
-89 53
99 -69
-18 16
-53 -82
7 96
-17 17
-33 69
13 -21
3 34
-37 81
33 65
21 -39
-36 17
-59 7
10 32
-52 97
-26 98
-41 52
-69 26
56 34
71 -29
-22 42
-92 81
77 -64
75 -42
-61 46
81 -10
11 -86
64 -65
50 12
-4 -58
61 -84
-27 -73
62 -17
22 92
-4 -41
-63 -22
7 68
29 87
85 -65
-72 65
31 -84
-57 -88
59 67
-77 -85
-84 -58
19 83
14 23
4 39
21 -1
-84 15
51 88
95 -36
20 10
-7 -1
5 -64
-97 65
84 83
-54 66
68 -46
24 83
-4 78
55 22
59 78
-77 -82
3 8
-5 61
-46 -15
-71 -22
-65 -38
53 -50
-86 7
-31 10
-70 38
8 10
-36 67
-50 -66
-26 31
58 88
-75 87
-18 -61
-2 -81
-43 -25
-86 -50
-74 90
-30 -43
-18 -4
44 -45
36 62
74 51
35 -13
-49 37
-14 -99
43 -83
-67 96
64 28
-98 47
90 37
69 -90
20 -55
-8 95
-84 75
93 -32
95 -19
38 63
-14 -23
25 -67
84 -90
-91 -37
32 97
-82 40
-93 -13
7 -61
28 -29
-30 100
88 -7
-74 -84
63 56
22 -55
-64 97
21 -93
32 -74
63 -33
40 -26
-73 -4
-81 60
72 -44
-31 -21
-57 55
-72 10
-83 -62
1 91
89 52
76 98
95 67
-56 44
-85 -12
-21 -98
29 -78
66 92
69 76
26 30
-3 -69
-52 -59
29 80
85 -70
76 55
87 95
45 -61
38 -92
0 -48
-38 -61
-16 40
10 94
-56 99
-56 39
15 -84
-79 -99
-18 -92
21 56
-9 49
30 82
-33 -37
29 -64
28 61
51 64
-95 95
85 34
3 90
77 -58
-19 29
-1 58
-13 59
-19 -68
54 -8
-6 57
-98 19
20 -46
-31 29
73 -100
-79 -92
40 -95
56 47
36 88
-26 -33
39 53
91 26
5 38
-60 51
39 -33
-39 79
-48 -39
-46 38
-22 -78
-91 -76
-88 -23
24 -36
-97 49
-77 -54
62 -97
9 98
-33 -49
46 23
-57 65
13 -8
-70 -75
-66 25
-33 -42
88 -88
98 1
-30 20
-23 60
73 72
-23 -23
84 59
43 -23
72 12
14 -89
31 -100
45 -88
-75 85
21 -18
-92 -17
85 34
-27 89
-9 -69
-44 -18
97 -95
-22 -79
-23 35
-57 58
-11 -34
-24 -41
100 37
91 57
14 75
18 7
-36 -32
48 -12
76 -72
99 -40
88 81
5 -87
-81 76
42 -73
-77 -47
71 -30
-63 58
98 -93
-27 -43
-33 21
-26 55
62 -10
64 95
67 -59
96 87
-98 -79
54 95
14 61
-46 -93
-81 -12
43 71
-6 -48
45 -27
31 -86
-3 -95
-5 -65
-65 81
12 -28
-83 63
12 60
-83 49
-76 50
31 33
62 -48
82 -60
-28 -90
-11 -35
14 59
46 15
-20 88
85 44
0 -61
-76 66
31 -82
-85 75
-60 -64
-6 17
83 -33
71 -63
-53 -28
95 80
47 61
25 12
27 -13
80 88
-64 -99
23 80
-11 -99
-67 -93
-84 60
-89 74
84 11
76 65
1 -71
97 51
36 -46
88 15
-48 -93
100 7
62 6
61 -17
81 63
-80 -31
52 -23
-35 7
-60 80
51 -6
72 -76
-55 49
67 4
90 68
-11 22
69 -88
-25 -46
-97 -40
-85 91
66 49
-63 -67
-88 -94
-10 83
63 -20
-83 -3
-88 9
28 41
-17 33
87 46
-39 -32
-99 -82
51 74
55 -40
46 14
25 -44
-91 -43
-55 -48
-56 -94
42 -97
-98 56
-93 85
-48 15
-62 74
-87 -60
-82 1
-71 -79
11 82
86 32
46 56
-34 25
-86 69
-34 -74
54 50
76 -42
100 67
95 78
-67 85
64 3
21 40
40 -3
99 42
-24 9
-67 33
-87 -89
-17 83
-41 51
77 67
-84 -88
-2 46
-41 -57
24 -81
49 -43
-52 -17
-26 57
42 19
-73 30
96 74
-24 33
-89 93
-6 95
-77 -32
-20 38
-51 -38
-7 31
-88 -14
-8 36
-63 -60
23 -76
-21 73
5 88
-66 -16
-15 72
93 91
18 72
-36 -89
-16 68
55 39
-28 -30
31 -55
17 -90
-31 51
33 -46
82 37
46 -14
-44 26
-54 59
61 53
12 44
10 7
56 -25
13 -27
52 15
14 -35
61 -100
-27 17
-68 47
66 38
-88 72
-10 -40
72 45
53 92
-76 -100
86 87
80 -24
-79 -90
37 51
-26 -49
89 66
-96 67
-42 -56
-92 -34
94 26
-44 75
93 -53
34 4
-4 -1
78 -90
35 72
-32 -41
-45 35
-14 -60
-14 -24
44 -35
-9 49
2 65
-50 -68
-24 89
-60 67
12 -25
86 54
39 100
-14 -72
70 35
58 6
46 -15
-96 -68
-31 -80
-9 4
17 11
67 45
77 -62
-40 63
-100 48
-43 17
3 -64
-14 15
-86 -88
-21 11
14 21
99 42
77 -15
65 -47
58 63
48 -46
-51 -85
-92 -87
-54 97
30 75
-80 36
-24 51
-66 -6
-41 79
-96 -62
43 60
34 -56
72 63
-19 44
7 -97
48 -53
-10 -3
-79 19
-34 95
65 97
64 -100
-77 -72
50 32
47 7
-3 87
55 86
92 47
-82 -36
-65 -78
-64 28
-33 -40
-31 -57
-62 -71
-79 -38
-33 -37
57 22
42 -81
-75 -57
3 -59
27 -90
-15 63
-42 78
92 -56
-88 89
-100 65
-10 90
-85 32
-35 -88
12 51
-93 38
10 81
-21 -66
19 84
-57 -78
-16 -85
41 60
-64 -58
74 8
-79 -19
26 4
99 -32
-7 -26
16 67
75 -40
98 -92
43 37
-40 100
78 82
4 58
-82 -48
40 41
-18 -40
-100 48
-44 62
-80 -55
77 93
-29 43
55 6
-48 64
45 74
-14 33
-97 -20
-65 46
47 -57
83 49
-75 -53
100 54
-56 -79
-86 8
-51 -63
-18 21
-88 4
10 -33
-24 8
51 -58
-6 -100
47 80
-81 26
-84 17
80 31
-21 49
50 -83
73 66
-82 -77
-81 -72
9 -32
-86 40
-60 92
21 -73
1 54
94 -82
-47 -28
-24 16
20 -82
-36 41
77 -78
71 100
7 -15
42 14
-25 100
-27 65
46 13
-8 27
32 18
16 30
-91 -36
1 -52
-100 -90
82 38
-82 58
-31 -48
91 85
53 5
-6 -78
84 -97
18 21
-65 19
-31 44
52 30
-16 44
13 -55
-50 -95
74 -64
38 -53
-70 -20
-81 30
-32 74
34 -93
31 -48
-15 19
-96 18
-13 -15
68 -93
-36 -36
72 99
-87 -50
-82 -48
-24 -8
37 51
-26 -43
-28 -74
70 -45
-70 -4
28 -26
-58 75
20 -70
75 -93
70 -39
39 -4
-44 -47
77 69
-76 67
13 15
11 -17
-23 -20
-57 -46
22 -56
-48 48
-6 -62
33 40
-86 -68
-49 25
-19 35
78 66
90 2
-31 -32
33 -97
-66 40
83 1
-41 5
-64 -94
98 -97
-30 96
42 -90
-3 70
72 50
60 -81
-55 -7
49 -19
87 24
-37 -77
41 85
29 -97
-64 40
-85 -17
-94 -72
53 -58
-5 -81
-91 23
2 70
-95 -91
79 -95
44 -62
-79 90
51 -43
-17 36
-58 -68
28 46
-95 39
-15 92
7 43
5 -65
68 -57
-81 -61
62 10
41 51
-62 -42
8 -93
-26 96
-46 92
-51 47
-36 -7
97 83
21 -69
-97 93
-21 -30
-59 89
-21 -54
44 27
71 -91
55 14
-49 -73
-6 -60
-43 30
-63 88
35 -43
0 -94
-22 -8
-59 -24
-99 50
77 3
30 78
12 -63
-19 93
-37 -8
-28 -17
-3 92
-61 94
73 42
-33 24
25 -59
4 19
-15 48
39 -22
91 92
81 -8
32 -28
-48 90
-43 -64
35 -15
-2 -48
-39 -80
-23 -32
-64 -85
-57 55
81 -39
36 -37
91 -17
-42 -36
-98 -27
63 9
83 50
-59 82
-3 69
-41 57
-31 90
54 -90
-56 -53
-48 -4
-84 -13
-6 -64
16 51
-49 -22
46 -1
61 88
54 -91
-98 1
-8 -50
-56 -61
45 53
-98 88
51 20
50 -95
5 51
-80 27
7 -42
39 48
37 -31
14 67
85 -20
-94 -82
97 -19
89 97
-9 -10
-10 18
-41 -43
-84 -36
20 51
12 -65
-15 -80
69 35
44 43
-70 34
7 75
96 -60
-20 42
-32 -67
-62 -25
-71 42
-56 86
-96 64
11 97
-51 -23
7 12
56 47
-22 -18
-17 -72
-57 85
2 -76
-2 -41
-32 82
56 0
-72 9
-5 -20
90 -85
-30 17
2 -91
56 -41
-41 93
33 -14
60 -72
56 -28
59 33
61 -66
74 -28
60 -72
-81 8
-28 36
-34 -36
34 86
40 -20
-17 -29
7 -36
42 -46
78 45
-5 -98
40 -50
70 -61
19 14
-21 -34
22 -48
-27 21
-8 -46
28 43
32 82
-3 -89
-24 65
-24 -73
19 79
-73 -24
-51 64
12 8
-59 53
92 -23
-89 -60
89 89
86 -35
47 -8
61 -74
-63 17
-14 39
-88 8
22 -7
94 -48
60 26
82 -73
-51 -23
-88 55
1 87
10 -13
-58 54
-92 47
15 93
5 98
-34 -17
30 17
-58 92
3 -47
41 -78
-19 -29
-61 -32
-55 -18
22 97
-100 100
42 67
-95 8
68 -23
44 0
86 -26
-79 60
48 -45
16 -50
98 97
82 -51
-37 -92
35 28
94 1
87 -58
54 -25
53 29
41 85
1 -34
64 -49
-23 -96
94 47
100 17
-39 -13
-33 74
26 71
-10 -13
31 62
-42 87
-66 -87
48 -59
-80 -67
-51 9
-13 -12
-19 33
51 -3
43 7
-63 64
87 96
-55 -86
-41 41
34 3
-1 -40
91 75
82 -22
85 -72
40 83
9 -17
56 -78
-25 87
92 -27
-37 -72
-96 43
58 -15
57 10
-32 79
84 67
-71 -94
31 -2
-91 20
-47 49
-62 9
-57 -6
-42 -12
22 2
-33 -75
-77 -34
14 -24
77 -13
66 83
50 39
-59 -17
42 19
3 89
-68 33
19 53
61 33
42 39
52 94
-89 -82
-26 84
-95 -65
53 94
-29 60
40 -22
-53 51
-64 87
-64 -90
96 62
-9 25
-31 24
40 -64
-68 -32
-1 -55
-17 -53
-45 -80
3 -89
-36 69
38 -90
32 -14
78 -28
-58 25
35 -20
-88 5
-65 40
-9 -28
-94 56
4 10
95 22
51 -4
-78 -55
-12 -50
-62 62
-53 -85
-73 3
-87 79
-28 85
-81 -80
49 33
10 10
74 11
-88 52
23 77
-42 63
-75 42
9 -10
79 -49
8 -62
-74 -33
8 99
13 -97
66 -12
-22 -58
-62 92
36 67
68 -79
-5 48
48 -36
-54 0
62 -44
-22 -39
-22 87
-51 -9
41 92
-83 17
15 -19
55 41
30 -19
-18 85
-76 22
-24 77
88 85
-92 -79
29 53
50 -79
43 -79
72 -96
-59 65
78 -41
60 -14
-32 82
23 12
52 -2
15 99
26 -49
54 7
90 50
-58 86
15 -27
-37 -53
-30 -82
19 -78
-8 -21
79 19
24 -76
3 51
-8 49
16 -49
-60 6
64 37
-31 -98
-43 -69
-83 -96
-27 -78
66 29
-29 56
57 34
44 -20
-22 -34
72 -16
-87 -52
-14 24
80 -39
-52 -12
-93 -85
84 -87
-14 -36
82 95
79 30
-31 -46
-63 33
-46 -95
-21 -60
-82 70
-84 73
-99 29
65 -90
78 13
55 -8
53 50
2 37
-39 -46
5 68
100 35
41 -67
-99 11
44 20
-9 37
-51 -8
-19 -47
-56 26
-51 80
-77 84
-86 -20
82 30
15 -11
-25 86
53 35
60 40
57 72
81 47
-53 36
1 -70
-55 50
20 -86
-58 -76
92 -43
-81 -84
-47 -47
-45 -86
79 -57
80 66
75 19
10 59
98 36
42 93
-38 51
-100 -72
68 -72
-43 -11
93 100
72 -30
38 -49
3 -47
-24 36
78 100
20 -28
5 89
-78 -88
-25 -66
5 21
-89 16
12 -40
-36 -31
-14 -25
78 91
74 -76
94 -9
83 96
28 -1
-8 45
84 96
38 69
-67 79
-52 -68
77 -46
-36 5
-10 -91
4 -1
24 -38
-36 93
8 -48
-55 88
23 -30
11 0
-33 2
-96 -37
-15 -62
-19 -72
39 -5
43 49
72 8
26 -47
-89 -78
-38 -93
39 -97
28 -90
39 -96
-16 -83
47 -86
-37 22
58 -6
73 -80
-99 100
4 -81
84 71
-32 -18
-38 -21
-67 -88
21 23
81 -7
37 -44
86 -40
85 56
-100 29
-15 -51
44 -68
-80 81
-30 -98
-91 98
-12 85
41 -47
-48 -37
87 -43
-32 92
-19 25
-92 -31
-83 -38
-40 -66
26 -96
92 40
35 -89
43 17
94 -46
0 0
64 -97
65 -45
65 -25
-6 -13
21 -67
-83 -73
95 -9
63 -45
89 -39
14 -36
-88 27
70 -44
14 92
80 43
-16 60
-13 45
-39 -92
98 57
-67 70
-50 -64
94 -20
88 93
-78 -90
56 78
-44 31
50 50
28 18
-45 88
-60 -47
28 85
-14 -11
-57 -45
73 -9
29 10
-93 35
-96 39
18 -47
-14 36
-16 -87
-95 36
58 9
-43 39
-74 0
-1 21
-62 56
47 -81
100 -93
-94 -69
50 -66
-16 -63
-28 -20
25 44
-79 8
-5 73
-68 77
-70 -94
15 -54
-56 -41
-84 -52
-58 23
-68 -42
16 62
-89 -27
18 -40
80 -49
-15 31
-42 -87
-36 55
3 64
14 -32
98 -49
80 19
-36 91
-19 40
62 -13
54 -87
52 -65
64 73
57 -86
-79 32
-87 -6
17 -52
74 57
-38 -76
2 -46
38 82
-96 -16
-50 -42
-59 -9
-65 37
53 -35
-59 -63
86 -55
47 -97
23 29
35 -40
-52 76
48 -18
5 13
34 38
-8 81
-49 33
54 9
-41 16
41 43
87 -86
88 5
8 -27
13 25
-6 63
-29 1
54 81
-47 92
52 -89
-24 44
90 90
-80 -72
-15 -39
-12 55
-79 76
-35 66
28 -17
-42 20
-17 -16
-21 -36
96 57
5 5
61 -19
38 -19
13 52
-71 -35
6 -15
18 23
-71 -30
-10 84
2 -70
86 25
-41 -95
87 23
33 74
55 97
35 56
18 -24
0 90
-26 68
43 -75
58 -59
38 59
9 66
86 -99
4 96
-72 -100
77 84
17 -16
-17 43
25 -85
-4 1
-64 61
15 -10
32 -87
3 -7
83 23
56 -18
-98 40
-65 -1
-67 -39
8 -97
43 -11
100 60
6 -87
-57 -90
82 -67
-25 -6
-89 -2
-77 1
26 -40
-7 84
-28 20
-13 -100
34 33
94 39
10 50
15 -69
16 40
-35 -94
21 42
-71 -19
-6 37
2 -9
12 -96
-15 -89
29 24
71 -81
-35 -49
26 -86
44 -11
-100 100
39 -80
98 16
-50 -43
50 -50
7 -82
8 24
-17 52
6 -34
59 17
86 65
79 96
-87 -68
76 52
-88 73
41 -25
74 -39
13 -90
-71 -61
-80 -25
-13 -52
87 -18
82 -63
-31 80
-19 90
60 64
-66 -64
-85 -38
37 -20
-97 62
-94 64
-51 52
5 33
-86 -45
-4 44
-22 62
22 58
-48 -64
78 13
5 -8
-25 4
-70 -7
-2 -76
46 -96
84 -35
79 -5
32 35
-49 93
48 35
-89 95
-51 -16
40 79
-7 -64
81 -84
-91 84
76 -93
42 -26
-31 33
14 86
97 100
-12 95
62 -28
17 -12
47 23
-45 64
4 -53
-62 1
71 -14
-72 67
72 98
66 -58
62 47
-50 30
-47 -68
24 -61
-18 67
-93 43
94 -48
6 -99
17 -96
39 -26
-90 -67
65 43
-31 3
-89 46
94 70
28 -91
7 -57
52 -92
39 -37
75 65
-29 96
-84 40
19 -97
-25 50
-67 -8
-73 34
-72 -96
87 63
-66 -71
100 -75
-31 -24
54 -94
6 72
-25 26
18 -55
85 31
-4 16
61 91
-85 -20
-42 -33
-21 45
-56 32
-18 -51
-4 -52
34 5
-91 94
-78 100
-4 76
-67 80
76 79
29 -40
68 15
81 68
25 -9
-98 16
-52 -93
18 53
-89 -16
71 -32
51 88
54 38
-13 31
71 77
24 92
-75 -14
41 38
-51 -54
71 -12
90 16
-89 63
-97 -16
-24 -63
-75 35
54 -73
-86 -42
89 94
100 -14
15 -8
8 14
-26 -66
-83 -86
-19 43
-91 -40
21 -95
-92 68
-99 43
40 12
55 91
40 -65
-58 39
43 -39
-68 -5
82 -10
85 94
-77 20
30 45
14 -75
-63 10
24 -52
-24 -61
6 -43
-88 9
56 46
-1 52
-41 20
-44 26
-79 -54
30 -52
77 19
52 -46
-43 -41
-11 36
18 -47
81 -39
52 41
-13 89
25 -84
-61 -93
-35 65
-6 14
-23 -19
42 28
-71 -69
-100 -73
-48 18
-44 -30
-80 -64
61 -74
80 -30
-86 65
-1 7
9 73
-26 93
-75 -31
-55 7
-51 -15
64 -85
85 -51
34 -100
28 -60
17 -74
33 -69
-74 53
-15 -67
0 46
40 -16
98 72
-9 -82
-3 100
31 -49
71 18
-83 -4
71 -80
54 -26
82 -92
-24 41
58 31
-40 -86
-6 -60
-66 69
-24 67
8 65
-38 -72
66 -40
-96 90
-5 51
54 93
-36 15
-3 10
39 32
86 8
21 -88
-5 1
41 75
7 49
-81 -96
-1 -66
32 -46
80 -46
-48 85
90 61
-15 -98
-17 -2
11 22
43 -46
-29 -17
-52 -13
-62 -64
-48 -2
75 -66
-57 -28
-86 -66
5 33
-98 30
92 -68
64 -26
77 0
16 20
92 64
-32 -9
88 -3
6 71
64 -100
-67 12
85 23
32 -41
0 45
-12 83
-23 -89
-49 44
-38 -68
87 0
-90 -87
-82 6
88 9
-14 80
-65 23
-39 -16
-30 -20
-42 -95
-51 53
74 25
-94 -48
97 89
65 65
-85 -40
81 -59
-30 16
-64 -69
-23 100
-6 96
68 -67
-84 39
-56 86
2 68
-20 47
-57 12
50 10
33 19
-72 -18
13 -54
-81 89
-90 62
88 -73
58 -80
-53 48
41 -71
9 50
-71 -8
-81 -38
-53 -67
33 0
-38 88
-8 -33
-57 -55
-70 13
11 83
37 4
-67 -35
9 -91
-20 -60
-75 57
-36 63
60 38
71 25
68 51
-6 -61
-93 70
-44 -34
-53 -36
-39 -7
-47 -84
21 -56
-4 92
-87 -59
-31 -65
-41 25
89 51
-68 75
-20 -100
52 -9
-69 73
13 17
-27 3
-78 46
-17 71
-65 -37
22 68
98 8
42 36
-57 33
84 -6
-60 81
-80 46
88 -67
37 99
54 -85
48 44
-90 -44
-60 -24
-74 42
21 97
62 -85
-96 77
-27 -17
-8 -71
20 -91
19 -97
11 51
44 -32
71 -49
-7 76
-53 -13
-64 -22
88 63
-64 -71
45 90
-65 59
-33 -23
26 85
-48 0
73 17
-84 -91
-47 -46
56 59
-6 -17
84 -60
-85 -28
-29 -4
-60 56
93 18
44 80
-30 -48
-16 -91
-49 -2
-41 44
56 -39
-4 -9
-27 58
58 73
0 1
-3 66
69 -74
80 -40
-80 -24
-16 -97
-92 13
76 35
-58 -70
74 -4
25 85
-3 -40
-98 -42
-35 -85
20 60
5 -62
84 -43
-91 64
-37 -26
-14 9
78 90
-96 -82
-78 99
71 -88
-84 -75
82 87
-72 51
14 32
-62 89
-32 -57
-99 66
31 -3
-81 66
80 -60
-11 -24
-81 100
-79 40
71 12
-3 -7
32 -90
84 -10
37 11
11 -15
53 96
-39 -24
65 -35
-85 -77
32 66
-96 37
-37 -29
-75 -70
-1 -96
-93 96
-98 67
-38 -41
-45 -41
79 -82
11 -51
-5 -15
82 -75
93 -72
-35 -1
35 26
10 -9
-61 71
-47 -98
10 -37
2 45
-5 -76
-40 73
51 -96
-68 69
-95 9
-74 87
-75 99
6 48
2 63
57 -14
44 45
30 53
77 -19
20 -50
-64 -7
76 74
-87 -90
-75 46
-57 67
-65 -45
5 -13
-36 63
28 39
70 97
-26 -85
25 -7
-28 28
-17 -60
36 15
37 -47
22 -100
74 -90
44 -77
74 80
-9 43
26 42
-42 1
59 8
96 -71
-12 -17
-76 -48
64 -7
-62 18
-47 -30
93 -93
0 -60
-35 30
-35 57
-31 -28
-81 -96
-93 34
82 -64
86 -78
9 -99
9 39
23 -68
-1 -35
-97 -69
86 35
83 22
-12 -34
71 -81
16 -14
-20 -92
-49 39
52 -61
97 -41
73 84
-85 8
-95 -45
92 -49
-21 -94
-39 -3
19 85
93 5
71 -52
50 -34
-66 -45
-91 69
25 -63
65 -11
34 -89
-60 5
32 19
21 -64
80 -24
-48 37
-56 95
30 -97
-98 -95
-41 25
67 6
-64 96
-68 42
-41 -47
8 -5
-98 -3
-2 -66
5 -37
-83 44
-32 -40
63 42
40 34
34 -98
-76 60
-32 -77
31 98
57 -73
89 4
24 70
-49 79
-55 3
-37 12
86 29
75 88
-95 -19
-86 70
-58 30
-42 -88
54 -88
51 -22
80 -65
17 -19
-59 75
29 -76
-61 -84
3 -31
-13 4
86 -59
-53 84
9 83
-1 36
12 93
-74 -58
-11 -60
-32 -81
26 96
31 67
-58 -92
61 -36
37 -63
23 -23
-7 53
-96 -12
-73 -91
-4 22
85 95
97 59
-69 -57
65 -74
16 -66
92 -77
0 30
-76 100
-13 -65
85 -37
84 90
33 -20
-6 98
-91 -82
-27 -17
48 -46
87 94
-41 -36
-3 54
12 -56
37 -9
-91 28
42 -44
-25 -78
91 42
79 -65
41 -48
-69 10
-36 47
-48 -95
-11 73
81 50
-59 82
-8 -66
26 24
48 77
58 80
-14 -23
51 -40
-86 -26
15 28
28 -70
24 51
-51 47
58 32
-33 72
0 64
84 29
-19 -45
74 -99
95 -76
-15 -29
19 -99
65 -100
-26 -26
48 27
91 100
86 -74
31 11
-70 -35
-75 -67
-35 -77
24 -21
29 44
-66 -20
-3 -91
25 71
18 -68
19 -66
28 19
-32 81
-17 -35
87 28
70 42
70 -64
25 66
-100 92
-65 42
54 -48
90 68
2 -46
5 -45
93 -65
76 98
-78 -75
-57 -10
-17 -66
11 -87
-79 46
44 -77
80 -30
92 22
-2 -71
25 36
-8 75
-84 4
86 4
-85 -55
64 7
8 -23
87 -62
71 -72
-55 23
-18 -85
-11 -29
56 -11
27 33
-57 77
40 -86
56 -96
-58 17
73 -72
39 74
84 100
72 94
99 98
-96 -1
-59 21
84 93
71 -92
-15 29
68 -82
-55 -63
-89 41
84 -72
46 49
56 55
-24 58
85 30
-95 -17
-27 -88
31 -93
32 85
-54 -29
32 83
-25 6
-6 21
-43 -22
-20 90
-40 -86
99 -88
0 -25
-36 -9
-52 -1
3 -84
85 -34
-55 0
33 22
-18 24
14 63
88 5
-24 82
-8 34
92 -2
-44 -14
-68 10
-88 -76
-34 92
97 -93
13 -23
-82 -18
53 46
-26 86
45 5
-6 -49
-1 -34
49 -7
68 -87
-93 -92
8 -17
-52 -79
-93 77
-62 71
-50 0
95 18
-30 -64
-42 39
37 -34
-76 76
12 -94
56 79
-69 -73
-22 97
-59 -25
62 82
41 -8
71 79
55 -49
-91 55
-52 97
81 -63
87 -59
71 -85
-97 38
-62 -41
100 -99
-85 23
-26 57
4 -38
42 5
-16 -73
64 -63
-24 -28
47 -87
-12 27
-93 29
-56 5
60 -4
44 -93
27 -8
-4 -54
-9 28
-19 -74
84 9
30 -42
70 -93
57 49
93 13
69 -85
21 -97
94 38
63 30
-19 99
94 65
31 -42
79 60
72 -48
1 53
-99 -8
-85 40
-70 76
-59 -79
-100 -95
48 81
-81 17
17 -47
-75 2
75 -99
42 52
-1 -83
-81 -9
14 95
9 -58
-71 46
-49 56
-92 -50
-84 -26
-35 37
-27 78
-97 -16
-63 -50
-80 -28
52 16
34 -35
69 17
-73 89
36 -49
-83 -17
-41 42
-84 -44
68 -11
57 5
-23 87
-23 -1
59 -74
88 -11
-65 94
61 65
-97 -67
34 27
-23 15
34 -39
20 15
-20 69
-95 -56
-56 20
99 -57
87 -80
8 -45
-77 -80
23 -76
9 -95
72 83
69 -64
7 -1
39 -59
-60 64
95 -51
25 -82
85 -7
91 -5
69 -61
-77 -47
2 -34
84 85
-44 -73
80 -78
-71 -60
-72 -70
-74 50
93 -27
49 -48
43 81
-62 -97
-18 96
-89 58
62 -41
-22 84
11 -46
-4 42
-47 52
50 -15
-83 -29
-45 -96
59 -37
74 -60
-75 -93
-89 -45
56 53
-82 43
-67 -44
86 17
21 79
27 -100
58 35
-16 1
-16 -53
10 94
-40 24
35 -68
-69 -88
78 -90
28 -27
50 13
-98 8
-6 24
-98 34
4 -40
80 87
73 -23
32 76
-52 86
-55 26
-52 39
61 49
82 -14
-81 -64
-48 -71
1 5
15 -92
-43 54
7 -80
12 -46
82 -35
-69 -34
-31 -12
94 84
-1 -38
-56 50
-37 -92
-82 -61
28 -48
33 -71
62 71
58 -21
8 -79
11 -84
35 -9
-7 88
83 47
86 46
37 70
-12 43
-89 -66
25 -61
66 25
-20 -42
45 55
-37 -91
95 34
-80 -95
-95 -88
32 -13
70 -48
-25 0
-20 46
-2 91
-50 -8
-79 86
-35 43
-32 -36
-95 80
-74 5
-76 -92
-55 -62
-44 -74
16 -67
7 -6
94 69
53 -8
-1 95
91 -6
-83 30
73 95
81 -78
-95 -38
75 -48
-93 79
62 19
34 69
93 9
-75 -48
-88 0
63 87
41 78
28 43
-32 -77
2 -42
84 5
46 -91
33 -85
27 96
79 -60
-1 74
67 85
-24 37
-100 -63
-14 -42
-93 -75
-78 -51
52 35
-14 99
87 -12
-52 -73
-93 -69
-94 -89
32 -58
94 12
46 19
-71 6
-37 14
32 -51
51 50
-14 44
-39 25
81 -18
-45 -85
88 -73
-68 3
65 -95
35 58
45 50
-81 55
-76 -52
-20 9
44 -96
72 -60
-81 -84
55 80
59 -97
-85 -15
22 -59
65 45
-11 68
64 8
62 -14
-17 -25
-40 94
-64 -81
-95 -32
77 -47
-13 -6
29 28
70 43
61 -62
63 0
82 12
-41 31
89 95
-39 97
67 -6
-60 75
-80 35
-21 100
37 97
74 60
82 -53
-29 -51
1 -32
49 48
-87 66
-17 43
65 77
26 -68
34 36
-34 -94
-20 -70
35 43
57 49
-95 -43
-2 48
56 37
-35 -62
45 2
-71 -47
53 17
-77 -34
66 63
50 -74
21 -67
10 -29
-84 -80
92 88
-61 59
95 59
-41 95
-80 -28
54 41
35 25
-37 3
-32 -42
10 -30
-71 75
63 -37
-84 87
-19 -41
-96 -71
87 -13
29 -63
-5 54
-10 -41
72 -84
20 13
-22 7
-76 84
53 7
-65 -67
26 88
-4 35
71 57
6 71
9 -72
8 40
-46 54
47 -84
87 -8
24 94
-53 -79
47 96
98 8
65 -55
18 99
3 97
-78 88
61 -70
100 21
26 -59
20 62
62 -46
-4 44
49 -75
68 -10
96 -59
-55 99
62 16
37 30
-17 79
-59 -67
3 -29
62 -42
-64 93
90 80
-95 48
-28 65
-75 87
-42 -2
91 1
-24 14
64 0
-59 -66
72 -19
51 74
12 32
-17 -85
-14 37
-36 -22
88 -75
-59 80
57 -68
43 -23
-60 59
-10 95
8 -83
67 -64
19 -41
-46 -15
-91 -64
7 25
-80 -26
-94 7
-76 -10
-62 52
-24 -66
-34 21
80 42
36 -38
95 86
-31 42
-32 18
-43 -45
-4 -5
-55 39
-77 58
-76 -36
20 -32
85 -46
4 -31
-17 78
18 81
-39 -2
-6 -44
38 -11
59 61
68 72
69 52
-39 40
-27 37
65 50
-86 -11
-68 11
80 -63
50 -96
-50 -86
-79 1
20 -89
-27 -37
42 65
22 40
63 -40
-75 75
-73 88
89 82
78 13
-44 48
-23 -47
19 -95
-85 -4
9 62
39 -60
32 -78
-18 -97
-77 69
-56 -73
31 22
31 -36
-42 -43
-84 61
-100 -59
17 -52
5 -77
-95 28
78 -51
27 -53
-43 7
39 4
59 -65
76 -33
98 61
20 -40
-11 -54
61 -58
-80 69
-20 61
-92 -67
-47 37
-80 42
41 -18
75 -77
-11 75
27 -6
13 -65
41 -52
-11 -41
11 -23
-14 -5
11 -98
7 27
-4 -83
-2 -75
-25 -42
100 -56
10 75
-18 31
3 -81
26 -55
26 61
-53 -74
-55 -12
70 24
71 48
0 -61
0 50
-77 -7
-85 81
85 -90
92 32
-34 93
-34 -56
-81 8
60 39
-95 -5
43 72
82 45
-50 -55
59 -100
-43 40
71 -14
2 -72
-60 -6
-8 -16
-9 63
-62 52
100 -63
38 77
74 92
52 -82
25 34
-48 49
93 30
-37 63
63 -63
52 31
-2 42
-74 52
-83 -48
98 87
8 90
51 73
-55 -52
-41 -76
8 29
-23 51
54 -63
34 -27
39 88
-5 -59
-70 -8
-21 9
-77 -87
70 -44
73 100
47 51
-40 96
14 66
94 -67
-29 -86
77 -81
72 -43
-11 -34
-87 -95
44 -55
-76 75
64 19
89 -53
74 95
43 -60
-91 -76
-23 84
-18 96
-67 -25
-14 77
-11 29
64 -5
27 -60
35 74
19 -13
51 -80
-40 -32
-22 -19
-11 -31
-80 -53
29 -38
47 -60
10 96
-100 -92
-34 61
-51 93
14 -56
-62 -12
-44 86
-7 -11
6 67
93 -9
86 21
-23 -56
12 63
-58 -80
45 45
-29 2
57 80
-68 48
-95 24
-10 -65
-84 -96
68 67
20 -1
71 86
-95 52
53 6
-97 -76
-91 -1
59 11
-33 65
20 -20
74 83
13 84
-52 -59
14 -34
-53 62
93 85
29 22
-50 6
-71 -94
93 -90
-78 44
58 7
-48 22
-59 -99
-55 -11
-75 -46
86 -20
-48 92
56 -49
-21 -91
56 57
-72 -51
-87 -52
6 -24
20 87
-79 50
83 28
86 99
100 -93
99 -76
-71 -43
80 89
-26 -30
43 -65
34 -96
98 -92
-28 -26
-33 -72
75 -81
-31 -94
54 -41
72 -86
-12 -64
-59 -29
-51 9
-86 -64
-29 25
68 -43
91 2
-91 -32
88 -9
83 -11
46 8
-86 34
81 72
82 75
91 69
-89 58
-29 24
67 -100
13 94
20 58
59 -91
87 -16
28 32
-16 74
-58 -18
48 -46
-38 33
-49 -36
4 -75
-44 21
-33 -41
29 47
-52 88
80 -35
59 74
-77 46
-19 38
97 41
-3 -52
33 -31
-59 -93
-77 8
-21 76
72 -43
85 -3
8 57
83 -52
-94 16
42 -34
-89 -96
44 -67
56 -52
-26 36
29 -49
-40 -20
77 4
29 19
84 65
76 -68
7 -71
9 -79
25 4
56 -18
39 -43
17 91
76 46
-15 -11
47 100
-100 -51
-22 38
-30 91
69 50
66 -30
-88 92
-12 19
-58 57
77 -83
64 -36
-1 -80
76 -52
-22 -2
-98 -30
36 1
-20 -39
47 63
-9 77
-100 -66
-1 11
-27 19
-48 -2
0 75
-95 58
72 -39
99 52
67 100
62 88
43 80
-50 65
-96 -65
53 81
82 -48
-25 -93
-14 -59
-32 -75
86 -74
43 -55
2 -20
-100 75
-51 70
-15 13
-41 21
-22 -64
-6 -38
-5 21
-29 -49
-53 91
22 -79
32 85
-2 -77
13 53
-96 14
-65 16
-74 -94
10 -41
-79 -9
-31 -20
28 -8
-4 87
-65 64
-80 -28
-63 70
-47 93
-17 -4
67 76
-46 -28
-48 28
35 20
9 89
-15 -26
-20 21
50 -35
99 12
-33 5
-7 -100
82 76
12 -38
-83 -35
13 -36
-19 44
4 1
-12 -73
16 63
-1 -16
43 -30
97 7
38 31
-29 -20
-48 38
19 -68
47 -14
-84 84
68 -26
92 -36
95 92
7 44
4 70
-32 -75
77 -74
-8 54
-23 -24
91 -13
-13 77
54 29
89 45
-76 36
-25 -94
77 -44
-37 34
81 77
54 7
28 24
7 -17
51 20
51 35
-1 -70
-94 53
-49 -61
-80 58
52 -51
-34 86
48 14
-91 41
54 73
-75 57
-4 -35
52 44
-29 -26
-74 -96
-97 81
-64 -91
-28 -56
-9 -67
76 -17
24 0
-43 63
35 -1
-71 -30
10 -26
97 -83
-40 76
14 13
-61 5
-39 -62
-58 -91
-30 -82
-67 -35
-82 -38
82 -82
-29 -30
90 17
-23 -72
-28 -69
-71 81
10 -17
23 59
-10 -80
-59 94
-55 -30
35 -35
5 -10
-61 -18
-3 -15
48 72
-12 -54
46 10
48 -60
0 26
-89 95
-15 40
-100 -85
-48 -73
86 68
23 -56
59 95
73 -34
-22 -53
-69 -65
95 -49
32 65
-18 -35
-72 -54
50 -51
40 16
44 21
12 89
87 39
29 13
-16 -34
19 -24
7 -55
54 -13
-78 -5
-90 -83
96 87
-54 -73
33 -96
4 84
15 -38
-43 -95
58 -3
61 27
96 92
-4 85
54 -27
16 100
-36 82
-92 20
-35 -57
-68 2
97 0
-75 -35
79 -54
-89 71
-38 41
-61 16
-85 -86
-25 -55
5 59
72 -67
-27 31
92 56
-50 63
-24 -16
-53 78
40 52
-91 12
40 58
12 9
-26 -10
-78 77
80 -5
64 5
-46 38
49 -60
-21 96
77 -48
-15 84
-14 45
75 -97
-73 -90
74 -25
-28 48
-38 -72
55 -57
31 -76
-54 19
37 -3
-96 0
-84 81
-88 -41
21 -79
14 44
-46 72
-79 -62
96 59
-91 9
92 20
61 1
20 -22
8 -1
-55 -93
-21 -95
77 -53
72 -1
-23 -78
98 -55
56 -5
15 11
24 60
-90 -18
-42 8
-26 51
-58 60
-48 -68
-27 -58
61 -22
-3 98
-3 -48
-70 61
-35 91
-1 -38
84 73
-95 60
-52 -83
-32 30
26 -79
-86 40
63 -96
-93 -8
88 34
84 -73
28 -14
37 80
-70 -42
-17 37
52 39
-45 -36
-21 -99
-56 -87
-7 84
45 47
-83 22
47 -67
-84 44
35 -18
73 28
-82 -26
-16 -28
64 -1
13 21
25 66
-58 -4
-11 16
-8 71
56 -62
87 4
13 -100
-22 99
12 84
-16 -49
44 94
21 47
-61 -27
89 69
35 -75
66 23
-89 -13
-60 29
-82 -40
36 58
-40 20
94 -10
30 -83
62 100
9 18
-73 -86
99 -52
-86 8
-7 74
-25 -16
98 -59
54 79
-5 87
98 11
72 -13
29 -77
65 -4
-63 65
-65 -61
79 63
20 -49
95 35
53 99
59 -36
39 46
-95 39
-35 -52
-57 42
31 -37
-52 -69
-96 -53
55 33
45 72
-16 1
93 -69
-14 -44
-57 -82
96 -60
2 -14
93 -14
-100 55
-71 -28
99 -44
73 10
-39 -18
11 34
-99 74
53 8
42 -54
18 97
-48 15
72 53
-29 59
-37 -2
-78 -55
0 77
-44 22
12 -15
-10 -68
-36 27
-52 -53
49 72
71 70
-41 85
-27 -1
9 27
-20 69
-69 -67
55 -12
19 -82
12 58
42 97
-81 62
-39 -23
-66 24
49 55
4 7
-15 85
-4 70
15 9
25 78
-67 -64
-3 17
-19 -2
-49 -39
74 -26
-67 -20
-13 -32
-59 -15
38 -93
-4 14
-95 -14
84 17
-20 -67
-26 33
2 31
-14 39
-57 84
-11 -55
-20 78
24 -9
-94 -33
-95 7
-95 -55
81 -84
2 4
-69 -68
-27 3
-88 8
93 -47
-41 -23
-39 -60
-93 -85
-89 -64
-94 -81
24 -45
70 -92
-64 67
-76 -56
-75 -46
-80 -60
-90 -31
12 -77
-22 5
45 61
92 32
6 81
-8 -18
82 58
38 -30
44 -12
-94 -82
-17 -33
60 -68
62 -82
85 84
-76 63
59 -94
-8 35
85 22
39 -63
-49 36
-7 -56
81 -56
-62 90
99 -48
-26 -64
55 -88
-98 -42
78 76
-88 -12
57 7
-2 93
27 78
-50 41
-98 99
6 -99
-77 25
-60 -58
19 -18
-49 14
-17 46
17 14
16 40
1 1
61 25
79 67
21 9
66 -45
96 33
-88 -89
-67 -8
-3 -76
-40 82
-42 -72
84 -77
-27 -37
-55 96
-84 -99
18 -11
65 -29
54 78
58 -92
43 -78
-19 63
43 -11
-17 1
-11 29
24 61
-75 46
-7 39
-4 -3
-86 30
28 -54
-22 -6
-42 -20
-44 -37
12 -46
51 -53
-74 -97
80 -1
-55 45
81 73
-1 9
44 87
-41 -49
-83 36
-90 3
-43 -59
39 66
-77 28
72 83
-13 27
-79 -9
31 84
85 -50
-46 -62
-95 43
25 -95
80 -33
-64 13
14 42
-98 17
62 6
-78 -26
93 -11
11 51
54 20
-9 43
17 84
26 -80
35 -26
80 -84
48 92
-93 54
37 -98
-31 54
-60 33
70 -46
-68 -43
-27 -62
80 -1
30 -52
25 23
21 -7
-58 -83
-93 75
-75 -36
-100 14
70 9
-27 -96
87 32
-32 62
52 -49
-26 32
81 -14
95 -52
-93 37
44 82
29 -30
23 -79
-6 66
68 72
70 26
-87 7
28 -45
-76 84
-91 21
81 -19
-46 76
81 82
71 65
98 -36
-62 26
-78 23
-65 93
-35 50
-74 19
-7 10
-39 56
-91 64
-70 91
52 -15
-7 22
89 58
-4 -87
-67 94
-77 -92
92 90
20 -95
-7 51
-84 -91
32 77
-96 48
51 70
22 -28
-27 -98
94 62
-51 -37
-53 76
40 -84
-13 15
-23 -72
-53 57
-3 83
69 23
97 -82
28 -79
-7 85
-46 23
-64 37
-97 68
21 62
67 -53
-20 -66
-52 -6
16 62
12 99
12 82
-83 -93
24 -66
-8 -57
5 13
-97 -46
-69 -48
-71 -11
-49 63
41 42
78 59
91 -78
67 -86
21 94
54 66
-28 -39
-54 47
55 40
27 64
56 -5
-21 -69
-25 86
86 -11
30 42
-57 81
1 7
-52 50
65 66
60 -85
24 -42
11 -88
-21 -48
95 57
-35 -40
19 18
-35 48
1 -87
-81 -58
-31 90
-79 -93
-16 -65
28 27
12 29
-13 -59
69 -25
5 -43
21 -26
94 -75
-59 77
-77 -75
-60 -58
-90 92
-41 14
47 -43
71 89
68 -5
27 -73
41 18
9 -73
68 -63
15 12
-48 -75
-1 74
61 46
21 -78
-8 28
-61 -25
88 -62
-93 100
79 -31
95 -1
58 -38
-80 98
77 -42
8 -31
-5 51
72 -53
-28 54
-59 -71
-66 -7
-29 1
-31 17
41 -7
51 -10
9 34
56 -66
5 59
-73 -80
2 43
60 19
48 -90
-96 81
19 -31
28 80
97 60
-18 -43
3 -93
-55 -25
63 57
97 61
66 7
77 -45
39 15
65 95
-93 70
29 73
73 -73
-23 22
-71 61
11 -67
41 -68
48 93
90 -25
-78 57
67 67
-63 99
19 -33
-93 58
-91 89
63 39
65 -31
-65 -69
28 9
91 -82
87 69
-83 26
77 -72
-11 60
31 -29
-77 -49
-13 -73
-30 -76
43 97
-56 -12
-47 4
-52 65
-85 -15
95 -45
99 94
52 -31
-73 98
69 -74
-69 14
-20 88
65 -78
-34 -62
8 -28
-6 -65
-30 -19
79 -31
-17 -12
1 -52
32 -54
35 72
-61 -23
25 -28
-14 98
40 -93
84 -35
99 86
-11 -72
-44 -46
67 46
14 -50
-22 53
11 32
53 21
10 -5
41 91
49 73
-92 -26
-22 65
91 -14
11 -9
-18 -90
-6 -68
36 -4
53 80
-64 -67
36 -46
49 35
52 -82
58 59
90 95
49 -43
33 42
68 -26
8 70
-47 62
-87 32
14 -7
48 -61
-30 90
32 64
87 78
-68 12
-64 77
-37 9
-45 -96
-24 27
-39 -78
-10 -16
6 63
-26 -88
28 -4
37 29
-19 29
-50 26
-16 71
26 -74
57 -15
-10 92
-11 10
12 50
55 43
-37 -95
78 24
11 48
-15 11
-85 85
-60 40
71 42
37 92
-74 -31
-82 -50
-74 83
-76 37
-9 3
44 13
83 -83
85 84
-5 -12
80 88
-32 -48
-79 90
-88 66
-27 92
67 42
-62 47
77 -39
-5 -100
-71 54
36 42
95 39
-78 29
-87 -24
13 -39
-28 -89
-25 -67
-77 -23
99 -32
94 13
92 -89
96 96
-70 -67
10 -13
12 33
-20 -69
-92 40
-35 -97
55 77
-14 -25
-45 27
15 -93
-57 -82
-71 -98
-42 31
-86 -31
-80 -100
-48 -87
33 -79
33 -89
27 -77
-1 -78
66 11
-75 -17
-80 1
-61 59
68 -22
46 -68
-25 -82
82 0
82 50
45 -70
-67 24
93 -55
-11 4
-90 -3
7 -70
-51 -97
-14 99
-90 -26
14 39
2 -7
-18 79
41 -100
-100 -34
-64 -84
-35 63
20 -7
67 92
-21 -42
-59 -89
-81 -57
96 -2
-84 89
-3 -9
-86 -60
-77 -7
-27 91
33 21
78 69
27 33
-23 -3
98 -100
-91 -67
-21 -84
-7 -59
-47 76
13 27
75 -74
16 -40
15 -99
-45 -64
-64 99
-90 -80
-98 81
99 65
-24 0
-80 -81
-65 -95
-55 -55
78 87
14 70
93 -42
74 34
-57 55
-7 8
-2 -95
-8 -76
28 58
-18 -17
96 88
56 14
-99 -20
-63 33
-92 69
-79 45
20 -31
89 -88
-48 -99
73 29
69 88
9 -7
67 54
66 -77
-53 -81
82 10
-72 -57
-23 23
-55 81
-70 84
-94 -71
-18 -48
-69 35
-51 59
30 -14
-69 -65
-78 -65
-93 96
98 -37
97 73
39 -1
-62 -32
-50 16
-57 86
-9 62
14 -55
31 17
76 56
-98 91
3 55
59 -45
40 -13
-35 66
61 -9
92 94
1 61
42 -81
86 -50
63 -47
-74 -99
-87 -88
77 99
-37 99
37 -76
-57 82
64 44
61 54
76 57
79 -93
-62 -52
83 -29
28 -4
-66 -52
51 10
-86 72
-38 99
79 -66
-99 23
70 -88
-71 -47
78 -11
51 -37
-89 38
75 11
-50 -97
-39 -91
-31 9
77 20
48 30
30 -53
-39 94
23 83
20 -77
43 42
65 32
-14 -64
20 25
-100 -62
-74 86
17 -82
-18 90
40 79
-22 -44
78 -81
-35 -63
-52 -1
-19 -76
26 84
7 -88
-29 -69
-7 88
88 -45
49 42
-63 -94
-29 -71
29 51
-53 8
12 27
-37 -70
-55 -21
-83 -43
-60 -100
-80 -98
51 -47
-7 80
11 50
18 -31
-90 -12
32 -29
-22 -33
25 2
56 -93
-80 -99
86 15
47 6
-69 42
-56 81
-7 -60
100 36
8 77
-3 76
-85 -18
-22 2
-93 -81
-74 -1
-84 79
55 -67
86 -94
-92 51
73 37
79 32
51 -86
-94 33
0 -82
80 -64
20 47
45 63
90 -9
74 18
38 13
-21 61
-46 21
-66 -1
74 39
56 15
-85 -50
52 74
4 23
45 28
-76 -91
-40 0
65 15
87 20
24 28
26 87
-84 67
-9 -98
94 -93
-7 75
79 -84
-13 17
-4 87
67 -29
18 -35
3 -42
65 50
-46 12
73 -70
-87 -65
-28 -69
75 -47
31 -25
-41 -49
23 -57
18 89
-21 78
-88 -51
16 -18
-53 72
41 95
40 79
-69 21
17 -34
-94 53
24 58
88 -89
-84 63
-72 76
16 9
41 0
-38 -92
82 -66
-57 8
71 -78
-31 12
-63 -76
65 16
34 37
-74 34
34 -13
94 79
6 38
88 -39
86 35
6 30
29 -44
-41 -80
-35 -42
85 -63
28 -16
-97 -67
81 -7
-40 -80
94 -99
67 46
64 -13
86 -83
-56 -27
60 -39
100 -46
-80 93
82 -51
87 -46
26 -88
-8 -76
2 -11
-12 28
-33 9
-34 82
-94 -25
7 -2
83 -65
-21 85
-48 -62
-15 17
-46 63
-7 9
57 38
92 6
64 73
-93 -37
-96 62
-97 77
76 71
18 -57
-57 11
-46 1
-61 80
89 34
-48 81
42 31
-15 74
97 -2
42 13
4 -43
-23 48
-65 -10
10 94
85 -23
22 16
-75 -94
71 22
58 89
-23 45
-73 -16
56 -1
-75 -94
37 71
39 -84
-92 42
-94 85
33 2
-89 12
-31 15
29 -70
-25 -9
37 49
-20 37
-77 90
-24 -16
-25 4
0 56
72 -41
14 17
96 3
-62 -6
23 -59
24 54
71 7
100 56
18 55
20 48
16 -23
-30 -35
-54 33
-70 -39
31 -8
50 49
99 10
65 54
6 23
-32 -73
45 -9
27 62
62 -9
54 -38
-46 62
1 -43
24 96
26 2
-32 -16
-39 -65
18 88
-52 -87
-38 -33
42 17
-18 4
-75 18
15 -67
-9 -63
-99 53
-81 81
-79 -51
13 93
-80 19
25 30
-40 -91
55 87
41 67
97 96
-35 -45
-1 12
-87 -98
-98 -43
64 27
-3 -93
23 -56
-70 -69
87 -63
3 -27
-12 -14
-84 -5
45 60
-57 78
58 -5
-1 -88
87 82
-25 30
-45 66
-91 -83
-24 7
-75 -92
-79 18
-79 -35
100 12
-95 -49
71 -3
-59 65
-73 4
81 -51
36 -93
-22 -54
-53 -82
54 96
-84 -89
30 -84
-64 -29
34 54
15 85
54 -64
65 70
-83 -44
-97 -58
36 -14
-45 19
-52 57
-59 -25
42 42
62 -43
-86 24
-38 -90
82 76
-58 -70
29 97
80 99
76 -62
-9 -96
-66 74
59 -61
-69 43
-58 -9
-65 -1
62 85
4 97
-73 37
78 -13
-54 -54
-62 -40
-25 85
-34 70
46 -36
100 -89
71 83
66 -97
39 63
65 61
35 -80
-25 -24
-66 -78
78 61
68 -1
-3 15
47 95
-82 18
-57 47
35 -33
-14 -45
6 -78
-93 30
57 32
64 41
-22 91
-90 81
38 -58
-5 -25
29 -69
-15 75
20 -34
45 61
-15 -62
34 -100
95 29
-72 -86
-15 51
71 64
32 7
-94 -90
13 16
9 -55
25 -98
-14 -80
-41 -56
83 -37
-92 99
48 -59
-83 -3
3 -19
53 -66
67 40
-85 6
-27 -82
8 -60
84 -47
33 -83
82 52
-3 -79
-16 -30
93 75
-34 20
8 -53
8 64
-71 -16
54 -46
-95 -73
80 -23
-51 85
59 -71
92 -57
51 -84
-82 37
-24 50
1 -38
-55 89
-12 37
55 92
79 -20
-84 -65
28 3
-29 13
-50 -35
-75 47
-88 -59
20 -76
-65 22
27 -19
37 -47
-21 99
70 14
-18 -20
-6 -44
40 -89
-9 74
-13 87
-11 72
-37 -82
-58 -99
-29 98
84 59
99 -58
5 -19
-33 88
61 22
29 40
33 49
-32 -96
46 -47
-37 86
-92 -82
-37 -1
-10 -41
69 82
-22 17
50 81
-44 -37
91 93
35 77
76 -99
-99 -36
-75 -36
-85 -20
-62 26
-82 85
-75 5
68 -25
90 -52
67 -52
60 45
-18 -21
34 54
-72 32
-8 -82
28 81
87 -44
85 -17
-5 -21
-17 30
48 -25
-18 29
-31 -78
16 74
32 -85
33 -99
91 5
-9 -71
-58 -99
-77 39
51 -62
40 -78
14 -91
-27 -37
20 97
-97 82
94 55
-12 -42
52 2
-66 85
-24 83
85 -96
-64 -12
79 -67
83 -37
-82 32
-75 16
-75 32
83 73
-59 29
-69 25
65 59
-52 34
23 37
50 58
-93 -95
27 5
17 -71
-84 -70
70 -99
69 48
-81 -29
-2 -88
-38 77
-41 -70
17 80
-70 -71
2 -45
-99 -77
62 -51
-91 -93
73 86
-39 74
29 56
-77 69
-67 -15
-26 -42
-14 -99
-55 58
-99 51
-89 33
-55 82
-64 39
49 78
-14 5
-80 14
-87 -41
-56 -88
95 20
27 -85
37 -36
-92 91
-5 50
-91 54
56 31
-84 40
28 55
-47 -79
8 -38
95 -16
-48 -34
34 89
61 -50
-94 -40
-26 51
-33 83
-4 71
11 32
40 -90
-90 65
3 37
-85 -99
78 -75
-87 -96
-73 50
-98 38
-35 83
79 55
-23 28
-10 23
-38 -48
25 -58
-40 -95
-2 83
25 -78
-30 -68
11 -4
28 75
-81 67
73 -6
50 -11
96 -60
-85 42
89 53
54 39
75 -61
-98 91
99 2
76 -89
-6 87
1 7
-93 83
90 -79
53 79
-18 -96
42 98
-67 -1
66 -57
56 -46
-69 -25
85 97
-28 77
18 -97
93 -90
22 10
64 90
23 96
19 19
55 39
-80 75
37 31
53 7
75 -12
-37 27
-60 -92
58 77
-43 -79
-6 -75
31 45
48 -83
79 45
4 -82
68 80
-31 -81
-88 -41
52 -32
-51 -37
65 -25
-13 -50
-94 -52
75 5
35 86
-9 -71
61 80
-90 70
-97 -76
-26 62
91 -80
-69 82
-97 -52
29 -5
6 42
-6 64
-97 34
85 -63
39 -95
69 -89
83 51
72 -71
-79 -86
47 0
29 16
-85 -87
89 -28
-78 -58
-39 63
62 -100
-88 -43
60 33
-67 -43
11 -51
71 -55
-11 26
-94 -52
14 -76
86 -87
15 -63
20 -50
-53 -97
-72 93
-97 -77
-90 -23
-5 -26
-97 85
-2 -84
-76 -66
64 -80
-3 -65
-3 51
29 -64
94 -28
-55 9
-18 -81
32 -27
-76 7
-87 82
-38 -59
-100 24
-55 -29
23 -54
79 97
43 -38
76 51
38 54
-16 1
-24 6
-22 90
14 72
56 69
23 -5
54 -54
1 -45
-23 -9
63 22
19 -28
6 80
97 -19
73 77
-55 -16
-76 19
65 4
31 22
31 65
-85 -50
58 -64
12 10
87 11
41 49
-27 68
95 29
13 -92
-28 75
43 34
-83 95
-21 -92
48 -84
-79 47
98 -74
14 93
37 18
12 -75
23 -81
88 16
-14 66
31 20
-83 -26
78 -46
-97 -3
42 61
-58 78
36 -60
-78 54
14 -83
25 -64
-45 83
-13 75
9 -3
83 -63
-11 -45
-48 77
-91 86
-90 -86
95 42
-75 -19
-68 -20
10 -22
-30 52
-43 -34
3 52
74 -70
95 -12
-53 -62
-68 55
92 -72
-51 9
-16 -6
70 67
-98 30
22 32
78 29
-74 -16
96 -29
84 99
93 12
2 -76
2 48
-73 -69
-87 81
-7 49
-13 44
72 -65
73 -9
50 -45
-72 59
-23 -80
-32 16
7 -21
21 -83
69 71
-31 59
-12 70
11 -11
-43 87
-14 81
57 -75
-35 56
-75 -12
-34 -16
72 86
42 -30
37 67
75 -8
88 6
35 33
-71 -8
19 -82
30 -98
88 -57
45 -1
-17 35
54 -67
-79 97
-42 15
40 -49
35 -18
21 88
-29 87
-78 50
65 77
-75 -48
33 -24
-92 -76
-20 40
73 82
46 -27
-100 83
58 -96
-4 -25
62 -88
-98 73
-31 78
1 -99
18 6
37 71
1 86
94 63
-79 9
-92 -52
-44 -60
5 57
-21 -82
37 39
28 -100
98 85
89 38
-64 32
-11 -56
4 27
-58 27
-26 3
-46 -13
-24 -66
-6 45
-48 -42
19 93
-36 89
9 92
34 11
82 64
-40 41
-86 76
-3 29
23 80
59 73
-19 79
-43 -84
46 80
-71 83
-4 -78
-72 -14
-17 -70
21 -69
93 49
70 -78
5 29
-72 3
27 43
18 5
-48 88
32 -2
4 51
2 55
78 19
-35 95
59 63
-87 -41
35 54
-7 -79
-89 -11
15 99
36 17
-81 -30
-64 76
19 -88
49 77
46 -78
91 1
52 -90
-4 -58
-52 58
96 44
85 64
-61 36
89 -38
-74 -95
87 -72
5 82
87 32
61 10
-90 -88
73 -90
-71 40
-7 -60
-82 -90
11 82
-66 98
-29 -42
37 -45
-62 66
60 62
26 89
-28 -63
43 43
-70 -14
51 96
45 88
-21 8
11 -97
-97 33
-94 47
-88 43
-46 49
26 -70
-60 66
61 -87
-25 97
69 -43
-35 64
-26 22
33 -8
-100 -27
-71 100
45 -13
38 -68
-71 50
39 20
54 -85
-16 40
48 -10
45 26
97 -93
43 -92
54 -44
67 64
-44 30
-64 -30
68 82
22 -83
-23 8
6 55
-98 3
-93 -73
-30 -9
97 -59
-34 -9
65 34
32 89
26 -97
-89 21
12 53
-78 -61
-20 -60
-75 -89
66 67
-29 -59
-86 68
-64 -30
3 -71
74 -26
11 22
-30 -97
13 42
97 -21
-8 -10
97 -15
-5 -58
18 15
-29 95
15 -100
59 -20
21 -68
76 -79
21 74
26 -96
6 -40
-29 60
-67 77
13 4
-91 -53
-84 37
60 -22
-50 -55
6 -88
-59 72
1 77
20 -76
35 94
73 81
-94 46
62 38
76 -85
53 -83
42 7
-78 -14
25 24
-4 44
-100 76
-34 16
-92 63
80 20
0 -76
-89 -43
52 14
31 43
-98 90
73 -25
79 48
-36 -93
71 -63
8 2
-2 94
87 -79
-59 -62
1 73
86 28
-74 -93
34 64
-64 -59
34 -1
-9 -71
72 57
-61 62
-1 95
99 29
-81 -96
47 -3
-37 74
-77 -86
-83 -13
-74 -52
-24 11
-15 -10
-38 33
-80 -80
-64 69
44 -20
21 2
1 26
-33 -44
-79 -86
-11 -7
-10 66
-68 -69
-47 -90
80 -53
22 -25
74 91
0 65
52 -40
35 -40
-11 14
-47 27
23 59
-2 20
66 66
-15 -92
-86 80
-20 44
45 -33
31 -32
-68 57
-86 -31
9 -83
-77 46
98 6
-92 -3
56 94
50 80
-99 -8
-15 7
14 48
-54 -67
68 26
88 -33
-53 45
23 32
44 -81
-15 41
6 -82
-92 -55
-31 66
79 -76
-15 89
-89 -97
-64 -40
-62 31
61 -15
-75 -100
-49 -44
-98 -83
-52 9
-39 -50
55 -96
31 46
-3 74
-62 88
-65 -43
36 29
74 24
4 -42
-53 51
-23 95
27 99
-84 22
-89 -44
30 17
90 -6
61 -29
-32 -56
-64 -11
78 30
-94 92
44 -60
22 -21
66 -54
-34 12
42 -43
-88 -91
-76 -91
61 -46
-73 -66
-7 -100
-38 10
79 3
42 -31
-34 46
-32 14
-82 -69
94 -72
-61 57
-27 60
-51 -58
-35 47
-96 -76
47 20
4 -35
-55 47
-85 -64
17 -95
99 -83
-13 -49
-32 -95
-4 -22
-78 -68
28 84
39 -58
-18 -38
-49 -46
-9 47
98 -95
-3 21
-72 40
-66 -10
51 78
56 -26
62 -95
68 76
16 43
-59 16
-45 -19
-60 -66
50 -10
0 -72
-46 52
45 -30
-2 73
-57 -11
19 10
70 54
56 -31
-15 -30
39 -11
-64 32
30 47
-47 79
-21 16
-63 -73
-100 70
-96 -71
62 5
85 -56
-40 7
-33 -75
27 59
-1 8
2 -71
-1 95
-85 53
-20 -5
-17 -66
-14 -34
-4 -93
48 -57
63 -67
32 24
-64 95
-13 -58
-69 74
-77 -19
42 27
-73 11
-56 -47
-6 34
87 27
-61 49
-59 29
-37 30
80 -24
33 57
48 12
-90 67
28 64
41 31
56 18
42 1
15 32
1 -91
42 -98
35 77
-55 -22
-38 97
16 86
-16 -73
-10 -41
-99 -89
27 -12
96 39
-56 -2
-85 -81
-93 -83
-27 -92
74 62
-91 -58
-100 -92
29 -64
96 27
-45 67
-12 -45
-50 40
6 -83
15 -62
17 -84
32 54
73 -25
57 -47
67 79
-67 80
51 -1
57 -66
-60 -62
-92 18
-61 96
59 -36
86 61
44 -77
91 8
22 -15
26 -97
83 84
-7 65
74 91
-12 92
56 87
-92 4
-29 66
30 50
-35 -50
-72 19
-57 18
3 5
-67 -39
30 -34
79 72
-40 49
2 61
1 -55
100 88
38 -74
-37 -76
15 -77
53 -68
-36 -22
26 -18
85 55
-48 -75
-30 62
-30 -92
36 0
-46 28
-56 13
47 84
-6 -7
13 79
90 -27
-58 -60
8 76
-24 29
-15 38
-1 -69
-37 61
39 -19
60 69
-22 -31
45 -95
1 -1
-70 71
-64 50
-25 2
92 27
-6 26
88 -85
-75 -38
-5 -59
-63 -31
62 60
100 -45
2 49
-4 -50
-36 -87
11 -18
-77 -72
-99 99
94 10
-47 -74
38 77
21 66
41 -47
-75 -85
-52 98
-7 88
-20 90
97 62
40 -48
-27 -90
-93 44
-23 24
-12 -4
-90 2
28 -18
23 -13
-86 100
89 -59
-77 -97
82 2
-27 -66
-74 28
-36 -72
-27 -41
41 -76
-31 -5
-94 36
18 -3
-44 -18
17 -66
-62 -16
50 -4
-100 -60
82 -56
-30 -95
-6 92
-64 -5
-89 -35
69 94
-34 66
6 49
-20 -31
81 58
-5 -2
73 18
62 88
87 -53
89 69
62 -30
-87 -86
-89 29
-24 79
19 -11
10 -16
45 -91
73 -99
-56 94
98 83
62 -66
61 -86
-8 18
-96 2
23 -94
-65 97
-22 -17
-34 87
-79 26
-52 32
48 -82
-86 19
52 97
-100 63
-3 52
-4 47
-71 25
67 -58
-65 93
-42 10
32 87
96 86
-24 77
-55 44
81 77
59 7
93 27
-35 22
77 -82
79 -12
-79 -23
84 93
93 93
64 -3
-39 21
64 23
28 57
91 21
88 96
35 17
-8 -41
74 24
-100 60
44 -10
-16 63
-94 -6
33 -68
76 25
-25 -24
-34 -49
60 -9
40 -35
12 57
42 -49
0 -99
15 17
25 78
-64 21
98 62
-60 -72
65 41
7 60
47 65
-24 24
18 -23
-53 57
99 54
-62 -65
-89 -56
12 32
-27 94
94 -66
-95 49
92 -58
35 28
56 -47
65 57
-52 -43
71 27
-25 9
73 13
94 -100
91 61
-82 -69
34 69
26 -25
-28 1
-44 28
-29 -60
2 83
88 -97
62 -21
17 6
-31 41
53 45
78 78
-71 94
-31 95
73 8
-81 28
45 -32
14 98
-26 65
-59 -30
-79 32
-81 92
-12 55
-91 25
-54 33
-45 -25
37 95
59 91
51 -1
-93 -29
50 72
94 -77
48 -62
32 -72
7 29
-17 82
36 -73
72 76
-89 46
94 -66
-11 -90
89 8
-53 94
53 43
-67 -75
-82 -45
98 37
49 85
30 -46
-31 82
48 12
94 0
-55 -23
28 86
18 -90
-89 -20
96 29
34 -62
-51 -88
-71 67
-20 47
-46 28
14 21
-53 54
-76 -31
-69 87
90 42
93 -100
-79 51
-45 -25
-22 -30
-67 -48
-86 31
68 33
38 -51
-59 52
71 -99
-95 -70
-3 71
-90 -94
59 70
-66 36
72 -53
83 82
35 15
18 -29
-75 40
54 60
45 24
42 -77
-19 -10
-62 -52
61 22
-91 21
2 -93
78 4
-66 67
-34 50
-88 -64
-16 30
-96 0
59 89
-38 19
-76 37
-96 90
-52 -87
50 83
82 46
33 44
76 -24
-29 -46
-28 6
72 -64
64 -50
-78 -89
6 23
-28 71
-93 -64
-69 13
38 7
-98 79
73 30
-90 -43
19 29
79 -64
-37 89
-37 -6
47 -76
-28 -65
17 -53
-50 89
55 18
-89 -44
-1 -58
26 -43
87 30
64 -77
30 24
-20 -74
-85 78
20 27
54 -70
67 -21
23 -90
-94 26
95 -39
3 -41
-56 63
68 100
46 -20
-14 -80
35 73
58 37
33 -46
65 -94
57 -11
85 85
34 -65
-40 -91
73 -77
-24 -6
31 65
-22 87
-46 -3
28 -82
94 -21
-54 87
-53 -68
-33 -67
-5 -84
-79 -83
76 -96
16 -54
-60 -64
-80 -17
50 54
52 -41
33 69
-68 43
-9 61
-7 -34
-70 67
4 -46
45 -1
99 18
-42 -8
54 -72
-4 50
8 95
50 -73
73 -19
76 28
95 36
-89 67
-55 49
-38 93
55 95
76 -68
87 -35
-65 -20
66 -44
-32 -15
-23 15
8 99
-90 -86
-10 -73
-15 -59
72 47
36 43
22 88
74 55
85 48
-35 18
2 7
63 -58
-100 50
-8 -43
-15 -95
-2 -23
-47 80
34 34
31 62
-36 -61
-59 84
51 -93
85 -42
90 79
67 62
11 -34
-32 95
66 20
30 39
88 10
-99 69
-71 -86
14 -1
-16 25
-59 -73
59 -76
30 -71
73 38
-100 91
-42 -73
41 -69
-69 -60
67 -77
66 -77
-94 4
-11 -38
-14 60
11 -3
-70 59
-72 10
12 49
-33 33
-12 27
79 -86
1 -57
-76 62
40 78
-40 35
49 15
-87 26
77 36
-75 95
45 4
35 1
9 17
10 -74
-84 2
13 65
-70 71
56 70
-29 -30
75 -1
52 -95
-38 86
-12 35
-44 -79
62 -49
-73 -62
-13 61
70 -81
51 34
21 19
-73 -82
73 -63
5 73
57 -11
36 -49
-84 69
-64 17
44 -47
-79 10
-33 -26
-13 -42
97 -4
-75 84
4 -68
-96 -45
29 18
-94 35
12 -6
-42 -66
61 31
91 55
33 -88
-29 36
49 68
-23 -94
91 -29
-24 -57
32 46
-27 -95
-62 -57
-80 -70
97 41
93 -68
-50 30
-75 -20
74 -55
-71 -58
46 6
14 81
62 -18
61 -97
25 -14
-72 85
11 89
82 -60
-51 -26
-33 22
-50 44
67 62
49 11
86 -18
-67 96
-13 -12
1 -49
18 68
3 -84
93 87
-16 78
14 83
87 77
-1 -29
-79 1
79 60
26 35
-41 25
5 -18
-23 0
-88 -27
62 -93
39 59
8 46
65 30
50 75
68 3
10 55
-9 61
-89 67
31 26
-71 -24
67 -91
-83 -23
8 -9
69 68
-14 -37
-9 -91
23 -30
-69 11
91 -30
98 29
-11 -17
37 -37
-32 50
-51 -98
55 -73
80 25
-62 -94
-24 -4
36 -42
-82 85
25 24
66 -88
64 -40
-1 31
87 -32
86 10
-95 -8
50 -40
1 98
51 73
-99 60
99 32
-11 -19
-65 -4
70 -17
-97 0
-73 97
46 -85
-3 66
17 92
29 -28
-35 -87
20 -19
30 -27
-54 -30
-69 82
-77 30
51 12
-25 -32
-87 -73
-75 -74
29 33
-100 -28
45 -10
10 54
64 -96
-59 -60
80 100
-25 38
20 15
82 -94
-68 -14
-96 -100
-78 74
-15 89
-27 37
39 -76
64 -34
-10 91
-98 -67
45 36
-50 75
41 18
-59 -22
-62 97
-22 95
24 41
-17 66
-3 72
28 94
48 94
4 -91
67 -89
0 6
-89 -27
61 17
38 77
-82 78
91 91
7 -74
-99 -43
38 38
9 35
16 6
85 14
64 -12
-40 -40
74 44
74 -44
-31 -74
-37 -90
-77 56
-25 -58
-52 80
-76 23
-54 -46
68 11
83 -56
4 -55
3 82
-1 75
77 -18
72 -98
-11 26
58 1
89 47
45 53
-88 -92
82 30
76 26
-82 97
76 -10
-80 -16
-97 79
30 2
49 -75
-1 15
-62 -68
33 -49
-91 -59
27 -52
-61 50
-19 33
-33 31
-32 -54
-4 -73
98 -49
-25 -31
95 -50
52 -82
9 20
66 12
50 87
20 -57
60 -84
46 -66
50 36
-55 -15
59 26
45 33
-5 38
9 4
-23 59
45 -10
-14 -72
-54 99
-68 28
45 3
-40 96
-4 34
-84 -40
-56 79
-2 -70
67 47
-24 -36
-26 -71
-59 -79
68 55
12 -83
71 80
-76 -25
28 15
-71 59
-34 2
-75 66
-87 17
-84 -34
-22 3
-62 -1
77 57
-82 -40
47 -92
58 100
68 71
-20 -25
-19 36
0 -84
-63 12
67 89
73 27
72 0
-74 71
-55 27
3 47
33 7
-49 55
-49 23
-54 -74
50 22
43 93
-13 30
12 98
24 -3
-31 -23
-83 -8
-43 80
59 -45
34 -72
-42 -73
10 -13
9 49
29 -66
81 91
-67 -65
84 87
12 84
-45 -17
-26 -98
36 -41
23 -82
-41 -12
20 72
59 78
-36 87
21 90
-77 87
45 56
62 -43
94 49
41 -100
-78 -99
-95 85
-9 43
13 -63
-4 -49
-5 -14
67 70
57 -2
-52 -14
-6 -69
92 6
24 84
-27 79
97 -7
-6 -58
-63 -2
-97 61
-37 40
93 55
-10 -59
46 -92
-48 -94
-5 -10
15 28
22 62
-48 -88
16 -6
57 69
65 12
-39 61
28 -65
2 -60
-37 49
16 18
-18 -3
-8 57
29 72
58 -90
-68 57
62 -44
-57 62
-33 18
-17 73
-55 -82
2 -51
57 65
20 73
11 44
59 -39
-29 95
-56 -76
-32 -69
66 -29
61 90
-60 -8
80 25
-80 -44
20 91
-25 -84
9 -15
-9 -26
40 46
-31 31
-84 90
5 21
3 -12
82 -36
-24 79
-100 9
40 -1
97 16
18 -70
-50 25
80 80
-93 24
15 1
1 31
-93 60
76 25
-51 34
-69 -48
-4 71
87 -58
-79 30
52 67
68 85
6 51
42 -84
-30 92
-22 -38
-47 -3
-35 82
-49 35
-78 45
-66 -2
55 -87
25 0
83 -81
-20 4
-79 42
-21 8
-4 -58
-10 -34
90 0
-33 -33
-56 34
-94 -77
84 -15
-75 -52
72 81
-27 38
-62 23
-38 -31
-17 96
-100 -100
68 34
26 -90
17 -92
63 99
-65 -25
-54 -99
-21 -36
61 66
-49 -1
63 33
-53 -72
81 1
12 -48
4 71
27 -78
-87 -75
-43 58
-88 96
30 -22
85 51
98 -97
1 86
-42 -99
22 -11
-10 -84
100 13
51 -98
4 74
-3 -99
81 55
87 -15
-100 96
-13 -69
49 -35
-53 2
-90 15
-30 18
73 -84
-65 -40
19 42
-98 -60
-56 -77
42 -55
-45 21
23 62
89 -100
90 -64
78 84
8 -8
-42 -19
-71 13
77 49
-17 92
25 78
-25 -69
87 20
59 37
-5 10
-85 6
70 12
69 -72
-64 -11
66 -86
77 -90
60 -34
-6 -68
64 32
-55 74
-10 -69
78 85
-7 -85
-58 -98
-82 80
-12 -62
-39 -52
6 35
-96 -36
89 -20
100 6
66 16
-50 55
3 82
-37 38
-27 -56
73 -97
4 -88
-59 -85
0 -12
-69 -38
-22 -20
-96 87
-100 0
-24 90
-41 29
-34 71
-56 5
-58 -82
-80 94
53 22
-55 33
-63 94
-25 -5
48 43
-28 -94
-19 -52
50 -24
-91 38
-67 64
39 21
13 76
-19 75
-39 -53
64 20
6 -12
-53 -78
-7 -84
-71 -75
-45 4
10 26
89 6
87 87
75 -41
61 -100
74 -38
-97 -46
-62 93
82 -54
97 55
-32 -42
-75 -32
-43 54
-48 8
19 54
1 21
4 -44
66 5
-55 -56
20 79
-8 64
0 28
87 27
-58 32
-22 22
25 -90
-70 79
-19 -94
95 -72
-95 73
45 27
-75 48
18 -94
25 -8
6 27
14 14
71 7
68 -71
-60 -5
1 -23
99 97
-92 -52
45 -52
70 -44
81 -82
14 -49
73 -68
-95 -90
3 58
-43 -100
-7 20
15 36
90 62
-94 61
1 -51
78 -51
-54 87
-90 77
77 43
57 97
-1 74
-20 39
37 12
38 23
75 96
-89 69
9 78
-14 52
90 93
55 2
35 1
67 -58
-63 20
95 50
33 -64
55 -91
-44 -27
45 18
-28 -97
-25 -92
46 6
89 72
40 56
70 -99
84 -13
58 2
-59 54
70 35
-11 21
-86 82
-51 7
48 38
-98 51
-34 -36
20 73
41 12
-66 38
82 -1
-7 -38
56 81
-29 58
64 8
38 14
-10 -22
11 15
23 -61
-19 -14
84 -54
-17 70
41 40
-67 -73
67 -74
-69 -89
25 91
29 37
-100 3
-59 80
-16 48
-90 -3
96 -14
78 33
-77 72
30 82
2 -50
-51 -74
98 70
-73 10
85 -16
60 -54
-8 24
-77 -61
1 -35
-79 2
-15 -94
19 43
-56 -93
52 -54
-42 -55
-53 5
28 33
-77 51
2 0
45 -82
-96 -50
-50 -63
-30 90
-63 70
-14 16
50 4
65 -3
99 50
-71 -99
99 95
68 -56
-50 34
-28 84
85 -29
-20 58
-91 -74
-3 47
-74 -13
-55 -77
-84 -66
-33 -60
-74 -17
-38 -13
-60 36
82 -51
-66 92
-14 88
-16 -30
-70 -83
-11 -97
68 19
-95 58
-22 -63
82 -4
8 80
86 87
-41 60
93 -22
1 -19
14 -5
-56 67
-93 38
-91 83
62 -77
-36 22
36 -2
-94 3
25 -81
-51 21
-13 85
-29 -79
-12 -17
-14 37
17 67
47 12
-59 -76
95 -38
-5 -94
24 -49
22 74
32 -48
-53 31
8 0
71 -93
23 -91
-89 -8
-79 -49
-38 83
-54 1
52 94
79 -68
-78 -23
71 -70
-54 -43
-52 -53
-51 42
67 60
-97 38
-44 -33
91 9
-1 -38
-90 -29
4 72
-20 -26
-81 -10
74 -78
-48 74
91 -52
37 39
-31 65
71 21
55 72
42 -13
-52 80
-55 -55
-57 19
91 83
75 74
36 16
-74 21
-57 33
23 -91
7 -38
100 -31
-51 50
-84 -28
99 89
31 90
-84 26
-57 54
-67 -12
-18 48
-57 -94
-51 24
35 -92
-83 -22
-75 34
83 -88
98 -1
-3 93
-97 83
73 68
-27 -74
-16 62
-43 50
-82 -94
74 13
96 -9
67 2
69 -80
-21 -40
-99 -60
-39 -90
47 84
-30 30
-65 37
73 69
-41 -85
51 75
100 -12
-70 -43
64 -10
-30 34
-98 48
-68 -21
-44 37
-95 57
-100 10
16 -63
69 -2
-87 89
71 -98
-85 -35
62 -90
8 -35
-87 44
-40 100
-19 -89
4 -52
-63 -29
5 -33
-33 -52
8 52
68 65
-85 -8
-3 -78
69 -40
-48 -37
-11 -11
10 -48
-29 -37
-24 14
80 48
-50 21
31 8
77 -78
-29 -74
49 32
79 99
-27 -56
-22 -66
-67 -69
53 54
-100 81
53 24
47 -58
25 -70
-67 63
-29 -8
65 88
-87 67
-28 -100
-87 -48
37 -76
-39 -48
-21 99
26 61
-25 -59
76 -39
74 -90
74 -60
73 -43
11 -31
28 61
-43 -11
82 -28
84 -94
46 36
-22 50
33 -63
58 -18
-79 26
-20 -84
-44 26
-21 -60
22 94
23 84
49 43
74 -11
25 -54
-92 71
-20 9
-100 -42
10 15
50 -88
-71 -18
-81 -29
-20 -10
11 -60
-45 -5
-26 -88
-60 75
-8 7
-10 87
9 -25
70 56
15 -75
79 12
-55 65
-80 50
77 33
-61 -45
21 -36
-40 60
-53 -61
80 -72
-71 49
-97 57
9 15
23 89
-98 -61
95 0
-59 85
31 -43
82 -70
-60 -63
-90 -22
-68 11
19 -61
75 -24
16 -87
-51 -58
-64 81
-64 -97
89 -48
-44 -84
92 -87
-45 -11
-34 -86
22 72
-47 -73
-25 -95
-100 -91
58 73
42 45
-25 -90
-68 -69
-7 52
44 60
-22 -86
-58 -14
78 -91
-75 73
39 -64
-28 -94
6 -88
79 76
38 23
-89 3
-10 -56
-38 -76
9 74
-59 38
-66 17
99 -64
-3 -18
100 3
19 31
-39 100
-54 -74
52 67
-30 35
86 28
24 81
-66 58
-71 22
-22 90
-35 -75
-99 -83
-30 -44
-82 91
-57 0
86 26
70 53
49 -35
94 10
-1 -20
16 47
44 14
52 -71
28 29
32 51
44 7
84 -43
46 68
-74 -78
-95 -49
49 -38
2 -92
13 63
25 -75
45 58
-27 44
21 -2
-68 99
97 7
-55 88
86 99
-88 -81
-25 49
-13 -68
-92 39
5 9
-52 -29
-6 82
-49 -14
-80 -37
-72 41
24 -7
57 -70
30 84
-1 -68
6 -62
15 -69
-2 -14
-33 91
-72 99
-33 89
-45 5
-39 -1
-31 -89
-35 25
11 55
10 56
-65 -34
-70 -32
96 7
2 -60
59 40
89 -11
79 8
14 88
43 -58
69 13
-43 95
18 62
56 -62
-30 -70
47 -70
-72 60
23 -27
36 61
49 -8
22 67
-58 64
-25 -34
43 43
98 85
98 10
-60 48
-57 34
10 -50
-26 -34
95 -96
10 -95
-4 -7
-4 -7
-77 -88
-78 -54
33 3
52 -43
48 -78
64 100
52 8
-76 74
65 -43
-74 74
60 28
53 -66
85 69
-85 -8
-68 2
-35 8
-83 100
-83 -73
50 56
-88 -39
-70 -36
45 89
-10 85
-22 -79
-88 50
16 63
-39 19
96 -76
19 -35
-34 -54
-68 60
28 32
-19 -85
-13 21
-87 -22
23 -57
75 23
-50 77
94 22
49 -95
12 -20
67 -7
-54 -38
6 -98
81 -83
85 -97
-40 -55
-67 -33
41 -68
-30 -40
79 83
35 -70
0 51
56 -6
-72 -49
53 -77
-86 28
-46 60
26 48
-2 2
9 -37
-36 -66
33 -75
89 73
-28 2
-62 -10
56 51
90 8
-64 -29
-66 -81
-60 -55
-68 -95
-41 -99
-76 66
-55 -1
-88 59
-85 85
71 27
-92 -72
-96 -5
73 -9
-94 57
-29 -97
49 13
-21 20
15 91
70 -97
78 41
63 -93
85 74
9 66
83 90
-95 15
23 35
-99 -31
38 -50
-74 4
-3 97
-49 -17
-2 -75
-27 16
-69 4
72 80
10 6
-75 97
-53 -95
-62 -50
0 74
-10 66
100 -96
-97 25
38 79
-36 -29
-48 -91
-82 13
63 16
59 -89
-94 65
0 -84
16 14
58 42
50 -20
-69 18
79 14
87 -98
25 99
87 -80
38 -47
64 -7
19 29
-8 60
-96 17
-50 -94
-45 -67
-74 56
-5 -31
61 -65
67 -57
-98 65
11 -20
-74 -61
-85 -21
-3 -68
-74 -99
48 -25
100 -53
9 -22
-7 -58
57 -51
44 -56
97 -13
94 22
-80 -32
75 45
40 -58
39 90
94 -6
-76 -69
-31 -39
6 -22
54 -15
89 -73
54 -44
-71 -11
-71 -10
68 65
61 -30
28 19
-24 -3
48 -59
-78 69
23 33
14 -39
28 60
-42 -96
29 36
0 22
96 -95
24 -1
66 91
3 50
-86 -98
1 -87
-90 -13
25 37
-11 76
95 17
-20 -19
-96 -60
97 -89
51 68
34 18
4 -88
-94 31
-24 -51
74 -53
-10 46
-52 41
-26 23
67 79
-93 -96
44 12
87 -1
0 -79
20 -9
-93 -15
1 -78
-44 64
-47 45
-68 -19
87 -60
31 -5
61 -15
-37 91
67 32
84 43
-37 -71
10 30
13 59
-10 88
65 -81
11 -1
-96 -50
-44 42
-91 29
12 -69
-13 -62
39 -98
-15 50
88 20
-23 -2
62 33
85 -56
-82 1
80 -61
53 36
-86 72
26 83
-99 40
-51 -48
59 -100
-77 33
86 -5
95 -89
-100 -1
-20 -4
-1 79
-53 15
96 27
66 -91
20 15
-54 81
-69 37
57 -13
74 40
-88 77
-26 37
61 -33
-59 13
23 -55
-79 53
33 -92
-29 -15
-4 77
-94 22
24 -25
52 -17
7 20
59 -5
-82 80
-27 60
21 24
-26 -13
-82 11
-95 36
-58 -5
-15 25
83 -87
20 51
-3 2
51 15
-100 12
98 85
-19 -14
-43 24
-26 37
67 -22
-27 -20
46 -4
-53 -25
26 16
-4 -44
95 33
-8 18
-48 -91
29 -33
-19 -48
-74 -77
-40 -24
82 22
50 -69
94 11
53 37
97 52
-7 -7
0 -9
-75 -62
19 -90
52 -59
-29 -5
78 94
66 -8
-38 50
8 -1
-60 -81
0 -80
28 -84
22 41
72 53
92 62
28 4
54 -47
-87 53
87 43
-16 -4
48 59
-39 -79
58 53
-54 -24
67 -64
23 70
13 89
34 5
-79 -5
-56 -75
-46 98
2 -68
79 -43
-36 -95
14 -7
-1 38
41 27
40 6
44 49
-30 67
47 4
-43 88
-93 51
62 6
-19 52
75 84
36 -16
8 24
-47 -13
41 83
54 81
-17 -39
-71 26
43 56
-86 -95
-71 64
94 -86
11 -78
-11 25
-34 78
-95 88
-94 68
-14 -11
93 -8
18 88
-97 90
48 6
48 88
-88 16
-58 32
54 -75
-57 87
47 -35
-18 1
-40 46
69 -37
86 -9
69 93
-89 -26
-80 74
-35 -39
-41 63
-23 -60
37 82
0 18
-48 -47
68 -13
-61 -19
25 -95
-89 79
-12 44
12 -43
59 -6
-71 6
-84 -100
86 99
-49 32
-25 4
-7 47
-97 -77
12 -26
-57 -69
-40 32
-98 44
17 34
78 -36
13 -27
56 2
-13 -79
41 36
-7 75
1 42
14 -34
-73 2
13 14
43 11
16 -39
-81 -23
-48 6
86 -96
-55 -26
82 -41
-32 59
92 8
-88 -20
16 -33
31 55
35 -89
78 -37
-22 -43
26 -1
-10 -69
95 61
-48 15
-28 -23
-77 62
77 36
61 80
-11 -47
-29 -94
47 -46
97 24
-94 -79
-9 -62
93 51
-18 22
-26 -74
53 -95
41 -29
-20 -95
-81 -41
64 -73
44 28
-84 8
-15 77
83 0
-1 81
78 -17
84 32
14 79
63 -5
24 0
-42 -5
-49 57
-10 -32
46 -20
-49 -85
12 -53
54 -71
26 83
-83 -98
-23 -90
97 76
-8 76
84 -22
53 20
5 -88
86 -85
22 49
-78 -43
26 51
-59 76
6 35
29 71
25 -86
-25 47
32 37
-19 -4
32 16
1 12
92 72
-71 53
-8 -66
-22 0
25 78
-45 55
-96 -53
-35 31
84 -78
54 -43
2 -87
80 92
-1 66
-72 81
43 -32
-51 59
17 -2
67 -22
-10 24
-74 -4
1 -17
-22 -71
98 -100
22 49
53 26
45 55
-4 -61
-11 93
-50 -30
74 -3
-41 -56
88 5
100 92
-80 -94
51 83
37 -99
11 -95
61 19
-22 -79
-22 -32
-37 -59
38 25
81 6
-32 81
-37 -82
-8 71
-55 -59
-5 -41
-54 -77
-20 1
-81 35
74 44
9 -71
35 -97
-89 -48
15 69
76 -26
96 35
95 96
82 70
19 -54
-78 13
-34 -19
46 15
13 34
-40 35
4 58
56 -65
-22 -62
61 -44
87 78
28 -13
-87 -42
-97 36
-4 -37
-74 -23
64 -94
-57 -72
60 31
-40 -13
-81 -56
-81 99
-75 17
-97 -39
-15 -57
-38 62
59 70
98 -70
-33 -46
-63 -3
-31 -62
-12 58
-63 67
-89 31
-68 -41
-46 19
88 -19
-9 -5
-58 17
-78 -68
-15 70
-77 21
-3 65
85 97
-5 -6
-90 62
-62 37
-22 88
-42 18
62 70
75 -56
-40 -85
43 39
36 44
69 -79
16 69
68 -5
-95 -14
-84 79
-39 -59
12 54
41 91
-53 90
51 87
14 95
82 80
-91 92
92 11
27 16
14 -48
-84 -76
-2 -45
87 -14
54 -23
64 23
54 -74
22 1
-71 -79
60 83
28 -100
63 -97
-35 -30
79 24
-57 72
-30 73
54 -25
85 -23
8 -14
37 -14
26 -40
57 99
-67 92
-94 -22
-86 44
7 95
-19 -60
-76 57
-14 -90
23 65
65 34
-62 62
-6 56
-58 -55
-44 -67
-91 -9
27 48
-3 -86
24 99
-12 -69
-18 -81
-36 16
-50 -85
48 34
-7 52
100 -96
24 -44
-14 95
-83 74
-8 -51
35 -31
12 22
-21 -14
93 -50
43 -96
-28 65
96 -20
-14 -81
27 -27
21 48
-83 22
70 -90
-63 69
58 -100
-33 60
-15 80
-16 33
-36 -32
-46 15
-38 -85
40 -35
-49 -79
-75 22
54 50
64 -14
-90 -30
-40 -80
3 4
60 -2
-81 95
-6 44
44 6
48 -68
-36 -60
67 -53
19 -36
-35 52
10 41
-88 63
-86 -93
-40 -85
77 -49
-86 -86
36 74
28 -80
30 -76
-80 39
-54 96
-68 -1
24 -72
53 97
-53 -35
-94 -88
83 31
81 52
70 -15
67 -45
-17 -9
-31 -53
-31 -50
-47 -67
99 82
-67 39
-41 -74
-80 5
-86 -22
87 -30
-78 24
78 10
43 6
-77 -99
22 -48
37 78
-30 4
10 -82
54 -16
32 1
9 32
63 70
-93 -89
-77 -66
-4 -7
-97 51
-73 -82
-36 27
-94 -52
-79 69
17 -99
96 81
-53 -3
99 -69
-94 53
51 -72
29 -22
26 12
24 -29
-93 -33
-89 -44
71 2
-7 39
100 -3
-79 16
76 -43
-21 24
-79 32
40 60
-46 40
-61 -34
-4 17
87 12
-36 99
-11 -16
77 -38
-92 -61
-37 -7
30 43
93 -11
-46 80
64 91
-89 -38
-19 -15
79 73
67 86
51 -40
-14 90
68 -48
13 81
-74 50
-49 -36
39 -28
93 -96
-49 63
71 -17
65 -59
46 -7
77 79
81 5
-76 57
50 56
80 -85
6 44
-49 20
-16 73
-41 -20
12 -25
-21 37
31 45
62 -62
-42 -1
-13 -45
-63 -21
37 -38
87 -99
33 -73
75 -50
27 -12
11 -65
-68 -66
15 -15
12 4
16 -99
49 22
61 -72
47 -83
54 -27
-93 46
17 -52
-38 27
-74 -82
-46 -76
4 -82
59 44
-49 72
-21 -52
99 -7
66 -38
-64 42
4 20
-47 -45
-100 77
9 77
38 16
33 -80
-34 86
55 -12
-20 -81
58 -29
43 17
-18 -60
-7 -61
-68 -21
48 -29
-96 -79
-60 -77
-74 19
91 -66
-57 55
-53 -40
-48 -88
-93 -11
-87 -96
-25 -64
-88 -19
-83 -84
-72 -85
-94 -36
34 -73
39 51
90 -27
-30 -9
-10 85
5 -31
45 61
98 63
9 -54
-87 7
-89 70
46 -55
-53 -60
-35 88
-3 -28
87 -20
76 -63
-36 58
51 -8
83 82
32 54
39 -94
-54 51
91 37
-22 -46
-83 97
5 -55
-81 -83
-82 21
-59 70
-58 -6
5 32
95 2
20 62
-20 -24
10 60
-4 -6
7 10
-49 -88
73 0
79 -92
-43 15
90 -51
87 46
-16 -32
-83 -15
76 84
82 7
43 87
-2 -37
-87 16
-6 -84
-6 -94
-12 -70
92 36
-92 -21
29 -9
51 -36
4 -68
-75 96
57 35
-71 -94
-77 21
-53 36
0 25
-95 -32
-64 -24
48 84
-88 39
33 -76
-32 58
-33 73
17 -22
-97 69
-12 -44
53 -47
100 -83
-14 12
-48 -70
-81 97
13 -36
-78 -79
-69 28
-47 -87
-9 -26
-57 61
10 -36
6 84
-58 20
-70 -4
33 66
-55 -4
8 -84
-36 12
-78 -89
73 -6
56 79
-15 -16
-78 -46
15 89
24 -77
16 -13
20 16
89 -28
-9 63
-4 4
-27 95
6 -96
2 -79
-23 -7
-67 -9
19 33
24 20
-55 -8
-28 -22
-100 -56
-100 -34
74 47
99 -98
-30 3
26 -98
-73 65
38 -82
98 41
-54 -45
66 -51
-64 -78
-75 89
-80 33
-40 -17
95 71
92 -5
16 33
98 94
-87 89
100 -49
15 78
57 58
74 -42
57 34
62 -42
88 27
62 -36
-24 -76
-93 6
11 19
75 -11
-1 -49
-13 39
-57 64
-53 51
-20 99
-93 -35
-9 -55
91 -8
74 -37
64 94
-52 78
91 92
-1 83
-90 -78
-71 -46
-29 -25
23 -98
69 -55
58 58
20 49
46 86
54 -84
-5 -61
35 -86
-28 -1
84 -98
-45 94
42 21
33 23
-86 -64
69 -31
-17 71
35 -92
-14 18
-87 -97
-37 -59
-16 -4
19 49
21 -34
-60 75
48 65
82 -36
-37 54
-48 -91
68 -11
74 -76
67 -44
-11 -41
-97 -67
39 -78
-94 50
89 30
-25 -68
-30 41
23 43
71 -70
-32 -55
-56 39
-18 76
-23 15
-41 40
-51 47
55 9
3 42
-62 -29
-6 8
97 38
26 -13
-84 77
56 -51
49 56
-57 -67
73 64
-4 79
-94 80
-12 -21
74 -10
-11 69
34 -63
45 88
-34 75
-7 -90
7 54
51 -30
-37 10
-76 -87
98 66
13 75
-78 83
77 -83
-20 53
42 24
17 55
-83 -47
18 -40
-8 -77
-2 -19
-5 94
90 -69
-53 -97
-59 -100
-85 14
-60 -95
2 13
-12 92
-91 90
71 -28
-53 0
-7 -48
50 77
-17 86
64 -32
-9 -21
83 7
-61 71
-79 67
-96 65
-72 -49
26 5
-62 6
11 73
-36 -72
36 -70
-51 7
6 34
32 -71
96 -52
-6 -37
-78 55
53 13
-51 -66
26 96
-88 37
-30 -18
37 -60
65 44
-12 2
54 92
-77 -1
-33 69
60 83
-22 21
-99 -56
83 -79
27 5
-18 -5
69 -62
50 -68
82 -38
40 -4
31 1
40 50
75 -71
-88 30
4 -50
37 76
19 63
97 66
-45 53
91 30
28 11
89 59
-24 54
69 -22
43 -28
40 -21
-35 -62
-25 -20
10 74
-32 -95
19 -34
26 20
-94 -8
66 78
83 83
-49 -13
86 -17
-64 -60
75 25
86 75
10 -79
24 69
-33 28
22 -37
84 91
-69 -28
-66 26
-100 1
-77 41
-32 -14
11 87
31 31
-66 74
-20 54
-21 -22
18 -99
-14 -70
-79 -91
-32 81
53 29
55 -5
-20 89
-44 80
75 -93
-27 -42
-72 51
-86 -29
-23 -5
3 -62
64 -25
-40 90
-37 -44
-21 -72
38 37
-9 -44
-53 77
-39 -96
-24 52
43 -10
-29 70
-28 13
38 -33
97 -93
-17 -47
51 57
-26 -96
-1 11
-55 71
82 100
29 -8
-23 -7
-49 -52
-20 -43
-34 72
-73 -43
13 69
-46 61
-95 40
-23 32
-78 -68
-70 -27
-16 5
-40 -99
56 44
-62 -52
30 57
-79 -73
58 99
90 31
57 33
26 70
57 64
-60 -48
-64 -10
-70 -87
-43 55
23 -53
-80 89
-2 -80
99 69
-36 78
-13 36
-84 54
-78 -41
-76 10
-67 -100
10 40
-47 68
-41 -34
0 -42
5 -70
-82 72
-36 41
-12 60
5 42
47 -81
-36 -90
-8 -76
72 -68
-91 44
-70 -64
64 84
71 89
96 80
-48 -92
-72 -42
8 47
-98 49
70 17
-94 41
-21 32
-98 -84
99 45
-79 96
-87 -61
-60 35
44 22
96 -42
-72 -31
-76 77
36 -6
84 42
4 42
57 -5
-85 -78
72 21
-33 -50
-43 9
-58 -81
-92 -20
-93 54
88 94
58 20
62 -85
24 73
19 -47
-91 -7
-43 29
71 60
-96 -22
-5 27
98 -73
49 81
0 69
49 -30
17 90
38 38
38 60
69 85
-28 15
-73 82
56 -55
-67 26
31 -9
-18 -8
-25 81
-87 12
28 -50
-4 -88
95 -12
-79 97
-84 74
41 14
-13 70
-13 -80
-53 68
-95 99
-82 86
39 64
-48 58
5 55
-83 2
-94 -32
60 73
82 -64
-7 -62
-91 13
-51 43
33 -25
80 65
-11 -24
95 15
-98 76
-15 90
21 -5
-60 -100
-94 48
28 56
-26 26
-90 -25
-27 9
-16 86
76 -10
49 -58
-35 -35
-27 -1
12 31
-94 87
