100
-241239 -259774
878757 245379
-597967 772202
697325 363222
-21901 934427
-780992 -431213
-344929 -347875
376381 -432355
-177908 120939
954480 -869110
732134 -45662
-681134 666669
-963206 603628
-2843 -662878
-813500 815508
-569022 361636
-903667 -877678
863511 -617386
-407408 -236143
913548 -171014
-134052 -217826
-770314 493163
-877469 -229718
961799 -234362
-499448 -887009
111886 -87389
-496854 324858
-914062 296813
-212966 -926131
370609 95108
749103 -772893
-834614 -245273
592675 455648
-580306 -846318
111327 470870
663001 -603475
-584706 -239560
564148 547324
547343 -902301
-562708 660099
754155 865932
138692 -443637
-968318 -366343
632628 879079
-787009 504310
782810 -273503
-309668 -2920
986883 50771
-121715 -343289
-661568 -870390
284704 -749778
179698 -714577
58976 -566314
950225 -875503
-840602 -14596
-720295 762926
372894 810881
-236098 -716448
-634525 -36647
-811330 -827651
-233444 267038
-506848 -21591
-727357 -639594
533248 -890549
186632 19624
463793 523264
-562867 -799898
-293213 -620653
-132379 -57217
-46118 -789688
-527493 21169
-944734 359116
-638548 520218
-51924 -751636
-790703 -911897
-189064 974404
156226 530796
-862424 -575925
776804 427355
932710 830032
168706 81859
571998 -785876
-779887 909120
310407 -868948
-356479 -64861
858762 41341
-236562 -656999
-125826 879933
-325843 21447
802094 -417496
-591065 -405558
-700209 723497
-284213 846913
517247 -681088
591233 -205336
-235921 -888522
355550 631513
449404 934063
176043 944680
264713 739798
