100
-613715 -511035
-572239 -673290
-687078 -851363
-481140 745523
-624749 347493
418112 -909775
517098 897309
-618532 290463
-942920 233231
869901 -693336
-514306 -553938
-276710 -785027
-551563 248297
466815 809969
899875 -444046
-355557 387554
-664625 211421
-278716 -397075
-966985 -732688
121905 -249978
-897625 -17133
696604 248811
-548324 -955643
-373026 872858
708049 104325
700815 132196
-896171 -105786
-155680 416637
-664753 358262
-499611 -898502
-700850 626422
477187 442709
720361 -392695
858597 -21078
-556757 126417
666644 7559
363906 887694
-404973 -484202
832929 834803
803006 10954
670931 823429
740052 299137
860305 -929312
-966607 194830
792114 368977
-910251 871854
57833 637382
561650 509801
-760688 919059
-710072 616238
-19278 -848577
954840 281099
215451 -408981
-449912 173050
888184 -244257
-971741 402096
-23424 -529971
292169 559635
-168630 895915
-610974 506364
146283 -689251
455662 -249771
303685 -855320
-770476 302726
973600 897700
-922961 203801
-583312 -135758
888933 349783
-435123 -683228
737325 -355101
482439 -359870
95452 -538253
227941 348704
-564285 525466
-225132 -272238
463405 939794
667561 -261301
-319262 -190424
423756 657628
907662 953086
489080 -166173
306700 -637705
175164 23304
71237 -617476
5776 643886
-551623 927719
307161 -517724
-688969 -780527
102619 209124
-520429 -987966
-198697 -487850
-881472 -389935
-640570 -699618
-598194 304716
-805923 -141595
932903 -575955
-862842 -172728
679977 410910
195615 882528
462580 108418
