1000
-2185 -164179
-171136 -485739
577610 616143
-88573 -21862
397746 63090
-831285 284871
903476 -731294
58947 -832286
-635704 767100
-490074 7417
181834 594537
-739554 -884010
-149338 -639523
624073 -729840
983388 -598254
437243 -373227
-938269 467772
282206 -823688
-642207 -811458
332846 432268
-555437 517045
920107 -765047
162044 -742490
778979 899505
912462 -983805
-676618 -88033
-460880 -184339
237413 742765
481026 638557
965494 -5826
-154914 498062
-916235 -87975
-333931 -312157
211756 213382
-602827 -569517
-960028 880009
549878 206887
759232 -291771
452057 -505265
-812955 535761
-330959 417230
-709380 -965329
242342 797614
652211 -346000
746952 258157
111201 -894184
175769 -605188
970786 724285
-810528 -330000
-411636 253980
-777944 96417
-191170 -47580
-939871 148711
-602414 -346754
618867 450743
-656471 685374
-418481 -392711
206481 -696274
-271389 -421382
-582736 262324
345110 440826
493628 -297160
681012 -237116
-652094 -186240
-933355 352598
-346236 -319157
432616 487788
-537985 -543945
971028 703931
575750 -736091
35456 628543
747395 998044
366714 538015
124401 256866
-75501 -245498
-403313 75039
767206 752522
-232770 697891
-601138 -504759
-505700 -43651
-677552 -662441
-19688 -542831
105937 -839904
-253686 -28375
-250740 634160
-287967 426497
340803 151026
-982236 -564087
582608 516614
942935 103482
31719 115422
47717 -85847
239159 -362694
-573903 -293342
237 -862558
108510 564234
955771 -346923
-780640 658482
367240 -485911
303158 -562011
-89669 215992
-70047 -361579
-210109 243510
356490 -913619
-662592 72137
90763 -599310
646895 -687709
622591 398655
-164585 148588
106990 -946003
937527 114374
-624076 -775709
-230067 -413300
672453 -537083
-634605 -743341
-337318 364149
-569436 581200
-273847 -317071
-164467 -321525
-475679 392345
26675 198734
574359 -478455
393690 -936300
901966 838316
417682 -462836
-771860 -574148
-545433 -439973
959049 72568
-270745 -880716
-837039 71143
579584 511598
196313 650373
-558950 -249931
-860790 730940
-14615 -463477
860319 -870527
-964195 250316
-460010 -611310
-383258 679213
109729 -156867
239088 919153
79288 953858
100606 24423
122680 753128
959451 295526
-343885 479374
-462395 186025
293082 509488
-323265 -712815
485387 -782323
416173 -654552
975486 523143
-515199 -92676
-859309 852572
400000 505446
-374993 642044
-803425 603862
-273093 95024
678140 490466
466743 993048
-894544 963884
-912069 783359
657532 590262
-189070 837088
45117 -674687
465388 -312517
-421647 -822551
424246 -625299
672048 -83411
-650865 -575876
982188 -491230
-5031 447018
373203 194195
399588 -869404
-542310 744600
-510001 -700766
262532 903860
993100 293510
-987891 -897514
100823 277217
363822 -831095
766643 616770
360651 865179
-194620 -951736
-412607 674858
-60001 -397460
-318587 195724
112536 -7095
-63751 -674763
24155 691576
-113780 -746597
429791 -761733
833206 -1108
-622816 -370091
705704 -366490
752624 389532
421529 -787934
691700 6058
90035 249385
641343 736453
-877077 -248987
-719148 -404675
292817 189226
954109 -687664
-381967 148680
-570829 -992169
638363 -546249
-583218 -819082
-791245 -655870
411195 -710802
769539 -879966
-70582 -405454
-513272 -608900
175297 -217250
703362 10320
-709224 217610
128014 536133
-922999 471425
774276 226807
930256 244483
798570 944813
-566428 -319352
506079 73737
783917 -91256
-115757 345037
-713525 -888993
-914551 -324457
787712 -534373
-212500 341833
-194202 491923
-756461 -527521
-664901 -949015
-30509 -848611
704911 -857541
-963931 266508
-46749 -209142
-535630 630391
-87735 -470974
857521 368967
-838626 -712677
297640 420387
586095 439287
950745 -809466
395088 -963665
944282 -862648
621330 734411
803687 128020
535497 -728703
169226 -615354
-386263 -637449
-268428 -731364
947128 234206
133273 -433817
-906908 -116579
811652 -966854
-74166 -98673
-728927 127190
893099 370846
478223 165125
-205668 -452295
782193 -547928
983596 902165
-359284 -755437
422876 185605
-824135 -61508
33773 -387576
-109062 -927971
-302699 -930611
-202828 -900263
-376332 -4323
332466 -240987
535442 -808429
-81817 -433776
708401 949418
-452372 -944038
-578816 26837
-988467 -496928
-747459 305712
214153 -679928
-224877 -572037
-153772 -283960
387899 985227
-521964 931245
556563 -165464
270182 -829035
776378 -104774
-546590 465053
696418 680344
728810 -779526
-740597 265631
-776622 -809548
145281 -634844
-847849 -967733
-891412 -244057
-567969 590318
-245364 626628
343753 -475955
-998121 -599885
519759 422262
656480 -733687
30650 -349867
492748 388554
-268117 172674
-711399 -732203
-470955 458330
-773810 264772
689825 952079
834873 -54373
687297 889945
831168 264247
-110284 579426
460088 -584491
298319 -887142
-725833 -989053
569241 -701956
857845 -644924
519816 328476
-368820 785043
675701 675968
898688 -181963
851050 19422
-360120 -355197
424604 944444
-532653 655034
849952 693448
-731455 -971248
820738 -241056
-863756 701176
700076 -765764
652435 -403028
204396 466848
-163576 -412307
365454 -266627
-912881 79572
387134 -640812
985288 441517
877162 974299
-953790 757818
-565325 -764943
616070 -355756
238451 394688
-246491 -71633
210515 -920378
-65720 -747410
208582 689717
717547 -690904
675554 -818052
-433806 924731
943694 29463
-831448 914751
387733 -311896
328244 -473867
-642220 454166
-406564 -811435
-574399 -262545
893908 -335530
401498 -38012
-816158 -263713
-741033 730389
391210 -243281
-355310 630137
584814 283246
529920 -361136
-550913 -5480
452781 -6481
959742 -377193
37611 -791435
328495 627203
-984671 -506979
202698 430409
413315 143003
229799 -964900
328604 203195
423421 -105556
-777295 -749565
-608996 -109038
707522 -536199
436656 213321
-997813 90603
284418 1622
662376 396981
-247919 -978086
433390 -316379
-919628 83664
703768 684891
-983382 810220
-102646 -660835
-672430 534590
712289 50391
131207 -88720
79181 16645
176312 -287152
616622 794945
857745 -668336
-850687 976272
532905 685708
-846863 820766
76482 357065
168454 -385776
377934 617380
-937375 563458
553710 420555
-299949 -162655
-225900 444134
-334430 -462772
598357 -234527
-349360 807487
-329694 44793
319568 120530
-767373 -102073
496101 -833911
-244988 -83329
-704865 -130513
16373 184199
651860 -516291
659990 -118956
-592219 5601
-490576 -774909
-397732 -754073
970126 -399456
382921 417311
-15334 -856183
560655 353095
-861754 68788
314764 797700
260403 862306
-526951 411766
-62763 -21212
519913 413939
-819133 -50488
998115 614190
-380175 -802354
-310779 -263134
981054 906552
-402921 418863
839032 168070
507537 -612276
583526 248915
514321 -374751
837538 893072
943004 589988
382554 -626348
186844 566272
435544 -934941
-152798 -55218
-742965 -794356
-277832 435887
-437914 -190280
492664 -681700
-552976 -152346
902726 -79757
-127687 436847
-876573 -161177
252024 468039
681122 -295827
190316 949279
-214267 717827
-415078 210619
-147039 11251
-51633 486645
272377 998055
696297 -297353
897126 893801
678407 752880
-392476 -563527
-824921 513975
-625515 -774897
566607 -989477
485477 638895
282465 607934
-820289 309413
543932 -808666
90245 377607
-101304 -828058
-976239 427462
-898355 29897
-283863 661826
-737451 588858
-201310 -199438
-301331 -458054
-590196 942920
-941621 480214
-650824 199229
-5130 -875629
-194915 -572203
-962129 971368
411035 362829
-804157 -689371
-695614 -494473
255825 893720
-26578 -609946
-757064 587400
980006 -450428
-798661 904833
-540055 248260
385087 -422706
228431 -532301
-358307 455871
981942 392968
-142942 592629
-133796 430447
-739809 -349570
284297 -384734
-618740 96262
-369348 -737041
80638 -697276
-78899 -834876
820727 775494
363837 -239701
-430885 -501728
215031 663043
-910227 -68262
505840 84008
-334241 -473527
279702 -692353
-962618 -134249
147989 -912578
-322231 -248197
-625913 196707
576619 -984223
-135810 -584286
579668 -747872
-341218 -811593
-77099 261856
289971 -34288
-854067 -845594
-260694 576961
169525 -698406
934530 -970013
-336266 546952
98679 283244
794781 748281
-501583 -778757
-217578 -533372
404522 484138
-403172 -558256
928708 414405
914750 -592779
-185060 -747736
885971 198735
11800 -208643
242977 832759
498855 875693
-641320 -626066
-826958 74154
-791606 -73813
-665985 -873297
-636582 757314
972716 -518674
806766 -234268
288080 322800
286104 397867
343095 -754379
-382266 637418
-129554 -468263
217616 7485
-232239 -231464
-846272 242337
840959 -447135
-530115 -412459
-744591 782989
-892262 409786
-358866 789673
44327 -315387
910623 -363290
-115637 -831582
252257 583380
-553813 -473971
683519 -660701
108912 935023
-498370 885283
241091 -872842
463526 776517
94272 -885683
-196557 176174
-924973 -277906
-739472 -159016
-573675 478209
766392 -269566
472238 825690
406292 781228
890754 678142
-391388 -448197
314982 696615
-613743 -878492
689572 443500
432559 -18421
-276637 -511890
889198 464603
712603 -777917
-276465 -828684
-717141 359867
593963 428098
60903 317171
20479 -681382
158933 -238295
-601848 -860689
176033 496397
600763 -575311
67031 -877919
-20632 -941547
-468973 -154867
949426 947356
-734564 94639
753958 -387142
978062 -593755
-336194 -991945
-513323 -406895
-105661 -982397
-325028 172058
681528 448101
950563 -984333
920913 912703
503688 353390
610789 90248
-83012 -148903
755022 494926
-156144 -737314
-309339 536080
862191 724186
504761 984098
-883357 -201208
-765333 625731
-691002 232115
-117564 766576
503934 -25306
134981 615212
805553 702898
-281989 773495
-181193 201601
-859255 431438
-998648 63100
790716 -683292
-344633 -320419
285386 828525
563181 -677048
-230392 -279041
-147567 668079
-558154 741732
-202964 -171592
695878 670678
759582 516421
293081 191388
509176 22709
-723467 -921693
-773092 972365
-294713 -470923
-620353 -592158
-607683 -881434
-585822 -26481
-999693 731522
-377474 -816849
-513489 -245295
-677348 -499921
689358 -579316
-528313 296252
-391389 128598
-716223 -337444
-904457 -654269
-891239 226268
999121 -652050
-635651 -898687
-25781 -57356
532539 700995
257358 -510549
359898 775514
101434 844739
-898283 119766
23250 818896
213958 -329272
965893 -62948
555708 -594051
689306 44437
508582 338964
-43761 -298970
9884 -28808
166330 256391
852328 514008
917557 171317
-648761 536352
689428 -982042
435994 -752370
-69343 194140
-706698 -221680
713097 185135
-383762 498792
17224 796410
38287 561158
-685483 -388649
-645483 -338908
-109599 291347
389152 826509
762563 -383547
-288245 527017
206352 167164
-64447 -316578
625290 -369787
-340413 -458918
994037 210888
234727 -29094
207256 -182877
-25365 -797375
396700 388138
-97893 -501251
205350 199194
232803 -271112
-627685 -191024
762192 -287955
220364 -267126
370879 -782867
-36953 -888283
970879 581101
-22243 635235
-852183 -483292
306148 967679
309865 977982
484697 -798494
-816758 -958722
-135349 857350
-597910 853447
494932 -939855
372713 -759034
-854292 -122530
698515 602452
-611573 -903128
-387182 184668
-980309 124288
-541831 619104
386531 -97886
37182 -639866
718270 -447810
-186353 99575
-988163 717956
-15974 -175671
108739 -364625
-905103 154693
-453018 304257
-582138 -493682
543001 437245
78968 230209
-99646 -573531
-214292 548102
-704744 296723
130425 -353137
612577 138426
837098 915649
160602 492491
258590 560865
-807638 563267
-351536 69204
377634 -66459
575502 827663
-293362 174409
-164180 -938041
-965864 -498943
-657941 -863579
425417 349115
-811606 412136
153688 36751
-834254 936731
-56814 -875098
-467551 -609930
-900419 910044
-474968 982010
-627973 -123987
642627 594979
150340 -361560
277180 -986542
-624229 -564754
-912542 727272
843059 948942
-287952 -718132
981997 -762226
-388773 308845
151568 81224
422645 887696
-465782 168219
362078 947138
314612 -280505
-262997 -6708
-677297 849130
-77754 -221929
768317 -952174
740690 -80296
58 -610692
151986 -795376
629206 512484
-302500 161628
-194109 -664659
-828928 -438714
156708 -421025
310848 -968516
-921855 382894
-541836 -806429
-214624 293612
744963 -752044
621203 -562009
-38929 -712564
701050 814572
487535 482314
-526226 128546
171350 -770017
851335 964197
-215027 855260
-318238 -465762
10787 976232
861501 208376
-285100 -636634
-533840 457871
-146635 -302601
-968235 -778082
489895 -242408
-217282 788465
-576593 -655584
473316 -63040
-422762 256168
126785 243466
310517 684070
154513 -56137
129922 758108
141287 -313123
-826003 999809
-727792 -586734
64022 393371
754856 -1941
413653 -924145
-108524 -281684
790001 670114
-826159 481948
-460598 602113
932135 194732
-148896 -271757
910849 731536
642280 204028
-362605 413040
-834130 -988619
-640039 -389561
447101 -584472
337214 35182
706494 458047
295533 304542
-192160 967125
47167 243479
644622 820375
483039 -587517
479510 -671695
-396781 -463504
269865 39531
657437 441920
-201538 -424661
-409659 660430
970411 840430
-161435 -623014
-835186 825194
676881 -919991
-400184 414401
-976866 -117653
29919 -592405
-588181 -958963
-405337 610371
802976 -663169
-295656 563838
-985734 -89143
-539580 -23740
784761 -214867
324713 699526
-764326 879026
527601 -115189
-122506 -373344
98995 299291
-702471 735724
-502341 952320
-178905 172838
-614508 778596
-851778 -14824
877975 807287
843129 -371039
411373 60351
433658 -9460
304271 726028
557629 -560400
686664 330502
256903 -392936
-5930 -79672
749348 523279
412965 634636
-789037 827638
926011 617220
-736856 808977
-8648 -976804
-58022 207493
392450 -104056
-591191 -144520
-113572 -601634
-365924 -852571
-392129 802738
618208 -596171
471281 674581
577718 -819521
-663652 -75417
-586472 682616
937954 894608
956268 382336
445927 -738821
116608 352248
-854663 679650
538991 873456
96550 660728
-653943 -634168
-428284 -955449
-524407 -358841
318993 -937638
212029 543510
184279 977508
-845371 -408796
-728095 -668517
-158143 229216
-934109 -703991
688993 908773
58595 334787
304311 965177
588871 700337
-592875 218185
-274322 -598590
832710 212589
-374910 679342
731018 -889920
-890437 332158
995143 210778
903030 389263
388479 -21548
955903 314378
-875905 682062
235704 -871333
621974 -799377
620891 -974479
-367478 -640671
438112 387559
-218865 -858155
-930700 114532
492639 -569096
476320 162376
-604743 852238
-583846 922112
33212 924220
527781 -53109
-483230 58227
690806 -923286
-979834 -700028
380575 -129633
-217181 266175
176795 -313819
-44142 -892698
546527 -997687
714932 200161
695487 -62198
-477927 935860
307711 -1023
322846 -989986
375263 -234427
-649866 -242366
-378543 262078
957777 186499
-262374 -527025
168830 -176395
822101 -625262
499375 911136
359757 162177
575974 878985
597623 485460
-4215 -635663
-383939 440142
85164 -838156
123356 -120251
-224856 -727625
-373163 -707918
-797131 114005
-392319 -359489
715756 459509
-344118 -337899
-160889 -234310
616064 -510194
-856323 906932
-255492 730854
-964986 -700783
66087 34021
-1659 687424
474770 -796419
-347712 -796856
-207487 -258150
570842 826639
971094 56749
-460045 -744765
352918 81335
-471811 -901174
935018 260742
860043 -842512
-379455 39684
476294 520271
-292963 -879278
