1000
57857 684520
924073 261805
352998 592391
-889561 438507
22006 -232484
113287 955248
924325 -592619
-850640 198393
917380 310667
-435903 213688
202264 832978
-200203 967072
-617991 713619
826369 -453329
-789131 -187519
-610440 -771824
-847683 708004
-205992 -850584
166205 -942664
763346 -107046
-538813 -837994
342091 36051
-651503 -819009
769713 -685402
-414693 -333120
-55378 206542
585458 709056
-420009 349409
513927 -504221
76669 -963204
-804952 986145
859571 -761732
-220074 793816
208008 -2694
970169 -612178
45286 -743546
831435 506394
564464 195744
-898764 -926236
-42551 855442
960889 -199695
-592849 -186688
-707835 162061
-494081 -507044
-3069 609627
815765 426146
277310 -442282
-488069 -694592
240516 -128652
38604 121748
-438957 -327507
642230 509485
129324 -582176
806576 582008
476432 57517
-157197 -210484
-584922 -257833
-875085 615039
692256 -466841
897115 551217
137925 570359
-21500 -861672
483681 -458120
465457 -733780
697043 -711127
-886698 -104616
907160 -57009
499046 859427
511035 753138
-658206 -169116
-140997 -839284
-799140 -487595
-947494 840796
-577222 -939884
584613 -667289
537625 -566940
-429708 -973384
485442 -285415
932671 461281
536311 -951910
-379547 -856750
-80352 896875
53027 -928228
627940 -692306
415805 -549930
-931013 682875
371732 -825010
-865090 -947774
-711538 -171912
649549 -647294
305142 499272
268104 619427
586292 594799
520074 -71983
228711 -402935
920222 861118
832641 -477867
-673552 -464808
10519 407845
-229271 -942818
-9266 447955
884987 303937
359459 -156343
335274 450955
711047 983007
764466 -880621
945067 581778
549539 -800952
766751 -861837
264219 293798
688369 296042
-731612 729553
-628755 156107
-737948 -909899
221498 299871
-889391 -720552
-392634 -43212
-740539 -125383
932435 74287
-78530 -403550
-5134 671627
553582 952972
832298 -480299
383339 978050
250287 663229
395072 -656339
-300661 -131254
580725 -383301
-162251 -392213
124458 637153
-802491 323802
527932 880037
382258 -435872
190825 -706367
158174 -912989
547658 264336
-958155 -933789
275455 960880
-327601 120030
744601 222049
-341779 -117885
-463562 743340
-131720 56486
-682551 -128879
-107854 333188
659311 -389936
626236 -148331
628926 -516328
-439611 -86947
-845322 -912404
-698316 575253
-798502 677241
-875272 405136
462450 426149
-798184 432587
625302 -43179
-93381 9243
25456 -14748
92501 -487127
-942610 338974
929834 -841160
-725757 127942
861963 -414651
-788434 -251573
94491 406237
529344 541259
-893154 -933696
930244 861024
591787 915277
-860396 -436066
220968 -620616
-485197 -688262
-847117 644226
893119 980751
-519121 -817161
543504 9532
854183 797461
838808 -308453
875411 -223040
859641 -575998
-650132 -588953
-771719 266586
-921256 -53504
-641447 52741
-963997 898942
-491024 553198
-796123 -755368
335017 -449143
-716975 156971
429437 738908
-519040 -761422
-465702 -266633
-416511 -500737
274274 -566912
552690 -326204
909209 11644
-47695 632598
-336770 -108915
-359101 -757235
542494 -80041
-162762 168063
-5544 -539728
-43282 -120022
-557003 -329283
568176 343299
529903 -537968
72154 -158696
-923434 537669
-923210 -668587
963906 -988290
892523 571897
107456 -553521
-908969 -754946
172856 -904911
-788572 361642
-608605 507887
-362975 987709
-287870 597272
-335756 607461
-465548 66399
638246 362131
274787 629620
-497544 -247727
99330 -536438
408717 140613
-23086 -700072
831175 -290505
-196773 498197
-649166 -905037
113563 464116
-632542 779927
926880 -668921
-917155 -226600
486666 -580244
955561 859018
-224941 364106
676899 -179889
557427 272459
223643 -607758
-776388 586744
308929 751780
-890036 -514134
850528 450188
870940 -996092
-842416 -322338
960531 574711
810313 409269
-403840 684669
170785 71744
-36317 558010
673215 568877
805814 667916
649648 -643143
-523560 694863
961655 -475147
-240806 371411
-347597 -852570
140612 -38250
-799919 -159669
-342820 214029
-423948 -936481
915465 -45422
602141 596025
-952730 561568
-802462 140206
-627697 -723083
566356 -596472
822980 -576901
-779020 395017
-337476 448035
-141911 943471
965809 708664
502302 -412659
586526 709992
-879762 -874678
680141 -637049
-831598 256480
596196 -740653
-899910 -676617
684734 -302186
-875287 909184
915748 639925
-866906 -693023
14785 -817084
-711602 -359083
-534986 723080
-419065 -154064
788699 74544
-113522 548880
-27647 794279
-965573 -105164
529070 -171897
636778 -578329
-888643 -594178
-98944 270686
828949 -271355
-458796 666039
504157 684619
-819347 861213
-990789 53605
183732 -891141
815644 -780108
-586096 797837
934743 -554685
446944 -752070
-202313 -784891
922027 -80349
-222413 902742
-394543 -957592
-35700 -493700
-775745 -506525
-574118 -522536
-508905 -15897
334296 -665453
-169376 -629771
793180 489031
-489373 869028
-602535 578519
-252510 173493
-501950 491605
-957726 505472
28835 -214571
318173 -60049
439179 806962
581971 -274656
-980706 942764
38912 833442
628751 257184
263435 -631959
48010 -269590
-14626 179693
-520072 607667
-207473 296623
425189 761816
260909 647241
-463479 166773
-722652 -622173
28605 22165
-249462 725967
-469082 13227
-383627 269068
422777 660135
794177 -790130
684311 170340
-798150 -240019
303095 816880
-910642 367561
-792099 -652567
366165 442854
470330 -674065
282632 271923
995650 595286
397753 375605
921854 -977967
-527950 838579
119350 960268
956793 -62578
-536090 527191
666970 384011
-867568 -391453
-952559 913825
851439 734598
901341 -264137
388710 891984
221699 578425
-997215 -744289
183397 437769
925516 508589
307755 -1171
478646 -181844
-722698 61887
646646 388703
629615 -863918
166615 565704
-125512 -436492
946221 -686694
787429 -611854
305607 2964
534407 -134022
761890 465484
-519344 -812402
640333 -739779
-970314 190013
230234 224261
172103 379537
-129181 -379343
-955797 994787
450103 303699
-489912 131505
885809 331327
645846 -46992
760516 -515394
-173786 220768
-372443 -969576
-407691 536078
633436 -204418
991631 31704
-590584 -300627
-184943 -499118
303546 -193585
-913330 411654
265996 -698894
-49535 -316802
188107 -309069
-671227 46852
563560 -277366
-589168 380949
728196 120049
-732968 -784927
-280893 896911
832251 -728987
670988 -812000
-154092 388287
706988 -746205
650791 -101387
99304 808543
-247942 142453
-34921 -41546
725439 271995
-187715 -22362
-43713 922600
274911 -715731
-672598 -931739
-482007 -99957
-829361 -919766
579909 370064
824309 -995125
737395 -470635
-379214 -797475
-702296 -189404
-409349 -144315
-914007 572823
-562790 -897196
324954 -121259
272221 961695
17544 901087
439980 -148948
241304 378377
-741233 -764477
359466 667048
733804 537083
29545 920803
-186199 682699
386662 388168
-864797 40684
809027 242566
-861814 -195264
-62883 154630
283818 203272
249757 -887041
572513 766672
-746302 388632
575064 730749
-720987 340747
75682 494799
-554985 -761544
136299 977550
-444254 273691
-241314 -82693
654441 -750017
463664 237232
512172 -109767
198513 283615
-850168 -99405
954498 123307
-987512 231173
533213 -243194
-641048 -402642
719375 -111750
332854 450188
446469 450294
-785352 614920
547188 117758
278832 -979434
-913853 463426
106533 -926406
-930423 -842736
757065 129467
86241 579788
470316 493317
-308035 367331
-762463 -229072
252750 -719927
694565 -883308
127190 -388382
-997430 -552967
275612 163720
307316 110943
349144 558322
-672017 977597
757430 733391
-743607 -422406
-287810 673893
855743 -738382
-811699 -960464
-100343 -352137
-217261 108181
190278 -387094
249465 428613
336466 274943
-462763 -929247
178700 433194
97698 -816242
-64767 -573042
324247 -513957
379173 -985486
417564 990878
-266654 348714
846783 -453503
-778385 -760468
-411163 -340763
152717 299776
905766 -755077
-107213 -314472
-637750 -468175
-598595 -893251
621986 -279392
423346 171135
-105120 -544444
225363 -230808
-372247 -918703
-811804 252831
508348 132692
949241 339259
-153162 977241
613248 -376718
-46041 -164849
67794 -214783
-326504 761779
958482 -96198
-177497 -218220
-323676 -298177
-624953 46196
545511 -182342
674293 509574
-348766 -436814
-432689 819492
-86431 -567077
-138205 -983628
395202 -917251
-127473 -236503
-979710 176337
889802 -209937
-116659 -601494
-293217 -103133
495595 384225
-68348 414704
534636 -27095
-880754 -390576
929839 766900
296960 -665951
-21832 -727297
-99459 910147
268536 982143
-377985 -711291
949230 899205
-120081 101108
186551 -16316
283437 231088
492643 899046
85764 -135039
-839554 -507555
742636 423347
483055 50581
606503 -916437
916519 -518277
-707243 180697
-697458 -852838
-681064 391977
240900 -881413
-331847 -440995
-294945 655037
192207 -97926
287101 101506
80784 -99311
-170657 212333
130867 403922
-125675 -652990
827111 177163
-788819 435946
-970226 -416220
-536638 -446391
61697 -890406
-217377 -155003
-520334 240171
170301 -674076
-463641 -785995
-491235 -137217
972726 -34114
994079 -99935
-779869 -853300
265177 14443
132551 393321
-389371 -949986
901730 750894
345598 -113939
-331413 -165132
-330219 98427
68302 -40491
72770 33120
-493232 -124936
-76364 -376233
-56967 -446169
-233982 894136
-12298 -289604
-221507 205918
-566711 888896
224961 -305111
-650781 -270944
-760886 -479639
-896457 -327980
592758 117440
18303 -779802
111673 -414756
-208822 964581
-430053 319187
910382 -184597
-198864 -420251
862711 91090
328680 -456392
-917984 -840085
424458 -333247
116097 -878633
-544176 -941826
393309 972791
469578 -41058
-456252 472842
-243886 -616876
259230 987527
489684 -575176
442963 -881315
583295 946025
-983836 -987909
608189 -647925
86853 719931
601484 552430
556224 171409
805955 491365
655791 638874
-116824 -755745
661552 -575493
355036 129010
-684791 405275
488799 -618145
-375994 429150
-594879 -171818
-798873 -286047
-155847 896307
788378 648296
101449 -37078
887668 914532
473304 -785895
-412411 -448200
-349530 -955016
-700559 466993
913806 -638950
784757 362184
-195330 971584
-49482 817402
451468 -664631
158670 566775
-299935 -593493
522867 -101758
-272479 -212171
783636 489516
-484990 843815
-105333 -162823
609757 -742275
-638727 -414110
-65911 -783670
953576 605180
238717 -501255
511233 -303034
-232655 695504
393000 -676386
773902 85260
940538 100497
612881 -103783
-658857 787353
585089 702806
970784 -360293
770923 -474896
-483250 -939311
-94606 -845533
-661158 72980
690557 -775060
225741 739008
986814 -951399
902225 -635906
-185186 -606397
977218 -391677
215549 865302
707843 -253886
-957121 152647
-842512 997529
-535682 150482
34635 557473
351040 793476
447340 -109478
949447 -701832
-999227 700153
463570 581423
-648621 134645
41101 150762
777602 -68701
-997109 199403
378757 -368397
-386683 270313
-360693 -741493
-549012 574022
-809026 -96303
-164672 -800831
437913 -187493
-22887 -542176
884260 343214
-203970 -11359
880955 301982
472789 -108154
560853 -13947
787200 285466
-65428 922621
714974 -632595
360816 247887
189462 482115
705114 -807694
-163463 830150
-31347 25387
307998 681196
-351316 290673
537740 -251328
842263 -771214
211038 -920135
-355031 613419
-494636 -633672
-197282 -998475
575073 -273538
-762341 -796978
-579892 321801
931223 332587
601210 780153
378466 -49460
369170 585904
283343 930345
-548846 -122258
-843510 268660
502874 238023
218016 -265697
17343 -908868
-515944 762894
492840 122803
-874217 432281
407742 -163076
842699 -356309
-221522 -970203
-558543 -394154
62735 645764
681865 196493
-233890 223606
-278097 108274
-244541 635457
-435496 435372
-190733 939089
913410 -818400
-552996 -92260
115818 811098
327684 -35536
414810 -886436
260059 451294
740079 -851876
343927 352053
-144387 -635525
-921373 101226
699455 7480
-737201 788437
774430 261733
606926 -392578
166909 395901
-524282 793051
297970 -339215
-606921 -353158
416337 -601356
-639898 811085
321574 -820767
627126 687694
-591758 -101164
-914220 -398175
-687261 -968079
-876883 919175
190469 675749
747242 -802289
838488 958175
749686 -897366
539797 63960
208152 948094
287898 162326
-237519 -790522
421082 309014
-384306 -62686
-8073 512166
-500701 -114194
-745685 660466
-881289 454875
-886229 -631927
926036 -837569
107344 -237623
-192102 889972
431249 -7950
-482358 -211008
860596 69525
-252064 -741821
-170033 -908494
964779 -563513
437288 -991547
-437357 -312177
-439981 -180237
686559 -283971
499679 -502874
852212 -540812
-468467 -885579
313047 834843
-302509 510475
-819482 484540
634326 255007
411860 -92031
-686977 -644029
216411 504113
691764 -150023
-921246 569196
-844013 -876860
-358544 -444787
-531179 514272
-444527 -291132
-797031 -818223
125660 -880191
705083 769577
-948944 112035
-211084 849685
381265 430839
995196 -63091
663451 -18676
-576950 -94158
-946193 655817
-318171 -778154
-872667 485341
970109 651995
-338888 -29548
-9583 889711
190870 356901
-535610 -950412
-29010 -712464
-450964 -241236
-136200 261982
857580 124909
987321 -407603
303730 -209479
515411 960737
-386809 421834
-824148 552570
718092 -216921
993486 -690551
438110 893599
-622853 -963986
-961121 641384
396093 180045
-476444 938093
628100 598179
582399 -619518
693301 -65060
-409821 224938
-225058 880560
654105 238423
562207 -131460
901924 -41703
-576764 648237
-338494 210818
-844300 930899
-389285 881550
550939 -437285
594811 86926
-15050 885156
-126357 -402816
194812 104314
147289 -948627
41315 85322
672001 -920723
-406463 687072
-727324 616698
236118 -544993
552638 555980
-944863 -170998
270676 -141193
-518393 859019
380514 149890
-417098 621001
253403 -235719
737857 326994
-429460 -796165
-566243 118076
-421259 -420006
14154 -198805
336495 -504214
291861 -650340
9490 -481310
-790799 -61852
-744091 802925
-560525 -971405
-506900 220277
879468 -305461
-433455 -624156
-190348 -718748
323604 -461017
-942796 534186
162848 379258
945926 549714
758951 131498
-700486 502835
378974 436469
-938434 216925
-784253 -691404
-60778 968535
-400709 -409374
482800 -423678
-758464 308916
-309705 790284
278492 451686
-371320 -525820
339359 -299357
-847257 -415911
458583 -93075
-476898 261665
426690 -330370
407736 133088
727766 -719742
88565 -734608
361444 711527
-88025 -888060
69344 613122
975519 528434
309215 592975
-14506 746634
-75002 696339
-165590 637766
-713355 -16297
-435930 801676
442741 -730722
-858404 419206
879331 739565
344394 923394
-835606 -701274
834317 467924
-683285 -650183
-416140 187124
855685 -661775
534299 -291617
180811 -75246
790463 -697772
-840411 -179234
858798 -570763
-68657 -33347
-714073 274727
693993 -205481
-742978 308208
382935 -72932
646582 -684920
-377512 -138894
-906575 -476173
739550 -311002
132697 -93901
310318 587865
606882 -856615
-752063 -287805
-212603 -305465
-204112 105672
243085 913489
-233577 484374
-398762 -404334
394748 -45442
632756 85122
88962 380874
549455 -227052
-569697 882554
-558936 999024
-246450 -893119
893032 132773
822677 -113174
-142325 -40368
-804737 -666930
733439 90126
-659557 -973585
-912748 -462813
-976270 63093
-48418 -738958
979845 469089
-554907 169030
-588419 104263
717499 634184
395496 210528
-344848 4035
33709 865467
-395021 -343228
