947
0 -4424
0 -5130
0 -3956
0 2985
0 -960
0 -4835
0 3325
0 -452
0 -498
0 -551
0 4142
0 5498
0 -6877
0 -5287
0 -1100
0 -1047
0 6267
0 -2159
0 -916
0 7306
0 -8692
0 -3750
0 3814
0 5757
0 9583
0 2244
0 2500
0 -5093
0 -3199
0 9358
0 -5935
0 4295
0 -8615
0 -2354
0 8505
0 6376
0 -5584
0 2304
0 3359
0 2701
0 -8769
0 -8188
0 4603
0 5196
0 -9518
0 -4017
0 -4841
0 965
0 -5235
0 -9545
0 -112
0 -7718
0 864
0 -1573
0 497
0 5373
0 -6982
0 -7057
0 -4235
0 3420
0 -4962
0 -6396
0 1428
0 -4657
0 -8331
0 981
0 4976
0 6243
0 8068
0 -305
0 -1122
0 -8232
0 -9921
0 4222
0 8234
0 -975
0 50
0 -1556
0 7111
0 6312
0 -3701
0 -3384
0 3956
0 -8806
0 -3493
0 6386
0 9288
0 -3815
0 4944
0 -8412
0 9643
0 -2574
0 4031
0 -1527
0 -1314
0 -2172
0 -662
0 7785
0 -2281
0 -8293
0 3873
0 -3550
0 8665
0 9436
0 8048
0 -1552
0 -7896
0 -9492
0 -3338
0 -4075
0 -9657
0 1413
0 -2728
0 -9740
0 -7097
0 6879
0 -3408
0 5816
0 3497
0 -6221
0 3847
0 2607
0 8419
0 9216
0 -5996
0 3207
0 -1328
0 -517
0 1739
0 2474
0 -7518
0 4901
0 -1855
0 -9304
0 -2162
0 925
0 5079
0 -5214
0 -2794
0 -3189
0 1185
0 -5793
0 -6359
0 -5726
0 -2364
0 3702
0 -624
0 -7678
0 4549
0 -4892
0 8263
0 1450
0 5029
0 -323
0 -3716
0 8759
0 -5674
0 1130
0 -4766
0 -3607
0 -8539
0 4342
0 8630
0 -9942
0 -5074
0 4472
0 9494
0 -2251
0 4345
0 5860
0 7654
0 -5336
0 9170
0 6397
0 -1492
0 -7145
0 -6545
0 7129
0 6109
0 9745
0 -2423
0 -9506
0 -2791
0 -7609
0 8040
0 7498
0 6188
0 5074
0 6246
0 5509
0 -5184
0 2977
0 -8595
0 -5108
0 3965
0 4691
0 3610
0 -2801
0 3478
0 5666
0 -3366
0 -5991
0 2642
0 7380
0 1375
0 -7540
0 9399
0 -8703
0 6240
0 -6118
0 -2715
0 944
0 1493
0 -9040
0 -4214
0 -9781
0 -7204
0 -6487
0 878
0 6385
0 4964
0 -2052
0 -7161
0 -5285
0 -4860
0 -1116
0 -6996
0 9396
0 -7625
0 79
0 -3573
0 1238
0 -541
0 -1523
0 -349
0 8779
0 -2471
0 -4994
0 4293
0 -3938
0 6709
0 1574
0 -3536
0 3007
0 6931
0 -3729
0 8237
0 -5615
0 -2495
0 8306
0 -845
0 -8636
0 -7349
0 -4112
0 1494
0 -6049
0 8944
0 -5866
0 4602
0 4681
0 -5224
0 -7597
0 -6327
0 -7184
0 -2954
0 8285
0 4888
0 7800
0 -3708
0 -501
0 -5574
0 -5997
0 3840
0 5855
0 -303
0 9883
0 5690
0 8751
0 1546
0 117
0 -783
0 -2814
0 -2951
0 4185
0 -8201
0 -3972
0 9640
0 1599
0 -3347
0 236
0 -1522
0 9499
0 -6902
0 5743
0 -8230
0 6100
0 8884
0 7916
0 422
0 6375
0 4152
0 -3151
0 2729
0 -7347
0 1125
0 6480
0 5628
0 -603
0 -511
0 -5746
0 9699
0 4617
0 -5162
0 -5734
0 2384
0 -4380
0 -8860
0 9465
0 -8685
0 -5685
0 -8252
0 3811
0 -1442
0 -5060
0 2841
0 -3080
0 9809
0 -1955
0 8827
0 8423
0 -9606
0 4112
0 1748
0 7200
0 -7623
0 5796
0 3417
0 1360
0 -1041
0 -5835
0 4578
0 -9009
0 -1902
0 -7008
0 -1334
0 6125
0 -2375
0 8547
0 -2278
0 -516
0 -1478
0 -2053
0 -8442
0 9788
0 -2106
0 5342
0 6369
0 110
0 -9505
0 -8926
0 5192
0 -7267
0 -6709
0 -1663
0 6490
0 9652
0 1325
0 -9359
0 -1051
0 8561
0 8416
0 6055
0 698
0 4538
0 7510
0 -797
0 -7492
0 1921
0 -4002
0 4003
0 -7834
0 4779
0 1981
0 -6677
0 -5696
0 -6333
0 5378
0 3043
0 -7619
0 3235
0 4634
0 -5422
0 6115
0 5794
0 5165
0 -5907
0 5814
0 -8367
0 -7956
0 8815
0 4505
0 8727
0 7003
0 -6752
0 9832
0 -3259
0 9404
0 -1364
0 980
0 1519
0 5110
0 2237
0 -7021
0 8426
0 -793
0 -7794
0 -1623
0 4768
0 2416
0 6539
0 -3455
0 -1244
0 2828
0 1571
0 -5256
0 -2146
0 -9715
0 6519
0 -2532
0 -4292
0 -2258
0 2053
0 -8278
0 4103
0 -6653
0 8096
0 -7872
0 9321
0 -4957
0 -9933
0 1595
0 -5085
0 -9829
0 -9719
0 -7085
0 6085
0 6321
0 1593
0 7914
0 7451
0 -6922
0 1842
0 -158
0 9715
0 -8693
0 -8631
0 7428
0 -2429
0 9743
0 588
0 5613
0 9779
0 -5023
0 9678
0 9496
0 -1911
0 7179
0 -3507
0 3628
0 -1851
0 -4549
0 5618
0 -10000
0 261
0 -2225
0 -449
0 -1583
0 601
0 -7934
0 -2807
0 -52
0 -5482
0 4420
0 7822
0 -719
0 5159
0 -8045
0 3259
0 5923
0 -6205
0 -686
0 9556
0 -8107
0 4336
0 5243
0 -3581
0 -3093
0 5793
0 9701
0 4042
0 -6663
0 427
0 1800
0 1329
0 -1973
0 4995
0 -6046
0 -7455
0 2552
0 -9192
0 713
0 2163
0 -9915
0 -907
0 -8496
0 2507
0 -2986
0 9581
0 -5015
0 -9393
0 -2245
0 -9447
0 -3789
0 -4293
0 -12
0 -1416
0 6686
0 9268
0 962
0 -3091
0 -1173
0 -7675
0 -5891
0 207
0 -3522
0 -5833
0 -2390
0 7696
0 7507
0 6748
0 -7033
0 1190
0 792
0 -955
0 -4600
0 -6519
0 -8350
0 -8163
0 -5315
0 -3383
0 -3406
0 -7759
0 -7131
0 3205
0 -7833
0 8303
0 4090
0 -901
0 -4233
0 -7339
0 -9489
0 -5303
0 -8435
0 -6017
0 -725
0 -8778
0 8525
0 2134
0 -4919
0 -9398
0 2685
0 8127
0 -9716
0 -3261
0 5591
0 8565
0 -4490
0 3471
0 717
0 888
0 6368
0 -5849
0 -9665
0 2382
0 5033
0 -637
0 -7853
0 -607
0 -4171
0 1113
0 -8767
0 -6544
0 6785
0 2227
0 -9693
0 -8042
0 -6183
0 -9388
0 5857
0 7348
0 3665
0 -6991
0 -2908
0 1864
0 -3638
0 -3845
0 9124
0 -6245
0 8657
0 32
0 -1458
0 8643
0 -324
0 5786
0 -7981
0 93
0 47
0 -3951
0 -7405
0 -7542
0 5156
0 8190
0 -3635
0 3939
0 -8021
0 -3985
0 -8006
0 -4783
0 -632
0 -4377
0 -6778
0 4052
0 7711
0 3499
0 2950
0 -8575
0 -2914
0 9651
0 7372
0 -4448
0 1250
0 -7758
0 5248
0 9752
0 -6032
0 7956
0 -1732
0 -3817
0 825
0 8510
0 -1619
0 3966
0 2774
0 -7684
0 8256
0 -5328
0 7540
0 -1452
0 -880
0 -9970
0 -6911
0 3732
0 2388
0 -1999
0 -5554
0 4379
0 7722
0 -789
0 -5094
0 -7001
0 2781
0 -7013
0 -5196
0 -7764
0 -7315
0 1470
0 -813
0 3870
0 783
0 -6400
0 -8921
0 -770
0 7456
0 4875
0 811
0 5359
0 1056
0 4687
0 -9536
0 -2074
0 466
0 -1770
0 3053
0 1491
0 -2131
0 -3634
0 -2334
0 -8441
0 -777
0 -9979
0 -6694
0 -3266
0 -9702
0 -7351
0 -4794
0 8756
0 -1699
0 9395
0 5904
0 -3653
0 1425
0 -4039
0 3529
0 -6315
0 1923
0 -2304
0 -8333
0 3802
0 4046
0 4932
0 7233
0 5529
0 -7152
0 2065
0 3336
0 7283
0 6372
0 4673
0 8929
0 6834
0 -3348
0 -6596
0 8059
0 -6683
0 -492
0 6922
0 -8216
0 3693
0 -3416
0 9379
0 4845
0 -1406
0 2161
0 5950
0 -5170
0 5562
0 8512
0 -5195
0 8883
0 181
0 -561
0 167
0 5550
0 -3964
0 7892
0 -6586
0 -8380
0 -8276
0 6635
0 3164
0 6009
0 6982
0 506
0 9009
0 1439
0 9390
0 -4107
0 -2491
0 -7133
0 -8661
0 -8524
0 2864
0 4694
0 -2184
0 6377
0 -3142
0 -4664
0 -3918
0 -5477
0 887
0 301
0 -2309
0 -5897
0 -7771
0 1914
0 -1872
0 -8571
0 5512
0 -2541
0 2860
0 1174
0 1749
0 8400
0 4370
0 1875
0 -1577
0 7402
0 -4885
0 4489
0 9372
0 -5427
0 8568
0 -4097
0 -1345
0 -9927
0 -2031
0 4375
0 -9574
0 7987
0 2286
0 3837
0 -8103
0 -2256
0 -169
0 -1518
0 -6812
0 -4749
0 4232
0 -1539
0 3318
0 -5115
0 -8237
0 -3525
0 4239
0 -6011
0 9266
0 1650
0 3882
0 -6826
0 -7612
0 4557
0 -2452
0 5926
0 -7360
0 -7376
0 9547
0 -8811
0 5047
0 4784
0 6992
0 959
0 -1794
0 5763
0 9854
0 8853
0 -7076
0 6529
0 -9057
0 5461
0 3358
0 -8934
0 6147
0 -2380
0 6398
0 7205
0 -2482
0 6718
0 9942
0 -1066
0 1492
0 5869
0 -3172
0 -6938
0 7190
0 3662
0 4451
0 1514
0 1675
0 -4559
0 -3872
0 -1127
0 -4465
0 706
0 -2594
0 -4331
0 -4053
0 6050
0 -5092
0 3741
0 649
0 89
0 -576
0 8588
0 1287
0 -2502
0 -5675
0 7310
0 -3203
0 -542
0 6131
0 -3197
0 -617
0 3716
0 8125
0 -2793
0 -4854
0 -5824
0 -6270
0 -8272
0 -4881
0 -721
0 1676
0 8264
0 1078
0 2900
0 4057
0 1239
0 1966
0 7970
0 5744
0 -8423
0 9871
0 -4049
0 -3466
0 6365
0 1133
0 -5955
0 7419
0 248
0 -1168
0 -2838
0 -4101
0 1573
0 7844
0 6416
0 -5797
0 -3219
0 3963
0 -9969
0 4390
0 -6463
0 5000
0 4095
0 -6592
0 5874
0 377
0 -6131
0 5871
0 2374
0 8042
0 -8506
0 6816
0 1727
0 3021
0 2030
0 -8793
0 7236
