256
-572 -80
584 -253
194 -106
690 -177
778 -477
511 -204
891 699
232 538
-162 213
-611 -673
274 -843
768 -278
-52 -115
-44 497
605 485
52 869
-849 66
-37 23
-253 -294
-906 222
378 -708
-115 120
108 264
25 -645
-310 -955
100 7
-480 493
900 248
187 361
922 78
-790 596
781 117
-871 462
-373 -836
-911 -114
569 322
813 -993
387 -450
435 -625
979 872
-110 331
-75 -423
-903 -499
-396 -173
537 914
-771 12
909 672
961 -683
533 -689
660 940
-433 653
180 -951
-783 470
-68 398
997 -485
-308 -492
-93 997
129 -797
-86 131
-771 498
139 -943
-538 -865
986 -282
-20 -76
-886 -455
-31 658
899 143
-453 -455
849 580
-882 177
-417 -949
792 767
288 575
479 -804
918 -266
-970 545
-570 784
388 -916
618 122
148 883
223 -803
788 501
795 -118
-347 -402
12 -744
-616 -448
215 405
-398 409
-598 -417
-7 -115
51 297
800 418
739 56
750 539
593 811
-579 463
81 306
915 237
382 290
-883 -815
-309 -79
-945 -171
370 137
-738 -568
329 -691
369 140
989 -381
-693 890
-770 -248
-468 270
140 -988
758 -962
385 186
806 -465
680 74
75 -17
339 -28
369 -901
-413 -915
-995 -174
-649 317
-175 253
-656 -103
483 -714
895 864
49 644
-900 -70
440 -236
-903 -280
-952 984
-945 -579
212 -248
-939 674
-458 -277
-114 269
444 533
-4 -585
788 -962
206 -863
336 459
428 424
-756 404
171 -862
-499 -833
-701 -676
-93 -20
481 -605
-710 -300
-965 186
-125 97
-90 -872
-957 -803
512 -850
-591 900
-627 -226
-542 -850
109 877
-529 -295
-135 43
-253 -32
-684 283
-823 -367
-418 -506
208 939
132 -248
-605 210
-421 663
-530 -766
804 273
-665 -984
-833 936
599 797
746 497
4 632
626 -460
477 131
-26 -693
586 -798
-490 -769
-487 -930
-522 679
-162 895
-190 -159
744 894
-240 726
-671 945
-623 -472
-497 337
255 282
-325 736
-625 -452
794 316
165 -607
-882 25
716 -493
18 784
-1 169
-393 -564
429 119
-239 -100
-396 -357
-13 689
808 586
239 -575
750 -764
241 87
-624 -521
-726 975
-71 928
803 992
249 -191
996 625
-386 85
139 381
268 967
174 -609
-229 555
-236 -545
-894 60
-630 53
568 395
884 -99
366 -226
157 821
-835 471
-720 114
-124 -180
944 620
904 935
687 -96
-381 750
295 -310
-252 -654
248 -6
217 959
-391 657
-752 -76
320 -408
64 -222
25 992
20 343
160 661
-865 798
-273 671
882 -108
726 714
-567 812
644 348
-455 -15
-53 227
277 367
-880 982
-690 91
440 -642
-178 115
-11 988
