880
-6763 8853
7739 -7761
-1687 -6075
2150 -1197
-3158 -458
-3226 4120
792 9314
-882 -3984
-4714 7606
-9262 1223
4222 8630
2957 4253
-7889 -4294
7236 -4301
-897 -1116
1279 -7755
-3384 -6591
-4645 5653
2486 5300
-8767 5733
-6151 7368
3676 8914
6942 7888
-6751 4134
4242 -16
7184 -8560
-6684 3086
-3937 4863
-2907 5605
6849 1569
2345 -4818
-876 1411
-4345 -1806
3433 9256
-8496 -5716
-9337 -4165
2646 -3661
6455 9156
-3456 4009
6186 -3529
-4175 -1103
-8410 -5977
-7658 4808
-4399 4209
5204 7992
-1072 2260
-863 -3546
4157 8092
9760 -9280
-2870 -4669
6895 -2871
-461 2672
17 -69
262 3292
9604 4476
-8355 -5736
-500 -7824
-6459 -4432
-4408 2748
-728 -756
6983 7952
325 -3656
-2209 6442
7800 -7275
7670 -9648
6270 -2051
-6477 -3743
5565 -1655
4063 -7448
9828 -4789
-4881 334
-7935 -3902
-9870 8978
3986 1680
4044 2448
-5859 2630
8164 7752
-8575 7429
6153 2041
3585 1221
709 -2183
3326 -2808
7117 3871
8097 5560
-3175 4454
-9142 -2747
7388 9883
8501 3554
9906 6517
-5901 3753
-7081 -8431
-5496 7426
-7482 -5853
-9654 -7346
791 3096
-8269 760
-5099 3628
7262 2337
9486 -4784
-47 674
-3554 -4625
-8376 7120
-8029 -6352
2701 9001
-6684 -404
612 5516
-5146 -8717
2129 7330
-3433 -7071
8860 -3801
-8489 -3328
-4230 -4087
-746 -7347
1141 -5950
-7108 2777
-2926 -8131
6848 -5334
-2604 -264
-1097 7396
6625 -9266
9064 -5723
-8550 5231
2097 574
8855 -8335
9969 -2864
5700 8217
-8189 -628
-7603 -9286
589 4197
3391 -7957
-5391 -8924
-4777 -8395
-4375 -2843
-2625 32
-2901 6998
-2707 -5563
3306 -8814
-424 4929
2955 -5398
-2717 2194
-4152 4828
8189 7576
-9212 -1939
1179 7847
-96 -3319
5560 4595
-1977 -3580
-9546 -4771
-5329 -5774
2082 1505
167 -5582
4253 -9363
-2701 -6879
-9970 3134
-830 -7928
5446 -6592
2753 -35
6133 5418
9448 2365
6469 4692
6440 1241
6718 -9395
8457 1557
8615 -684
-8257 2066
-739 -2022
-1547 2086
-7127 -4249
5444 -2403
-5077 -1189
-9656 190
7444 -9634
-9544 -6040
-7490 -2986
363 4210
2115 9136
-940 4903
7835 -2370
9334 -4339
7453 -7331
1791 -3538
5652 7802
-4079 -2236
3262 -3135
7056 -35
-7726 1461
5231 997
-9310 5376
-4938 -5399
3769 -3568
-6934 -78
86 -6768
5441 -9349
8643 8499
282 9537
-1655 3523
-9678 1301
1790 -1538
8444 -9357
5426 -7656
8094 -2743
-587 1461
1001 -9684
756 2691
-71 -5950
-1692 3166
8385 9986
5336 -2066
-2512 3164
-9624 -1617
1584 -1960
6984 8559
2776 4312
1226 2340
-5096 -8167
6596 7707
-8546 3052
-1748 2884
1242 -9520
-1447 -9643
-6175 -4290
3242 7555
-145 -4644
-8139 200
-9176 3664
-4150 -1255
3221 -6330
-1768 -410
-5708 7126
-1006 -7790
-7179 5010
-8335 -8687
-9145 560
-4538 -5307
6469 7688
3181 -7455
5863 4055
6143 5508
-3298 -8697
-4173 -2448
4643 -9937
225 -5118
-9029 -5823
2589 -7380
-217 3002
1174 -5086
343 -4536
-3749 2579
2991 -7544
-6160 9772
5599 -2233
-9975 -7515
-3039 6204
-2227 6725
2413 -5356
-9620 7822
5883 -5985
802 9813
-1629 -7514
-685 2794
-3375 -9922
4379 -8107
-752 -7490
-5678 -9530
8353 -9459
-6164 9012
-9325 -8787
3071 -8550
-2309 3431
4028 -7619
702 2289
-7126 -9065
8380 -6683
5701 -2961
-4339 -5291
-2119 -5504
-4539 4517
8520 -2408
2963 3449
3995 1582
-18 4766
3684 -8866
-978 -4638
5199 4377
-1462 4661
9374 9363
-5791 -4615
3392 8134
4200 -2817
-9739 4522
-2963 -8891
-1066 7158
-7031 3487
-2301 -3393
-2954 -7692
7461 -2841
-5238 1774
-2148 6008
-5811 -6849
7748 4533
3989 -4883
-8010 3932
-4017 -4888
-5848 2469
-5415 7002
7427 -9481
8512 1161
6504 3339
-7776 -4184
9305 9934
5245 -799
-9295 4895
-4495 4210
-9345 -4755
-8913 7042
9100 -3741
-6918 -1630
-6953 -1299
4434 5344
362 355
-4134 8451
-9875 -2997
6212 -6457
6760 -4976
-8342 -3321
9369 -5370
-2245 -8968
-6500 7736
833 8159
9695 1062
-7484 8771
1248 4493
-4901 -4019
5484 -8689
-6337 4955
6310 8277
-9994 -9623
-8817 -7877
8722 1358
7687 -927
-1267 -6765
6338 1997
4545 8852
-6482 6045
3454 -7353
4146 5645
3700 7509
2070 -2331
-225 -8708
-7631 9625
8097 5043
-6240 -8344
-9418 8797
-1022 -9540
-5753 -2837
-2785 4495
-5625 -4959
9366 -6705
-6895 3401
6624 4593
-8129 805
-3260 156
6235 -8947
7375 8361
3861 6164
-5438 3089
-5875 585
3552 7557
9383 -9932
858 -4341
-788 9408
8249 -5150
7748 -810
8242 7939
7395 -4178
-4008 -8212
5184 6925
-812 -4271
-8951 1805
-6335 -5350
827 -5783
8496 2671
8510 -9712
-3780 3186
-4948 -3278
-2877 121
-3926 -2405
-7128 4624
7158 -3209
-3538 2278
241 -5809
9389 7788
3694 -2171
1870 -9988
6968 -145
3520 -149
8225 -4650
9464 8929
3480 -4444
-3828 7385
6693 -5381
-9268 -7187
-125 9542
-3493 -2257
6003 -1704
-9230 6805
-3287 973
-7019 -7816
-5969 3614
3758 7933
-7581 6737
2796 7795
-5684 6072
2945 7613
7956 8156
2042 -5798
9160 -1584
3446 1390
929 -6777
-8413 -5783
-6079 -4579
-7002 -2194
-6255 6369
6548 6410
5975 4088
645 8354
8899 -2101
-4801 -3227
-6037 8711
287 -4206
-152 -2085
-4262 -2802
4822 -8284
-6700 7795
-3769 -3473
-6984 -2907
3177 -7007
9221 -553
-306 -6697
9166 -5579
2432 -4172
-1559 -3984
-2022 9874
-4058 403
8862 9484
-1049 -2479
2720 3257
-1069 -5261
-3166 2667
1284 -1215
-1663 -724
4640 5689
2087 -9130
-6413 -2627
7361 -9016
686 -8469
-5859 -381
-549 -7741
8932 8428
-6202 8640
4757 9581
3043 6165
-9302 5547
5530 6946
-1707 -7622
-2935 2521
-2427 -4488
-3697 -7981
-9032 902
-5618 -6927
7408 1918
-8140 3460
-8831 5730
-5091 5021
-7265 -1184
130 -4637
9125 8936
-9336 64
6177 -5105
-6072 9537
2313 -9458
9791 -4089
-5076 -4612
1796 6305
-3039 4887
-4557 5656
7538 -1058
-7689 -1148
-3227 2959
5502 -7877
4663 9959
-8270 1013
-7858 -7974
6044 2181
7320 -9116
-5434 1598
-3565 -4235
2997 850
-6008 -7858
7045 -8229
804 1220
-9039 -9615
7032 2948
-2140 -4463
3073 2244
1318 -4890
4164 -5608
-8170 -7512
8248 9392
-6558 -2654
9175 -7520
-1171 7611
-7569 -1634
8539 -6777
7492 7084
8596 3672
3017 -8934
-9483 1518
6050 -8224
6895 3485
-1902 2838
2884 9705
2093 5928
2170 9216
-4808 -5399
-6413 -4757
885 -2907
-6066 7043
5437 9473
-6192 -3787
4048 -9092
-8094 -824
9342 -1444
-3730 -3285
6137 -4192
785 -7827
-6214 -3925
-9010 4328
1318 6725
-9172 -1009
975 -477
5598 -4119
1081 4463
1553 3061
582 -9092
3448 124
-9277 8328
4267 684
-9939 -5911
-8258 5033
-7607 -6016
-6300 -8591
5874 -4582
6408 1323
1651 4559
-6481 6711
370 5461
8876 -1564
3427 -563
-9560 -4133
2919 2983
253 6229
5093 2505
-666 6662
9355 5124
-4104 8438
-1367 6062
-7233 1437
-6210 -1812
-7714 -5261
8586 -2698
-7339 -6260
4291 2545
-3131 4179
-1102 -2574
-5350 -9285
-6550 703
8929 -8208
-3999 8307
-9640 -3416
801 7328
-9844 -3414
-7061 9906
3084 6280
3439 -2989
-8131 -1914
9177 -9187
1915 548
-5633 -7068
5187 1193
-1547 -7488
-4850 -975
-6684 6354
2845 1660
9239 -4875
-5152 7051
4277 -2635
7757 6302
1885 -3632
-6886 5928
4787 -3383
1564 -4531
-4424 2028
8429 -1238
381 -9451
-8939 -406
7076 -7185
5416 303
-4361 7459
4524 -1788
-9406 -5004
-6207 9798
7354 -5722
-4643 4466
297 127
403 83
-2380 -7870
-1445 4030
9091 -1426
7229 -3775
3994 511
-9916 8338
-5919 8470
-7998 -8980
4404 -5754
4869 -8004
-9495 4621
-4908 -7255
8532 -1750
7303 -7196
3832 2207
5001 -9399
-1270 7759
-2699 -9938
3985 -1918
-6291 5998
-2188 -9345
1250 606
3123 7519
2625 7674
5794 5230
-2064 -8670
4466 5427
4885 -1276
-262 -4534
-8 -5956
-7239 6296
3422 -247
6402 -5006
-8272 -4784
3757 1666
9776 -931
5768 -5019
-4890 1991
-1516 906
-8072 -6210
5302 -727
8200 -7316
-1700 2615
-6431 -2020
3141 -5829
6901 -50
-4792 -5499
4894 -4776
-2257 8870
7848 9856
-7505 -6195
8234 -2841
477 6572
6804 -7021
7453 2971
-3369 -1678
-931 4307
8023 4262
7869 457
-9338 4223
-5156 6917
5083 -4879
4009 4151
8762 -8501
-1107 352
2084 -2190
-870 -9200
-7517 3475
-1142 -5068
5176 8595
-2041 -9530
-6644 6061
4151 -6121
-9969 7602
429 -6308
9717 3142
-3713 9344
-7789 -535
7823 -2689
6788 -6258
7174 -2709
5886 -760
508 7199
-9870 -2227
4806 693
8039 -8421
4038 -2459
3245 7197
-9091 4473
-2215 8650
2906 -8574
1763 8860
-8555 6114
7481 -5107
3152 4769
4577 9469
6793 -4065
-5954 -3269
-2669 -6110
-6069 -4626
8805 -1595
8499 -3037
-7973 -9182
-7304 9835
-2756 -8481
-7804 9218
-3893 8125
-6035 381
-4323 790
4246 8252
-383 -9462
6036 664
-7600 9196
-2270 4427
6913 7527
-4431 -7526
8005 -9710
-9258 4217
4578 -2983
1124 -6869
-8959 -5678
8094 -2970
-1055 -4991
4389 8181
678 3974
2833 -2862
5955 -2739
5905 -1455
-6081 -9957
5637 3084
-2686 -1765
-9140 1102
-6800 6649
2799 -6084
424 -5470
1203 1716
4502 -6165
-3998 -3664
5935 2916
5608 1711
-5678 7369
-9631 -5124
-62 -1494
1508 3019
1926 -9888
-683 1559
7166 -7018
-3581 -5034
6250 -3764
-5007 -1697
-257 -9613
-4214 -9299
811 4238
-2418 -5585
1373 -4142
7589 5692
-3423 -4421
164 6215
3793 6853
-8508 -2729
5865 -3379
-453 4839
842 6311
-4492 1797
-369 -6224
-3154 4735
2745 -8408
5495 544
9043 1541
7055 -4644
-9691 -1808
2440 3579
4588 736
-7324 7856
-3216 8981
-5248 3769
9514 -8407
-8162 8755
-6026 -2444
2186 3313
-4754 -2778
7096 633
-591 3281
-6524 -8230
-9280 -2683
8190 7286
9837 -4848
-507 -899
-9077 8615
-7530 -3378
-8007 -3756
7518 2813
-8639 2888
-5972 7992
-1897 -2415
-485 544
-2043 -8106
-6707 6337
-1540 8693
-6762 -1771
-2712 -40
-9290 8646
1329 -1333
-4027 -8803
7984 1734
4881 6400
6809 4663
-8758 -4231
7316 3262
-5241 9681
290 6421
-6770 8646
-3369 7637
-6809 3013
889 397
8614 7643
-924 7131
1314 -4054
1705 4745
158 -1628
1374 37
-7713 -8637
8656 6933
-7777 4671
-3521 5934
2730 3566
-6287 -5143
-3571 2191
5203 6505
-3680 -1828
3717 -8547
-6 1968
-8923 943
9198 3765
8527 -1866
6223 5180
1356 8192
8490 -3385
-7695 -1026
7603 1849
3869 -7885
2073 8863
-7763 3059
-1860 1174
-460 7635
-1712 -5151
-7899 -6030
1520 8244
1458 -4081
7747 5350
-3092 3023
-6247 4849
8540 -9165
7986 -9083
5401 4211
6922 4874
-3317 3372
-7258 6652
1356 -272
5327 -750
5558 8993
-9599 -1412
-5765 -9043
-7456 7229
