99
-787 -599
-858 813
775 49
-940 425
-237 -297
-690 300
-633 -191
344 17
129 -145
885 -815
-669 645
599 -422
882 260
770 524
158 893
204 423
339 -110
91 686
103 -125
-142 609
607 845
-582 791
-567 188
254 417
924 -161
-11 5
-581 286
-722 -769
62 -777
329 414
363 389
799 821
-465 -165
529 -60
808 593
-500 858
871 -625
467 827
-664 590
-273 -907
716 81
119 -127
-545 -227
557 -172
564 949
978 509
-939 530
-31 -203
533 291
-457 254
-152 254
93 -200
687 -87
-331 -602
143 578
829 991
-529 894
-811 267
913 -567
-884 601
895 258
997 718
-66 650
-323 195
260 -270
99 351
594 -934
619 -237
-372 375
-554 -844
-449 -870
-826 -80
-505 -350
-210 506
-63 -577
313 -604
614 -285
-556 -900
456 975
418 -726
-644 302
-483 249
944 737
796 525
992 246
-63 -99
422 362
-232 -742
-467 -166
568 116
-555 310
698 -160
-148 -728
-571 -879
-90 -326
918 574
815 119
-384 -775
-347 -62
