18646
148
308
72
803
446
103
531
303
285
482
568
854
377
361
847
486
389
480
543
350
568
465
403
526
219
94
87
167
238
847
557
271
409
572
655
934
162
266
87
391
107
513
889
813
872
196
213
321
228
892
817
207
499
476
427
180
744
430
398
117
262
818
581
773
710
21
508
563
391
357
594
163
74
973
764
481
571
966
244
569
164
440
292
749
64
769
452
189
616
818
287
670
177
402
97
220
868
227
2
659
450
179
234
642
914
63
772
755
347
232
472
103
436
477
113
565
315
681
503
309
624
188
503
357
208
859
849
824
25
598
28
607
51
677
487
532
765
697
343
435
251
678
976
514
25
222
330
619
798
944
526
825
775
224
151
868
758
802
84
302
327
884
416
89
743
168
991
147
526
656
311
144
204
374
539
149
767
258
27
664
735
543
204
720
127
681
115
908
823
298
442
249
318
177
484
81
971
856
303
94
252
52
218
487
95
891
531
659
950
455
953
93
654
70
158
316
421
38
662
67
58
637
58
242
932
268
133
580
325
86
973
658
472
621
197
603
784
31
88
394
137
582
370
791
724
948
69
820
836
274
74
217
17
223
763
35
546
256
360
98
250
916
477
482
620
354
36
847
373
550
403
77
34
972
546
322
5
243
108
435
783
751
186
265
689
122
873
521
621
559
890
794
764
838
823
21
885
304
766
608
205
116
746
966
592
74
179
875
661
782
345
333
711
92
591
851
272
528
599
583
115
946
410
181
447
746
445
257
134
193
70
553
619
895
684
28
232
727
18
287
190
602
583
356
708
392
779
901
12
731
64
275
666
463
132
131
13
327
624
76
868
887
478
231
641
343
754
448
619
627
788
239
810
390
726
662
673
641
426
651
77
387
626
789
845
556
45
638
48
627
709
32
692
379
311
570
406
590
791
517
567
142
860
355
717
624
90
944
128
381
732
760
188
832
709
512
190
819
423
855
907
680
422
330
843
905
842
421
952
244
41
266
761
529
577
682
391
835
186
367
188
246
878
153
273
289
607
109
757
958
305
14
601
85
816
368
411
737
415
583
118
668
347
888
785
183
267
928
763
960
941
829
779
410
15
678
915
289
612
490
25
907
586
732
735
353
716
771
203
951
628
32
421
214
8
819
810
106
745
941
139
4
839
142
778
90
459
612
379
96
263
474
602
550
513
337
451
620
165
840
686
914
101
562
445
754
307
37
156
530
599
391
155
48
596
775
601
538
857
987
260
90
323
53
593
969
571
172
637
28
275
46
593
311
454
774
631
730
625
94
414
134
695
62
383
776
735
251
281
466
411
223
261
995
242
145
45
755
734
872
517
716
256
785
420
681
386
993
194
143
560
49
85
247
710
766
909
123
816
598
851
488
348
326
109
925
62
500
851
304
785
166
879
322
726
450
88
741
946
358
672
666
598
894
23
530
84
725
686
276
19
833
192
649
953
833
733
669
933
1000
877
505
521
524
626
532
380
918
724
384
220
860
525
654
430
267
234
31
714
127
973
949
956
715
524
336
577
370
900
383
61
845
49
694
653
878
760
238
946
381
307
913
823
994
315
648
643
695
867
47
128
569
782
77
799
360
209
745
518
458
920
563
362
708
663
375
595
389
735
991
53
534
672
488
374
187
592
635
220
405
476
748
863
179
519
113
763
964
764
598
618
418
293
530
852
35
104
73
15
33
635
616
737
915
115
938
216
741
821
616
618
474
867
751
645
627
800
440
639
934
214
203
682
671
560
630
150
856
116
381
633
818
888
547
176
987
263
520
697
333
309
479
600
83
94
718
448
468
853
328
140
79
611
384
310
252
533
572
494
965
417
545
404
233
211
404
612
634
170
586
3
342
532
824
558
864
551
908
840
989
809
342
944
128
850
709
752
945
90
912
533
999
810
347
345
389
947
700
363
412
479
640
133
397
836
71
264
694
882
1000
376
89
384
262
761
854
821
861
603
250
104
626
624
19
843
67
277
521
887
864
58
252
732
157
818
384
158
968
197
602
483
648
838
91
702
726
984
944
462
498
797
678
519
790
834
621
352
800
902
843
838
715
223
506
282
556
220
34
151
868
480
917
809
176
392
635
675
84
997
64
935
469
288
905
533
537
546
510
777
960
757
138
472
723
555
773
466
36
497
446
892
396
289
590
893
372
569
821
198
374
607
579
814
23
295
183
729
500
240
35
963
791
752
815
383
277
811
308
808
793
592
730
385
502
610
164
710
912
604
517
32
104
858
506
584
2
195
41
326
723
8
586
125
820
49
317
857
235
579
335
19
600
1
513
609
90
735
962
461
177
691
938
272
112
321
323
223
495
6
503
227
804
181
856
515
296
362
123
612
509
117
915
678
915
973
401
363
365
63
311
755
521
233
80
686
166
147
913
640
764
566
453
99
3
102
286
904
250
549
193
803
530
585
856
711
24
89
220
186
146
678
472
226
316
560
242
851
146
392
453
564
313
8
703
735
927
782
768
279
325
226
832
459
934
346
271
714
35
203
136
731
865
458
91
106
23
931
235
563
963
358
376
36
683
682
837
226
260
14
234
645
79
916
7
72
832
237
596
484
724
161
128
8
102
748
236
819
567
858
104
311
775
952
571
883
480
903
821
877
214
388
491
845
24
715
868
539
671
951
1
248
711
908
754
879
71
834
168
842
97
711
1
140
847
445
58
372
385
538
860
465
311
99
678
175
250
513
107
594
587
403
486
692
346
556
422
629
186
62
151
306
89
616
53
282
986
956
505
162
967
901
374
960
740
383
159
538
436
505
923
950
678
795
184
252
690
501
867
568
937
803
6
364
980
33
983
142
824
229
12
418
27
608
705
837
741
125
259
176
505
201
943
484
955
826
541
124
907
476
213
237
177
547
790
722
180
784
584
161
54
835
265
725
384
305
277
133
759
70
815
398
492
251
683
76
709
678
312
412
41
315
866
829
353
523
246
116
178
478
313
707
393
459
467
383
549
453
341
546
49
461
756
103
715
82
945
983
239
866
403
236
289
778
524
45
85
264
422
830
581
301
228
521
430
985
467
283
81
244
739
312
944
243
320
354
691
698
287
81
471
189
737
437
673
407
228
14
338
913
350
158
66
54
512
540
11
678
298
347
4
756
70
922
951
407
413
393
33
521
95
48
908
526
757
397
752
748
894
703
781
377
247
965
570
738
919
424
559
697
423
656
427
776
985
878
307
844
216
916
362
812
800
71
92
295
118
275
301
1000
666
542
708
10
485
430
341
962
178
223
575
798
999
370
972
272
322
952
810
359
110
853
991
518
50
297
158
787
419
482
629
881
467
950
196
793
605
14
218
767
58
669
25
160
391
200
535
645
523
854
642
972
704
948
576
60
99
460
752
106
965
810
415
472
778
463
366
283
811
820
582
118
239
21
302
591
22
833
680
895
381
926
73
575
720
149
9
512
911
539
336
1000
870
448
792
297
856
404
652
395
119
47
865
800
79
19
163
282
551
797
823
389
776
300
789
962
794
800
135
56
411
417
336
493
468
123
278
104
712
522
404
792
29
964
696
942
64
630
818
974
363
387
302
724
236
256
129
131
513
350
644
200
233
290
767
204
758
390
35
757
652
10
795
939
10
713
305
901
629
140
764
355
900
772
122
546
446
32
573
497
506
332
45
271
819
962
874
105
100
204
191
72
881
380
645
127
816
640
872
545
561
640
657
712
806
609
537
422
336
313
419
585
900
532
747
811
858
92
221
511
939
576
625
84
208
258
637
125
828
528
758
213
188
123
18
62
320
512
732
955
369
179
307
867
240
999
903
228
980
429
469
872
456
163
918
572
911
546
367
397
447
394
315
795
490
841
86
589
453
732
472
567
223
572
435
86
716
844
717
39
269
41
858
801
974
834
318
493
178
463
698
763
915
732
271
670
911
555
335
198
349
42
838
690
829
15
727
848
327
198
657
662
924
494
960
544
803
351
312
572
681
660
500
647
560
148
45
481
721
101
973
504
243
462
557
174
974
962
513
972
110
82
641
621
97
77
248
973
657
149
867
532
259
973
921
318
661
767
181
691
102
754
350
404
380
921
480
620
427
913
139
69
177
497
326
386
577
44
308
823
317
210
908
494
759
284
327
42
885
63
947
138
279
167
226
246
865
673
812
391
50
823
415
498
114
89
993
41
25
937
46
422
547
829
949
19
459
452
233
365
986
395
552
308
826
815
108
860
649
705
568
687
32
577
256
184
665
16
398
877
475
665
846
645
702
838
265
118
995
857
214
943
716
57
687
541
607
987
515
33
648
521
119
8
793
200
644
34
501
209
877
242
407
66
502
182
883
880
840
612
994
110
825
150
608
956
191
202
54
633
631
195
461
4
92
200
877
727
705
53
545
395
731
208
579
512
293
822
715
119
648
212
98
737
301
303
50
799
980
807
239
978
418
329
598
978
459
959
764
340
494
683
615
3
821
563
360
643
793
636
653
444
388
149
356
125
837
3
333
537
122
673
426
191
314
212
912
220
558
493
940
704
981
362
820
250
460
878
469
465
742
707
709
942
725
377
228
882
473
15
437
931
488
888
470
572
253
58
580
658
865
402
743
769
126
462
525
576
295
408
697
297
209
572
964
237
255
205
48
748
494
325
985
561
535
805
854
566
422
320
517
851
311
964
151
56
994
560
943
712
981
177
989
914
49
829
770
928
889
813
598
708
786
620
202
215
261
671
124
286
483
240
483
826
615
955
140
89
370
203
930
496
129
923
339
73
438
706
870
858
568
609
346
662
717
541
228
336
96
996
53
199
793
279
724
694
466
380
650
365
381
793
7
788
343
72
302
387
908
259
133
728
657
797
692
256
799
781
403
595
144
435
90
590
139
556
509
435
91
671
234
70
199
768
904
886
542
530
869
644
701
949
767
717
835
224
210
622
470
879
697
846
720
97
409
867
869
756
400
746
159
215
58
962
842
830
210
264
194
335
96
458
443
745
258
655
690
663
879
21
469
733
720
357
453
189
251
806
794
950
852
650
827
78
856
603
320
773
640
795
133
146
255
846
936
815
589
571
133
208
887
269
270
731
437
745
487
389
62
805
108
556
390
779
395
597
792
43
527
500
517
895
210
397
704
907
843
664
835
861
419
402
166
269
431
495
828
331
754
578
969
987
424
878
66
175
831
424
931
4
476
447
941
491
643
741
867
993
131
405
447
222
434
969
724
724
345
210
28
245
642
151
278
201
809
190
295
209
961
333
34
15
691
626
516
476
741
424
147
459
862
736
154
658
118
374
914
253
675
616
826
850
585
47
342
632
899
853
356
55
114
275
588
443
236
72
589
643
670
370
145
486
632
227
483
679
915
681
369
194
50
45
741
173
287
712
812
751
582
695
764
72
440
686
362
757
44
653
813
384
841
775
465
350
441
429
172
952
115
584
78
19
946
149
66
375
391
706
787
147
326
679
957
298
889
53
847
329
467
178
937
252
502
299
91
710
662
482
313
786
533
189
837
295
417
472
410
35
819
312
959
802
632
336
680
1000
281
996
180
936
328
200
137
841
392
135
551
673
993
480
12
776
826
995
657
601
456
377
386
867
198
998
670
794
627
985
252
410
211
100
973
781
508
187
454
454
762
532
725
841
532
205
423
801
600
627
110
520
490
581
60
12
201
123
700
557
807
887
890
572
159
677
107
47
517
941
617
886
291
663
890
671
472
233
431
794
154
59
378
901
844
194
231
854
880
241
663
97
999
172
530
66
13
237
542
416
479
134
625
921
785
731
755
740
296
470
185
394
561
198
902
307
251
747
556
748
703
950
150
386
674
534
975
303
962
146
176
823
331
788
465
382
624
435
383
796
720
684
657
418
631
546
886
376
447
684
991
767
172
992
182
245
922
888
504
804
528
982
946
562
673
905
789
32
623
37
363
353
762
229
383
190
66
684
89
856
595
449
34
720
929
816
775
459
556
985
235
924
362
517
358
513
759
328
225
673
673
208
6
929
501
683
480
881
606
761
123
950
496
930
504
47
512
893
936
871
118
562
622
768
57
425
740
226
748
668
662
442
336
676
513
515
418
6
543
269
357
837
710
9
629
176
515
218
776
143
872
421
761
241
339
86
805
506
314
378
150
101
492
514
952
476
154
345
570
988
131
812
563
409
684
420
552
459
47
307
422
981
683
6
307
401
325
860
608
346
536
463
85
303
212
937
579
279
860
552
995
115
327
396
469
517
484
116
598
981
980
764
211
453
223
938
434
453
297
142
613
990
46
82
202
167
578
228
141
342
577
615
970
49
414
2
702
402
967
385
786
502
90
940
912
411
753
951
144
198
414
380
165
836
977
708
757
400
943
368
205
288
650
240
880
615
537
376
500
948
155
961
417
103
786
514
971
443
609
158
687
191
605
322
762
713
170
100
849
707
169
416
764
810
194
358
108
272
433
987
861
354
90
327
720
993
185
735
22
960
885
464
951
512
316
183
172
567
664
252
778
833
23
554
48
728
264
577
917
336
260
125
880
461
933
439
907
310
81
867
690
140
761
401
52
573
511
135
726
904
759
531
83
496
718
460
562
111
402
144
165
712
829
566
794
738
711
746
403
528
743
360
581
131
342
202
816
713
698
846
127
782
318
216
506
278
528
865
910
338
604
122
244
499
112
56
97
662
373
153
533
612
865
981
411
478
716
927
935
429
519
158
373
351
306
79
938
709
134
596
188
698
566
561
844
188
286
412
241
454
211
185
294
293
865
810
59
152
406
977
775
666
368
447
461
608
210
872
230
15
596
865
343
708
808
355
645
616
685
510
951
603
643
584
610
710
867
125
255
825
904
708
985
391
339
84
451
964
978
465
682
486
60
316
116
467
310
437
341
227
850
974
161
54
524
162
607
610
519
856
772
636
345
793
457
414
855
636
858
510
723
652
381
463
459
242
406
595
727
464
370
195
90
506
984
619
362
184
254
784
306
1
524
667
873
643
926
53
624
817
430
248
600
707
437
275
837
678
196
758
149
848
138
101
929
593
932
189
124
841
564
355
210
518
738
514
332
834
246
791
995
451
218
601
382
127
458
910
383
687
495
823
407
551
216
482
929
730
481
568
851
642
421
501
992
804
107
702
930
950
240
151
656
804
422
966
390
361
946
730
744
594
720
167
748
523
797
92
511
242
515
504
457
987
231
790
100
681
956
262
626
874
880
602
788
175
463
759
914
925
542
825
807
143
798
678
205
317
750
421
429
465
561
207
396
597
448
368
868
532
986
120
83
590
492
914
407
940
219
658
434
372
726
666
816
424
93
148
350
62
747
847
955
578
714
264
814
167
98
275
899
190
708
933
421
253
494
155
447
831
592
901
828
758
573
21
201
306
698
50
615
10
203
364
59
197
623
15
742
999
354
498
108
494
528
749
960
608
157
716
650
219
83
20
163
418
303
16
685
14
724
953
259
997
948
782
3
353
621
806
76
884
917
291
440
857
995
646
252
204
819
662
122
211
894
546
999
295
140
930
888
830
652
291
860
297
564
13
561
840
154
299
750
58
893
403
128
957
220
100
463
635
113
140
707
367
336
758
947
429
893
332
822
332
669
29
449
230
931
691
583
660
128
604
547
220
421
373
29
636
265
689
786
228
835
426
758
14
344
3
382
169
918
321
647
39
679
438
799
76
568
918
562
447
789
500
638
899
912
176
33
352
281
711
102
375
103
871
64
708
891
607
863
915
116
333
364
37
397
115
281
874
942
430
696
77
976
378
284
285
588
699
41
968
770
143
303
779
399
159
127
295
280
464
82
381
829
148
471
666
627
857
793
103
101
511
477
715
542
772
726
468
540
15
840
361
966
188
818
586
306
727
621
127
87
456
220
456
699
402
882
355
610
279
907
715
687
659
642
785
300
181
424
173
151
873
265
15
242
935
99
959
901
627
305
771
606
452
787
198
235
256
261
305
548
142
728
528
237
57
48
561
543
349
958
85
370
932
982
826
155
86
293
819
467
528
696
172
941
22
729
577
124
501
448
64
528
754
853
623
38
631
388
451
875
469
123
117
119
490
799
458
227
219
844
849
679
624
24
290
617
491
381
531
240
855
689
289
199
145
118
496
170
143
789
144
567
734
90
205
476
6
360
831
531
131
130
494
20
887
914
115
492
806
47
625
731
782
120
915
445
120
996
426
897
805
935
856
440
455
595
956
649
509
842
714
217
614
937
913
718
38
574
988
934
192
82
513
200
920
638
479
921
866
636
185
943
369
852
153
170
372
525
269
793
342
142
705
690
479
940
743
537
949
183
512
39
131
604
564
845
115
55
264
125
280
749
802
172
428
891
362
94
365
609
523
76
683
196
804
454
631
786
836
419
271
529
672
937
308
582
941
683
807
1000
937
278
227
770
247
357
762
396
148
616
255
414
52
732
763
287
287
226
309
350
199
688
803
633
145
412
948
273
641
275
810
207
964
741
935
107
608
176
164
871
652
169
500
153
587
656
228
100
959
400
210
789
907
230
374
153
876
266
583
425
923
928
754
41
458
370
37
327
987
214
765
51
62
755
274
166
597
848
576
335
772
12
996
805
437
102
157
447
719
478
353
800
577
54
971
359
770
307
170
562
257
341
794
167
70
198
298
419
829
549
660
759
347
532
382
217
39
691
574
672
670
734
834
82
263
892
11
282
270
302
542
180
1
816
969
508
423
329
110
374
941
29
729
825
12
668
397
327
25
787
569
429
547
651
587
425
420
313
725
523
778
170
533
126
419
903
135
407
375
61
283
529
94
780
749
575
224
548
40
478
36
802
37
514
561
878
475
649
716
369
186
632
31
383
795
471
721
269
607
856
904
601
953
419
117
943
232
224
941
432
777
807
221
402
228
183
510
629
607
828
804
82
355
511
509
476
769
318
787
918
346
689
202
277
955
784
49
595
815
471
471
131
784
625
969
999
641
576
809
734
778
286
81
785
863
353
68
47
244
645
815
910
13
142
371
211
489
277
742
428
482
616
343
419
283
660
285
870
650
261
300
825
432
167
857
761
877
348
866
711
246
679
649
965
609
35
840
388
90
770
911
862
108
392
758
37
749
299
666
387
566
566
303
963
913
643
750
728
406
570
791
910
251
266
840
33
661
167
44
355
674
830
196
799
885
727
69
217
492
84
185
579
339
204
185
752
765
12
372
634
574
987
593
43
74
907
99
545
24
119
100
635
353
958
569
571
12
330
722
429
496
193
521
277
705
391
201
511
271
298
488
139
25
823
541
532
903
227
971
951
41
773
778
843
515
593
38
262
144
607
591
964
631
613
949
744
849
68
65
853
224
61
278
187
372
701
48
66
434
511
663
363
302
914
249
815
751
443
560
931
158
353
530
650
699
196
180
168
330
894
731
353
57
796
224
346
892
450
649
356
56
833
654
798
502
146
337
568
881
432
203
800
80
420
161
599
438
741
212
813
949
751
965
207
133
946
816
294
430
39
654
725
54
893
889
406
27
841
199
902
980
796
967
844
690
444
646
713
702
19
493
765
746
874
579
667
938
611
224
74
577
137
92
82
943
623
909
28
342
692
432
481
641
84
52
393
918
575
343
455
146
477
250
523
971
227
410
592
401
944
457
209
167
591
314
575
64
360
121
486
860
897
35
534
922
683
825
590
702
486
674
116
865
500
878
590
980
130
313
896
913
35
126
798
106
115
753
766
458
318
541
114
977
864
526
655
972
426
214
54
246
793
768
282
974
495
151
206
522
953
321
532
874
311
149
640
416
581
881
546
907
469
519
562
976
995
187
487
402
243
816
614
768
6
917
373
623
721
225
588
709
420
780
766
613
103
621
369
747
18
341
218
425
837
482
301
473
525
410
609
23
619
911
772
82
214
748
710
546
804
791
64
203
991
631
880
276
224
441
219
206
321
173
879
785
116
691
493
238
670
971
892
292
857
933
939
699
399
192
526
919
270
86
200
206
532
842
60
208
398
353
379
225
710
914
70
831
386
167
520
37
59
377
750
715
261
185
92
202
423
270
460
212
538
201
403
182
206
114
862
219
603
988
909
366
8
247
209
49
138
978
723
560
907
956
948
439
428
290
201
118
392
368
846
126
881
548
30
849
236
593
999
264
198
707
570
540
114
321
840
285
60
488
972
93
42
784
728
331
159
607
540
603
601
276
178
278
951
323
688
141
85
288
177
339
942
772
469
340
889
308
773
238
620
254
305
811
497
516
809
639
490
749
976
29
753
617
148
496
73
411
586
104
831
315
291
464
743
798
121
318
226
574
128
448
704
176
161
943
136
270
107
787
432
957
672
826
615
138
269
911
484
889
241
494
699
539
624
390
301
952
102
919
199
805
272
842
469
175
869
311
375
933
78
220
494
584
108
683
782
968
635
979
103
725
603
191
995
138
124
121
227
829
127
132
468
164
963
511
429
649
853
345
371
660
579
240
704
357
875
792
589
111
822
355
690
251
183
378
456
549
788
352
306
603
53
367
4
445
799
384
547
113
81
703
727
754
368
729
764
138
923
777
443
681
458
590
976
307
375
270
209
921
957
382
934
944
945
647
424
169
755
961
387
217
327
641
845
343
92
645
383
428
375
490
984
251
564
237
475
770
557
101
810
684
524
712
536
104
944
434
187
680
472
960
161
386
842
469
287
562
722
67
939
388
528
384
24
326
286
127
862
860
702
807
424
177
192
250
799
707
396
941
980
764
579
998
214
497
337
77
270
752
988
618
80
685
749
674
980
790
373
418
416
257
506
122
917
622
622
138
987
265
953
371
583
516
985
493
532
560
637
937
633
401
761
48
714
420
58
237
757
913
173
550
545
268
684
704
179
365
570
378
30
846
980
599
256
867
106
145
902
416
803
950
388
807
410
108
22
87
778
267
481
17
669
241
460
600
657
257
176
21
126
921
741
949
37
378
890
416
537
729
548
261
92
422
303
432
532
407
886
392
857
51
366
289
687
786
317
370
244
351
102
10
229
582
399
79
726
10
845
34
360
535
321
666
654
148
340
741
948
495
668
453
198
128
651
210
870
874
515
516
308
644
58
107
566
56
414
418
297
5
749
563
91
805
472
20
121
438
646
910
918
325
476
138
424
728
102
661
951
999
992
85
931
473
361
874
538
95
419
991
704
706
968
977
142
327
853
262
693
828
416
958
921
286
790
367
834
949
923
391
713
468
174
318
995
935
701
249
596
204
195
4
943
381
406
846
118
631
521
750
849
634
17
310
174
317
382
431
614
148
62
216
785
836
549
484
445
804
61
275
195
36
168
380
900
538
720
199
494
89
532
714
873
970
877
886
156
437
614
190
502
903
464
27
481
553
439
458
444
971
468
985
128
798
495
161
322
165
20
149
914
965
376
811
856
131
676
533
603
108
983
381
749
653
434
464
855
656
268
998
490
666
505
731
140
533
303
111
417
808
443
785
488
884
327
669
809
413
120
512
316
606
239
793
639
668
824
87
226
604
907
967
813
903
18
594
538
353
307
740
834
759
636
158
318
142
626
735
590
94
345
927
853
958
939
638
758
904
131
356
708
554
965
287
495
723
288
10
746
747
32
176
387
90
106
624
286
708
983
708
545
203
799
235
922
617
300
450
615
343
609
511
363
682
338
807
44
904
31
861
697
140
63
202
894
17
139
200
335
752
337
888
509
260
92
43
676
227
427
941
452
720
557
551
430
993
580
518
256
824
169
929
793
805
235
707
375
94
663
919
212
992
98
604
441
402
74
346
532
246
653
559
588
732
137
291
992
508
526
734
146
636
682
502
859
17
547
748
304
167
346
886
912
130
829
325
443
838
1000
441
609
693
214
435
948
990
409
299
988
67
924
619
838
74
469
602
578
898
18
27
479
104
344
655
837
164
876
544
197
642
350
856
192
243
213
454
662
353
960
394
831
815
213
459
639
954
706
388
340
626
600
688
436
565
803
87
440
421
881
769
433
290
237
257
125
680
255
451
194
958
43
334
856
126
861
306
270
294
296
862
352
735
807
4
103
350
886
613
666
581
777
527
792
263
787
978
607
906
946
868
591
32
298
463
111
366
638
943
168
670
470
842
445
936
466
627
933
878
24
953
619
63
563
975
179
830
320
798
274
42
576
326
494
551
312
288
493
333
180
289
774
725
415
588
756
804
111
770
171
676
20
555
931
6
547
672
637
480
852
573
431
747
503
155
600
663
127
986
302
435
714
335
4
402
762
988
106
8
504
748
808
726
809
526
464
211
503
728
397
361
786
393
168
407
407
856
632
143
656
2
696
984
433
299
484
595
922
527
342
433
546
114
628
333
162
240
21
359
972
93
940
2
39
602
141
37
993
345
372
577
655
895
975
653
878
621
871
710
608
729
43
778
920
93
667
95
813
661
347
813
177
414
94
997
390
149
135
370
846
15
614
550
900
887
577
43
936
447
109
777
811
24
29
681
319
408
898
679
406
512
297
7
567
393
353
748
665
91
464
342
223
69
405
49
331
757
105
715
305
436
899
598
188
122
904
47
329
684
995
892
309
301
589
977
401
846
608
300
815
651
99
284
374
730
26
891
686
651
219
803
99
159
762
982
563
711
273
920
898
707
412
44
201
410
29
808
683
85
253
891
567
659
346
35
681
884
508
593
332
149
648
571
331
202
214
115
188
67
626
792
771
989
821
520
314
720
981
601
127
68
877
612
325
730
142
690
499
332
341
635
520
635
980
444
216
359
486
82
813
290
959
9
205
681
996
326
231
295
257
315
829
379
779
750
106
406
488
177
857
650
30
92
427
136
656
11
786
211
329
732
300
228
104
707
618
203
756
172
36
837
281
338
461
625
148
115
145
91
299
763
849
757
964
33
165
307
585
765
784
571
516
508
154
27
595
849
224
898
468
94
651
749
797
351
495
870
576
841
198
657
361
767
341
875
978
695
325
757
131
191
871
284
220
75
34
593
864
517
303
142
273
881
639
454
18
999
751
657
26
80
745
88
274
58
470
202
979
411
58
433
847
679
179
578
283
564
294
871
137
283
893
518
483
224
712
860
982
395
296
216
633
587
544
904
216
716
586
231
569
415
35
670
416
760
647
606
995
428
658
666
164
494
714
365
158
761
278
319
424
919
540
596
957
107
612
232
231
353
281
690
829
272
359
173
963
839
610
81
18
138
665
596
515
754
425
733
755
755
220
443
394
619
458
98
663
132
704
189
253
449
781
269
581
539
540
160
571
166
941
810
54
65
951
385
475
244
470
41
54
228
587
397
394
877
252
762
299
418
667
469
441
713
593
919
994
592
396
391
395
804
674
342
824
969
218
377
151
479
257
521
889
822
479
55
497
716
712
24
47
340
909
213
737
916
18
321
704
36
765
414
601
564
555
83
301
536
462
184
822
506
300
557
53
520
442
873
687
469
38
777
331
799
608
823
794
472
99
720
611
500
272
306
483
359
611
298
865
667
218
516
218
456
136
653
20
191
547
733
710
878
155
188
32
372
526
303
728
642
728
273
355
120
636
543
488
500
78
325
523
967
495
588
534
672
199
755
188
243
170
397
600
685
437
856
933
915
349
515
505
529
214
105
689
665
652
172
754
141
717
90
1
928
321
750
270
690
565
330
670
17
183
865
892
936
115
619
628
500
681
807
793
733
62
184
756
131
994
228
542
607
241
488
325
585
296
363
321
538
330
66
819
941
351
203
720
205
222
927
693
373
612
428
529
500
893
86
78
55
550
162
291
322
788
170
451
68
178
238
745
979
370
191
818
615
424
435
930
714
243
456
627
637
529
103
332
738
693
787
464
62
867
884
446
47
903
397
316
165
74
683
331
818
927
704
388
627
969
585
882
211
201
886
169
867
864
768
408
956
753
192
166
186
640
604
465
594
221
295
816
178
643
817
498
685
306
173
469
5
517
57
520
96
67
93
252
963
345
593
413
653
659
267
240
741
894
985
271
268
727
854
236
358
747
967
562
794
792
783
313
744
625
979
350
249
683
937
64
234
363
164
781
226
837
581
214
91
678
707
378
456
690
400
480
974
395
684
574
195
334
629
409
573
600
858
559
9
235
870
897
729
513
416
959
6
801
540
845
388
908
787
291
788
957
816
587
628
672
114
931
44
431
249
144
355
748
55
739
987
611
361
320
923
656
110
741
608
643
338
333
635
133
552
648
652
318
247
107
102
521
604
337
970
1000
129
605
443
532
434
730
287
223
666
339
636
731
678
634
38
411
535
561
466
204
58
693
649
624
217
880
166
772
490
926
15
895
614
847
74
579
191
828
68
497
782
197
496
175
108
339
559
606
236
189
429
445
722
573
281
18
1000
975
821
250
151
358
817
663
134
762
804
12
664
483
483
584
749
613
77
93
548
890
703
60
536
714
365
131
694
985
784
111
475
512
734
198
53
558
924
150
466
903
922
662
283
225
494
390
477
210
842
431
747
964
957
562
898
567
139
147
315
883
260
289
839
847
33
236
733
79
98
259
135
556
13
857
844
428
613
45
281
884
869
170
136
332
500
55
363
757
554
42
859
129
435
103
207
978
763
527
822
93
519
349
351
70
754
771
735
521
72
72
610
287
320
413
809
2
154
102
864
300
435
107
793
340
620
983
876
222
968
116
767
267
514
76
870
910
450
820
430
126
862
990
604
259
949
862
145
32
741
652
387
885
234
867
807
596
294
915
574
536
33
221
534
194
739
265
895
489
22
213
690
14
691
619
502
830
512
946
926
509
22
283
712
333
743
548
653
869
377
986
962
197
985
227
775
680
234
785
580
843
514
896
296
77
70
521
418
470
289
944
671
673
835
161
833
533
234
375
218
351
964
200
438
735
98
2
16
15
755
566
838
200
321
428
1
517
643
603
735
616
739
220
82
339
886
269
928
915
737
568
902
523
760
606
446
133
913
949
241
804
269
546
200
980
104
564
85
572
538
867
588
662
840
358
593
755
558
673
953
233
750
6
494
146
298
627
97
709
618
576
452
175
380
485
34
140
798
149
334
535
42
543
115
574
301
685
502
918
922
768
891
152
3
964
552
189
551
605
310
367
695
11
885
216
659
92
144
87
576
834
904
917
217
687
453
35
938
134
359
698
201
969
268
670
60
521
105
101
387
281
831
578
489
71
481
815
795
427
694
482
976
931
367
203
561
788
630
979
898
586
854
37
42
319
255
140
195
294
649
876
706
365
76
346
331
312
484
256
499
116
711
571
395
516
913
144
885
619
191
748
918
696
410
60
163
10
287
858
77
745
165
540
324
266
433
484
455
667
483
588
694
777
506
288
241
861
976
413
631
134
173
959
897
172
874
166
10
990
102
141
221
767
420
932
161
58
325
597
211
718
220
736
935
211
376
332
506
993
316
248
610
893
185
765
267
567
621
981
25
867
369
213
769
697
525
780
780
969
822
612
752
117
926
525
946
208
784
421
583
977
911
207
507
668
947
942
188
888
251
729
708
819
904
284
379
712
397
936
41
570
567
385
877
696
368
661
950
442
445
85
38
977
395
576
707
400
44
829
216
880
331
766
238
547
211
550
985
347
505
189
334
341
552
381
207
295
433
162
923
402
715
738
302
706
904
672
846
380
455
405
491
688
287
327
117
879
541
53
365
843
407
137
509
713
429
476
77
556
776
763
215
689
720
378
523
602
605
955
28
296
139
507
452
455
203
998
932
443
882
198
671
777
777
307
968
762
256
533
592
556
35
20
465
750
38
312
93
369
790
843
307
215
565
258
657
467
658
415
258
704
785
967
35
365
23
528
734
436
867
759
580
10
353
62
650
223
372
422
231
605
980
362
55
787
927
114
647
284
771
510
414
430
825
962
536
800
99
762
482
369
465
676
112
553
712
846
921
273
52
880
817
830
133
713
952
696
309
630
247
412
996
233
211
727
808
664
285
374
580
544
511
982
34
53
47
878
888
468
209
951
263
190
332
700
977
369
584
215
366
676
954
173
641
711
455
313
653
102
549
658
584
932
46
56
972
320
659
816
106
486
514
311
502
990
69
912
152
472
624
634
996
350
84
922
267
252
465
807
434
473
858
236
842
774
209
961
936
348
522
564
992
259
445
858
720
577
116
567
425
403
762
221
639
199
788
95
792
916
56
681
567
907
696
278
559
69
533
605
452
197
687
399
928
626
810
223
297
322
525
50
198
123
592
45
96
420
558
492
743
242
450
284
376
61
47
993
368
122
425
785
394
410
371
411
589
41
507
218
404
240
232
19
627
791
534
518
360
368
329
957
299
688
964
122
536
363
516
306
466
438
407
400
280
629
62
729
780
548
692
773
994
157
185
167
206
151
534
950
581
687
931
873
681
274
248
490
369
899
716
138
941
118
509
448
877
78
129
301
312
150
472
684
533
204
487
332
774
744
774
252
285
786
991
228
906
189
427
642
215
228
628
366
520
572
488
904
437
270
878
331
740
279
988
985
886
431
182
734
105
295
348
318
504
307
669
291
454
214
268
219
573
451
685
921
182
112
475
398
405
425
352
558
64
798
284
637
364
164
115
499
505
449
420
566
190
231
377
31
564
216
105
407
511
54
161
723
968
165
976
716
569
227
779
683
169
811
618
504
207
479
585
478
804
541
219
360
603
164
568
101
523
483
414
540
300
864
935
183
435
245
209
209
228
918
121
603
583
70
455
695
855
667
865
505
130
410
659
315
33
22
373
471
328
875
596
515
581
943
363
829
110
302
133
508
315
439
404
429
44
383
481
296
566
886
570
226
544
95
3
999
912
483
151
685
692
456
525
522
976
313
422
872
490
709
748
971
627
829
758
507
673
393
547
507
190
998
546
386
631
75
910
731
817
530
965
596
797
333
15
886
624
205
394
36
313
544
892
824
378
329
837
607
61
984
171
453
282
125
188
185
337
16
855
506
550
554
221
101
553
277
702
364
675
584
5
225
802
675
494
177
707
924
163
599
839
652
61
951
108
395
448
125
483
139
918
744
1000
293
911
519
410
936
308
582
129
162
892
465
935
277
849
2
188
442
473
908
546
277
323
14
342
137
966
643
40
779
414
585
466
444
282
586
648
813
350
86
652
604
756
571
22
404
367
105
802
491
674
596
464
124
33
268
779
838
584
72
88
169
843
813
728
364
420
546
774
664
339
178
821
654
372
193
731
423
610
705
548
974
388
140
195
915
571
182
298
106
600
60
547
260
139
677
47
649
834
291
705
762
971
328
361
433
428
533
391
748
390
388
371
833
50
406
50
466
278
663
557
596
31
467
262
346
37
886
183
474
527
160
328
56
232
957
475
628
262
742
436
573
56
252
963
784
640
37
167
838
270
792
764
629
995
719
635
52
374
663
935
915
861
514
722
62
201
615
954
763
920
127
11
675
693
625
706
240
219
681
555
629
361
485
40
687
1
132
417
732
404
353
552
893
626
863
295
763
756
747
243
195
914
894
493
253
171
158
627
328
483
813
153
531
560
673
511
712
706
403
947
260
523
400
599
449
24
831
482
914
125
761
876
758
531
357
561
795
778
944
792
645
549
732
913
299
833
932
451
778
791
373
272
44
451
267
661
921
774
331
397
152
608
419
118
437
158
361
758
34
469
112
269
156
906
661
167
409
590
908
1000
569
287
128
630
566
890
188
71
780
317
386
440
434
346
352
234
931
143
428
36
159
451
247
559
724
962
551
572
362
491
261
62
667
482
708
906
552
961
890
832
859
785
5
698
138
899
595
645
605
272
902
1000
880
486
646
564
563
844
78
850
445
215
739
570
719
338
528
720
787
306
741
677
22
703
877
342
947
837
330
857
738
6
84
561
43
433
814
979
783
115
575
582
324
357
616
151
835
713
553
562
870
666
889
508
59
741
794
301
929
405
652
152
970
808
677
375
455
84
727
142
220
830
355
36
246
297
395
542
536
558
1
877
534
853
643
964
849
509
16
389
269
757
749
707
561
947
312
959
981
549
154
721
573
568
923
385
416
753
755
869
451
458
566
65
93
274
311
853
683
878
360
498
91
415
222
790
344
505
812
592
481
604
138
678
315
144
50
505
451
239
125
236
528
215
24
608
65
352
73
596
329
537
552
166
168
546
752
285
636
920
92
144
277
869
73
551
241
4
731
355
287
125
336
736
629
146
72
653
762
504
498
758
35
612
297
829
171
313
306
900
156
719
734
607
808
901
961
955
351
37
410
58
973
764
48
494
453
175
832
142
868
884
805
319
232
190
943
265
476
733
719
784
777
61
648
307
922
706
589
960
356
157
60
800
643
452
225
640
663
590
690
468
55
736
746
855
155
50
455
787
815
974
24
538
869
298
865
141
275
189
332
957
595
40
680
271
688
827
994
663
430
166
137
254
758
52
259
601
921
701
418
161
711
917
953
144
409
818
259
199
348
594
918
365
384
235
771
873
750
852
368
885
943
641
430
14
375
313
218
22
64
873
869
398
840
340
186
295
242
231
797
162
364
491
221
742
620
641
135
617
807
522
133
160
302
644
65
631
741
379
557
395
717
653
86
323
295
348
858
564
26
954
760
588
255
850
224
974
861
150
636
482
198
942
731
250
189
449
398
973
648
874
547
956
795
549
358
259
389
98
703
852
136
646
38
985
795
701
500
501
710
817
853
815
887
524
156
807
872
879
7
49
762
263
792
166
234
808
966
49
711
646
483
510
698
747
843
542
304
469
279
779
893
460
31
450
384
247
874
212
899
865
175
184
223
889
383
447
383
280
144
110
325
695
563
200
338
227
523
225
403
509
713
248
52
507
363
38
284
639
717
318
439
965
307
730
169
415
119
138
365
480
847
47
694
125
547
160
871
318
755
178
485
657
222
785
166
404
742
661
816
902
303
415
439
481
710
89
453
611
750
1
175
566
408
659
548
520
817
545
422
864
552
268
756
306
496
772
660
41
792
215
60
795
78
388
949
193
267
810
651
611
367
365
972
782
581
953
759
814
933
638
948
45
287
733
875
228
130
287
269
222
809
478
160
387
478
234
354
664
877
91
943
343
798
674
706
231
220
233
390
489
907
152
483
798
212
12
24
100
443
624
830
865
109
752
448
459
894
892
51
370
395
467
868
884
440
268
83
278
138
950
690
345
401
329
861
971
427
463
307
569
790
48
499
672
359
915
917
581
217
677
120
385
123
41
522
316
14
857
317
464
408
2
683
13
250
615
166
787
943
937
682
792
351
426
394
655
862
844
782
130
367
40
860
362
288
598
532
381
843
428
323
519
339
12
887
964
206
522
662
210
529
900
110
47
446
161
719
542
596
983
2
649
851
928
421
129
889
991
60
725
799
504
368
83
636
590
982
260
45
866
488
475
729
522
933
3
977
454
799
54
266
55
225
309
283
537
309
474
60
841
409
803
125
564
594
209
614
31
845
443
995
186
7
736
122
777
503
405
929
169
454
936
98
590
441
934
36
955
913
943
308
53
227
30
413
580
98
970
145
143
209
833
606
210
716
508
748
199
812
441
830
152
729
830
938
498
54
280
192
906
238
563
816
246
811
5
922
943
372
605
833
190
362
354
576
476
160
342
650
526
57
561
337
590
471
279
237
449
560
183
202
81
905
390
790
886
263
362
692
401
198
449
241
336
143
568
783
938
631
69
417
956
455
8
686
119
665
178
622
769
966
919
299
537
158
980
94
260
283
757
711
876
765
995
370
487
444
863
146
366
146
916
614
172
380
878
12
753
638
837
112
765
314
271
435
438
402
408
269
474
452
936
701
91
537
677
779
959
689
420
961
441
759
210
66
24
626
560
384
148
667
140
612
474
438
495
988
760
431
900
956
971
253
720
992
859
825
747
38
749
405
794
960
694
531
74
481
891
593
507
926
419
190
786
879
542
56
682
238
884
327
383
200
122
119
713
771
321
287
461
999
940
539
240
419
994
579
803
823
944
90
904
682
306
488
23
146
581
12
780
619
379
182
719
697
787
517
699
294
605
983
86
957
520
714
461
382
387
733
612
749
246
345
535
326
194
365
157
11
160
34
780
198
615
323
764
675
674
215
756
248
617
943
906
426
55
648
960
821
985
116
938
737
604
559
486
933
679
313
106
667
727
304
712
731
777
641
443
749
67
394
803
656
767
669
84
393
556
89
668
540
472
668
338
908
717
855
634
286
365
306
969
266
904
34
582
785
174
378
957
658
419
692
178
11
949
276
184
483
873
693
7
36
633
715
732
116
649
543
872
852
769
889
467
28
855
891
574
429
337
594
307
954
996
733
44
740
976
670
364
361
268
31
355
407
707
37
584
77
330
97
596
553
792
320
276
701
885
983
446
659
682
548
163
407
721
900
929
715
127
648
822
967
959
131
200
291
266
142
209
867
764
215
48
598
716
707
121
841
242
862
342
70
592
449
775
605
716
148
819
579
763
277
9
786
865
530
327
501
936
97
130
701
529
312
187
32
749
147
315
788
941
779
479
94
360
847
531
618
405
502
938
908
946
438
644
677
573
800
408
295
123
699
317
527
177
30
237
486
260
78
80
854
41
455
236
493
466
974
39
336
470
547
981
290
904
412
189
457
308
823
520
252
788
325
377
850
15
284
433
543
597
201
571
615
819
304
705
130
1
127
125
106
96
613
824
336
450
559
247
592
711
224
28
833
406
749
107
157
414
875
301
856
660
492
940
337
373
82
967
26
289
929
639
800
866
158
427
361
767
944
360
390
504
902
464
786
614
862
927
677
441
918
8
374
485
170
291
468
195
2
727
957
708
25
722
767
32
717
102
47
856
908
99
854
733
539
412
551
451
764
337
681
213
418
673
573
247
340
39
755
645
219
353
705
666
474
877
499
323
864
241
150
135
95
1000
536
864
963
595
189
822
57
488
307
83
547
975
783
175
134
576
72
179
80
259
921
707
158
307
614
423
795
302
189
910
327
387
715
423
563
419
850
678
968
181
549
193
146
87
740
897
714
347
882
942
490
180
548
981
757
60
779
266
845
538
922
93
746
309
949
579
369
684
237
880
904
748
572
439
224
397
33
277
769
64
3
807
788
641
389
244
395
61
787
21
994
505
817
326
586
600
521
852
919
672
718
901
86
357
321
98
847
546
874
480
72
220
727
882
575
521
626
228
994
559
5
872
420
815
704
258
490
76
81
283
66
928
769
52
776
843
828
13
622
426
453
227
991
719
582
462
526
559
319
43
74
685
548
699
412
796
710
994
997
556
520
763
548
44
456
454
779
55
298
964
35
808
500
401
526
136
608
368
406
34
287
165
366
420
992
253
241
164
779
13
796
997
439
668
853
684
865
438
451
648
421
765
755
81
875
230
355
463
726
214
621
358
146
607
237
278
961
306
757
650
939
774
354
208
744
700
153
22
796
952
465
957
916
854
667
979
598
876
508
596
208
690
466
831
895
145
702
810
325
9
429
389
145
930
270
241
920
893
280
722
210
370
546
913
302
157
4
778
679
755
921
806
680
78
794
514
683
486
395
2
926
337
69
125
976
329
281
989
47
581
154
759
580
150
725
989
765
548
763
414
116
355
821
442
900
320
98
823
52
358
182
522
670
836
522
889
132
216
564
45
234
603
926
921
850
605
141
984
561
154
749
353
529
89
612
939
608
101
223
903
654
516
552
161
185
374
802
242
33
55
919
584
555
409
644
707
425
278
396
758
71
416
406
249
482
408
818
821
457
923
964
39
688
544
610
377
513
821
346
492
613
986
964
630
200
219
825
877
380
121
57
540
984
426
782
702
556
180
374
739
992
485
905
374
962
501
977
237
835
315
381
158
946
853
804
780
863
187
36
205
864
603
838
568
876
943
261
457
47
67
241
774
463
334
279
867
8
599
407
727
491
353
907
741
452
556
522
56
655
949
437
435
318
711
126
794
432
635
706
483
878
116
529
842
460
689
521
539
823
855
290
632
401
923
983
83
161
718
916
109
155
714
545
510
488
481
932
388
963
379
604
301
342
740
4
287
488
1
679
697
808
880
933
255
750
224
925
505
534
526
743
475
408
498
845
145
559
988
714
546
847
958
459
915
361
154
594
115
926
59
740
713
369
624
120
483
804
10
159
455
747
459
837
125
838
382
157
369
834
557
704
474
652
450
676
785
467
412
245
926
372
8
34
448
972
367
796
60
871
473
688
487
413
246
534
743
747
343
936
588
444
808
72
243
734
700
749
151
733
642
993
52
259
123
110
335
387
324
23
974
104
151
699
857
774
560
648
359
322
700
197
432
414
125
377
450
937
956
967
438
793
921
765
257
110
661
11
504
152
928
382
355
163
256
384
960
917
711
368
11
106
441
846
78
756
296
37
630
485
145
502
637
714
492
27
295
668
671
26
779
327
679
928
777
243
715
432
95
830
678
949
898
560
936
353
374
305
251
390
811
302
277
743
862
484
628
359
252
346
751
174
375
120
843
854
839
501
879
489
650
196
774
747
745
614
86
839
120
108
934
460
315
409
876
774
557
212
815
903
938
862
523
245
282
484
440
992
930
930
659
684
89
717
112
36
946
737
476
79
647
80
193
595
420
592
707
522
140
798
980
775
584
260
481
871
181
619
457
632
119
481
992
147
157
151
827
485
701
722
694
217
451
89
69
563
549
671
636
340
593
405
67
928
543
604
693
626
660
632
304
794
954
708
447
133
507
469
243
129
100
432
950
894
305
719
895
788
226
362
46
812
421
275
703
263
260
812
274
887
984
195
549
437
272
493
360
275
5
669
600
783
915
898
760
883
521
344
440
736
188
156
616
606
647
959
846
791
278
209
925
274
111
469
979
962
529
152
989
611
760
475
495
537
491
269
832
965
493
615
395
536
389
397
42
787
42
351
736
263
149
566
763
432
229
902
986
425
500
259
65
17
473
801
984
615
657
129
889
539
613
262
758
880
752
321
994
739
982
295
158
63
522
583
900
373
207
104
280
317
175
238
14
88
64
810
902
114
390
47
170
910
679
841
443
416
229
535
503
628
288
135
337
956
903
7
712
45
514
455
211
344
977
466
920
82
261
231
810
958
732
445
439
438
190
978
57
243
838
398
142
837
316
760
478
388
683
903
621
679
752
437
468
457
486
285
451
800
624
127
767
355
745
420
673
882
333
400
565
562
921
513
898
556
599
998
816
931
41
939
803
871
59
432
521
295
10
577
17
899
638
365
463
857
610
936
945
55
556
73
426
922
469
114
74
343
626
401
926
450
541
350
120
890
114
832
845
657
539
167
710
183
771
379
8
62
898
660
498
140
267
237
383
17
352
946
707
221
477
511
268
736
417
915
374
43
898
76
721
693
786
881
869
186
262
282
941
36
286
328
579
616
495
78
156
227
93
489
889
21
681
915
233
267
708
108
833
996
334
33
859
78
66
924
864
210
873
703
975
363
510
422
89
908
405
350
893
728
481
528
267
820
989
428
782
32
17
787
925
167
388
982
527
624
133
488
708
995
681
560
127
108
636
355
927
49
360
511
555
655
587
121
566
454
888
740
29
802
587
555
644
686
651
245
654
202
556
276
471
14
93
87
30
107
934
11
434
439
420
447
629
749
969
495
318
224
842
458
896
377
158
607
842
977
680
489
247
780
285
220
773
294
476
982
954
778
728
463
607
709
408
442
712
320
556
630
521
409
879
170
961
69
651
376
853
643
481
373
300
442
720
72
536
925
332
152
335
784
536
153
844
906
107
865
220
852
471
843
666
244
495
459
685
7
944
26
339
330
923
688
834
43
591
109
865
305
210
78
721
550
544
990
479
993
308
369
991
573
5
321
661
177
574
513
655
980
436
231
544
11
413
152
679
982
4
810
566
919
680
354
48
996
328
925
282
39
404
6
7
779
334
601
812
287
282
72
893
97
934
572
381
752
886
63
596
465
2
58
183
700
897
673
494
765
298
856
609
495
405
128
79
827
654
996
224
659
359
460
327
959
914
199
493
436
761
751
959
942
669
530
87
313
483
751
160
639
644
529
619
859
679
744
257
277
49
962
781
624
974
572
411
631
668
541
146
295
168
485
12
342
641
730
761
884
807
336
181
22
882
107
726
140
784
174
320
373
347
241
702
388
807
98
426
801
370
764
14
212
759
412
813
249
486
794
724
907
257
161
438
102
75
837
824
11
477
640
652
431
117
705
998
60
918
515
586
875
461
689
349
301
774
947
289
107
604
472
359
55
466
190
985
677
508
672
714
631
281
540
929
880
938
997
554
850
296
710
498
489
394
105
92
889
348
998
575
514
526
647
91
102
905
146
931
15
145
872
291
973
917
601
850
511
792
334
141
729
905
574
719
902
611
739
632
259
873
227
685
281
352
298
34
508
52
510
607
102
983
650
247
696
561
485
911
785
559
987
652
10
829
208
751
104
208
515
479
769
173
724
914
342
347
358
795
302
869
745
919
265
201
770
610
19
456
513
137
640
123
210
563
501
40
274
444
333
626
564
325
689
48
772
9
179
60
977
487
810
664
727
506
838
104
78
874
237
615
811
981
1
290
836
757
686
482
139
483
572
658
662
711
281
627
351
280
291
491
520
206
464
948
934
33
701
550
535
287
813
584
969
379
933
444
254
242
959
229
451
59
868
443
632
613
15
201
421
127
818
381
594
826
650
250
96
502
862
687
187
495
133
890
765
901
634
995
101
443
303
806
30
573
975
49
492
379
464
513
72
370
651
825
450
916
802
440
968
428
200
696
495
661
787
430
760
615
137
219
511
753
400
740
742
822
741
290
643
302
988
734
306
861
338
159
154
54
380
916
593
10
111
447
835
49
651
595
995
797
594
278
839
215
752
167
195
965
374
597
474
897
80
591
987
254
422
848
243
152
205
150
672
171
545
311
88
846
383
22
612
596
999
249
824
802
758
614
860
379
5
919
31
587
342
776
311
978
315
92
569
145
722
934
529
270
425
708
656
28
782
602
532
977
874
936
5
218
233
115
175
306
329
796
207
752
594
454
4
321
766
513
743
498
951
494
424
877
373
195
356
716
100
538
355
618
511
960
444
839
680
292
40
39
420
243
435
292
415
670
415
113
465
234
196
249
344
362
528
464
668
187
802
307
25
609
408
876
969
300
805
922
951
278
292
98
49
918
794
701
804
959
104
215
66
816
351
286
374
280
647
141
562
418
998
859
999
495
836
980
137
32
733
267
691
114
800
679
334
844
610
929
141
538
254
41
941
60
938
876
807
331
192
191
936
870
649
371
606
216
134
662
793
489
292
891
414
751
731
343
667
193
897
931
782
306
450
206
57
824
293
74
75
690
2
914
934
959
243
841
148
442
775
306
350
153
234
100
485
957
470
426
851
526
803
644
912
825
943
319
111
271
407
16
347
120
755
661
715
308
392
323
869
262
792
512
12
616
924
617
639
618
817
75
390
100
337
644
622
667
951
148
177
873
674
384
587
544
102
274
783
762
373
292
385
740
189
266
876
471
535
363
21
534
812
314
540
246
522
643
151
478
330
561
102
187
162
81
147
479
738
519
320
411
550
401
277
779
564
727
239
453
114
980
406
472
948
435
844
430
302
530
181
797
149
12
690
773
989
303
909
55
351
614
451
376
844
560
259
37
558
875
329
170
243
218
288
388
457
252
407
666
812
834
92
558
366
186
78
449
598
954
92
338
181
941
471
721
389
254
49
734
705
516
701
504
344
935
310
981
685
856
319
298
881
970
377
493
535
556
5
589
884
137
556
985
234
397
843
571
268
324
958
67
372
714
937
942
270
139
346
170
426
137
742
374
354
952
804
739
825
10
367
214
254
538
859
747
389
71
672
346
592
232
293
300
558
501
655
265
871
45
257
822
35
994
287
64
73
603
677
222
527
623
626
739
220
446
111
126
808
204
688
807
929
349
709
260
917
459
580
94
121
834
816
245
842
116
837
173
164
169
367
979
938
576
201
603
887
189
454
364
326
128
299
960
464
638
93
987
918
247
325
572
696
93
251
41
29
150
918
240
738
979
393
246
232
511
653
962
931
625
465
712
769
693
16
318
638
410
319
641
870
756
979
821
100
11
463
587
767
74
952
61
672
871
801
855
407
609
870
471
948
813
722
218
152
325
598
267
292
181
588
832
178
952
252
338
848
424
142
478
822
747
558
920
158
606
413
218
909
464
267
916
290
256
914
950
514
341
591
406
704
153
118
915
16
161
743
91
325
942
13
947
497
135
461
929
555
869
535
961
663
794
631
583
751
983
492
993
481
421
38
713
258
229
646
632
792
735
61
40
369
217
119
741
759
946
705
614
686
904
337
484
86
745
576
10
689
992
738
401
570
458
831
858
770
882
674
909
854
251
566
730
500
510
605
509
979
639
593
286
826
620
197
551
81
950
328
862
970
316
989
279
376
179
992
143
883
983
418
889
385
1
139
773
234
456
878
642
196
293
984
217
566
460
373
449
237
260
597
164
327
812
641
364
653
397
365
318
160
423
777
702
339
669
501
404
860
400
89
766
739
936
690
670
810
208
971
845
270
675
747
795
912
663
54
140
906
818
578
396
155
556
735
220
2
965
622
326
151
705
738
840
603
164
391
236
328
373
564
386
529
795
314
429
890
162
582
896
498
237
657
148
942
600
366
905
93
661
683
234
118
956
581
171
859
991
947
508
193
216
994
523
467
451
288
243
862
664
959
949
671
364
203
911
500
315
497
485
130
908
367
842
707
852
199
301
415
997
627
161
745
783
263
125
111
733
527
767
173
781
566
323
388
500
965
333
159
53
28
489
825
224
668
181
407
748
173
408
569
481
449
546
741
688
862
314
343
394
109
791
696
151
692
826
293
680
144
994
79
857
991
76
833
145
62
422
787
221
653
812
988
928
185
215
634
510
543
701
24
823
532
141
810
589
239
302
43
542
1
425
740
85
485
891
714
198
337
793
948
716
15
930
97
568
704
620
412
257
744
344
832
768
176
141
7
357
83
816
421
937
496
730
431
90
160
431
375
43
597
487
530
956
416
348
799
557
160
916
183
903
190
698
704
505
39
321
58
912
194
886
332
88
792
766
243
90
372
533
542
336
374
837
91
231
330
338
626
190
272
662
592
891
313
454
990
12
84
188
986
786
882
692
159
280
857
1000
641
393
515
745
870
491
380
505
122
46
860
369
295
387
903
812
30
60
905
866
989
139
602
678
12
310
65
195
309
781
402
248
498
368
794
535
331
516
129
882
637
661
642
703
870
622
939
733
302
171
541
884
947
135
80
51
326
650
537
249
261
616
870
219
417
318
480
667
641
370
99
858
10
631
67
774
873
154
543
456
49
456
345
765
127
243
182
191
856
700
433
243
418
385
414
276
18
722
731
922
598
727
746
654
296
331
258
480
980
903
914
987
614
616
445
284
887
150
816
877
510
88
922
610
755
956
11
892
781
290
519
250
429
500
320
102
324
590
266
810
569
707
142
511
451
766
382
179
832
28
421
156
941
353
5
274
893
351
196
508
272
233
918
680
703
74
216
650
794
876
236
113
114
316
910
15
130
534
284
723
980
983
176
224
13
324
671
946
572
871
668
551
917
551
416
208
491
985
377
48
754
700
283
243
910
709
492
990
948
146
325
976
719
838
969
592
136
987
487
374
349
166
572
702
201
601
234
530
288
190
630
369
515
493
780
886
630
621
815
1
934
814
817
477
202
927
113
552
875
474
154
823
713
87
83
880
449
386
897
192
131
522
118
249
649
761
346
864
752
683
546
414
100
980
560
331
108
424
925
744
140
368
554
186
385
939
610
317
787
675
574
636
141
141
858
141
352
191
19
831
733
13
670
166
859
961
840
527
769
716
963
148
336
598
418
228
686
454
365
875
969
348
372
485
828
356
57
656
132
804
953
774
187
818
767
648
860
699
471
78
691
55
611
429
287
819
788
406
192
907
523
81
143
774
26
997
505
940
236
607
612
517
29
234
441
744
355
634
774
315
299
601
72
747
481
154
51
756
182
873
238
78
624
241
430
888
159
323
592
274
430
87
635
546
317
820
932
207
228
509
221
651
1
876
807
49
737
128
351
567
869
111
143
45
35
123
692
993
846
924
399
494
687
870
479
189
178
146
2
318
485
736
550
907
353
200
745
972
31
608
808
4
645
22
315
340
728
920
729
81
860
664
101
445
960
884
536
588
347
183
925
699
404
301
55
717
930
554
159
477
531
607
697
516
827
348
868
339
584
981
407
424
326
529
318
169
57
826
767
541
933
603
917
722
245
311
546
259
212
316
403
952
677
428
6
969
295
955
573
415
879
423
580
80
926
187
604
708
762
655
981
242
241
95
98
834
674
780
83
496
651
488
296
71
96
83
416
334
365
327
872
804
189
744
545
633
350
743
54
46
855
310
789
824
652
460
553
751
382
424
671
197
507
374
682
851
995
441
680
105
914
90
645
896
70
628
721
8
633
604
53
354
536
458
818
402
790
404
448
873
614
119
555
639
741
790
906
870
79
81
204
825
184
550
44
304
598
207
11
317
900
903
172
167
515
561
105
323
87
164
665
848
576
990
852
314
721
80
721
931
2
901
419
177
915
1
743
891
896
212
41
326
588
870
794
466
264
530
783
272
262
400
722
382
355
972
710
124
279
71
157
415
524
579
611
71
961
378
15
8
500
194
900
146
133
570
203
630
100
316
214
120
812
919
701
871
123
18
215
287
536
641
470
513
243
934
148
290
469
254
263
971
976
801
2
923
939
387
538
928
646
932
929
891
965
400
610
536
457
165
819
786
271
486
541
719
690
651
173
802
192
781
143
796
475
147
137
973
708
353
959
280
679
515
425
458
396
787
649
267
552
138
856
220
197
386
249
676
134
873
264
893
352
643
426
935
213
43
847
316
643
807
780
934
375
440
865
616
815
920
740
516
503
386
637
157
611
417
3
699
621
212
649
312
157
898
828
172
174
757
972
41
83
426
761
297
438
461
113
905
191
849
562
788
405
976
144
582
477
234
989
275
386
53
800
108
613
34
705
547
782
704
492
912
938
317
979
407
814
599
761
5
351
730
322
853
768
673
631
579
870
365
335
59
712
548
717
212
863
571
669
590
937
529
515
736
381
55
98
303
840
309
568
784
118
456
788
130
983
769
922
176
333
856
417
434
599
925
524
346
713
12
275
970
7
847
629
612
805
282
460
993
644
413
121
207
203
730
771
562
596
696
632
940
703
472
435
40
355
403
939
714
437
950
369
323
855
103
285
849
483
119
244
904
328
86
328
389
296
151
763
237
344
521
850
90
400
501
996
279
69
796
435
827
604
758
71
354
569
853
262
877
941
864
944
942
985
294
760
74
648
499
116
455
301
960
173
677
667
928
560
528
897
368
312
879
368
660
117
141
270
148
733
52
756
863
768
940
740
33
915
979
330
19
699
103
555
780
925
551
252
19
441
397
816
676
747
299
442
480
829
984
486
824
647
296
299
878
757
248
487
455
39
716
414
712
628
143
510
34
975
692
450
844
641
547
757
527
919
459
790
936
216
328
88
107
606
522
96
73
464
958
116
738
437
305
958
392
977
779
291
156
398
585
143
476
231
307
194
846
788
601
835
178
728
167
260
809
561
666
269
420
89
743
400
799
937
162
340
918
593
663
684
648
430
948
733
428
950
76
937
313
969
39
881
266
40
465
313
244
887
844
710
51
553
183
367
365
76
875
470
756
661
610
178
328
781
70
767
635
755
220
500
425
133
546
88
987
885
895
798
359
272
908
924
11
831
674
341
71
65
280
224
59
495
304
167
880
561
306
425
66
516
451
664
802
237
796
690
395
489
34
457
166
526
740
835
164
850
973
826
418
575
303
700
224
189
842
736
825
285
267
714
721
353
971
947
923
608
371
231
107
285
302
380
4
769
887
292
454
746
814
415
629
388
793
952
379
603
307
318
869
583
237
938
631
774
967
968
25
151
191
233
700
810
621
827
203
986
361
513
219
446
82
17
838
686
896
746
831
651
114
564
747
652
111
842
992
508
377
382
367
783
547
566
298
2
115
559
45
467
769
879
486
580
989
59
772
872
688
114
445
721
718
727
131
394
5
840
219
581
647
821
433
227
538
778
63
810
191
578
807
997
800
882
267
106
874
370
656
486
158
733
759
188
601
103
623
48
552
488
352
357
279
494
915
686
441
339
558
589
940
918
133
373
838
259
854
645
301
129
618
238
682
715
536
919
105
500
685
335
122
814
67
643
250
591
202
508
148
988
625
835
75
816
245
689
650
89
811
160
233
148
547
387
297
62
266
507
405
39
989
404
444
244
777
252
206
519
808
382
64
418
956
599
268
562
16
680
782
5
489
441
143
873
841
75
344
951
87
475
120
1
535
330
870
472
689
770
753
227
131
592
534
871
726
544
97
970
443
211
147
560
59
199
758
761
311
659
946
149
358
63
750
872
246
404
410
512
826
182
671
811
602
407
344
350
669
685
591
24
601
777
41
785
711
938
40
406
792
400
349
429
970
731
487
171
272
676
843
391
916
847
512
694
664
974
987
985
70
608
540
647
694
128
152
497
132
629
252
774
477
660
47
74
204
440
263
801
761
327
809
991
282
562
377
39
993
662
40
704
298
519
748
824
34
401
127
976
951
416
146
660
820
874
485
552
360
338
974
320
905
55
582
894
2
436
411
497
787
728
40
78
680
654
814
115
882
415
911
423
773
700
300
67
163
370
135
19
321
578
958
690
781
377
794
220
267
921
896
413
335
556
951
91
568
16
785
856
681
297
845
558
451
601
260
13
121
172
179
429
849
88
660
61
772
602
805
621
539
314
197
116
661
249
528
953
825
398
211
610
661
592
889
808
774
871
951
802
581
938
996
955
73
192
600
478
342
641
95
417
170
502
961
567
634
991
688
25
683
231
446
109
371
961
670
405
123
532
410
255
336
256
744
69
143
469
472
5
656
334
859
887
852
539
757
930
598
763
220
164
10
673
832
897
564
975
446
360
1000
620
413
587
698
95
289
754
153
428
582
991
315
953
612
708
937
431
21
638
892
96
369
378
375
760
492
165
587
663
472
235
599
468
326
898
825
344
656
193
512
172
956
252
461
169
686
443
171
119
237
793
491
103
153
629
488
607
746
409
204
968
873
320
309
576
539
620
2
529
976
336
712
625
813
330
966
884
251
133
318
675
257
501
355
917
678
301
53
388
286
417
47
979
207
73
141
723
630
558
370
642
975
304
477
373
706
927
139
184
374
863
930
763
346
879
485
474
619
712
573
177
257
881
940
507
618
507
736
144
714
281
273
916
603
953
625
32
952
134
876
377
452
93
461
632
67
891
888
151
731
666
578
305
656
743
273
987
859
989
827
573
532
450
452
391
428
122
262
592
618
83
611
503
476
894
199
706
236
787
838
892
142
280
904
146
460
151
221
394
618
790
773
193
884
680
291
465
979
108
508
852
342
337
88
478
704
473
570
678
342
916
185
680
228
510
201
679
489
887
752
526
284
399
935
813
100
744
279
313
637
721
273
224
855
186
459
1000
395
59
643
931
451
157
472
791
783
827
853
985
1
684
962
834
28
372
652
721
66
408
136
759
324
895
334
978
405
498
408
470
632
865
372
97
817
910
380
722
211
147
129
265
596
911
888
161
308
448
935
611
204
267
543
766
315
864
654
693
742
642
414
610
194
201
833
396
370
922
516
164
152
680
921
195
319
897
220
651
651
24
704
125
23
945
225
864
50
204
867
686
17
810
252
122
78
247
180
897
387
414
553
674
210
206
599
319
160
444
751
875
619
375
678
304
812
52
41
25
884
403
791
889
499
369
860
273
481
652
715
709
369
140
57
439
361
52
457
23
596
994
188
675
603
855
286
748
414
810
777
304
81
556
279
794
376
110
961
624
616
112
582
932
677
81
668
870
556
180
658
568
134
488
306
807
735
597
503
397
414
280
850
839
590
269
670
876
849
152
945
754
449
908
372
192
26
379
922
788
205
859
73
242
830
926
977
970
398
756
461
146
820
523
957
556
730
94
529
453
152
885
838
710
858
8
743
4
358
296
222
940
763
284
98
541
189
930
995
280
250
814
648
847
668
116
202
442
596
627
658
577
690
804
923
516
464
128
16
398
602
461
585
7
807
102
638
231
890
542
69
36
294
72
262
569
90
557
358
530
666
832
254
898
672
277
845
291
396
289
324
799
56
27
52
343
9
402
818
517
159
490
553
843
397
288
560
745
872
616
504
228
758
399
824
401
117
902
432
541
301
980
311
731
597
582
638
513
581
719
716
911
208
829
716
78
693
588
575
891
859
241
626
173
766
518
68
460
139
536
976
641
799
960
815
556
4
697
525
338
226
225
550
476
194
299
667
305
370
833
776
426
551
849
381
366
486
479
709
515
994
977
528
217
641
926
443
282
643
948
290
148
856
164
176
420
654
185
424
406
741
929
370
157
24
264
943
378
824
309
542
535
92
552
943
966
509
261
106
224
409
528
306
89
291
438
668
827
829
551
413
688
425
543
791
831
548
533
793
460
323
420
550
755
814
766
272
773
557
125
79
747
632
564
836
766
824
728
727
636
448
804
362
920
313
198
985
685
600
487
89
102
640
947
516
989
765
583
194
714
778
988
621
502
36
517
819
32
698
112
692
156
187
951
288
113
502
717
297
796
624
703
14
979
60
503
320
250
194
872
772
11
58
816
1000
835
209
396
171
171
749
239
464
991
925
461
176
405
386
546
725
443
496
56
635
869
340
304
942
880
644
899
8
380
284
954
719
846
739
551
872
536
124
116
622
801
959
597
953
328
684
652
164
192
766
941
970
285
215
815
80
639
403
751
336
883
143
351
927
232
665
61
337
34
319
592
789
707
123
899
560
982
852
713
999
728
941
793
932
116
713
421
981
270
23
451
987
137
190
865
261
632
730
981
359
653
914
411
611
351
611
704
726
375
183
978
413
295
211
279
935
350
942
931
961
132
540
579
141
632
903
813
496
296
679
517
41
85
27
710
51
40
389
669
376
575
324
203
551
169
569
479
981
585
710
344
987
707
983
54
33
396
639
133
841
150
68
450
484
545
383
276
846
502
71
551
936
169
99
597
879
212
377
881
260
13
179
962
382
416
957
450
322
323
855
622
990
212
934
791
927
529
920
297
164
643
192
832
69
591
255
843
420
856
431
211
626
961
882
472
412
746
646
126
51
427
52
786
715
699
734
267
216
446
976
103
273
775
823
911
335
61
954
844
809
146
568
200
809
807
136
498
435
158
405
388
790
290
698
341
836
403
955
917
756
198
303
95
715
949
382
579
197
983
381
749
385
776
359
618
143
370
569
864
580
814
674
747
278
535
473
339
200
817
667
537
739
349
705
275
378
582
135
615
72
467
279
760
590
24
381
332
961
637
257
890
109
554
112
704
346
33
113
234
860
266
815
266
592
727
867
453
309
351
714
281
639
386
972
507
35
13
393
979
889
122
601
725
373
292
238
981
185
235
536
781
176
694
338
728
499
776
336
316
884
43
990
861
69
164
202
871
43
888
398
110
199
404
984
417
681
758
625
434
503
621
226
627
373
580
765
636
815
99
775
636
797
630
900
317
849
934
38
368
936
78
691
63
301
681
118
358
349
60
83
738
390
453
861
726
185
840
255
526
187
5
635
415
64
610
222
247
873
440
727
860
637
358
697
323
558
287
261
820
126
16
300
802
541
172
231
830
871
708
26
680
279
307
716
629
803
414
376
252
204
888
280
678
445
982
258
162
820
864
644
218
565
425
381
972
298
596
610
913
790
487
929
680
523
976
177
460
889
530
631
472
435
753
205
817
166
892
781
340
147
535
19
232
261
470
954
565
503
467
420
534
401
404
856
129
458
861
114
6
757
697
747
678
920
303
688
908
272
304
425
896
351
234
473
532
486
663
57
606
548
253
414
651
987
929
468
466
973
517
522
685
673
60
349
919
880
727
947
193
302
99
787
553
811
495
751
597
141
568
234
150
608
290
69
778
951
444
440
868
485
506
881
715
744
97
854
619
453
519
185
244
118
997
424
5
532
18
718
161
58
637
58
57
143
203
539
514
657
24
689
932
893
339
725
101
448
770
500
46
661
605
105
505
846
436
340
318
207
840
275
26
900
776
107
712
820
20
743
593
425
841
198
94
554
374
784
235
114
363
576
263
338
861
220
713
868
504
22
230
654
469
562
908
429
312
218
425
401
188
4
720
311
785
863
733
524
196
654
633
168
417
337
218
795
292
118
976
656
184
881
239
387
242
608
480
105
175
1000
332
929
42
557
604
226
89
69
147
967
199
418
356
436
283
504
332
324
551
317
123
348
411
265
245
251
469
185
511
145
271
866
677
355
161
233
196
392
857
710
315
882
94
864
225
113
242
791
450
178
919
728
425
781
42
201
388
657
411
471
571
757
72
730
483
551
432
118
418
273
219
946
845
851
535
274
72
376
516
640
33
939
77
531
841
179
699
462
966
51
401
901
158
747
655
42
2
262
256
141
239
305
329
476
512
59
920
944
595
989
282
369
204
170
601
992
481
119
718
562
132
25
423
404
204
740
63
556
319
268
271
378
827
734
580
281
342
622
114
383
537
693
470
4
768
531
249
733
103
139
48
963
287
117
559
741
687
805
802
162
962
592
101
51
573
710
214
685
231
175
306
268
940
860
132
291
950
397
355
745
658
30
331
981
227
149
501
805
673
626
122
15
436
443
376
584
372
727
115
167
640
460
30
775
249
237
839
473
850
346
230
760
510
218
39
752
984
762
619
865
518
926
534
845
628
367
639
77
207
961
586
201
470
950
587
843
242
54
742
346
962
759
836
802
943
213
213
547
704
848
783
529
800
984
769
661
984
281
520
696
868
44
902
797
137
94
185
760
481
737
74
367
998
682
485
98
83
904
402
834
780
299
150
937
832
585
955
892
75
977
334
892
61
947
694
456
769
155
791
940
638
757
970
298
747
747
61
251
277
266
867
847
934
215
996
611
731
935
588
424
441
778
919
914
323
98
826
575
936
883
476
79
646
2
469
305
303
479
63
743
476
642
674
299
987
937
682
415
479
511
569
383
731
3
49
1
747
894
340
561
575
422
119
565
29
714
990
486
899
908
231
555
585
990
67
106
941
656
572
237
948
831
3
603
127
603
987
974
976
55
833
646
39
109
556
42
705
778
292
290
852
53
451
24
777
352
907
418
349
196
550
929
493
423
642
934
480
215
1000
635
743
332
345
720
830
534
150
987
479
594
43
136
893
972
262
689
395
331
42
476
645
196
917
596
631
940
54
467
302
570
173
251
227
702
764
46
72
406
711
40
825
266
414
203
428
402
144
124
376
978
457
222
58
17
756
319
770
475
979
555
540
991
154
220
971
674
608
140
644
576
970
608
215
914
989
424
703
593
193
575
28
787
214
385
567
426
183
415
727
519
405
179
415
71
800
391
619
165
671
607
938
869
610
206
841
647
139
909
285
444
480
322
967
908
236
222
462
617
430
810
903
762
979
281
569
296
174
752
325
576
694
779
347
305
799
261
763
613
697
891
467
81
250
683
433
361
765
504
665
15
592
239
296
840
83
212
922
848
102
426
963
703
747
483
453
771
345
155
504
560
72
673
670
856
935
476
214
773
135
230
201
2
138
200
965
203
220
592
912
379
94
547
913
475
802
247
654
98
696
225
522
466
35
739
52
361
1000
582
69
285
178
490
230
401
610
996
700
192
385
766
202
599
956
914
143
980
587
669
690
998
57
624
11
285
38
922
140
161
14
780
93
842
674
383
581
456
281
364
955
150
171
284
899
514
65
919
936
329
872
841
36
423
733
344
186
779
884
625
762
37
626
131
429
511
460
100
812
382
951
979
560
301
181
880
962
296
282
134
448
829
896
903
146
566
528
426
380
484
83
537
83
973
944
693
924
904
901
988
790
174
809
183
205
622
798
434
182
434
28
763
227
581
575
600
609
935
954
558
559
318
176
44
567
465
595
550
617
223
772
145
398
930
258
705
747
441
276
686
415
581
305
875
116
502
459
852
78
387
562
143
574
437
111
281
51
722
467
398
41
543
227
12
678
516
379
780
218
642
414
49
652
849
107
688
568
504
937
268
90
298
619
892
355
466
766
618
817
244
796
944
856
412
58
410
281
231
32
766
399
172
423
632
839
255
401
318
591
259
287
145
27
789
267
794
639
408
893
651
580
79
307
750
222
51
715
713
606
351
717
379
992
65
910
212
300
694
142
715
866
294
697
421
543
977
696
961
684
501
841
401
239
939
19
705
705
150
382
448
262
998
242
350
568
782
346
119
300
145
508
456
616
711
370
650
410
974
708
715
826
716
605
3
547
67
2
134
809
220
621
52
191
40
905
757
160
583
835
588
975
254
777
452
691
375
104
334
913
569
854
598
84
590
21
230
469
457
509
813
122
955
488
294
248
860
201
694
27
705
241
183
87
286
490
736
512
28
863
638
739
377
837
421
410
356
996
453
178
757
264
698
168
381
634
430
740
538
291
278
630
639
614
511
825
669
567
11
24
332
291
682
216
444
727
317
174
827
937
574
419
405
700
242
825
802
902
635
776
410
674
437
965
12
1
846
765
755
834
27
217
680
881
907
952
728
532
580
603
196
113
440
529
1
950
43
173
322
195
891
634
323
341
81
844
582
47
541
674
129
160
705
425
672
501
891
236
991
438
168
236
226
518
187
142
87
317
149
740
316
573
699
425
848
782
807
215
90
906
119
655
275
704
989
694
27
601
785
469
51
830
707
596
598
66
13
509
355
655
963
945
374
653
704
851
777
161
916
431
346
65
106
204
102
117
320
851
419
147
269
835
464
776
277
788
997
813
777
137
327
531
332
118
593
512
6
369
654
608
299
356
38
175
714
182
226
997
814
399
704
751
970
117
981
333
870
619
69
327
622
871
147
797
734
3
640
990
809
687
34
698
144
509
480
250
679
456
147
224
301
557
638
617
643
413
728
648
44
103
372
33
562
602
203
415
987
696
656
612
967
835
768
891
520
751
389
796
766
920
270
326
162
640
732
922
224
705
227
591
774
133
722
571
637
737
400
860
182
302
833
752
537
110
18
923
220
443
511
106
471
7
937
968
957
332
537
57
653
670
200
302
864
992
265
880
204
721
870
106
120
690
456
743
382
653
802
312
561
433
813
115
744
76
606
481
43
45
721
540
676
715
345
460
163
283
680
552
940
31
801
748
777
669
712
44
874
501
70
33
29
903
359
873
85
938
8
216
363
858
620
858
429
699
877
887
151
963
544
785
393
827
685
257
920
364
420
197
876
830
899
712
597
443
710
219
148
394
706
434
183
253
7
287
467
729
177
241
790
100
341
22
20
987
644
41
576
915
286
364
80
630
309
725
736
22
773
510
248
575
797
887
491
939
567
292
520
900
642
731
158
769
784
795
796
732
683
84
828
344
245
123
216
705
915
97
315
329
844
219
515
117
245
744
779
362
641
346
1000
192
169
256
937
995
942
289
554
878
922
162
803
924
374
201
860
287
860
912
404
62
244
43
766
729
650
821
185
672
356
651
108
78
676
986
413
401
308
984
341
147
924
111
912
113
309
983
387
179
94
613
551
60
289
733
133
921
847
751
469
168
208
376
407
288
571
195
35
605
339
191
626
393
328
323
848
734
455
974
639
307
134
712
988
611
597
696
53
768
315
798
447
89
582
696
749
17
909
613
426
420
430
305
803
144
179
351
554
469
860
15
857
318
57
639
504
31
187
661
955
907
488
779
213
487
164
95
907
682
626
92
985
257
172
848
288
719
689
700
627
460
887
284
270
941
193
311
75
77
109
74
913
33
700
989
654
337
382
860
420
762
450
7
981
520
657
156
738
18
793
51
421
472
859
232
743
87
354
532
62
402
540
498
387
816
161
649
582
443
871
552
908
608
600
103
831
353
545
617
199
156
540
883
648
745
838
216
232
917
663
799
375
123
827
57
193
748
930
658
379
693
361
34
673
567
552
612
875
236
611
730
496
905
500
367
917
565
979
970
640
23
795
618
368
553
361
329
567
514
944
141
877
675
722
951
206
287
433
348
890
451
443
782
34
473
879
797
930
131
889
975
386
336
907
942
754
788
645
658
81
702
641
385
547
322
944
356
468
710
865
602
640
983
443
623
232
85
106
157
131
101
652
856
356
567
519
926
269
340
844
341
570
568
11
373
663
11
914
404
729
217
414
5
45
777
587
119
850
548
135
827
390
547
331
583
198
331
337
604
808
392
82
139
771
627
178
724
322
227
745
608
967
261
923
891
1000
130
986
223
458
49
120
857
913
982
600
997
544
675
481
20
350
960
494
641
531
520
123
975
213
22
211
394
688
672
490
259
282
574
394
124
962
505
806
309
662
611
56
39
446
217
367
132
553
732
663
985
654
295
791
641
710
797
855
652
553
201
770
30
522
470
312
37
654
500
998
583
238
219
672
345
981
300
988
556
210
471
470
575
797
988
19
718
366
552
301
462
542
11
162
21
296
201
864
399
214
797
579
502
784
971
151
13
225
651
459
75
939
151
804
109
684
802
156
86
979
620
961
937
416
603
278
1000
531
55
593
14
385
471
749
73
433
288
36
847
717
323
616
787
736
529
520
243
705
932
281
506
329
940
406
430
515
987
164
651
602
465
135
595
450
86
949
559
812
629
54
613
210
585
678
827
744
354
54
108
453
973
864
64
704
477
710
586
795
716
237
996
456
876
640
333
951
38
93
735
602
966
41
610
497
120
401
673
754
985
671
836
460
455
968
97
231
241
577
434
288
433
305
985
439
666
726
893
400
674
847
919
888
247
800
576
681
450
975
444
241
488
908
363
921
784
727
529
785
847
596
197
280
285
152
603
648
488
647
675
132
767
245
244
268
535
485
894
196
142
114
154
258
755
564
329
734
883
768
637
930
771
677
10
528
389
700
189
250
199
847
445
426
336
372
272
325
496
202
26
720
532
497
537
684
691
90
261
151
844
181
53
694
188
482
836
865
830
775
557
894
531
502
986
180
51
30
398
935
520
242
323
962
284
666
589
806
864
149
431
50
219
894
234
348
315
82
274
505
937
400
434
238
362
831
493
387
839
383
687
208
8
572
679
46
779
713
4
466
137
690
776
890
384
432
68
732
957
243
37
637
797
169
786
895
453
162
152
651
271
365
523
933
291
873
476
392
555
55
735
518
400
674
144
192
922
990
356
466
38
255
993
407
174
683
12
521
937
506
472
577
816
385
250
146
597
827
242
845
194
719
735
313
427
188
736
651
625
14
34
408
393
921
463
919
161
176
700
523
262
607
238
179
544
240
235
268
87
66
65
717
127
598
283
165
990
889
707
609
308
547
748
466
145
331
890
342
740
150
701
826
980
929
842
230
416
584
493
611
544
607
78
953
661
58
766
305
21
577
334
744
785
704
901
464
125
244
359
758
166
58
762
50
407
702
500
413
678
719
102
522
830
486
620
1000
157
582
845
540
109
330
718
559
936
477
839
802
556
180
351
702
836
866
610
573
546
708
977
158
754
311
702
985
88
167
211
375
175
155
105
425
602
481
952
140
176
399
158
616
583
329
345
266
899
236
273
386
727
37
675
115
549
226
471
526
115
922
315
606
138
874
542
233
741
6
162
705
683
165
876
981
999
993
270
759
51
58
920
53
70
897
716
193
715
407
663
892
463
160
5
394
413
198
122
786
599
988
612
694
905
786
521
205
873
197
894
427
888
660
358
681
769
927
717
467
22
812
772
652
323
616
995
725
846
329
665
477
875
712
446
2
755
5
147
446
23
773
256
850
873
561
533
279
617
736
728
746
736
377
840
840
31
19
928
430
226
353
9
565
534
168
718
61
52
577
268
371
428
638
698
267
873
310
535
71
501
770
795
721
100
643
842
20
715
722
718
331
507
280
164
660
449
295
245
473
472
323
483
604
521
938
297
639
95
572
752
457
321
181
894
211
724
868
601
479
979
871
473
647
219
109
401
6
35
532
475
165
850
959
973
420
307
269
723
993
832
400
25
607
728
496
82
626
725
751
580
411
398
666
459
494
14
220
575
708
955
498
678
306
466
130
255
142
184
548
309
751
659
142
869
8
84
105
304
498
711
767
381
523
883
775
239
470
903
626
847
696
702
337
261
498
718
215
358
855
56
360
852
364
380
158
270
1
932
188
108
405
251
113
246
199
273
530
470
363
636
123
571
810
537
328
163
473
393
262
181
497
812
716
720
872
154
23
300
641
767
640
582
889
153
403
226
290
829
408
312
879
274
365
870
78
710
971
56
595
187
831
209
377
69
957
740
286
721
244
863
83
489
37
246
352
929
287
212
295
27
195
697
215
525
94
669
277
148
839
600
840
414
741
857
306
696
758
687
421
488
487
922
54
400
668
144
862
992
978
297
221
178
514
893
971
460
75
929
138
894
780
609
103
187
780
618
429
243
302
9
736
254
825
549
46
357
703
266
353
180
468
515
512
298
495
793
664
60
510
840
825
833
240
916
922
643
285
514
443
472
734
25
508
553
645
472
570
468
145
797
179
137
350
837
590
884
579
710
877
375
170
723
806
939
677
719
309
856
22
975
93
729
361
617
227
948
176
292
637
222
502
572
780
784
378
825
815
365
391
901
314
815
220
975
989
215
156
476
985
594
922
355
237
747
871
173
546
150
995
177
716
991
598
592
922
292
537
245
654
365
404
280
855
401
74
329
922
685
521
102
526
345
481
353
251
804
715
925
635
632
815
828
700
758
197
214
153
7
824
383
328
471
384
140
331
644
24
591
445
889
661
839
308
315
708
105
847
568
782
716
6
914
864
610
618
299
891
42
796
915
302
83
359
429
996
888
653
173
251
127
510
796
714
162
507
161
228
333
514
161
502
460
884
882
531
906
588
491
316
565
892
351
902
450
455
271
681
807
250
135
257
452
718
895
710
831
545
210
619
323
379
831
633
989
325
418
77
202
835
493
447
807
765
714
38
879
83
887
316
715
957
488
823
368
13
620
241
799
377
530
215
913
652
723
998
559
523
417
992
848
196
98
201
994
510
740
470
595
890
838
197
924
841
939
809
255
329
148
523
179
84
152
937
447
121
121
127
365
238
569
710
125
224
695
541
538
733
591
442
562
72
980
356
714
437
23
101
128
654
495
639
731
199
490
250
942
886
736
775
436
630
785
703
588
532
122
542
572
74
274
354
140
70
945
271
138
902
671
795
598
986
675
349
91
647
17
282
205
483
89
320
823
969
30
42
91
862
848
178
795
791
662
494
759
876
273
800
690
749
258
415
213
480
965
236
61
381
309
604
596
26
861
920
285
211
858
136
931
302
821
786
883
673
368
982
580
980
763
199
863
207
49
548
102
637
607
973
859
859
805
860
390
708
466
451
476
495
56
171
583
446
535
570
435
934
932
645
429
282
104
117
703
425
611
465
496
702
620
46
5
264
328
226
690
651
501
577
676
112
595
904
855
117
955
73
577
167
961
196
165
271
457
777
71
899
397
342
674
990
512
433
816
73
752
127
130
408
334
756
291
693
568
400
998
102
424
770
540
293
816
684
352
867
529
403
289
817
595
235
47
925
699
921
637
840
875
517
861
475
571
200
82
161
717
760
882
548
476
827
199
156
447
12
313
817
297
727
726
532
987
752
518
483
644
273
730
249
807
825
289
851
872
623
450
103
272
973
603
333
994
278
956
793
87
759
723
240
1000
664
202
5
491
901
920
298
284
620
429
690
865
97
558
947
743
536
398
73
778
743
946
689
620
135
932
12
775
283
62
973
947
495
888
808
480
215
486
102
315
891
76
394
647
611
16
612
229
420
514
863
670
770
852
206
32
387
134
984
319
234
459
541
746
296
760
609
394
600
558
600
384
42
425
536
636
963
389
583
333
900
734
105
688
855
803
668
559
817
723
145
538
215
159
228
80
144
728
20
629
123
348
237
267
556
269
546
451
239
154
557
570
304
843
185
911
460
15
874
177
129
968
117
450
877
345
78
803
998
770
61
852
533
517
827
637
174
125
804
475
792
557
261
985
815
67
384
927
879
635
210
698
817
133
249
172
651
178
82
720
753
648
177
667
234
504
424
37
424
268
533
886
863
441
995
49
562
714
249
122
665
822
997
409
425
974
118
529
199
939
959
713
180
153
785
613
223
74
916
209
21
445
995
548
442
505
343
183
918
407
551
344
33
261
693
340
538
549
559
239
823
187
168
403
193
529
938
837
134
886
658
601
521
25
73
730
922
81
814
579
666
704
376
902
423
889
688
565
164
252
812
109
456
624
275
166
540
98
17
187
136
653
779
48
578
829
964
456
243
239
907
63
582
731
799
426
760
660
87
765
311
905
338
443
242
60
703
553
785
622
214
72
231
136
976
258
92
527
18
538
