922
484 485
554 556
449 450
531 532
298 299
55 56
828 830
155 156
609 610
124 125
290 291
343 345
790 791
447 448
77 78
719 720
253 254
121 122
68 69
597 599
36 37
255 256
242 243
56 58
581 583
45 46
415 416
95 97
481 482
728 729
868 869
884 886
120 121
466 467
423 424
700 701
551 552
40 42
705 706
701 702
72 74
254 256
767 769
677 678
753 755
521 522
281 282
815 816
71 73
492 494
702 704
372 374
469 470
122 124
537 538
166 167
496 497
614 616
635 637
493 495
399 401
305 306
723 725
858 860
700 702
811 813
357 360
398 399
21 24
813 815
583 584
503 504
768 770
530 532
235 237
136 138
177 178
714 715
441 443
813 815
834 835
720 721
172 173
12 13
51 53
443 444
110 111
776 778
591 592
688 689
793 794
252 253
533 534
82 83
239 240
784 785
557 558
735 736
311 313
791 793
499 501
852 853
697 698
49 50
895 897
656 657
397 399
232 234
38 40
525 526
259 260
627 629
186 187
82 83
542 543
589 590
816 817
866 868
136 138
553 554
880 881
248 249
559 560
520 521
567 568
864 866
100 102
829 830
823 825
851 853
506 507
165 166
102 104
594 596
613 615
771 772
424 426
380 382
574 575
105 106
181 182
482 483
871 872
348 349
528 529
318 319
566 568
654 656
877 879
491 492
769 770
171 173
870 871
856 857
148 149
71 72
32 33
42 43
213 214
796 797
53 54
565 566
333 334
14 15
781 783
317 318
641 643
130 131
379 381
385 387
286 288
158 160
355 356
394 395
48 49
276 278
232 234
820 821
184 185
497 498
583 585
688 690
802 804
704 705
343 344
327 328
601 602
633 634
793 794
886 887
284 286
36 37
547 548
26 27
168 169
15 17
34 36
548 549
311 312
14 16
681 683
249 251
767 769
570 571
306 307
628 630
273 274
433 435
679 680
734 735
72 73
639 640
686 687
732 733
692 693
156 157
789 790
281 283
101 102
114 116
412 413
162 164
818 819
294 295
686 687
440 441
81 82
350 351
768 769
674 676
258 259
782 783
376 377
269 270
468 469
651 653
349 350
134 135
582 583
48 49
267 269
304 305
336 337
721 722
131 134
461 462
407 409
665 666
691 692
512 513
80 81
136 137
127 128
551 553
17 18
471 473
323 325
338 339
439 441
566 567
651 653
434 436
211 212
215 216
245 246
652 653
621 622
869 870
158 160
664 665
876 877
724 725
848 849
647 648
425 427
563 564
1 2
544 545
113 114
18 20
613 615
50 51
292 293
788 790
744 746
544 546
799 800
558 559
25 26
857 858
854 856
175 176
748 749
695 696
175 177
767 768
229 230
577 578
642 643
630 631
72 73
799 800
543 544
203 205
494 495
459 460
41 43
724 726
14 16
140 142
416 418
263 264
550 551
761 762
84 85
858 859
671 672
736 737
170 171
185 186
528 529
871 872
222 223
651 652
799 800
452 453
205 206
672 673
25 26
127 128
266 267
240 241
706 707
826 827
142 143
73 75
637 638
362 364
534 535
297 299
4 5
536 537
765 767
596 598
283 284
341 343
716 717
76 78
653 654
521 522
614 615
219 220
413 415
218 220
452 454
555 556
42 44
486 487
153 154
291 293
412 413
365 366
832 833
444 445
626 627
772 773
151 152
251 252
370 372
446 447
535 536
664 665
88 89
717 718
437 439
868 869
652 653
363 364
687 688
656 658
572 573
667 668
69 70
46 47
495 496
740 741
776 777
344 345
147 148
77 78
13 14
8 9
762 763
622 625
500 502
138 140
644 646
817 818
356 357
267 268
227 228
114 116
583 584
698 699
525 526
587 588
393 394
892 894
322 324
808 810
213 214
26 27
480 481
295 296
846 847
24 26
629 630
148 149
467 468
516 517
837 838
488 490
388 389
409 410
774 776
546 547
666 667
340 342
781 782
883 884
190 191
734 735
158 159
895 897
516 518
691 693
34 35
800 801
247 249
322 323
119 120
659 660
403 404
432 433
434 436
282 283
228 229
422 423
291 292
789 790
502 503
726 728
618 620
178 179
59 60
170 172
389 391
792 794
829 830
662 663
136 137
460 462
532 534
543 545
706 707
321 322
218 219
605 606
861 862
189 190
683 685
68 70
708 710
125 127
867 868
506 508
226 228
159 160
694 695
345 347
533 534
477 478
279 280
65 67
474 476
741 742
708 709
337 338
145 146
897 899
177 179
461 463
715 717
416 418
342 343
92 93
881 882
837 838
386 387
339 341
63 64
217 218
860 861
600 602
80 81
757 758
637 638
361 363
849 851
803 804
743 744
504 505
751 752
399 401
538 540
420 421
575 576
804 805
616 617
286 288
666 668
334 336
398 399
382 383
838 839
795 796
4 5
240 241
651 652
413 415
545 546
186 188
77 78
710 711
564 565
374 376
396 397
630 632
779 780
610 611
153 155
725 727
509 510
258 259
316 318
380 382
749 750
659 660
493 495
117 118
826 827
634 636
507 508
611 612
599 600
751 753
830 832
125 126
431 433
423 424
441 442
616 618
419 420
745 746
518 519
769 771
785 786
244 246
684 685
105 107
376 377
54 55
262 263
161 162
162 163
580 582
256 257
873 874
221 223
173 174
802 804
193 195
597 598
2 4
261 263
312 313
527 528
352 353
181 184
170 171
567 568
891 893
881 882
636 638
500 501
698 700
562 563
366 367
508 510
390 391
551 552
284 286
606 608
223 224
425 429
854 855
326 327
157 158
50 51
875 876
660 662
61 63
298 299
549 550
802 803
691 693
169 170
447 448
126 127
522 523
669 670
700 701
100 101
487 489
676 677
278 279
21 22
649 651
37 38
201 202
510 511
289 291
435 436
888 890
325 326
722 723
670 672
893 894
285 287
474 477
106 107
625 626
431 432
112 114
79 80
646 647
850 852
760 761
788 789
79 80
250 252
532 533
390 393
482 484
513 515
237 238
159 160
681 682
600 601
246 247
555 557
212 213
366 367
156 157
839 840
759 761
894 895
276 277
129 131
646 647
730 731
606 607
233 234
477 478
421 423
349 351
859 860
819 820
659 661
303 304
757 758
873 875
167 168
216 217
115 116
853 854
484 485
380 381
526 527
227 229
560 561
314 315
683 684
103 105
410 411
876 878
376 377
731 732
608 609
150 151
818 820
310 312
879 880
524 526
401 402
406 407
687 689
754 755
97 98
488 490
884 885
354 355
551 553
264 265
309 311
130 131
98 99
739 740
750 751
842 843
455 456
209 210
207 208
108 109
225 226
205 207
842 843
755 756
823 824
310 312
876 878
777 779
436 437
799 801
534 535
669 670
353 354
465 466
851 852
407 409
397 398
460 461
116 117
678 679
468 469
594 595
576 577
676 678
795 796
300 302
192 194
144 145
833 835
795 796
7 8
245 246
69 70
567 568
265 266
250 251
9 10
432 434
281 282
404 405
763 765
448 449
568 569
209 210
541 542
734 735
92 94
719 720
702 704
279 280
644 646
5 6
395 396
385 387
180 182
745 747
102 104
792 793
59 60
531 532
372 373
318 319
285 286
519 520
145 147
393 395
190 191
578 580
806 807
233 235
807 808
199 200
328 329
338 339
680 681
825 826
226 228
723 724
845 846
513 515
263 264
758 760
786 787
729 730
271 272
522 524
41 42
847 848
93 94
463 464
3 4
225 227
531 532
773 774
618 619
9 11
822 823
473 474
748 750
604 605
361 362
351 352
197 198
86 88
2 4
790 791
501 502
257 258
690 691
718 719
282 283
89 90
614 616
294 295
854 855
238 239
142 143
835 836
330 332
214 215
595 596
70 72
449 451
693 695
452 453
862 863
160 162
126 127
335 337
883 884
676 677
672 673
451 453
186 188
109 110
261 262
838 839
301 303
879 880
429 430
261 262
192 193
107 108
480 481
872 873
52 53
572 573
66 68
486 488
637 639
726 727
619 620
66 67
552 553
499 500
378 379
43 44
765 766
305 307
783 784
887 889
40 42
100 101
519 520
611 613
817 819
29 30
99 100
756 757
353 354
274 275
573 575
658 659
650 651
195 196
602 603
258 260
499 500
805 806
64 65
137 138
293 295
74 75
399 401
612 613
804 805
768 769
791 793
711 712
790 791
588 590
629 630
825 826
339 340
451 452
580 581
809 810
732 733
