974
28 772
415 889
477 894
20 531
10 789
147 524
52 726
174 710
303 857
190 897
392 692
281 995
458 841
147 796
430 681
304 891
482 602
5 917
52 573
208 594
178 790
59 991
199 908
2 692
45 761
191 898
218 968
208 529
402 934
246 593
396 526
398 780
259 575
161 881
292 935
180 776
455 794
372 653
303 886
177 589
461 936
49 850
189 916
224 909
233 603
89 953
250 886
322 771
365 675
175 823
28 562
237 780
73 578
389 620
472 810
192 821
292 707
138 619
93 511
442 833
217 751
121 910
477 824
355 895
164 653
214 580
418 773
170 844
44 792
98 657
376 899
42 705
372 832
41 638
283 825
245 523
181 586
361 599
158 893
111 734
45 613
350 626
84 610
339 844
209 498
138 498
385 856
166 902
390 950
47 585
38 928
85 965
378 917
448 843
214 671
154 897
431 665
126 583
407 840
40 932
232 581
57 709
346 961
194 497
316 505
327 742
254 629
35 756
37 693
235 493
46 710
40 719
271 851
74 730
67 547
224 667
423 732
134 652
377 838
478 751
20 516
131 643
263 677
277 785
157 900
480 528
291 506
336 645
51 947
234 616
378 515
26 591
382 823
334 515
36 925
143 689
373 760
43 485
221 678
91 945
469 860
272 842
296 790
51 583
107 510
5 642
95 922
231 720
246 798
49 728
49 590
397 779
194 757
459 781
224 673
199 735
321 877
84 724
45 800
82 510
233 842
424 886
393 724
77 610
98 799
25 819
348 576
122 627
355 884
84 702
209 797
73 698
341 778
84 863
208 625
48 688
150 615
475 762
305 919
46 525
402 988
237 545
381 540
15 586
360 724
425 705
145 873
391 551
460 713
473 631
424 585
59 496
313 950
350 949
10 638
98 653
469 651
73 751
462 614
469 514
253 547
188 747
230 784
176 754
48 563
441 745
245 965
43 860
105 823
213 706
168 803
245 568
176 808
162 879
289 966
232 650
131 724
179 571
134 560
223 724
186 604
409 510
112 784
55 952
146 933
345 726
286 838
112 852
344 802
362 669
394 510
111 566
160 715
214 852
387 974
233 562
302 656
244 837
186 570
291 733
110 542
303 538
229 774
423 835
368 727
423 641
371 710
458 946
121 735
418 852
112 776
332 855
354 577
341 779
82 927
140 506
184 977
82 735
370 868
54 705
123 489
346 543
148 797
484 500
89 569
60 558
425 751
266 869
245 904
329 500
69 511
292 806
221 900
259 954
311 486
34 826
63 718
377 687
155 961
258 504
246 489
429 513
97 991
457 808
280 858
79 994
48 732
308 816
167 608
270 838
252 555
235 577
406 959
322 510
61 987
367 589
3 724
11 500
155 845
153 666
183 850
91 838
85 947
206 929
185 894
213 750
111 673
102 547
28 870
113 670
48 845
210 971
198 561
139 642
368 821
147 496
132 554
466 925
41 747
382 595
185 827
200 945
174 663
3 856
90 699
292 508
95 611
358 854
106 490
326 864
211 699
337 982
236 695
441 533
295 772
339 818
223 785
207 591
185 666
257 796
364 693
290 664
302 610
23 953
48 496
222 722
410 899
315 874
442 559
142 955
406 628
183 696
409 854
77 755
332 646
397 541
177 642
405 658
59 648
101 849
242 913
4 754
270 843
242 792
162 941
350 720
236 914
462 569
431 716
237 801
171 486
199 506
220 704
415 807
98 971
230 577
78 700
331 837
119 639
372 618
449 568
317 721
65 725
140 871
260 995
267 697
428 980
211 537
251 787
185 813
20 672
95 688
92 838
261 828
432 737
263 919
427 981
78 698
119 603
446 753
62 607
329 922
158 555
399 957
256 487
88 688
415 908
116 822
304 815
382 633
382 621
288 768
279 930
387 953
243 902
168 745
482 834
51 555
165 775
391 925
152 702
178 916
39 878
379 920
195 787
401 627
351 626
17 527
177 729
34 958
237 853
227 956
241 972
302 761
371 553
312 915
446 585
482 509
442 589
373 768
102 777
64 751
423 806
76 870
176 914
429 661
250 937
172 606
303 600
468 834
171 584
405 922
302 789
267 764
119 911
110 504
227 520
428 911
184 649
360 529
272 645
66 498
152 673
130 910
254 627
290 753
69 722
332 966
155 619
475 663
354 855
67 659
178 791
74 749
243 822
169 494
96 952
115 947
363 552
393 826
114 700
273 958
440 633
262 846
465 894
379 629
38 887
129 686
10 761
157 738
245 722
302 817
95 622
198 536
80 695
120 674
424 777
245 819
22 880
384 674
258 515
365 955
293 829
343 515
264 819
55 546
424 750
114 990
375 962
158 678
155 830
328 778
84 756
270 504
344 729
268 576
371 668
145 933
368 496
360 555
396 976
41 720
454 736
139 858
123 974
17 929
288 491
222 940
304 757
364 558
373 998
371 914
139 766
381 790
316 551
0 663
264 505
283 800
1 492
290 849
430 537
208 743
239 760
118 565
98 625
272 939
369 631
139 980
372 617
49 627
412 604
87 710
290 614
64 801
146 558
255 486
352 704
279 711
369 856
339 882
188 504
72 745
476 769
454 496
317 748
114 915
255 626
50 924
200 929
120 581
398 762
148 754
24 568
391 855
208 920
42 558
332 907
185 876
478 539
481 535
230 606
172 866
114 665
250 786
404 840
388 549
432 518
371 775
207 922
235 930
335 625
338 881
158 658
389 885
336 583
136 733
179 867
223 976
202 713
357 669
41 915
183 893
16 836
353 854
55 930
377 511
374 582
316 665
146 734
154 697
206 544
178 858
115 598
221 839
42 991
234 484
470 709
391 820
308 911
163 543
459 884
128 570
452 893
255 875
260 736
306 728
73 625
292 501
243 755
379 592
390 907
482 654
93 608
63 920
280 555
431 784
120 589
98 710
411 915
299 678
59 499
307 813
330 637
417 586
474 653
299 750
76 876
112 976
354 932
209 811
82 813
21 484
458 885
67 681
312 589
122 522
163 838
393 486
90 730
2 793
474 509
390 886
96 663
4 630
451 728
37 939
189 782
33 858
119 900
468 624
415 956
370 504
116 765
411 844
333 661
430 544
434 880
364 592
366 590
44 747
248 556
417 955
352 917
152 885
120 537
461 721
195 971
198 710
268 967
483 818
376 986
456 620
314 700
290 808
258 734
174 588
334 888
174 717
308 898
212 808
27 790
20 755
418 984
94 576
472 624
464 793
186 939
392 847
113 718
350 683
293 929
217 504
453 613
277 773
461 825
65 638
370 517
260 759
359 911
158 875
124 513
482 1000
382 568
271 941
394 507
323 671
44 872
150 766
78 948
4 519
21 513
331 938
220 748
42 915
25 928
13 607
89 868
399 956
342 555
329 516
6 664
355 938
359 545
292 992
53 909
51 745
86 879
392 508
423 732
331 693
368 725
347 762
94 569
300 609
20 752
307 564
112 863
210 970
301 628
341 839
144 717
330 911
232 832
290 765
74 519
119 744
66 882
3 917
216 905
275 860
106 699
280 563
384 645
192 782
271 933
56 815
479 974
169 743
229 766
284 842
460 956
417 533
391 569
148 511
399 725
280 702
202 909
124 543
176 999
113 847
325 933
53 817
422 946
183 670
158 852
448 625
110 988
194 985
24 993
459 707
289 975
470 504
482 520
261 645
73 506
193 496
28 709
83 832
441 811
73 852
329 953
274 725
146 565
223 987
142 664
412 867
117 871
431 905
273 983
452 802
14 780
374 977
124 967
404 602
281 891
331 875
253 917
169 817
312 933
165 796
134 699
183 684
52 838
20 749
295 868
218 796
176 538
235 618
337 567
95 775
143 955
96 743
244 567
449 741
160 557
337 901
134 876
30 656
66 625
388 742
316 985
76 597
227 677
27 604
191 952
458 734
376 939
203 655
466 534
166 727
250 871
68 637
51 979
106 808
269 956
4 685
309 516
89 491
295 516
38 504
212 552
135 667
157 598
474 766
85 718
40 676
366 874
269 593
322 993
28 551
292 659
415 686
26 928
430 901
386 909
174 753
79 709
327 541
179 543
242 735
346 817
449 574
443 499
73 927
187 505
287 964
164 943
147 944
32 796
301 968
358 935
139 820
135 762
86 972
428 575
165 538
73 849
266 617
5 658
189 986
483 684
114 635
194 793
24 863
31 781
134 854
139 901
405 960
424 662
135 977
108 832
294 944
135 995
432 557
253 997
129 805
411 588
423 791
334 903
167 813
101 699
10 629
251 825
472 943
173 786
465 646
425 613
173 539
101 582
345 650
338 678
6 519
58 510
118 553
264 673
235 987
417 517
403 546
271 655
23 876
87 615
461 997
38 663
102 599
473 775
290 690
368 531
330 682
104 984
140 709
393 625
114 941
111 563
481 587
42 715
130 994
392 874
153 716
309 504
67 544
471 688
333 571
452 789
219 807
