957
879 1000
52 1000
265 1000
57 1000
25 1000
46 1000
800 1000
803 1000
417 1000
891 1000
267 1000
734 1000
681 1000
40 1000
717 1000
311 1000
488 1000
968 1000
991 1000
325 1000
114 1000
604 1000
429 1000
806 1000
134 1000
131 1000
799 1000
439 1000
862 1000
580 1000
573 1000
533 1000
916 1000
511 1000
458 1000
185 1000
323 1000
827 1000
132 1000
869 1000
173 1000
809 1000
23 1000
607 1000
323 1000
516 1000
745 1000
902 1000
85 1000
302 1000
744 1000
394 1000
249 1000
828 1000
23 1000
655 1000
437 1000
514 1000
855 1000
738 1000
751 1000
302 1000
114 1000
815 1000
405 1000
551 1000
869 1000
908 1000
763 1000
669 1000
882 1000
967 1000
256 1000
938 1000
527 1000
718 1000
596 1000
693 1000
606 1000
265 1000
704 1000
766 1000
820 1000
136 1000
766 1000
298 1000
782 1000
924 1000
856 1000
703 1000
800 1000
327 1000
107 1000
597 1000
374 1000
382 1000
564 1000
82 1000
602 1000
438 1000
752 1000
159 1000
735 1000
172 1000
523 1000
172 1000
488 1000
714 1000
714 1000
215 1000
338 1000
732 1000
350 1000
205 1000
504 1000
320 1000
150 1000
536 1000
905 1000
382 1000
422 1000
794 1000
262 1000
48 1000
67 1000
851 1000
2 1000
520 1000
163 1000
923 1000
762 1000
855 1000
935 1000
920 1000
820 1000
546 1000
971 1000
259 1000
850 1000
937 1000
264 1000
524 1000
588 1000
17 1000
545 1000
290 1000
991 1000
727 1000
547 1000
197 1000
996 1000
506 1000
421 1000
410 1000
471 1000
567 1000
857 1000
308 1000
611 1000
557 1000
760 1000
98 1000
251 1000
529 1000
515 1000
858 1000
308 1000
180 1000
574 1000
243 1000
32 1000
598 1000
482 1000
750 1000
136 1000
454 1000
463 1000
728 1000
754 1000
514 1000
501 1000
978 1000
74 1000
700 1000
71 1000
916 1000
447 1000
539 1000
849 1000
611 1000
904 1000
272 1000
629 1000
608 1000
891 1000
535 1000
494 1000
292 1000
103 1000
515 1000
759 1000
707 1000
580 1000
962 1000
861 1000
564 1000
796 1000
190 1000
779 1000
445 1000
623 1000
952 1000
554 1000
574 1000
409 1000
621 1000
857 1000
756 1000
178 1000
471 1000
581 1000
48 1000
698 1000
57 1000
393 1000
807 1000
998 1000
830 1000
249 1000
724 1000
201 1000
587 1000
631 1000
197 1000
46 1000
365 1000
384 1000
181 1000
948 1000
655 1000
783 1000
93 1000
201 1000
547 1000
77 1000
814 1000
631 1000
699 1000
219 1000
261 1000
911 1000
164 1000
501 1000
629 1000
334 1000
698 1000
84 1000
423 1000
647 1000
207 1000
15 1000
879 1000
652 1000
387 1000
369 1000
35 1000
515 1000
6 1000
725 1000
784 1000
776 1000
645 1000
84 1000
540 1000
676 1000
911 1000
457 1000
720 1000
573 1000
628 1000
885 1000
887 1000
212 1000
389 1000
671 1000
71 1000
899 1000
715 1000
529 1000
320 1000
97 1000
636 1000
952 1000
791 1000
521 1000
870 1000
29 1000
518 1000
671 1000
128 1000
476 1000
729 1000
385 1000
646 1000
148 1000
575 1000
119 1000
149 1000
680 1000
730 1000
428 1000
878 1000
713 1000
508 1000
974 1000
453 1000
490 1000
246 1000
842 1000
800 1000
482 1000
179 1000
936 1000
77 1000
753 1000
842 1000
38 1000
835 1000
5 1000
314 1000
905 1000
276 1000
510 1000
599 1000
284 1000
758 1000
975 1000
190 1000
469 1000
427 1000
491 1000
446 1000
702 1000
377 1000
328 1000
256 1000
111 1000
648 1000
396 1000
633 1000
942 1000
241 1000
974 1000
488 1000
239 1000
701 1000
934 1000
914 1000
364 1000
330 1000
699 1000
262 1000
64 1000
82 1000
618 1000
550 1000
331 1000
848 1000
150 1000
211 1000
494 1000
714 1000
471 1000
579 1000
944 1000
275 1000
358 1000
2 1000
143 1000
365 1000
586 1000
111 1000
266 1000
827 1000
907 1000
759 1000
844 1000
263 1000
621 1000
505 1000
47 1000
53 1000
120 1000
725 1000
593 1000
127 1000
389 1000
239 1000
469 1000
39 1000
611 1000
912 1000
601 1000
562 1000
772 1000
773 1000
247 1000
315 1000
729 1000
122 1000
977 1000
506 1000
229 1000
441 1000
802 1000
771 1000
155 1000
8 1000
256 1000
561 1000
476 1000
487 1000
761 1000
406 1000
680 1000
754 1000
400 1000
484 1000
608 1000
507 1000
696 1000
728 1000
920 1000
311 1000
745 1000
961 1000
41 1000
635 1000
791 1000
583 1000
431 1000
7 1000
461 1000
901 1000
117 1000
406 1000
79 1000
942 1000
251 1000
724 1000
595 1000
473 1000
217 1000
241 1000
319 1000
704 1000
420 1000
370 1000
783 1000
448 1000
902 1000
835 1000
289 1000
440 1000
136 1000
767 1000
107 1000
489 1000
388 1000
944 1000
321 1000
89 1000
697 1000
592 1000
411 1000
330 1000
773 1000
7 1000
774 1000
559 1000
188 1000
678 1000
309 1000
853 1000
694 1000
541 1000
495 1000
134 1000
745 1000
243 1000
154 1000
795 1000
143 1000
306 1000
194 1000
106 1000
716 1000
512 1000
311 1000
976 1000
314 1000
630 1000
206 1000
387 1000
359 1000
849 1000
103 1000
827 1000
476 1000
437 1000
910 1000
458 1000
738 1000
729 1000
160 1000
797 1000
444 1000
712 1000
792 1000
861 1000
280 1000
876 1000
763 1000
108 1000
759 1000
36 1000
785 1000
715 1000
938 1000
681 1000
311 1000
784 1000
63 1000
324 1000
474 1000
879 1000
825 1000
130 1000
221 1000
942 1000
900 1000
810 1000
892 1000
934 1000
814 1000
642 1000
410 1000
840 1000
398 1000
826 1000
410 1000
928 1000
976 1000
883 1000
526 1000
864 1000
734 1000
766 1000
43 1000
104 1000
266 1000
595 1000
328 1000
84 1000
714 1000
326 1000
181 1000
433 1000
113 1000
537 1000
129 1000
92 1000
907 1000
453 1000
248 1000
206 1000
210 1000
414 1000
535 1000
679 1000
98 1000
70 1000
179 1000
403 1000
150 1000
967 1000
870 1000
852 1000
754 1000
679 1000
543 1000
243 1000
132 1000
903 1000
679 1000
646 1000
675 1000
842 1000
624 1000
431 1000
80 1000
759 1000
991 1000
741 1000
841 1000
901 1000
364 1000
967 1000
795 1000
963 1000
997 1000
783 1000
87 1000
34 1000
299 1000
864 1000
837 1000
647 1000
376 1000
123 1000
450 1000
777 1000
132 1000
38 1000
841 1000
932 1000
717 1000
729 1000
288 1000
48 1000
477 1000
731 1000
91 1000
729 1000
356 1000
799 1000
71 1000
980 1000
287 1000
926 1000
835 1000
286 1000
279 1000
794 1000
696 1000
960 1000
455 1000
113 1000
414 1000
769 1000
226 1000
137 1000
432 1000
922 1000
816 1000
148 1000
404 1000
832 1000
173 1000
206 1000
672 1000
428 1000
653 1000
283 1000
728 1000
538 1000
603 1000
155 1000
1 1000
697 1000
836 1000
950 1000
917 1000
303 1000
762 1000
763 1000
59 1000
925 1000
133 1000
437 1000
743 1000
306 1000
928 1000
556 1000
984 1000
862 1000
750 1000
818 1000
769 1000
249 1000
990 1000
767 1000
487 1000
921 1000
148 1000
193 1000
267 1000
837 1000
989 1000
328 1000
799 1000
522 1000
149 1000
69 1000
907 1000
426 1000
510 1000
576 1000
403 1000
484 1000
808 1000
669 1000
891 1000
529 1000
636 1000
953 1000
84 1000
759 1000
925 1000
519 1000
429 1000
235 1000
500 1000
844 1000
574 1000
518 1000
716 1000
822 1000
525 1000
224 1000
693 1000
217 1000
663 1000
600 1000
777 1000
45 1000
113 1000
59 1000
583 1000
700 1000
954 1000
470 1000
797 1000
369 1000
855 1000
527 1000
672 1000
789 1000
386 1000
766 1000
912 1000
892 1000
345 1000
300 1000
293 1000
220 1000
612 1000
200 1000
991 1000
317 1000
370 1000
258 1000
146 1000
340 1000
449 1000
919 1000
324 1000
978 1000
358 1000
523 1000
384 1000
305 1000
274 1000
427 1000
224 1000
128 1000
901 1000
38 1000
708 1000
466 1000
997 1000
859 1000
739 1000
724 1000
30 1000
748 1000
731 1000
163 1000
73 1000
153 1000
454 1000
789 1000
938 1000
192 1000
314 1000
823 1000
118 1000
2 1000
139 1000
240 1000
764 1000
215 1000
459 1000
210 1000
321 1000
919 1000
209 1000
785 1000
555 1000
217 1000
608 1000
156 1000
460 1000
595 1000
870 1000
863 1000
998 1000
49 1000
502 1000
757 1000
385 1000
42 1000
564 1000
116 1000
220 1000
432 1000
473 1000
875 1000
568 1000
975 1000
529 1000
160 1000
744 1000
121 1000
413 1000
334 1000
233 1000
460 1000
539 1000
720 1000
865 1000
500 1000
725 1000
29 1000
331 1000
353 1000
821 1000
646 1000
379 1000
12 1000
993 1000
922 1000
941 1000
977 1000
520 1000
970 1000
718 1000
813 1000
907 1000
638 1000
969 1000
270 1000
281 1000
299 1000
288 1000
436 1000
552 1000
932 1000
866 1000
308 1000
347 1000
79 1000
394 1000
265 1000
869 1000
55 1000
924 1000
108 1000
797 1000
641 1000
579 1000
697 1000
559 1000
384 1000
72 1000
932 1000
140 1000
22 1000
635 1000
70 1000
494 1000
204 1000
273 1000
66 1000
563 1000
765 1000
439 1000
128 1000
43 1000
730 1000
24 1000
99 1000
731 1000
60 1000
6 1000
590 1000
250 1000
115 1000
41 1000
402 1000
708 1000
407 1000
402 1000
503 1000
779 1000
180 1000
479 1000
981 1000
624 1000
865 1000
262 1000
510 1000
496 1000
555 1000
294 1000
620 1000
568 1000
746 1000
655 1000
878 1000
822 1000
557 1000
642 1000
46 1000
127 1000
163 1000
877 1000
867 1000
164 1000
265 1000
928 1000
36 1000
183 1000
263 1000
505 1000
836 1000
574 1000
5 1000
773 1000
664 1000
969 1000
347 1000
509 1000
225 1000
836 1000
257 1000
726 1000
