1000
98 903
393 607
221 779
139 862
124 876
269 732
381 620
218 782
207 794
495 506
188 812
249 752
360 640
424 576
272 729
171 830
395 606
250 750
49 951
321 680
256 745
396 605
269 731
309 692
252 749
173 827
403 597
65 935
95 906
499 502
147 853
0 1000
415 585
335 666
346 654
478 523
178 822
190 810
91 909
348 653
477 523
126 874
338 662
206 795
374 626
267 733
45 955
180 820
23 977
239 761
457 544
99 901
92 909
368 633
467 533
354 647
12 989
228 773
480 521
288 713
61 940
448 552
108 893
212 788
2 998
489 511
298 702
264 737
367 633
79 921
208 792
216 784
372 628
440 560
301 699
397 604
20 981
116 885
272 728
119 882
465 536
318 682
11 990
82 918
3 997
339 662
184 816
379 622
6 994
39 961
291 710
89 911
293 707
128 873
198 803
70 931
304 696
436 564
23 978
245 756
44 957
196 804
12 988
433 567
62 939
68 933
88 913
376 624
458 542
4 996
357 643
359 641
165 835
437 563
312 689
217 783
153 848
488 513
129 871
422 578
443 557
408 593
345 655
364 636
458 543
211 789
50 950
482 519
337 664
444 557
69 932
273 727
380 621
368 632
7 993
84 916
399 601
10 991
438 563
276 725
416 585
105 896
110 891
282 719
149 851
201 799
370 631
85 916
240 761
38 963
410 590
336 664
464 537
203 797
214 787
366 635
91 910
15 985
404 597
176 824
399 602
60 940
234 767
494 507
417 584
17 984
161 840
192 808
148 853
375 625
119 881
124 877
61 939
194 806
367 634
248 753
479 522
258 742
156 844
37 964
129 872
230 770
49 952
209 791
250 751
490 511
497 503
183 817
47 953
465 535
386 614
292 708
18 983
103 898
195 805
449 551
373 627
118 882
323 678
316 685
154 846
446 554
204 796
9 991
384 617
176 825
476 525
241 759
406 594
401 600
33 967
95 905
354 646
249 751
36 964
311 689
247 753
45 956
483 517
100 901
437 564
29 971
336 665
281 720
243 757
452 548
440 561
327 673
24 976
147 854
341 659
105 895
38 962
325 676
73 928
306 694
356 644
132 869
138 863
54 946
123 877
54 947
169 832
459 541
187 813
496 504
189 811
285 715
433 568
375 626
182 819
456 545
275 726
2 999
262 739
270 731
110 890
1 1000
141 859
461 539
5 996
7 994
295 706
474 527
28 972
93 907
315 686
57 944
159 842
383 617
263 738
319 682
338 663
209 792
173 828
198 802
77 923
22 978
390 610
229 772
150 850
181 819
466 534
309 691
468 533
76 924
161 839
167 833
4 997
235 765
384 616
271 729
492 508
296 704
236 765
146 855
494 506
21 979
162 838
277 723
142 859
251 749
498 502
185 816
472 529
126 875
67 933
410 591
359 642
27 974
102 899
253 747
355 645
301 700
274 726
174 826
358 642
101 900
67 934
461 540
166 835
191 809
208 793
370 630
189 812
341 660
16 984
291 709
237 764
151 850
394 607
251 750
334 667
231 769
174 827
350 651
181 820
262 738
454 546
127 873
443 558
491 509
133 867
308 693
51 949
396 604
132 868
231 770
428 572
134 867
411 589
31 970
63 937
283 717
470 530
102 898
442 559
175 826
27 973
131 869
487 514
111 890
123 878
287 714
392 608
297 703
434 567
117 884
94 907
68 932
305 696
96 904
242 758
70 930
423 578
140 861
378 622
184 817
441 559
333 667
11 989
331 670
138 862
179 822
20 980
41 960
48 953
1 999
417 583
420 581
212 789
246 754
267 734
469 531
340 660
313 688
485 515
63 938
264 736
33 968
15 986
122 878
306 695
179 821
72 928
482 518
106 894
199 802
352 648
425 575
36 965
330 670
236 764
235 766
39 962
144 857
303 697
32 968
248 752
346 655
185 815
26 974
308 692
499 501
261 740
229 771
281 719
268 732
344 656
474 526
30 971
481 519
293 708
73 927
438 562
323 677
224 777
265 736
77 924
56 944
282 718
149 852
255 746
219 781
490 510
213 788
373 628
144 856
313 687
154 847
362 638
330 671
168 832
164 836
332 669
304 697
361 639
372 629
228 772
37 963
462 539
486 514
59 941
81 920
276 724
202 798
496 505
259 742
387 613
53 947
335 665
344 657
100 900
423 577
120 881
365 635
217 784
112 888
170 830
166 834
230 771
386 615
369 631
117 883
452 549
47 954
24 977
107 894
492 509
289 711
486 515
34 967
412 588
137 863
252 748
134 866
89 912
326 674
46 954
484 516
333 668
451 549
96 905
153 847
493 507
200 800
453 548
434 566
427 574
157 844
315 685
78 922
152 849
431 569
411 590
80 920
46 955
298 703
472 528
69 931
412 589
180 821
25 975
190 811
5 995
195 806
328 672
224 776
34 966
18 982
127 874
58 943
442 558
455 545
143 858
135 866
407 593
86 915
183 818
416 584
193 807
64 937
460 541
479 521
446 555
238 762
40 960
463 537
432 569
363 637
136 865
329 671
9 992
65 936
463 538
320 681
30 970
59 942
457 543
380 620
441 560
285 716
415 586
137 864
328 673
314 686
353 647
334 666
40 961
422 579
407 594
413 588
210 791
234 766
121 879
353 648
331 669
405 595
374 627
160 841
342 658
169 831
52 949
351 650
266 734
435 566
418 582
131 870
477 524
104 897
62 938
19 982
260 741
383 618
168 833
305 695
280 720
266 735
439 561
107 893
451 550
289 712
112 889
14 987
182 818
210 790
297 704
35 965
170 831
324 677
71 930
8 993
253 748
214 786
202 799
447 553
473 528
389 612
476 524
302 699
226 774
498 503
56 945
385 615
109 891
388 612
348 652
340 661
263 737
211 790
343 657
90 911
203 798
382 618
26 975
240 760
450 551
17 983
257 744
495 505
122 879
111 889
140 860
400 600
290 710
300 701
194 807
316 684
404 596
162 839
261 739
52 948
135 865
369 632
419 582
430 570
302 698
350 650
75 925
155 846
225 775
358 643
200 801
377 624
314 687
32 969
448 553
428 573
337 663
128 872
172 828
193 808
205 796
376 625
413 587
158 842
155 845
243 758
378 623
219 782
165 836
431 570
74 926
424 577
254 747
55 945
420 580
271 730
303 698
397 603
300 700
55 946
101 899
294 706
319 681
41 959
284 716
72 929
216 785
296 705
163 838
484 517
125 876
22 979
242 759
233 767
157 843
430 571
113 888
280 721
256 744
343 658
148 852
435 565
414 587
80 921
109 892
459 542
172 829
467 534
500 501
447 554
158 843
13 988
377 623
8 992
31 969
409 591
426 574
121 880
464 536
87 914
99 902
432 568
398 603
164 837
310 690
275 725
402 599
163 837
232 768
13 987
255 745
456 544
115 886
143 857
395 605
421 580
475 526
363 638
454 547
468 532
25 976
278 723
197 804
76 925
196 805
215 785
82 919
366 634
409 592
233 768
288 712
444 556
125 875
139 861
94 906
257 743
207 793
299 701
493 508
92 908
352 649
28 973
10 990
225 776
462 538
342 659
141 860
349 651
29 972
286 715
192 809
283 718
322 678
497 504
74 927
191 810
485 516
48 952
265 735
130 871
104 896
53 948
360 641
445 555
466 535
159 841
247 754
81 919
222 778
146 854
483 518
332 668
19 981
71 929
246 755
274 727
273 728
475 525
156 845
403 598
362 639
387 614
325 675
43 958
188 813
356 645
418 583
371 630
317 684
186 814
449 552
116 884
120 880
227 774
218 783
51 950
227 773
223 777
278 722
222 779
398 602
87 913
106 895
35 966
279 721
390 611
406 595
311 690
405 596
307 694
206 794
232 769
130 870
221 780
460 540
178 823
312 688
213 787
321 679
277 724
244 756
329 672
42 959
21 980
455 546
167 834
427 573
489 512
215 786
97 903
133 868
401 599
379 621
318 683
108 892
389 611
436 565
351 649
223 778
175 825
310 691
85 915
478 522
317 683
322 679
481 520
324 676
345 656
385 616
197 803
381 619
83 918
78 923
450 550
151 849
382 619
408 592
98 902
364 637
79 922
204 797
245 755
177 824
355 646
471 529
402 598
254 746
470 531
347 653
290 711
326 675
42 958
473 527
103 897
287 713
453 547
97 904
393 608
83 917
152 848
186 815
365 636
187 814
241 760
113 887
488 512
205 795
284 717
268 733
88 912
43 957
258 743
145 855
425 576
16 985
270 730
480 520
439 562
75 926
199 801
136 864
347 654
400 601
469 532
392 609
90 910
394 606
471 530
391 610
487 513
145 856
388 613
114 886
220 781
177 823
238 763
160 840
339 661
299 702
426 575
66 935
44 956
84 917
3 998
349 652
292 709
357 644
429 572
414 586
150 851
142 858
327 674
237 763
294 707
93 908
445 556
60 941
361 640
115 885
419 581
429 571
6 995
279 722
64 936
220 780
66 934
286 714
295 705
171 829
239 762
57 943
118 883
114 887
320 680
226 775
259 741
260 740
86 914
391 609
50 951
201 800
491 510
421 579
58 942
14 986
307 693
244 757
371 629
