1000
134 137
876 879
919 922
180 183
220 223
638 641
115 118
188 191
308 311
484 487
719 722
703 706
325 328
37 40
731 734
54 57
241 244
497 500
533 536
390 393
14 17
477 480
847 850
970 973
367 370
563 566
5 8
122 125
475 478
323 326
361 364
848 851
266 269
548 551
700 703
297 300
128 131
453 456
880 883
301 304
126 129
235 238
117 120
672 675
80 83
776 779
76 79
327 330
313 316
722 725
379 382
311 314
467 470
930 933
172 175
986 989
695 698
783 786
787 790
850 853
863 866
707 710
917 920
71 74
761 764
378 381
592 595
495 498
606 609
521 524
26 29
387 390
582 585
394 397
118 121
42 45
765 768
223 226
358 361
11 14
470 473
7 10
268 271
684 687
937 940
182 185
43 46
254 257
441 444
277 280
213 216
166 169
685 688
909 912
559 562
812 815
689 692
75 78
951 954
844 847
740 743
328 331
713 716
553 556
13 16
50 53
214 217
644 647
414 417
831 834
989 992
168 171
905 908
683 686
412 415
882 885
894 897
341 344
536 539
870 873
904 907
745 748
244 247
957 960
726 729
730 733
429 432
215 218
137 140
514 517
808 811
522 525
104 107
840 843
967 970
511 514
349 352
206 209
2 5
222 225
103 106
219 222
715 718
517 520
557 560
146 149
449 452
343 346
170 173
799 802
667 670
749 752
309 312
237 240
807 810
476 479
90 93
60 63
794 797
849 852
770 773
734 737
1 4
723 726
354 357
300 303
576 579
927 930
176 179
486 489
562 565
455 458
501 504
426 429
907 910
225 228
30 33
269 272
574 577
634 637
230 233
155 158
622 625
885 888
540 543
988 991
774 777
324 327
706 709
32 35
750 753
203 206
210 213
197 200
834 837
151 154
199 202
677 680
211 214
293 296
826 829
274 277
288 291
560 563
253 256
953 956
899 902
234 237
167 170
886 889
62 65
257 260
784 787
737 740
31 34
510 513
181 184
872 875
375 378
597 600
718 721
652 655
564 567
599 602
941 944
545 548
913 916
632 635
312 315
275 278
316 319
570 573
140 143
961 964
519 522
820 823
881 884
956 959
595 598
447 450
218 221
681 684
196 199
51 54
929 932
479 482
189 192
623 626
619 622
965 968
735 738
773 776
363 366
335 338
981 984
990 993
421 424
900 903
138 141
534 537
179 182
153 156
148 151
44 47
527 530
299 302
866 869
852 855
246 249
65 68
680 683
656 659
720 723
893 896
393 396
581 584
395 398
264 267
442 445
725 728
388 391
260 263
20 23
679 682
515 518
855 858
906 909
370 373
403 406
854 857
502 505
64 67
18 21
436 439
682 685
809 812
63 66
6 9
825 828
0 3
973 976
635 638
653 656
49 52
926 929
589 592
800 803
87 90
552 555
760 763
856 859
868 871
428 431
131 134
386 389
648 651
70 73
995 998
12 15
84 87
135 138
385 388
544 547
452 455
643 646
688 691
918 921
507 510
504 507
322 325
270 273
483 486
992 995
496 499
676 679
994 997
670 673
786 789
596 599
345 348
669 672
204 207
897 900
212 215
857 860
977 980
841 844
830 833
748 751
593 596
263 266
969 972
362 365
487 490
381 384
585 588
434 437
41 44
398 401
600 603
811 814
377 380
22 25
711 714
693 696
933 936
767 770
404 407
789 792
302 305
843 846
34 37
738 741
832 835
430 433
615 618
489 492
267 270
459 462
529 532
609 612
110 113
178 181
99 102
195 198
396 399
474 477
456 459
698 701
889 892
413 416
516 519
406 409
617 620
402 405
697 700
409 412
512 515
348 351
651 654
451 454
630 633
756 759
415 418
819 822
383 386
629 632
124 127
613 616
549 552
100 103
152 155
621 624
508 511
498 501
66 69
127 130
877 880
45 48
535 538
728 731
492 495
923 926
432 435
419 422
972 975
190 193
569 572
438 441
883 886
650 653
366 369
303 306
823 826
74 77
833 836
790 793
490 493
320 323
226 229
95 98
577 580
35 38
315 318
879 882
791 794
891 894
113 116
658 661
565 568
120 123
938 941
255 258
159 162
687 690
81 84
948 951
984 987
58 61
721 724
86 89
400 403
797 800
778 781
380 383
374 377
306 309
192 195
281 284
747 750
528 531
821 824
376 379
777 780
499 502
334 337
884 887
788 791
637 640
57 60
317 320
978 981
401 404
936 939
249 252
472 475
411 414
982 985
338 341
200 203
530 533
305 308
942 945
798 801
231 234
109 112
19 22
97 100
25 28
314 317
631 634
556 559
191 194
842 845
633 636
537 540
480 483
555 558
739 742
114 117
709 712
946 949
344 347
550 553
867 870
285 288
624 627
639 642
355 358
520 523
145 148
389 392
568 571
645 648
143 146
985 988
591 594
67 70
247 250
660 663
79 82
209 212
757 760
478 481
129 132
372 375
902 905
827 830
663 666
460 463
979 982
88 91
201 204
161 164
256 259
583 586
102 105
68 71
741 744
976 979
454 457
805 808
116 119
601 604
546 549
608 611
233 236
251 254
332 335
243 246
861 864
732 735
24 27
947 950
15 18
657 660
571 574
896 899
252 255
692 695
616 619
59 62
888 891
547 550
248 251
943 946
130 133
920 923
817 820
898 901
330 333
895 898
369 372
466 469
878 881
873 876
236 239
575 578
752 755
272 275
822 825
762 765
915 918
935 938
921 924
216 219
353 356
346 349
278 281
662 665
217 220
144 147
399 402
136 139
357 360
874 877
141 144
860 863
290 293
996 999
818 821
73 76
169 172
924 927
473 476
542 545
659 662
607 610
509 512
554 557
678 681
980 983
567 570
157 160
674 677
98 101
424 427
974 977
3 6
781 784
803 806
763 766
331 334
934 937
766 769
802 805
997 1000
691 694
780 783
641 644
368 371
572 575
960 963
853 856
810 813
945 948
418 421
675 678
10 13
828 831
435 438
618 621
208 211
262 265
295 298
271 274
928 931
431 434
573 576
764 767
94 97
89 92
654 657
284 287
753 756
666 669
164 167
611 614
27 30
133 136
912 915
640 643
101 104
526 529
471 474
505 508
458 461
384 387
228 231
33 36
139 142
754 757
908 911
513 516
991 994
448 451
171 174
987 990
329 332
744 747
625 628
859 862
736 739
16 19
184 187
649 652
602 605
668 671
612 615
205 208
227 230
142 145
318 321
193 196
121 124
845 848
579 582
759 762
462 465
174 177
785 788
340 343
53 56
107 110
816 819
686 689
28 31
433 436
465 468
319 322
839 842
755 758
163 166
162 165
958 961
604 607
304 307
350 353
261 264
147 150
795 798
743 746
52 55
224 227
793 796
727 730
558 561
532 535
796 799
588 591
337 340
437 440
717 720
91 94
298 301
704 707
488 491
229 232
598 601
17 20
950 953
690 693
561 564
541 544
61 64
194 197
307 310
500 503
665 668
646 649
173 176
824 827
901 904
77 80
0 3
746 749
202 205
240 243
259 262
336 339
671 674
837 840
636 639
758 761
494 497
250 253
769 772
779 782
405 408
156 159
83 86
445 448
407 410
590 593
968 971
232 235
627 630
673 676
742 745
875 878
392 395
543 546
326 329
539 542
289 292
310 313
239 242
482 485
551 554
96 99
959 962
391 394
21 24
523 526
93 96
664 667
276 279
38 41
444 447
242 245
506 509
123 126
245 248
468 471
160 163
975 978
408 411
587 590
993 996
47 50
439 442
427 430
132 135
410 413
922 925
356 359
82 85
417 420
892 895
939 942
647 650
108 111
175 178
775 778
286 289
72 75
273 276
119 122
440 443
944 947
351 354
283 286
333 336
282 285
382 385
869 872
626 629
566 569
371 374
425 428
813 816
177 180
69 72
815 818
150 153
862 865
221 224
422 425
296 299
835 838
29 32
279 282
655 658
694 697
949 952
183 186
446 449
294 297
469 472
198 201
39 42
801 804
829 832
940 943
4 7
806 809
187 190
814 817
258 261
578 581
461 464
185 188
733 736
605 608
207 210
772 775
971 974
705 708
92 95
8 11
105 108
594 597
481 484
518 521
503 506
287 290
420 423
365 368
78 81
931 934
614 617
485 488
603 606
524 527
586 589
359 362
864 867
696 699
983 986
952 955
538 541
342 345
373 376
628 631
186 189
463 466
708 711
491 494
966 969
165 168
23 26
846 849
158 161
360 363
701 704
610 613
339 342
916 919
782 785
716 719
291 294
584 587
955 958
642 645
265 268
55 58
887 890
865 868
962 965
836 839
911 914
149 152
851 854
702 705
111 114
397 400
838 841
714 717
106 109
914 917
580 583
768 771
423 426
292 295
925 928
36 39
347 350
457 460
751 754
710 713
661 664
85 88
620 623
56 59
154 157
238 241
464 467
48 51
443 446
0 3
280 283
903 906
450 453
125 128
46 49
792 795
352 355
321 324
699 702
9 12
416 419
954 957
525 528
963 966
871 874
112 115
804 807
771 774
531 534
890 893
40 43
364 367
729 732
964 967
858 861
493 496
910 913
712 715
932 935
724 727
