64
628 655
32 731
394 870
180 711
405 531
221 656
146 500
645 749
159 551
608 681
29 417
12 545
197 799
78 610
233 270
299 406
257 982
82 570
182 938
548 826
34 802
130 133
541 706
262 664
105 113
369 633
308 462
319 946
434 887
47 208
471 947
126 342
737 921
755 922
399 839
295 620
627 877
581 939
493 635
498 512
348 578
248 753
241 857
29 816
36 311
597 895
928 987
200 716
340 959
190 334
114 293
335 934
147 207
672 779
752 843
49 713
612 795
326 470
65 542
711 770
186 712
279 901
298 497
28 983
