97
582 988
636 686
291 965
325 485
248 720
331 900
757 954
15 142
125 555
431 655
88 295
563 780
656 936
798 888
520 959
196 757
50 311
154 177
114 857
135 724
581 864
435 781
54 585
229 484
100 590
303 910
271 734
68 418
123 415
429 433
824 928
136 562
343 386
151 254
333 908
324 342
533 759
397 962
539 876
194 242
275 386
238 342
496 926
432 433
107 803
86 587
151 750
120 259
30 848
147 340
86 410
560 763
265 705
402 928
419 712
89 535
801 918
518 906
720 865
727 826
448 755
138 729
765 989
342 346
242 438
601 743
717 851
289 871
21 124
430 683
263 508
425 439
382 454
252 849
173 556
306 472
120 451
534 755
459 547
528 922
839 894
259 312
817 912
376 642
35 877
410 644
2 408
339 884
181 564
620 884
475 826
729 884
196 718
330 378
576 774
75 719
708 830
