1000
306 649
877 988
11 294
246 417
474 629
223 228
825 951
343 854
21 345
4 840
203 816
22 742
402 612
397 657
158 540
199 284
155 853
455 860
636 732
29 548
360 995
136 835
12 459
24 798
570 827
524 916
136 892
253 272
239 833
46 292
155 983
808 922
777 961
72 748
108 664
661 811
171 574
15 628
515 944
641 745
67 646
120 889
68 317
343 837
59 861
622 998
218 500
373 862
800 840
64 180
334 339
506 531
724 809
116 781
576 929
169 170
791 958
254 365
225 234
265 397
137 599
202 398
557 856
770 857
117 587
18 536
501 828
655 825
110 206
93 927
154 748
258 614
728 930
173 941
68 394
104 658
55 312
69 242
467 670
86 778
85 345
173 683
70 799
82 124
613 818
263 657
135 843
3 351
230 821
78 848
21 804
439 726
623 895
114 873
15 178
178 658
148 714
272 300
812 821
403 894
539 575
240 951
608 951
648 808
784 950
542 685
97 711
478 486
387 750
179 741
721 806
92 810
602 765
254 845
146 608
281 491
79 306
690 961
3 27
148 329
110 610
436 925
326 629
47 944
7 595
315 534
368 488
311 819
314 888
532 585
549 815
37 348
31 554
3 752
660 728
440 851
16 715
43 367
35 869
94 975
106 178
723 763
514 924
162 761
492 682
283 328
50 142
345 975
207 229
172 786
4 909
39 994
70 91
102 840
121 927
227 941
381 911
393 468
186 458
245 537
144 559
54 564
603 897
231 488
348 393
70 291
318 360
725 734
725 783
219 786
550 772
363 609
4 491
260 542
54 769
454 748
623 837
219 559
179 191
168 264
207 651
833 981
526 621
396 855
23 540
415 589
933 997
571 754
29 282
182 735
420 954
53 224
30 868
493 573
535 606
389 959
190 495
343 821
165 541
220 843
35 798
445 709
385 641
189 682
50 305
96 986
218 380
115 842
52 227
634 755
819 906
326 803
253 268
339 792
560 925
512 945
104 659
549 586
39 895
417 928
373 561
208 441
834 883
665 970
19 309
159 225
206 333
177 299
111 552
846 978
436 984
59 448
855 932
572 987
182 320
241 886
169 356
106 541
716 803
346 720
54 78
328 539
448 974
486 924
798 829
534 860
301 775
252 899
181 285
167 814
589 948
676 880
746 930
394 526
84 184
450 594
505 880
720 768
566 630
725 748
235 850
535 671
234 663
365 595
179 754
269 382
415 660
467 681
143 721
29 812
58 189
355 430
117 553
598 730
435 677
356 425
715 747
279 897
751 841
622 678
265 351
100 661
230 436
28 751
471 628
439 718
537 922
254 522
105 388
350 838
314 450
68 451
25 292
137 187
52 370
427 931
627 651
187 397
99 521
3 970
524 933
567 644
117 917
5 970
804 961
553 988
17 492
249 864
564 696
261 430
429 893
1 925
831 971
246 318
279 451
333 600
854 966
639 949
671 814
665 672
518 874
151 412
101 269
22 773
485 616
532 688
257 698
51 467
339 604
669 683
110 579
847 936
592 914
523 530
73 619
510 901
313 754
221 261
623 639
249 918
42 259
461 967
702 708
652 911
105 140
657 663
623 678
97 638
708 841
50 180
264 945
843 887
477 887
356 832
646 786
566 660
472 645
492 897
650 834
23 790
567 607
332 487
180 426
549 766
117 747
612 773
199 275
194 748
63 459
5 341
432 531
205 899
87 410
90 181
407 874
118 129
103 917
341 608
114 290
236 507
204 847
611 915
76 529
117 406
384 666
573 844
132 848
97 428
572 586
340 516
277 455
120 704
2 200
127 151
241 417
382 505
42 505
288 618
311 536
120 520
769 811
531 982
596 977
235 939
117 197
600 726
292 781
156 699
300 322
135 510
212 601
316 981
674 992
335 418
439 473
200 273
130 437
618 798
393 760
23 578
84 580
598 608
364 871
202 203
160 850
328 959
117 695
400 771
117 990
126 635
186 902
143 780
528 989
851 954
528 637
140 712
737 938
406 411
703 996
340 522
81 667
548 891
376 939
372 522
456 606
54 89
11 814
174 368
166 167
253 842
44 117
112 213
10 317
35 637
68 314
351 735
394 667
472 658
20 888
65 452
73 859
437 809
375 460
549 569
266 330
653 988
319 927
154 613
530 953
749 945
865 933
565 713
479 528
461 711
233 806
404 757
592 916
261 670
856 905
18 814
693 888
621 850
5 462
191 624
364 957
418 802
348 499
355 456
68 378
119 722
69 351
541 890
79 297
736 892
50 827
260 879
57 517
551 602
161 906
830 997
156 304
41 661
250 525
659 723
545 735
161 170
820 851
92 128
179 439
461 588
261 543
155 325
23 108
248 967
108 398
153 871
578 811
599 794
106 581
174 568
182 960
643 805
623 905
834 961
98 377
397 408
467 863
638 689
561 893
475 981
255 492
644 903
100 890
342 884
142 777
490 824
70 472
47 709
645 859
256 452
478 933
262 998
34 494
183 655
91 173
252 255
588 691
660 904
344 398
308 337
400 920
522 557
287 360
250 572
520 975
72 155
476 864
651 983
434 857
345 885
212 243
312 844
597 735
149 538
142 813
491 521
84 695
359 406
584 679
41 862
15 459
516 601
233 407
180 803
180 375
561 913
557 581
466 498
16 745
391 456
79 890
418 617
352 537
23 139
569 979
342 757
135 685
281 985
816 980
21 668
394 764
626 855
627 971
171 317
441 599
63 345
523 583
167 521
269 807
500 590
781 965
530 741
425 824
176 713
170 945
106 439
302 351
572 974
62 363
3 145
97 337
103 598
632 683
679 838
813 989
155 830
183 715
22 697
519 915
673 980
547 851
45 336
206 786
206 592
683 797
128 397
358 724
403 652
630 902
37 809
136 593
335 549
699 792
581 662
537 542
188 634
105 368
6 181
489 967
256 868
399 950
134 202
90 593
416 781
228 408
550 731
330 551
480 675
239 576
360 535
455 897
424 873
415 606
351 379
425 638
204 771
488 921
246 959
381 658
310 416
691 941
116 817
54 640
221 505
445 699
799 966
312 787
548 840
7 554
720 808
187 274
462 983
4 931
251 654
478 735
785 892
213 623
587 909
113 297
651 955
295 880
244 340
267 630
331 967
77 821
923 943
583 957
16 382
838 849
78 252
328 784
383 439
256 696
113 566
40 44
775 863
160 814
199 356
828 873
634 790
425 628
541 982
180 513
550 570
400 979
114 551
388 554
402 522
351 454
302 886
48 507
218 670
565 746
139 891
406 758
95 463
12 67
266 472
32 506
89 572
670 671
66 98
268 478
407 571
428 441
829 988
825 866
267 535
391 952
85 319
773 808
278 679
199 776
688 973
19 182
256 574
168 707
154 336
67 196
289 814
122 880
282 590
278 761
96 552
354 627
290 294
221 652
586 971
174 966
157 400
484 593
686 986
157 665
376 587
343 963
94 818
381 539
205 688
160 896
413 608
372 652
223 902
267 863
236 944
342 489
280 318
115 523
586 965
395 922
301 531
622 711
87 953
152 733
487 965
514 681
309 517
557 869
297 793
457 550
394 905
418 557
518 828
208 938
12 793
28 375
474 524
732 919
6 812
398 462
85 873
500 728
9 899
72 340
280 444
151 302
480 994
455 845
289 637
76 490
219 789
621 629
767 969
430 683
259 647
550 963
201 790
649 923
856 968
261 421
423 630
14 277
123 574
74 455
321 526
722 947
294 586
455 585
218 429
244 847
803 831
613 891
286 747
570 726
104 576
479 715
897 975
106 511
711 913
442 949
955 992
581 969
507 594
187 873
656 963
136 823
566 869
663 753
342 590
68 487
287 943
224 331
243 673
298 313
519 626
278 599
844 979
206 405
615 960
481 967
93 553
699 960
557 808
313 880
97 681
469 982
94 889
480 629
527 736
270 332
679 961
572 860
637 661
410 791
177 856
123 133
382 487
203 773
398 643
561 905
217 697
354 640
135 995
127 864
217 222
722 986
597 710
721 833
494 557
114 819
229 401
348 782
297 814
554 634
20 931
362 639
416 991
828 930
488 852
243 625
565 908
1 721
276 602
29 828
571 884
93 266
383 865
339 639
327 993
275 819
632 647
5 558
444 685
139 641
783 843
46 895
85 748
354 831
420 750
44 542
620 1000
703 733
287 616
912 976
395 568
9 118
846 847
492 810
266 509
271 870
409 873
609 754
467 733
8 511
130 418
927 950
4 952
768 792
83 405
624 858
196 305
220 388
776 801
464 811
461 778
157 977
176 671
600 687
711 831
197 915
160 169
204 663
247 993
551 789
515 813
90 869
112 638
78 793
39 82
434 769
724 962
190 399
104 429
293 536
495 854
94 681
673 885
520 541
501 507
18 141
458 881
329 744
723 985
16 945
72 420
183 585
446 974
364 815
67 967
277 923
182 474
111 767
306 873
646 695
305 881
132 179
343 986
7 982
114 490
633 704
756 874
374 811
495 825
17 763
363 453
240 701
192 711
42 997
334 447
443 537
259 520
350 499
870 925
703 993
623 933
314 736
73 475
415 716
111 832
580 761
183 353
