1515
1 1
1 1
2 1
1 1
4 1
5 1
5 1
7 1
3 1
2 1
9 1
6 1
5 1
13 1
4 1
4 1
9 1
7 1
3 1
12 1
14 1
18 1
6 1
8 1
11 1
10 1
9 1
13 1
6 1
20 1
6 1
4 1
4 1
6 1
24 1
35 1
2 1
29 1
25 1
33 1
9 1
36 1
25 1
32 1
1 1
24 1
34 1
11 1
47 1
22 1
32 1
35 1
11 1
10 1
9 1
55 1
56 1
39 1
46 1
40 1
55 1
40 1
58 1
61 1
60 1
7 1
7 1
17 1
36 1
66 1
20 1
26 1
71 1
1 1
30 1
65 1
31 1
21 1
2 1
55 1
14 1
40 1
8 1
28 1
84 1
3 1
66 1
62 1
48 1
61 1
5 1
84 1
59 1
40 1
52 1
45 1
95 1
45 1
89 1
71 1
84 1
54 1
23 1
72 1
33 1
94 1
55 1
75 1
91 1
109 1
83 1
102 1
108 1
110 1
67 1
54 1
80 1
105 1
67 1
21 1
49 1
108 1
56 1
61 1
120 1
82 1
124 1
115 1
60 1
23 1
49 1
35 1
114 1
73 1
38 1
120 1
22 1
107 1
59 1
19 1
30 1
9 1
137 1
138 1
132 1
27 1
13 1
102 1
137 1
54 1
66 1
22 1
71 1
140 1
9 1
32 1
96 1
142 1
129 1
133 1
84 1
105 1
81 1
38 1
80 1
2 1
94 1
59 1
138 1
48 1
90 1
136 1
88 1
153 1
132 1
91 1
122 1
107 1
130 1
178 1
24 1
34 1
173 1
42 1
42 1
127 1
60 1
51 1
111 1
88 1
41 1
178 1
172 1
149 1
33 1
189 1
123 1
30 1
162 1
76 1
135 1
135 1
16 1
41 1
25 1
36 1
3 1
36 1
14 1
44 1
142 1
2 1
17 1
211 1
64 1
151 1
131 1
15 1
174 1
193 1
104 1
183 1
165 1
216 1
220 1
129 1
12 1
63 1
52 1
155 1
139 1
199 1
13 1
192 1
27 1
20 1
222 1
142 1
9 1
29 1
72 1
191 1
183 1
47 1
113 1
219 1
166 1
176 1
56 1
190 1
189 1
134 1
37 1
122 1
142 1
191 1
64 1
163 1
39 1
112 1
247 1
195 1
257 1
153 1
128 1
102 1
72 1
15 1
143 1
106 1
61 1
148 1
222 1
120 1
131 1
94 1
253 1
144 1
246 1
151 1
273 1
125 1
148 1
129 1
224 1
267 1
268 1
86 1
240 1
243 1
170 1
9 1
240 1
229 1
43 1
87 1
191 1
137 1
98 1
115 1
134 1
293 1
42 1
206 1
105 1
41 1
191 1
187 1
22 1
54 1
151 1
267 1
185 1
32 1
200 1
75 1
79 1
307 1
295 1
151 1
215 1
193 1
35 1
21 1
203 1
47 1
64 1
86 1
179 1
324 1
288 1
202 1
192 1
191 1
269 1
174 1
83 1
98 1
140 1
159 1
241 1
290 1
223 1
192 1
183 1
309 1
191 1
252 1
259 1
204 1
33 1
191 1
59 1
299 1
132 1
228 1
265 1
74 1
63 1
106 1
351 1
254 1
90 1
86 1
95 1
140 1
297 1
276 1
68 1
62 1
347 1
74 1
128 1
17 1
256 1
237 1
239 1
11 1
250 1
247 1
16 1
325 1
300 1
38 1
16 1
26 1
104 1
49 1
286 1
124 1
100 1
120 1
360 1
292 1
261 1
218 1
102 1
376 1
109 1
320 1
95 1
400 1
372 1
266 1
219 1
44 1
266 1
397 1
108 1
107 1
150 1
159 1
115 1
91 1
75 1
363 1
334 1
107 1
320 1
11 1
82 1
128 1
114 1
53 1
305 1
347 1
380 1
211 1
317 1
7 1
352 1
228 1
359 1
98 1
212 1
268 1
191 1
295 1
412 1
173 1
430 1
125 1
275 1
136 1
432 1
337 1
325 1
196 1
243 1
437 1
207 1
323 1
423 1
263 1
201 1
51 1
121 1
194 1
370 1
425 1
347 1
421 1
114 1
251 1
183 1
40 1
296 1
417 1
280 1
322 1
274 1
218 1
168 1
343 1
186 1
54 1
356 1
402 1
339 1
436 1
223 1
286 1
237 1
249 1
206 1
86 1
83 1
261 1
482 1
350 1
352 1
109 1
230 1
388 1
345 1
495 1
307 1
327 1
179 1
12 1
183 1
408 1
328 1
418 1
40 1
304 1
70 1
161 1
31 1
248 1
86 1
266 1
295 1
436 1
507 1
173 1
379 1
239 1
136 1
516 1
175 1
388 1
198 1
131 1
172 1
430 1
309 1
84 1
59 1
311 1
180 1
497 1
276 1
91 1
477 1
77 1
347 1
91 1
277 1
132 1
249 1
98 1
114 1
328 1
485 1
466 1
119 1
74 1
26 1
411 1
234 1
24 1
246 1
458 1
402 1
474 1
207 1
407 1
10 1
327 1
333 1
281 1
81 1
275 1
518 1
370 1
510 1
354 1
316 1
7 1
331 1
21 1
16 1
550 1
107 1
554 1
51 1
340 1
60 1
471 1
209 1
560 1
532 1
128 1
55 1
76 1
332 1
107 1
115 1
70 1
575 1
5 1
166 1
50 1
86 1
203 1
112 1
485 1
245 1
546 1
304 1
572 1
37 1
483 1
488 1
554 1
4 1
454 1
422 1
291 1
55 1
183 1
90 1
304 1
355 1
204 1
158 1
539 1
200 1
494 1
570 1
100 1
400 1
545 1
118 1
14 1
433 1
620 1
98 1
384 1
204 1
132 1
479 1
488 1
210 1
89 1
31 1
89 1
257 1
504 1
330 1
370 1
146 1
203 1
456 1
162 1
131 1
459 1
414 1
111 1
129 1
262 1
409 1
560 1
302 1
318 1
54 1
135 1
248 1
219 1
538 1
535 1
220 1
392 1
600 1
211 1
578 1
516 1
647 1
237 1
313 1
670 1
198 1
581 1
98 1
88 1
667 1
274 1
414 1
23 1
55 1
564 1
491 1
199 1
127 1
398 1
463 1
6 1
657 1
397 1
559 1
277 1
293 1
169 1
460 1
214 1
136 1
537 1
96 1
653 1
229 1
237 1
390 1
203 1
512 1
43 1
687 1
697 1
545 1
312 1
362 1
316 1
175 1
473 1
409 1
187 1
361 1
509 1
487 1
554 1
242 1
123 1
136 1
271 1
322 1
3 1
621 1
585 1
413 1
136 1
117 1
125 1
400 1
486 1
700 1
430 1
127 1
79 1
540 1
370 1
61 1
242 1
703 1
471 1
631 1
624 1
528 1
586 1
640 1
139 1
488 1
508 1
62 1
647 1
338 1
658 1
198 1
506 1
655 1
396 1
509 1
213 1
395 1
245 1
322 1
565 1
184 1
143 1
323 1
165 1
436 1
651 1
17 1
355 1
182 1
543 1
63 1
427 1
88 1
316 1
195 1
350 1
203 1
294 1
520 1
407 1
172 1
373 1
604 1
739 1
203 1
187 1
74 1
351 1
145 1
422 1
431 1
100 1
72 1
524 1
167 1
12 1
225 1
412 1
558 1
578 1
361 1
264 1
67 1
388 1
143 1
363 1
504 1
559 1
457 1
642 1
570 1
252 1
22 1
721 1
31 1
399 1
89 1
621 1
451 1
606 1
506 1
341 1
756 1
57 1
479 1
384 1
574 1
562 1
288 1
536 1
30 1
600 1
85 1
571 1
487 1
444 1
360 1
96 1
30 1
462 1
626 1
317 1
734 1
249 1
797 1
519 1
202 1
148 1
122 1
765 1
234 1
170 1
214 1
368 1
514 1
31 1
312 1
18 1
593 1
694 1
412 1
710 1
606 1
675 1
132 1
256 1
624 1
156 1
152 1
788 1
264 1
52 1
21 1
257 1
536 1
195 1
198 1
776 1
624 1
841 1
546 1
412 1
860 1
851 1
540 1
288 1
479 1
614 1
462 1
789 1
686 1
508 1
454 1
863 1
768 1
61 1
625 1
552 1
607 1
168 1
700 1
51 1
288 1
296 1
181 1
277 1
371 1
734 1
655 1
712 1
825 1
453 1
737 1
726 1
147 1
531 1
528 1
302 1
592 1
365 1
785 1
99 1
749 1
442 1
556 1
605 1
448 1
146 1
242 1
318 1
775 1
399 1
636 1
556 1
871 1
905 1
586 1
864 1
635 1
298 1
802 1
208 1
617 1
16 1
707 1
415 1
170 1
317 1
499 1
430 1
796 1
861 1
165 1
272 1
406 1
717 1
539 1
345 1
414 1
497 1
237 1
548 1
214 1
40 1
655 1
604 1
353 1
874 1
511 1
205 1
230 1
605 1
573 1
101 1
652 1
427 1
957 1
106 1
411 1
654 1
270 1
762 1
824 1
561 1
724 1
467 1
853 1
639 1
234 1
632 1
702 1
584 1
497 1
740 1
995 1
389 1
913 1
749 1
461 1
595 1
154 1
312 1
938 1
970 1
825 1
834 1
481 1
489 1
128 1
88 1
384 1
117 1
752 1
41 1
5 1
644 1
889 1
209 1
300 1
577 1
58 1
237 1
103 1
561 1
181 1
555 1
808 1
823 1
107 1
840 1
115 1
207 1
796 1
978 1
829 1
258 1
1039 1
450 1
398 1
570 1
203 1
32 1
981 1
776 1
172 1
779 1
481 1
38 1
370 1
553 1
250 1
122 1
417 1
555 1
969 1
787 1
887 1
833 1
92 1
38 1
957 1
601 1
327 1
881 1
420 1
307 1
377 1
371 1
765 1
517 1
788 1
648 1
41 1
875 1
1023 1
144 1
855 1
606 1
155 1
731 1
414 1
613 1
658 1
808 1
940 1
344 1
89 1
497 1
936 1
1028 1
307 1
399 1
1070 1
736 1
339 1
162 1
588 1
878 1
580 1
730 1
1006 1
583 1
554 1
884 1
652 1
296 1
853 1
422 1
877 1
957 1
812 1
708 1
262 1
721 1
346 1
624 1
367 1
656 1
330 1
631 1
606 1
902 1
70 1
267 1
111 1
741 1
515 1
442 1
917 1
701 1
898 1
474 1
487 1
729 1
832 1
79 1
24 1
119 1
1073 1
360 1
697 1
234 1
588 1
137 1
976 1
453 1
347 1
973 1
186 1
758 1
713 1
239 1
190 1
439 1
154 1
230 1
668 1
632 1
525 1
326 1
235 1
479 1
594 1
101 1
377 1
657 1
145 1
512 1
368 1
321 1
319 1
32 1
364 1
493 1
583 1
348 1
244 1
1172 1
8 1
666 1
1178 1
1156 1
684 1
1026 1
747 1
1185 1
672 1
936 1
353 1
800 1
884 1
386 1
55 1
734 1
568 1
777 1
908 1
1143 1
714 1
311 1
880 1
558 1
256 1
777 1
258 1
595 1
839 1
589 1
1032 1
1039 1
164 1
156 1
1012 1
1121 1
731 1
734 1
314 1
516 1
106 1
868 1
553 1
1176 1
587 1
395 1
19 1
1076 1
607 1
1220 1
827 1
796 1
526 1
837 1
856 1
827 1
522 1
678 1
1082 1
299 1
1238 1
464 1
394 1
983 1
890 1
200 1
1090 1
319 1
496 1
307 1
416 1
235 1
356 1
1169 1
464 1
963 1
326 1
1040 1
354 1
26 1
437 1
1216 1
786 1
43 1
843 1
791 1
772 1
310 1
995 1
746 1
430 1
1230 1
395 1
399 1
852 1
1269 1
536 1
1248 1
278 1
70 1
1218 1
215 1
351 1
474 1
161 1
1136 1
994 1
540 1
812 1
1082 1
1026 1
241 1
335 1
132 1
498 1
439 1
256 1
463 1
711 1
254 1
574 1
807 1
721 1
406 1
979 1
784 1
1136 1
98 1
1109 1
517 1
984 1
1035 1
1288 1
861 1
34 1
1153 1
673 1
383 1
32 1
815 1
797 1
1215 1
53 1
727 1
508 1
586 1
1092 1
104 1
1074 1
618 1
65 1
1223 1
342 1
130 1
370 1
502 1
1021 1
193 1
825 1
61 1
922 1
341 1
1182 1
1007 1
402 1
869 1
1344 1
512 1
622 1
1306 1
1255 1
783 1
1191 1
1043 1
967 1
801 1
862 1
570 1
194 1
466 1
482 1
52 1
746 1
558 1
684 1
1203 1
469 1
720 1
880 1
373 1
416 1
1067 1
1313 1
61 1
1065 1
491 1
606 1
883 1
1108 1
165 1
1007 1
701 1
475 1
838 1
1338 1
1009 1
1379 1
1352 1
635 1
366 1
802 1
230 1
1165 1
1021 1
453 1
265 1
1302 1
980 1
1019 1
378 1
446 1
1094 1
956 1
279 1
118 1
244 1
420 1
118 1
521 1
473 1
851 1
1101 1
145 1
1304 1
227 1
814 1
169 1
935 1
100 1
341 1
1215 1
1125 1
589 1
138 1
1343 1
90 1
218 1
981 1
428 1
338 1
354 1
663 1
882 1
963 1
658 1
958 1
320 1
371 1
133 1
1335 1
1303 1
123 1
445 1
1116 1
699 1
1258 1
1014 1
1292 1
1216 1
300 1
412 1
845 1
527 1
525 1
1 1
1278 1
397 1
512 1
1047 1
975 1
558 1
1204 1
639 1
1392 1
1115 1
666 1
30 1
564 1
1054 1
657 1
1176 1
67 1
610 1
100 1
1186 1
498 1
251 1
1321 1
288 1
1426 1
649 1
1333 1
1051 1
432 1
70 1
957 1
999 1
247 1
1156 1
1128 1
105 1
821 1
625 1
316 1
1466 1
224 1
405 1
355 1
569 1
160 1
1203 1
457 1
136 1
1413 1
948 1
988 1
474 1
415 1
188 1
983 1
1375 1
919
927 1
1112 1
828 1
761 1
904 1
494 1
1292 1
304 1
952 1
64 1
51 1
1198 1
27 1
963 1
130 1
1282 1
483 1
1155 1
220 1
392 1
1241 1
833 1
66 1
1095 1
805 1
222 1
328 1
1385 1
733 1
1020 1
1022 1
527 1
804 1
1012 1
1307 1
1421 1
585 1
1113 1
1345 1
1130 1
1214 1
391 1
417 1
935 1
1219 1
1366 1
1070 1
1354 1
512 1
829 1
524 1
489 1
941 1
252 1
1092 1
303 1
580 1
279 1
1032 1
1471 1
363 1
749 1
394 1
379 1
438 1
1069 1
339 1
1478 1
506 1
109 1
732 1
1216 1
322 1
890 1
1242 1
143 1
743 1
266 1
235 1
1043 1
10 1
1378 1
1061 1
432 1
237 1
548 1
922 1
194 1
1208 1
1320 1
842 1
534 1
967 1
1175 1
1499 1
838 1
725 1
68 1
639 1
1109 1
513 1
1401 1
479 1
1027 1
668 1
1360 1
412 1
415 1
316 1
1178 1
22 1
1150 1
1489 1
624 1
783 1
1077 1
788 1
672 1
579 1
1412 1
245 1
723 1
270 1
1297 1
619 1
1165 1
239 1
1235 1
79 1
250 1
385 1
1138 1
849 1
940 1
416 1
119 1
1437 1
634 1
537 1
860 1
714 1
956 1
502 1
203 1
1197 1
544 1
1432 1
319 1
968 1
511 1
433 1
321 1
181 1
1464 1
1404 1
1322 1
673 1
518 1
576 1
920 1
706 1
1454 1
851 1
1500 1
409 1
1096 1
680 1
1140 1
301 1
37 1
1309 1
789 1
1490 1
1377 1
994 1
413 1
742 1
754 1
685 1
1225 1
352 1
277 1
555 1
894 1
877 1
1460 1
1003 1
1296 1
43 1
785 1
571 1
1207 1
47 1
990 1
1497 1
737 1
487 1
435 1
1270 1
1492 1
35 1
652 1
866 1
909 1
1199 1
892 1
646 1
701 1
1139 1
293 1
703 1
1326 1
261 1
52 1
626 1
578 1
1403 1
1056 1
1098 1
658 1
305 1
1338 1
1482 1
15 1
874 1
1302 1
3 1
400 1
942 1
313 1
916 1
1105 1
1442 1
1220 1
86 1
929 1
1068 1
1100 1
466 1
211 1
915 1
1026 1
48 1
1106 1
136 1
1064 1
1394 1
111 1
1472 1
205 1
1011 1
473 1
132 1
591 1
879 1
1477 1
607 1
995 1
267 1
660 1
867 1
154 1
649 1
347 1
515 1
827 1
959 1
18 1
1133 1
387 1
224 1
246 1
1229 1
259 1
677 1
1122 1
477 1
1396 1
991 1
1468 1
1078 1
92 1
1344 1
282 1
44 1
1118 1
72 1
1483 1
621 1
694 1
1080 1
38 1
495 1
949 1
631 1
1389 1
575 1
490 1
1253 1
757 1
165 1
1343 1
720 1
436 1
728 1
1395 1
1413 1
36 1
1374 1
644 1
311 1
1436 1
1264 1
151 1
519 1
456 1
1459 1
455 1
50 1
1086 1
522 1
87 1
123 1
1084 1
34 1
1192 1
772 1
299 1
1076 1
364 1
1234 1
500 1
1228 1
105 1
1083 1
82 1
1170 1
498 1
184 1
1427 1
1457 1
1128 1
1426 1
663 1
349 1
1329 1
667 1
308 1
982 1
236 1
589 1
1059 1
1342 1
944 1
480 1
1405 1
1189 1
1358 1
1362 1
709 1
882 1
467 1
985 1
458 1
1332 1
636 1
1054 1
1370 1
613 1
1336 1
1037 1
156 1
674 1
80 1
191 1
868 1
251 1
116 1
393 1
604 1
806 1
777 1
97 1
628 1
1135 1
1028 1
568 1
863 1
1209 1
897 1
612 1
854 1
794 1
665 1
1075 1
1245 1
1466 1
1169 1
164 1
289 1
1049 1
1414 1
1193 1
348 1
1434 1
1357 1
1050 1
1115 1
974 1
1382 1
419 1
932 1
676 1
425 1
343 1
905 1
284 1
315 1
532 1
567 1
1318 1
898 1
1506 1
871 1
102 1
919 1
540 1
778 1
1400 1
830 1
350 1
560 1
476 1
965 1
1088 1
648 1
1341 1
616 1
948 1
404 1
736 1
836 1
629 1
332 1
875 1
1237 1
696 1
633 1
32 1
1397 1
1201 1
980 1
748 1
1031 1
972 1
1349 1
635 1
1310 1
197 1
691 1
1498 1
1300 1
1179 1
1443 1
185 1
145 1
966 1
779 1
138 1
286 1
638 1
157 1
1325 1
1218 1
407 1
378 1
190 1
451 1
1196 1
690 1
1177 1
361 1
1347 1
441 1
800 1
140 1
903 1
213 1
1186 1
1453 1
1424 1
954 1
366 1
1119 1
118 1
546 1
71 1
1278 1
914 1
1143 1
1439 1
367 1
1281 1
16 1
917 1
840 1
899 1
872 1
565 1
702 1
675 1
1099 1
821 1
70 1
1079 1
199 1
1505 1
280 1
721 1
1107 1
774 1
1057 1
1316 1
643 1
1231 1
530 1
876 1
265 1
1451 1
271 1
870 1
962 1
1004 1
383 1
275 1
449 1
60 1
552 1
1227 1
1286 1
712 1
103 1
1204 1
1438 1
921 1
384 1
1373 1
113 1
354 1
338 1
8 1
1384 1
155 1
1417 1
372 1
693 1
260 1
106 1
1224 1
1350 1
751 1
431 1
73 1
818 1
561 1
206 1
729 1
448 1
444 1
1319 1
1303 1
933 1
1448 1
1158 1
162 1
569 1
1428 1
345 1
453 1
1217 1
1513 1
1202 1
1163 1
583 1
888 1
381 1
1391 1
1363 1
581 1
1275 1
1458 1
115 1
75 1
1066 1
344 1
610 1
517 1
214 1
1313 1
141 1
491 1
177 1
1089 1
1058 1
28 1
531 1
89 1
362 1
1185 1
1007 1
1444 1
651 1
256 1
992 1
219 1
93 1
811 1
1151 1
1184 1
488 1
1495 1
1346 1
784 1
314 1
587 1
1120 1
41 1
486 1
1493 1
820 1
160 1
1337 1
294 1
1029 1
150 1
945 1
883 1
135 1
655 1
1311 1
1365 1
545 1
1110 1
96 1
1331 1
1351 1
1485 1
356 1
1334 1
618 1
807 1
223 1
228 1
1430 1
117 1
1254 1
196 1
834 1
1390 1
287 1
1238 1
1166 1
25 1
430 1
1398 1
984 1
254 1
780 1
291 1
659 1
1072 1
1233 1
705 1
493 1
625 1
1467 1
268 1
1511 1
1187 1
670 1
930 1
1147 1
1295 1
166 1
708 1
605 1
684 1
1340 1
1294 1
970 1
368 1
1167 1
330 1
2 1
687 1
781 1
331 1
845 1
63 1
182 1
253 1
137 1
1293 1
217 1
450 1
233 1
1144 1
144 1
1381 1
859 1
1272 1
397 1
263 1
61 1
958 1
1508 1
1452 1
1475 1
1194 1
1330 1
1062 1
1221 1
1153 1
122 1
938 1
414 1
1441 1
125 1
481 1
771 1
127 1
907 1
615 1
977 1
1419 1
864 1
1321 1
731 1
700 1
740 1
320 1
243 1
1051 1
1445 1
399 1
1416 1
1085 1
796 1
1244 1
337 1
30 1
1306 1
492 1
763 1
1034 1
108 1
1408 1
198 1
645 1
1211 1
281 1
824 1
9 1
1103 1
307 1
505 1
180 1
979 1
1052 1
719 1
1259 1
296 1
913 1
179 1
822 1
1368 1
722 1
973 1
421 1
596 1
1210 1
964 1
686 1
1251 1
302 1
910 1
1284 1
420 1
100 1
1124 1
765 1
908 1
443 1
507 1
91 1
1256 1
1159 1
1164 1
470 1
739 1
371 1
620 1
793 1
895 1
1290 1
1036 1
810 1
1440 1
1367 1
26 1
88 1
925 1
699 1
609 1
1172 1
346 1
738 1
482 1
931 1
825 1
360 1
901 1
1479 1
711 1
735 1
1123 1
792 1
247 1
373 1
276 1
1333 1
230 1
45 1
434 1
525 1
911 1
717 1
598 1
1025 1
1463 1
924 1
1148 1
49 1
1252 1
953 1
881 1
1450 1
971 1
1136 1
215 1
614 1
1425 1
1280 1
1181 1
637 1
1048 1
171 1
1387 1
539 1
437 1
582 1
769 1
627 1
1410 1
229 1
1274 1
887 1
460 1
1279 1
225 1
504 1
526 1
1171 1
306 1
17 1
603 1
766 1
1016 1
427 1
574 1
4 1
885 1
273 1
1496 1
31 1
1182 1
1265 1
510 1
1213 1
159 1
786 1
823 1
1393 1
999 1
439 1
678 1
342 1
857 1
528 1
1215 1
255 1
752 1
855 1
906 1
858 1
173 1
1101 1
178 1
698 1
1125 1
912 1
272 1
1487 1
1002 1
1364 1
1154 1
187 1
514 1
957 1
