1136
1 19
1 24
2 25
1 38
2 46
4 48
4 50
6 64
7 70
1 88
8 90
1 100
4 114
6 139
3 141
3 141
6 145
1 153
15 157
6 160
10 169
16 170
7 179
13 186
6 205
19 206
23 213
23 214
8 216
23 226
18 228
18 228
12 229
1 237
4 240
32 245
29 259
10 260
11 272
11 282
26 303
33 306
10 311
14 326
28 336
25 338
43 347
27 353
20 355
34 357
19 361
8 371
16 387
30 392
47 409
40 414
55 436
49 444
50 450
9 461
41 474
58 476
7 495
7 498
55 524
55 556
31 567
42 589
63 607
10 614
48 618
44 621
14 622
24 631
20 632
7 654
65 658
76 684
30 721
76 724
3 729
75 767
73 768
71 775
11 778
42 785
63 791
8 793
25 799
19 799
85 804
13 806
25 823
4 824
10 837
95 843
17 855
71 857
37 864
12 875
9 875
66 883
97 886
44 887
27 888
41 888
98 889
81 892
54 909
9 910
88 917
72 921
52 928
99 934
34 945
39 956
67 960
90 964
102 980
35 986
109 992
65 995
95 1001
41 1001
72 1003
96 1020
67 1023
58 1026
76 1038
87 1041
114 1064
20 1067
97 1074
30 1085
31 1093
54 1100
108 1100
83 1104
11 1112
80 1112
128 1122
72 1131
22 1138
6 1160
115 1169
126 1175
52 1182
130 1191
14 1192
48 1195
124 1199
47 1203
123 1218
2 1231
114 1258
99 1264
101 1266
67 1277
153 1282
38 1287
106 1298
144 1302
6 1303
148 1310
146 1310
140 1329
147 1331
91 1346
91 1366
90 1371
135 1371
38 1372
67 1378
120 1399
20 1404
170 1420
67 1472
140 1472
117 1481
152 1482
14 1490
139 1491
79 1526
26 1527
145 1538
146 1554
169 1559
156 1561
3 1563
142 1566
118 1567
173 1568
96 1578
72 1591
12 1606
20 1621
7 1635
120 1641
127 1644
135 1653
75 1655
166 1659
8 1668
84 1674
135 1682
200 1684
194 1689
143 1696
125 1700
205 1704
72 1721
128 1726
134 1728
33 1739
58 1742
127 1755
52 1760
84 1778
77 1785
203 1806
200 1818
66 1856
93 1858
143 1858
190 1859
80 1860
102 1871
9 1874
80 1881
214 1883
28 1883
73 1884
155 1888
96 1890
55 1898
58 1928
116 1948
41 1950
125 1953
179 1955
194 1964
206 1991
204 2005
120 2011
109 2018
37 2021
30 2029
200 2030
40 2039
176 2042
128 2044
227 2054
203 2057
199 2058
92 2061
110 2065
90 2066
178 2073
27 2081
50 2092
186 2141
183 2149
51 2155
262 2169
174 2172
171 2188
232 2205
124 2207
185 2207
156 2225
88 2248
203 2251
174 2264
35 2265
165 2284
242 2286
242 2292
118 2298
49 2309
71 2316
99 2345
59 2363
152 2367
134 2372
51 2385
57 2391
46 2410
174 2437
213 2440
228 2443
13 2451
224 2456
38 2484
168 2484
105 2489
93 2509
240 2510
245 2510
225 2511
175 2529
3 2533
194 2566
41 2621
243 2625
148 2640
190 2645
36 2657
50 2669
264 2673
1 2675
43 2683
123 2688
151 2708
85 2720
108 2742
44 2745
114 2745
63 2749
163 2749
124 2749
202 2757
1 2759
277 2762
315 2775
109 2777
252 2778
280 2787
91 2789
6 2791
294 2811
222 2816
76 2850
1 2852
210 2854
141 2856
12 2857
73 2895
255 2898
38 2899
185 2905
25 2908
336 2909
186 2910
146 2913
87 2916
216 2916
56 2920
205 2931
327 2931
285 2931
5 2940
93 2945
156 2962
146 2981
102 2984
309 2984
356 3023
93 3026
306 3030
64 3052
199 3054
333 3056
178 3089
5 3095
121 3099
92 3101
181 3107
92 3108
288 3124
238 3135
131 3144
38 3146
263 3168
23 3170
309 3180
236 3199
312 3227
165 3227
294 3227
315 3234
55 3254
280 3268
275 3270
88 3271
67 3279
40 3315
30 3317
113 3331
333 3350
232 3353
128 3370
137 3389
71 3396
364 3405
294 3412
98 3414
130 3415
274 3422
148 3424
123 3427
44 3451
19 3454
83 3465
73 3470
168 3476
355 3521
32 3539
358 3542
277 3546
352 3548
234 3555
227 3560
346 3566
406 3580
186 3617
282 3625
171 3626
256 3637
269 3642
200 3643
254 3652
336 3654
420 3660
411 3692
408 3693
345 3695
292 3704
132 3710
286 3716
369 3722
271 3728
161 3732
403 3753
226 3771
370 3783
31 3784
295 3785
405 3790
294 3792
356 3794
255 3804
287 3805
125 3828
385 3843
204 3856
223 3868
122 3868
157 3908
299 3911
13 3925
5 3927
103 3934
347 3938
119 3938
99 3942
97 3947
194 3954
438 3955
348 3961
222 3962
127 3991
386 3992
47 3993
192 4004
63 4014
363 4028
400 4031
421 4037
40 4059
266 4076
290 4083
88 4099
139 4107
4 4109
34 4111
311 4122
168 4125
466 4141
385 4141
166 4147
414 4163
451 4166
468 4167
355 4176
39 4190
466 4195
201 4200
360 4201
159 4213
42 4218
363 4223
28 4224
488 4225
471 4227
86 4234
177 4257
89 4257
216 4263
188 4267
31 4315
339 4316
293 4323
112 4329
430 4335
389 4337
387 4358
487 4381
423 4387
297 4395
227 4395
187 4398
151 4405
350 4406
402 4421
220 4422
415 4425
71 4429
387 4432
302 4434
18 4447
516 4448
293 4467
388 4484
167 4495
305 4501
490 4514
157 4524
448 4532
140 4541
481 4541
398 4543
8 4567
325 4575
329 4584
349 4594
17 4596
269 4597
181 4600
54 4602
89 4622
270 4633
115 4649
151 4658
12 4660
56 4664
56 4666
444 4666
446 4670
541 4683
50 4687
7 4698
535 4710
89 4718
243 4723
499 4731
62 4734
128 4735
183 4742
35 4753
525 4757
151 4790
246 4802
474 4810
93 4823
484 4832
230 4833
163 4838
477 4849
446 4852
482 4876
159 4877
103 4896
494 4899
168 4904
387 4906
25 4908
554 4911
231 4918
322 4925
178 4932
92 4933
199 4934
576 4945
353 4950
445 4951
192 4953
113 4956
388 4967
143 4967
452 4983
375 4991
517 5000
423 5029
169 5031
448 5060
530 5074
519 5082
284 5096
233 5103
9 5110
503 5110
152 5127
41 5132
375 5142
573 5147
105 5163
82 5184
331 5208
433 5218
249 5219
422 5220
208 5228
36 5234
386 5246
569 5247
469 5264
427 5276
398 5281
160 5284
388 5288
481 5292
202 5295
116 5307
82 5325
591 5336
24 5341
168 5355
273 5360
433 5364
241 5373
485 5379
343 5385
511 5388
176 5398
129 5406
155 5407
606 5427
499 5433
637 5440
155 5443
325 5478
7 5548
567 5549
602 5559
416 5565
309 5572
544 5594
334 5602
5 5614
400 5616
101 5622
272 5656
123 5662
128 5672
389 5680
62 5689
594 5693
401 5710
500 5714
40 5716
565 5719
630 5739
416 5744
6 5746
149 5766
255 5766
219 5766
60 5768
281 5779
11 5806
76 5811
125 5813
271 5818
22 5820
593 5833
178 5849
268 5854
585 5869
412 5890
383 5890
306 5893
86 5906
424 5914
683 5929
30 5936
134 5948
463 5949
503 5968
187 5988
13 5995
243 5999
451 6004
172 6008
156 6008
268 6011
334 6023
681 6026
180 6040
248 6047
65 6066
153 6089
700 6096
313 6140
58 6150
192 6152
45 6179
657 6220
33 6241
153 6247
384 6251
169 6260
192 6266
539 6270
253 6275
247 6282
580 6297
474 6314
586 6330
650 6333
507 6334
557 6351
423 6384
507 6390
406 6393
227 6400
272 6413
34 6413
486 6427
686 6439
258 6446
111 6449
18 6451
140 6452
638 6458
365 6474
39 6487
100 6496
632 6532
678 6538
467 6541
646 6556
193 6581
268 6606
51 6611
654 6619
110 6623
491 6638
443 6648
510 6658
9 6662
613 6672
450 6690
328 6690
160 6691
151 6738
722 6739
94 6740
546 6741
232 6755
299 6758
79 6766
539 6774
660 6786
88 6786
705 6795
6 6802
188 6813
604 6817
214 6822
556 6834
45 6835
17 6837
166 6867
44 6878
569 6883
402 6891
228 6900
331 6907
481 6912
171 6914
572 6925
335 6928
208 6951
23 6953
355 6953
70 6955
386 6996
490 6997
40 7011
690 7019
283 7022
462 7028
428 7034
142 7036
223 7049
546 7050
666 7051
98 7052
643 7055
461 7058
516 7066
135 7074
131 7094
710 7096
686 7106
28 7107
648 7144
135 7153
460 7164
214 7169
602 7173
719 7177
105 7180
71 7185
582 7186
337 7194
448 7195
604 7200
271 7206
680 7208
9 7219
480 7242
734 7251
560 7257
483 7260
433 7267
246 7276
490 7286
304 7293
702 7300
178 7301
197 7313
462 7358
404 7403
418 7405
572 7417
350 7422
535 7429
205 7455
554 7457
303 7460
181 7495
354 7513
139 7530
66 7534
32 7534
173 7575
747 7580
837 7581
419 7585
101 7590
643 7594
17 7599
620 7603
188 7607
370 7607
338 7609
27 7611
599 7620
358 7622
266 7624
232 7644
292 7653
41 7659
749 7665
31 7677
76 7692
433 7694
123 7707
545 7729
29 7740
136 7741
301 7763
654 7777
177 7780
504 7793
225 7798
360 7809
79 7809
57 7810
103 7810
788 7812
347 7816
754 7817
552 7831
712 7836
521 7839
792 7849
9 7870
57 7871
867 7892
212 7900
513 7928
513 7930
359 7947
468 7961
445 7978
558 7986
165 7995
784 7997
396 7997
420 8033
386 8042
757 8048
237 8055
173 8080
419 8084
147 8088
145 8112
308 8121
643 8125
780 8134
90 8146
295 8147
129 8158
612 8172
675 8198
36 8201
253 8201
140 8205
589 8210
264 8219
811 8240
243 8246
465 8255
595 8257
352 8274
670 8280
733 8282
312 8294
721 8297
549 8300
734 8302
719 8318
215 8329
532 8332
788 8352
139 8356
286 8358
899 8359
608 8362
44 8367
65 8371
192 8381
2 8382
162 8383
645 8383
885 8398
248 8408
534 8418
24 8425
747 8439
28 8440
825 8447
253 8449
702 8452
741 8457
920 8460
686 8472
323 8476
268 8476
531 8476
827 8478
486 8479
893 8481
881 8485
61 8532
808 8537
958 8555
642 8562
210 8590
365 8597
343 8615
390 8620
908 8623
134 8627
269 8630
923 8632
886 8633
593 8635
117 8642
352 8661
933 8666
88 8672
712 8675
177 8677
891 8696
301 8703
547 8712
695 8714
280 8730
403 8733
695 8740
773 8767
582 8783
670 8792
317 8797
952 8809
944 8840
680 8866
432 8867
365 8872
271 8874
455 8885
409 8885
279 8890
21 8903
160 8920
808 8924
874 8935
831 8950
104 8953
709 8969
239 8977
373 8988
222 9010
577 9015
241 9017
72 9024
202 9030
680 9039
769 9042
775 9043
183 9045
383 9047
468 9051
748 9053
857 9063
460 9065
690 9084
823 9090
933 9094
452 9110
726 9114
848 9121
376 9135
689 9154
462 9168
515 9177
680 9192
696 9205
980 9214
887 9221
770 9224
796 9225
166 9243
29 9250
918 9251
258 9255
346 9264
649 9269
623 9273
639 9276
228 9285
794 9300
376 9308
245 9321
815 9322
490 9322
948 9332
860 9362
931 9365
211 9365
439 9367
883 9373
144 9379
1034 9384
625 9386
616 9403
713 9410
242 9411
265 9425
336 9430
965 9451
964 9457
693 9471
305 9476
578 9493
481 9494
261 9497
87 9504
17 9536
1027 9560
180 9580
489 9580
995 9580
166 9581
657 9582
94 9583
500 9583
129 9596
919 9597
670 9636
826 9642
937 9674
182 9686
410 9689
658 9689
151 9712
973 9725
88 9726
150 9730
247 9735
893 9737
641 9765
1005 9773
413 9797
65 9800
329 9803
1021 9809
385 9832
488 9848
770 9848
273 9852
5 9858
246 9862
653 9875
728 9882
188 9884
223 9888
217 9892
519 9894
1091 9900
1032 9926
805 9933
550 9938
581 9939
214 9957
54 9957
362 9961
595 9961
900 9963
847 9984
1084 9985
669 9989
1008 9991
931
1121 32
582 37
196 49
1047 55
1050 64
914 66
1014 72
498 78
698 80
990 89
810 100
968 126
959 141
530 145
251 146
883 154
735 192
344 206
1035 211
1134 258
422 280
1069 281
170 282
189 302
1130 303
878 346
946 357
536 369
1086 401
266 408
147 426
768 432
460 434
155 437
934 439
975 441
446 445
41 468
695 474
804 482
917 486
271 496
957 508
674 516
538 516
179 517
118 548
429 553
23 573
1133 579
105 582
459 586
280 587
54 622
350 632
1057 650
863 700
166 708
145 715
112 727
825 730
1075 744
1110 745
245 747
256 751
693 757
565 761
1017 769
293 779
762 793
88 797
851 806
198 815
341 819
654 819
47 826
324 831
987 831
139 853
314 868
10 881
221 888
3 890
1053 900
469 924
399 939
298 946
603 946
1104 949
394 955
928 983
303 984
525 991
1111 1004
99 1010
1080 1014
611 1026
856 1035
609 1078
816 1085
1116 1106
1087 1113
425 1137
860 1184
275 1198
902 1209
1048 1219
749 1266
908 1267
281 1289
64 1318
925 1330
111 1365
701 1381
187 1395
541 1458
767 1468
75 1470
930 1474
354 1480
747 1507
34 1526
669 1541
365 1560
763 1583
1058 1593
438 1600
519 1610
521 1625
893 1636
658 1654
817 1662
37 1675
1015 1706
637 1706
250 1707
367 1714
537 1732
1033 1735
799 1742
601 1750
204 1754
809 1754
234 1778
875 1787
380 1788
516 1801
1128 1806
390 1823
712 1825
512 1842
868 1843
257 1851
363 1891
511 1897
313 1898
1061 1900
389 1921
247 1924
28 1931
416 1949
33 1967
393 1974
941 1975
844 1978
996 2008
929 2012
124 2026
286 2040
676 2047
1044 2053
1062 2087
290 2099
776 2134
143 2154
432 2168
662 2174
683 2175
125 2185
974 2186
255 2189
567 2213
1091 2214
912 2233
942 2253
177 2281
673 2307
619 2324
639 2347
39 2349
845 2353
999 2355
259 2366
877 2368
510 2379
522 2383
476 2403
900 2415
226 2417
1009 2418
940 2423
428 2424
692 2427
976 2429
921 2436
617 2445
475 2455
835 2478
215 2496
513 2500
882 2517
205 2534
758 2572
594 2585
871 2598
757 2628
472 2631
279 2664
449 2672
887 2680
128 2684
811 2685
132 2689
384 2691
287 2696
1001 2705
780 2710
343 2716
106 2719
180 2722
552 2724
301 2728
993 2737
1132 2739
1131 2769
309 2780
527 2783
90 2791
13 2793
323 2802
167 2823
282 2833
727 2837
746 2837
57 2858
853 2859
192 2866
963 2869
404 2886
947 2890
1105 2890
154 2900
638 2933
412 2939
43 2942
635 2992
824 3012
967 3012
114 3021
32 3031
664 3034
368 3045
956 3046
1043 3055
821 3064
613 3084
888 3086
499 3086
794 3092
405 3095
219 3108
468 3153
242 3159
570 3161
146 3162
352 3173
38 3186
1103 3195
855 3197
456 3244
972 3253
101 3258
543 3258
487 3262
681 3273
765 3312
67 3315
1125 3316
203 3333
1073 3353
520 3359
909 3363
59 3375
622 3383
76 3383
1030 3391
182 3392
713 3394
381 3415
859 3416
455 3426
895 3427
848 3428
903 3443
913 3443
704 3445
108 3458
1011 3460
401 3464
474 3473
369 3479
81 3491
346 3497
677 3502
915 3502
378 3527
548 3528
616 3556
691 3562
889 3572
801 3578
451 3589
1126 3618
1004 3620
728 3627
374 3633
1118 3645
236 3651
398 3695
409 3720
789 3728
847 3757
35 3766
31 3776
572 3776
462 3779
553 3780
1013 3788
897 3798
828 3809
115 3814
985 3826
149 3834
141 3846
347 3857
753 3860
645 3872
992 3880
890 3908
376 3918
573 3933
857 3948
659 3966
190 3970
30 3992
815 4017
358 4022
461 4032
1065 4070
68 4071
864 4072
482 4083
529 4090
595 4102
439 4117
819 4119
85 4121
958 4123
671 4137
832 4141
542 4158
52 4178
657 4195
580 4199
385 4200
322 4205
117 4209
923 4230
911 4231
606 4241
408 4255
589 4255
1112 4277
151 4304
420 4340
442 4342
413 4345
591 4356
796 4375
973 4390
1037 4403
696 4412
1102 4415
93 4417
931 4418
881 4422
361 4454
1016 4480
540 4489
388 4490
342 4539
77 4573
284 4577
316 4592
244 4602
1094 4604
833 4620
400 4621
414 4634
357 4636
263 4636
491 4652
1002 4662
761 4665
481 4669
652 4669
65 4679
131 4691
508 4708
983 4712
243 4718
919 4721
359 4727
785 4735
123 4740
792 4743
434 4762
626 4762
1074 4772
836 4822
831 4838
232 4850
979 4855
328 4859
738 4870
624 4873
1006 4883
719 4895
524 4899
419 4901
661 4903
489 4921
471 4926
94 4929
1007 4954
700 4958
1031 4966
775 4973
584 4997
315 5023
714 5029
433 5035
157 5049
206 5054
152 5062
1068 5089
216 5101
272 5107
1008 5115
423 5118
383 5165
1090 5171
79 5187
1012 5188
356 5195
1063 5227
211 5253
126 5260
260 5267
665 5298
175 5300
227 5303
351 5308
910 5321
395 5325
1097 5328
1042 5330
334 5340
63 5348
615 5378
473 5384
711 5387
984 5405
1040 5423
731 5444
962 5462
876 5474
326 5480
454 5489
503 5495
4 5497
937 5509
1127 5515
51 5515
292 5517
12 5545
494 5555
441 5578
448 5580
581 5584
733 5589
103 5591
391 5591
640 5614
208 5631
424 5632
308 5635
649 5635
1093 5666
830 5673
160 5687
766 5687
444 5705
873 5707
325 5710
1095 5715
724 5728
989 5734
759 5743
643 5745
467 5752
556 5753
239 5771
207 5775
650 5777
709 5792
526 5795
675 5813
336 5828
933 5837
265 5838
273 5883
406 5915
321 5925
130 5929
850 5940
200 5942
867 5947
852 5959
138 5976
805 5977
807 5981
707 5984
874 5985
920 5995
1081 5997
220 5999
797 6001
493 6007
11 6015
1060 6018
36 6031
317 6054
1084 6067
754 6068
500 6086
181 6093
162 6105
150 6131
332 6142
980 6146
1071 6152
954 6162
760 6183
620 6188
20 6189
436 6197
274 6205
678 6216
1123 6221
320 6237
71 6243
83 6245
770 6253
739 6265
133 6276
134 6287
734 6288
437 6298
585 6304
329 6311
837 6333
382 6355
333 6355
587 6361
982 6361
418 6363
545 6364
116 6370
551 6375
430 6400
602 6415
311 6437
1119 6448
295 6470
159 6475
568 6483
45 6496
1022 6496
184 6501
283 6504
604 6509
231 6522
229 6581
686 6584
1129 6585
107 6592
212 6602
53 6610
95 6612
502 6613
576 6615
435 6618
1120 6650
610 6657
593 6666
62 6668
846 6675
599 6678
478 6685
574 6711
656 6713
566 6732
1010 6758
926 6759
515 6764
592 6774
634 6789
666 6810
69 6813
590 6853
518 6857
818 6860
1056 6867
1078 6870
1021 6884
598 6891
773 6899
966 6913
970 6934
61 6953
302 6963
345 6972
1107 6973
660 6974
562 7000
858 7005
225 7037
264 7047
706 7087
688 7091
745 7110
340 7112
814 7126
718 7138
523 7144
230 7151
8 7181
922 7183
1070 7185
50 7187
237 7194
17 7199
705 7205
48 7248
533 7257
330 7257
1000 7271
1089 7275
402 7280
927 7286
72 7293
886 7293
277 7298
535 7313
396 7314
790 7325
509 7330
270 7333
294 7336
569 7355
679 7361
756 7371
935 7379
894 7384
793 7388
559 7388
737 7391
579 7395
78 7397
854 7419
813 7444
360 7461
769 7464
1049 7468
86 7520
289 7535
1046 7537
721 7563
667 7571
554 7592
174 7608
861 7612
349 7631
899 7638
945 7642
655 7668
663 7691
168 7696
1099 7697
1029 7719
306 7730
938 7735
834 7746
961 7747
636 7750
169 7755
246 7756
18 7770
497 7771
375 7787
627 7796
906 7813
312 7831
690 7836
299 7845
210 7866
121 7871
213 7904
1076 7910
1055 7919
939 7922
129 7935
1082 7948
58 7958
732 7960
812 7961
708 7991
82 8021
880 8023
936 8028
370 8041
687 8046
742 8062
228 8083
338 8087
786 8093
60 8094
981 8104
185 8111
310 8116
161 8124
445 8168
717 8182
269 8183
682 8193
803 8203
447 8209
267 8222
163 8223
488 8228
1108 8240
978 8241
201 8320
802 8321
647 8344
258 8366
539 8379
96 8387
27 8388
764 8393
214 8393
110 8401
1027 8404
217 8405
366 8434
550 8441
153 8441
172 8452
631 8471
1115 8545
120 8557
403 8569
716 8589
73 8593
641 8600
1122 8608
427 8622
484 8623
896 8636
1136 8641
642 8665
218 8686
699 8692
1019 8699
458 8717
1088 8729
91 8738
148 8744
176 8745
726 8763
668 8776
670 8778
135 8788
440 8819
991 8822
450 8826
1100 8826
1117 8827
586 8842
109 8848
907 8861
97 8861
191 8864
137 8892
415 8892
1101 8903
633 8903
485 8904
104 8905
791 8932
452 8956
21 8968
532 8978
842 8978
916 8993
252 8999
865 9008
751 9020
233 9035
995 9035
249 9050
988 9054
575 9068
838 9100
16 9103
964 9104
199 9119
14 9144
1032 9155
614 9163
348 9174
646 9176
183 9180
490 9184
561 9187
5 9213
195 9216
102 9217
371 9222
505 9245
113 9253
387 9263
87 9267
558 9268
463 9276
304 9286
514 9306
549 9308
1135 9310
44 9311
710 9313
839 9316
892 9322
49 9364
744 9368
965 9395
372 9401
66 9412
644 9416
202 9428
528 9434
1067 9440
943 9442
291 9443
1083 9449
689 9464
879 9470
1059 9472
534 9483
723 9486
648 9487
178 9492
24 9498
544 9500
840 9506
1052 9524
42 9525
335 9525
563 9536
465 9537
736 9539
479 9551
1096 9554
904 9569
1124 9572
571 9576
1003 9576
1077 9580
884 9593
752 9594
55 9618
362 9621
997 9622
772 9653
898 9656
483 9677
261 9681
74 9725
268 9765
142 9773
583 9798
136 9825
1109 9830
337 9831
788 9844
25 9857
782 9858
977 9859
952 9866
618 9868
100 9879
15 9897
1064 9912
506 9928
891 9941
29 9954
1066 9960
1041 9961
932 9975
470 9990
