1668
1 9992
1 9977
2 9952
3 9950
4 9948
5 9943
6 9934
7 9926
8 9916
9 9911
10 9911
11 9909
12 9893
13 9891
14 9878
15 9875
16 9867
17 9861
18 9860
19 9856
20 9839
21 9839
22 9836
23 9824
24 9806
25 9799
26 9761
27 9755
28 9754
29 9745
30 9738
31 9737
32 9732
33 9730
34 9723
35 9723
36 9720
37 9715
38 9704
39 9686
40 9685
41 9682
42 9681
43 9659
44 9643
45 9636
46 9615
47 9615
48 9608
49 9607
50 9606
51 9600
52 9596
53 9593
54 9588
55 9584
56 9581
57 9567
58 9557
59 9543
60 9540
61 9531
62 9525
63 9519
64 9496
65 9496
66 9495
67 9492
68 9490
69 9487
70 9484
71 9476
72 9474
73 9473
74 9472
75 9470
76 9467
77 9466
78 9458
79 9449
80 9442
81 9439
82 9433
83 9427
84 9414
85 9411
86 9409
87 9408
88 9400
89 9399
90 9397
91 9395
92 9387
93 9381
94 9374
95 9371
96 9365
97 9359
98 9358
99 9357
100 9341
101 9338
102 9329
103 9326
104 9325
105 9323
106 9321
107 9319
108 9303
109 9283
110 9278
111 9278
112 9271
113 9268
114 9268
115 9262
116 9258
117 9257
118 9255
119 9254
120 9247
121 9246
122 9241
123 9236
124 9232
125 9227
126 9215
127 9215
128 9208
129 9207
130 9204
131 9191
132 9191
133 9190
134 9179
135 9172
136 9158
137 9156
138 9153
139 9146
140 9145
141 9132
142 9130
143 9114
144 9101
145 9100
146 9098
147 9095
148 9092
149 9092
150 9087
151 9082
152 9076
153 9074
154 9071
155 9067
156 9066
157 9062
158 9062
159 9054
160 9050
161 9037
162 9036
163 9028
164 9016
165 9007
166 9006
167 9005
168 9003
169 9003
170 9002
171 9000
172 8987
173 8985
174 8979
175 8975
176 8972
177 8972
178 8969
179 8963
180 8963
181 8951
182 8950
183 8945
184 8941
185 8935
186 8932
187 8928
188 8928
189 8927
190 8923
191 8921
192 8918
193 8918
194 8913
195 8909
196 8898
197 8893
198 8889
199 8886
200 8877
201 8871
202 8859
203 8846
204 8844
205 8835
206 8823
207 8817
208 8816
209 8808
210 8773
211 8769
212 8766
213 8764
214 8761
215 8760
216 8744
217 8736
218 8734
219 8733
220 8733
221 8733
222 8727
223 8718
224 8705
225 8697
226 8692
227 8682
228 8672
229 8672
230 8671
231 8659
232 8658
233 8651
234 8634
235 8632
236 8616
237 8610
238 8608
239 8604
240 8598
241 8595
242 8570
243 8569
244 8562
245 8558
246 8555
247 8550
248 8547
249 8545
250 8540
251 8540
252 8538
253 8528
254 8527
255 8521
256 8517
257 8516
258 8509
259 8509
260 8501
261 8497
262 8496
263 8496
264 8491
265 8486
266 8477
267 8474
268 8473
269 8470
270 8465
271 8463
272 8458
273 8456
274 8444
275 8433
276 8430
277 8430
278 8427
279 8426
280 8423
281 8419
282 8410
283 8409
284 8401
285 8392
286 8391
287 8386
288 8385
289 8383
290 8377
291 8368
292 8365
293 8361
294 8325
295 8319
296 8318
297 8311
298 8310
299 8292
300 8290
301 8289
302 8285
303 8269
304 8263
305 8260
306 8252
307 8240
308 8239
309 8237
310 8237
311 8237
312 8237
313 8234
314 8218
315 8212
316 8199
317 8196
318 8187
319 8186
320 8181
321 8177
322 8175
323 8172
324 8171
325 8169
326 8155
327 8151
328 8150
329 8150
330 8142
331 8133
332 8131
333 8129
334 8125
335 8123
336 8122
337 8115
338 8109
339 8109
340 8108
341 8102
342 8101
343 8097
344 8093
345 8091
346 8091
347 8090
348 8084
349 8082
350 8065
351 8052
352 8046
353 8043
354 8040
355 8039
356 8022
357 8019
358 7997
359 7992
360 7957
361 7952
362 7950
363 7946
364 7935
365 7919
366 7917
367 7914
368 7903
369 7884
370 7880
371 7879
372 7870
373 7870
374 7863
375 7860
376 7857
377 7856
378 7854
379 7845
380 7845
381 7843
382 7838
383 7832
384 7824
385 7822
386 7808
387 7807
388 7804
389 7802
390 7800
391 7795
392 7788
393 7787
394 7773
395 7753
396 7753
397 7735
398 7733
399 7731
400 7724
401 7723
402 7721
403 7718
404 7715
405 7713
406 7712
407 7711
408 7709
409 7706
410 7703
411 7698
412 7692
413 7689
414 7684
415 7670
416 7666
417 7665
418 7662
419 7646
420 7645
421 7631
422 7624
423 7608
424 7606
425 7605
426 7593
427 7590
428 7586
429 7574
430 7562
431 7552
432 7546
433 7546
434 7545
435 7545
436 7539
437 7535
438 7533
439 7532
440 7531
441 7505
442 7502
443 7499
444 7499
445 7497
446 7494
447 7493
448 7484
449 7481
450 7480
451 7475
452 7475
453 7466
454 7443
455 7440
456 7437
457 7434
458 7421
459 7421
460 7417
461 7417
462 7409
463 7402
464 7401
465 7398
466 7395
467 7389
468 7388
469 7384
470 7380
471 7362
472 7356
473 7355
474 7353
475 7352
476 7352
477 7349
478 7339
479 7330
480 7329
481 7322
482 7320
483 7316
484 7307
485 7299
486 7292
487 7278
488 7266
489 7264
490 7261
491 7240
492 7235
493 7220
494 7217
495 7212
496 7210
497 7177
498 7173
499 7171
500 7171
501 7165
502 7155
503 7150
504 7137
505 7124
506 7123
507 7120
508 7105
509 7102
510 7102
511 7099
512 7089
513 7084
514 7069
515 7063
516 7059
517 7047
518 7044
519 7035
520 7017
521 6975
522 6971
523 6965
524 6956
525 6950
526 6945
527 6945
528 6934
529 6933
530 6919
531 6894
532 6890
533 6873
534 6872
535 6863
536 6856
537 6843
538 6838
539 6819
540 6815
541 6808
542 6806
543 6804
544 6803
545 6788
546 6776
547 6775
548 6769
549 6761
550 6761
551 6759
552 6751
553 6751
554 6716
555 6714
556 6712
557 6709
558 6705
559 6704
560 6692
561 6690
562 6688
563 6685
564 6675
565 6672
566 6639
567 6633
568 6622
569 6617
570 6613
571 6612
572 6595
573 6594
574 6592
575 6591
576 6590
577 6581
578 6579
579 6576
580 6572
581 6566
582 6560
583 6551
584 6537
585 6534
586 6534
587 6525
588 6516
589 6511
590 6501
591 6500
592 6496
593 6490
594 6478
595 6477
596 6472
597 6448
598 6445
599 6440
600 6436
601 6430
602 6423
603 6421
604 6410
605 6408
606 6407
607 6402
608 6399
609 6396
610 6395
611 6389
612 6387
613 6383
614 6369
615 6366
616 6362
617 6355
618 6340
619 6331
620 6330
621 6313
622 6313
623 6306
624 6306
625 6298
626 6298
627 6297
628 6272
629 6256
630 6249
631 6242
632 6236
633 6230
634 6229
635 6228
636 6210
637 6210
638 6202
639 6197
640 6196
641 6193
642 6189
643 6185
644 6177
645 6176
646 6163
647 6158
648 6157
649 6155
650 6150
651 6146
652 6127
653 6123
654 6122
655 6121
656 6121
657 6117
658 6101
659 6101
660 6100
661 6088
662 6081
663 6068
664 6062
665 6056
666 6055
667 6054
668 6046
669 6025
670 6021
671 6018
672 6012
673 6009
674 5992
675 5985
676 5983
677 5980
678 5977
679 5977
680 5969
681 5966
682 5963
683 5959
684 5958
685 5951
686 5944
687 5944
688 5943
689 5938
690 5935
691 5934
692 5929
693 5924
694 5919
695 5893
696 5889
697 5886
698 5878
699 5870
700 5867
701 5860
702 5851
703 5845
704 5839
705 5837
706 5836
707 5835
708 5824
709 5815
710 5806
711 5802
712 5802
713 5799
714 5794
715 5794
716 5793
717 5791
718 5788
719 5766
720 5762
721 5760
722 5759
723 5750
724 5749
725 5743
726 5742
727 5732
728 5721
729 5682
730 5680
731 5679
732 5654
733 5647
734 5644
735 5642
736 5639
737 5627
738 5608
739 5604
740 5593
741 5592
742 5567
743 5559
744 5547
745 5545
746 5536
747 5536
748 5528
749 5522
750 5515
751 5513
752 5508
753 5500
754 5482
755 5476
756 5475
757 5473
758 5471
759 5469
760 5469
761 5468
762 5463
763 5459
764 5459
765 5456
766 5449
767 5448
768 5447
769 5446
770 5444
771 5433
772 5420
773 5418
774 5417
775 5411
776 5404
777 5399
778 5394
779 5383
780 5378
781 5365
782 5361
783 5357
784 5357
785 5356
786 5348
787 5344
788 5344
789 5344
790 5339
791 5333
792 5323
793 5310
794 5309
795 5306
796 5298
797 5296
798 5289
799 5284
800 5273
801 5273
802 5258
803 5255
804 5251
805 5237
806 5233
807 5230
808 5226
809 5221
810 5216
811 5215
812 5208
813 5207
814 5199
815 5191
816 5170
817 5164
818 5151
819 5148
820 5134
821 5128
822 5123
823 5116
824 5110
825 5102
826 5095
827 5087
828 5086
829 5068
830 5067
831 5051
832 5050
833 5037
834 5036
835 5034
836 5025
837 5017
838 4999
839 4996
840 4994
841 4978
842 4968
843 4966
844 4963
845 4958
846 4944
847 4943
848 4942
849 4940
850 4913
851 4909
852 4908
853 4902
854 4898
855 4886
856 4886
857 4882
858 4882
859 4881
860 4874
861 4872
862 4871
863 4868
864 4868
865 4867
866 4860
867 4856
868 4854
869 4852
870 4852
871 4850
872 4849
873 4840
874 4838
875 4831
876 4826
877 4823
878 4821
879 4818
880 4816
881 4803
882 4801
883 4801
884 4800
885 4793
886 4779
887 4777
888 4776
889 4772
890 4762
891 4757
892 4755
893 4750
894 4749
895 4745
896 4741
897 4736
898 4734
899 4733
900 4721
901 4711
902 4711
903 4710
904 4708
905 4705
906 4703
907 4696
908 4667
909 4659
910 4636
911 4628
912 4623
913 4615
914 4610
915 4609
916 4604
917 4602
918 4596
919 4596
920 4594
921 4593
922 4590
923 4585
924 4582
925 4577
926 4577
927 4569
928 4565
929 4560
930 4558
931 4550
932 4541
933 4536
934 4534
935 4522
936 4512
937 4498
938 4496
939 4494
940 4492
941 4490
942 4488
943 4479
944 4475
945 4451
946 4450
947 4439
948 4434
949 4433
950 4433
951 4429
952 4413
953 4410
954 4409
955 4404
956 4401
957 4390
958 4383
959 4381
960 4379
961 4374
962 4370
963 4368
964 4360
965 4342
966 4338
967 4336
968 4329
969 4322
970 4315
971 4308
972 4287
973 4286
974 4284
975 4283
976 4282
977 4273
978 4268
979 4264
980 4261
981 4257
982 4241
983 4239
984 4229
985 4223
986 4220
987 4219
988 4214
989 4206
990 4205
991 4205
992 4200
993 4200
994 4183
995 4174
996 4157
997 4155
998 4155
999 4136
1000 4131
1001 4129
1002 4127
1003 4118
1004 4113
1005 4103
1006 4101
1007 4099
1008 4091
1009 4086
1010 4086
1011 4079
1012 4064
1013 4059
1014 4056
1015 4032
1016 4031
1017 4026
1018 4020
1019 4012
1020 4009
1021 4006
1022 3989
1023 3982
1024 3981
1025 3979
1026 3977
1027 3975
1028 3975
1029 3973
1030 3958
1031 3954
1032 3945
1033 3942
1034 3932
1035 3928
1036 3926
1037 3925
1038 3915
1039 3908
1040 3899
1041 3898
1042 3896
1043 3890
1044 3878
1045 3873
1046 3872
1047 3867
1048 3852
1049 3832
1050 3816
1051 3789
1052 3788
1053 3786
1054 3780
1055 3779
1056 3771
1057 3768
1058 3756
1059 3750
1060 3748
1061 3739
1062 3728
1063 3727
1064 3722
1065 3718
1066 3709
1067 3709
1068 3708
1069 3684
1070 3680
1071 3679
1072 3678
1073 3676
1074 3672
1075 3667
1076 3648
1077 3621
1078 3616
1079 3615
1080 3614
1081 3611
1082 3611
1083 3608
1084 3608
1085 3604
1086 3603
1087 3603
1088 3601
1089 3599
1090 3592
1091 3588
1092 3586
1093 3586
1094 3580
1095 3574
1096 3569
1097 3569
1098 3567
1099 3566
1100 3547
1101 3546
1102 3542
1103 3535
1104 3526
1105 3521
1106 3520
1107 3503
1108 3487
1109 3476
1110 3467
1111 3467
1112 3456
1113 3451
1114 3449
1115 3443
1116 3417
1117 3415
1118 3399
1119 3399
1120 3398
1121 3397
1122 3396
1123 3392
1124 3384
1125 3374
1126 3361
1127 3354
1128 3351
1129 3351
1130 3347
1131 3338
1132 3328
1133 3325
1134 3315
1135 3315
1136 3309
1137 3306
1138 3299
1139 3287
1140 3281
1141 3280
1142 3278
1143 3276
1144 3262
1145 3260
1146 3242
1147 3233
1148 3227
1149 3226
1150 3223
1151 3211
1152 3200
1153 3194
1154 3171
1155 3165
1156 3156
1157 3153
1158 3151
1159 3145
1160 3137
1161 3136
1162 3133
1163 3124
1164 3123
1165 3120
1166 3119
1167 3107
1168 3102
1169 3096
1170 3091
1171 3085
1172 3074
1173 3070
1174 3063
1175 3055
1176 3033
1177 3030
1178 3029
1179 3029
1180 3027
1181 3014
1182 3013
1183 3010
1184 3000
1185 2996
1186 2996
1187 2991
1188 2986
1189 2983
1190 2980
1191 2977
1192 2977
1193 2966
1194 2953
1195 2953
1196 2952
1197 2925
1198 2925
1199 2923
1200 2921
1201 2900
1202 2899
1203 2897
1204 2897
1205 2893
1206 2892
1207 2891
1208 2889
1209 2880
1210 2874
1211 2872
1212 2871
1213 2862
1214 2861
1215 2859
1216 2852
1217 2851
1218 2844
1219 2842
1220 2839
1221 2837
1222 2837
1223 2826
1224 2819
1225 2814
1226 2811
1227 2801
1228 2791
1229 2788
1230 2778
1231 2775
1232 2768
1233 2759
1234 2751
1235 2724
1236 2712
1237 2698
1238 2688
1239 2673
1240 2668
1241 2663
1242 2659
1243 2643
1244 2629
1245 2628
1246 2626
1247 2619
1248 2618
1249 2614
1250 2604
1251 2596
1252 2591
1253 2585
1254 2577
1255 2577
1256 2575
1257 2573
1258 2573
1259 2562
1260 2542
1261 2535
1262 2535
1263 2514
1264 2502
1265 2496
1266 2488
1267 2485
1268 2484
1269 2475
1270 2472
1271 2465
1272 2461
1273 2451
1274 2450
1275 2440
1276 2439
1277 2438
1278 2432
1279 2428
1280 2427
1281 2421
1282 2419
1283 2417
1284 2396
1285 2394
1286 2390
1287 2367
1288 2343
1289 2343
1290 2341
1291 2327
1292 2326
1293 2323
1294 2308
1295 2300
1296 2300
1297 2300
1298 2294
1299 2286
1300 2265
1301 2251
1302 2249
1303 2249
1304 2249
1305 2247
1306 2241
1307 2240
1308 2237
1309 2232
1310 2220
1311 2217
1312 2211
1313 2193
1314 2191
1315 2182
1316 2173
1317 2167
1318 2162
1319 2159
1320 2159
1321 2157
1322 2148
1323 2147
1324 2143
1325 2133
1326 2129
1327 2124
1328 2123
1329 2120
1330 2118
1331 2104
1332 2101
1333 2084
1334 2075
1335 2071
1336 2070
1337 2069
1338 2066
1339 2062
1340 2047
1341 2035
1342 2030
1343 2028
1344 2023
1345 2019
1346 2001
1347 1994
1348 1979
1349 1979
1350 1949
1351 1940
1352 1934
1353 1932
1354 1927
1355 1926
1356 1917
1357 1908
1358 1904
1359 1888
1360 1887
1361 1876
1362 1866
1363 1856
1364 1836
1365 1831
1366 1818
1367 1809
1368 1803
1369 1795
1370 1775
1371 1773
1372 1767
1373 1766
1374 1752
1375 1750
1376 1749
1377 1744
1378 1738
1379 1734
1380 1734
1381 1727
1382 1723
1383 1719
1384 1718
1385 1715
1386 1713
1387 1700
1388 1687
1389 1687
1390 1685
1391 1685
1392 1683
1393 1679
1394 1677
1395 1676
1396 1674
1397 1672
1398 1668
1399 1658
1400 1656
1401 1648
1402 1646
1403 1643
1404 1642
1405 1642
1406 1629
1407 1628
1408 1625
1409 1617
1410 1610
1411 1610
1412 1601
1413 1594
1414 1590
1415 1567
1416 1562
1417 1559
1418 1539
1419 1538
1420 1537
1421 1521
1422 1507
1423 1507
1424 1504
1425 1497
1426 1485
1427 1473
1428 1467
1429 1463
1430 1463
1431 1432
1432 1429
1433 1426
1434 1398
1435 1388
1436 1388
1437 1380
1438 1377
1439 1375
1440 1371
1441 1371
1442 1363
1443 1361
1444 1356
1445 1350
1446 1348
1447 1346
1448 1342
1449 1335
1450 1335
1451 1332
1452 1326
1453 1323
1454 1321
1455 1315
1456 1309
1457 1299
1458 1288
1459 1285
1460 1282
1461 1275
1462 1271
1463 1268
1464 1265
1465 1258
1466 1256
1467 1255
1468 1238
1469 1236
1470 1232
1471 1228
1472 1228
1473 1221
1474 1216
1475 1214
1476 1212
1477 1210
1478 1210
1479 1205
1480 1199
1481 1196
1482 1190
1483 1186
1484 1179
1485 1174
1486 1161
1487 1157
1488 1152
1489 1151
1490 1147
1491 1145
1492 1137
1493 1136
1494 1127
1495 1123
1496 1117
1497 1111
1498 1109
1499 1105
1500 1092
1501 1084
1502 1070
1503 1064
1504 1063
1505 1061
1506 1054
1507 1052
1508 1049
1509 1048
1510 1043
1511 1035
1512 1027
1513 1020
1514 1016
1515 1015
1516 1010
1517 978
1518 976
1519 975
1520 970
1521 957
1522 956
1523 952
1524 951
1525 942
1526 940
1527 925
1528 922
1529 913
1530 909
1531 905
1532 892
1533 892
1534 891
1535 873
1536 871
1537 867
1538 862
1539 856
1540 855
1541 855
1542 850
1543 848
1544 847
1545 840
1546 839
1547 835
1548 834
1549 832
1550 830
1551 821
1552 818
1553 813
1554 810
1555 793
1556 793
1557 786
1558 768
1559 764
1560 757
1561 734
1562 729
1563 727
1564 727
1565 722
1566 711
1567 688
1568 681
1569 678
1570 678
1571 663
1572 663
1573 658
1574 657
1575 644
1576 641
1577 627
1578 624
1579 623
1580 613
1581 608
1582 607
1583 605
1584 603
1585 590
1586 590
1587 585
1588 577
1589 575
1590 556
1591 550
1592 547
1593 547
1594 547
1595 544
1596 541
1597 531
1598 503
1599 495
1600 494
1601 486
1602 480
1603 465
1604 461
1605 439
1606 424
1607 413
1608 409
1609 409
1610 400
1611 399
1612 397
1613 394
1614 384
1615 367
1616 346
1617 336
1618 333
1619 324
1620 318
1621 313
1622 308
1623 307
1624 301
1625 297
1626 289
1627 285
1628 280
1629 263
1630 261
1631 245
1632 232
1633 226
1634 223
1635 213
1636 208
1637 206
1638 203
1639 195
1640 195
1641 194
1642 182
1643 181
1644 178
1645 172
1646 159
1647 157
1648 155
1649 153
1650 148
1651 146
1652 132
1653 124
1654 109
1655 108
1656 107
1657 97
1658 77
1659 73
1660 68
1661 66
1662 43
1663 41
1664 39
1665 36
1666 15
1667 8
988
1217 9991
523 9991
1613 9961
482 9946
833 9944
1244 9938
386 9925
58 9919
510 9904
487 9887
433 9881
404 9874
1028 9853
1110 9824
1395 9823
1129 9808
830 9801
608 9793
353 9786
800 9779
1267 9777
768 9769
785 9759
574 9745
490 9668
80 9605
1260 9593
199 9581
1490 9574
1151 9554
1649 9554
468 9551
642 9542
1196 9540
1092 9536
1025 9529
1538 9529
650 9514
1500 9502
1231 9494
72 9494
1617 9484
896 9469
614 9462
1537 9419
1664 9419
271 9402
1550 9383
81 9382
977 9377
1427 9377
170 9362
939 9358
1271 9358
1133 9353
1017 9351
1544 9348
137 9293
1120 9280
1517 9275
1277 9271
1103 9259
1106 9258
408 9254
469 9243
1185 9213
1225 9210
1558 9207
202 9206
1145 9198
654 9197
354 9190
423 9169
1107 9168
243 9167
220 9164
526 9163
1298 9155
844 9144
870 9129
1526 9126
301 9124
1497 9088
497 9085
1202 9084
180 9040
1541 9038
326 9037
462 9020
602 8996
71 8996
810 8987
1223 8985
793 8960
1007 8950
37 8935
1199 8925
377 8896
1351 8885
1188 8870
447 8852
1008 8837
1348 8818
1068 8803
1172 8797
696 8772
1053 8754
664 8752
277 8751
1123 8751
1091 8737
1228 8731
337 8728
963 8720
573 8696
676 8696
65 8667
139 8667
733 8653
1547 8624
1568 8620
1365 8615
1468 8605
216 8604
1269 8604
149 8597
227 8587
829 8585
48 8549
1423 8531
9 8525
1508 8508
1618 8505
1080 8491
620 8469
391 8466
872 8447
679 8439
695 8421
224 8402
639 8381
1329 8374
275 8373
561 8354
1567 8341
509 8336
1353 8327
212 8325
333 8325
947 8322
1615 8306
828 8290
1084 8289
459 8288
504 8280
1442 8279
806 8270
1404 8251
1516 8234
525 8227
732 8217
1147 8212
1458 8202
964 8193
632 8184
1245 8182
1128 8175
1015 8164
241 8161
347 8144
483 8139
1598 8131
39 8112
260 8112
87 8105
1054 8093
1272 8084
863 8082
1058 8066
1543 8055
226 8038
1259 8011
1144 8007
1511 8003
1301 8000
270 7987
1303 7986
118 7983
506 7957
1300 7928
1020 7917
590 7914
816 7886
730 7870
1010 7868
14 7850
769 7850
819 7845
690 7839
1647 7821
1614 7791
1148 7784
967 7783
1052 7774
479 7771
1309 7753
1249 7737
8 7726
1362 7715
1013 7708
1622 7700
752 7686
1040 7680
1169 7670
1328 7665
210 7654
1310 7651
1055 7621
41 7614
1380 7611
915 7570
411 7560
1193 7554
1075 7546
1503 7540
16 7525
744 7510
912 7488
1620 7465
364 7454
1530 7452
1212 7442
1604 7437
1491 7427
826 7413
1408 7411
338 7409
1195 7408
954 7407
439 7356
1238 7351
1481 7345
1206 7336
1531 7332
1502 7331
572 7329
1130 7328
1127 7314
860 7308
553 7302
407 7286
710 7271
434 7270
1607 7258
665 7257
343 7256
1041 7247
30 7239
931 7234
867 7230
606 7225
257 7218
953 7216
1032 7206
712 7206
390 7196
596 7183
309 7169
1143 7167
663 7160
168 7137
1527 7128
308 7121
613 7114
450 7082
165 7080
878 7073
835 7071
1109 7063
617 7039
986 7028
1375 7024
346 7023
1473 7013
713 7005
467 6994
315 6989
1324 6988
290 6971
909 6955
1540 6954
754 6948
992 6944
7 6942
718 6893
1101 6888
403 6868
20 6867
1549 6865
1175 6865
495 6864
91 6843
1624 6837
951 6799
314 6797
549 6788
993 6771
724 6771
123 6771
232 6740
19 6724
122 6720
428 6710
412 6697
1211 6692
531 6687
89 6687
1276 6679
1373 6676
1131 6650
515 6628
1368 6614
1247 6609
546 6583
302 6553
1218 6552
211 6551
305 6549
1371 6542
344 6541
925 6536
488 6528
203 6503
233 6496
1207 6481
1557 6463
1360 6462
946 6440
802 6429
74 6408
104 6402
422 6401
1220 6395
1059 6386
415 6385
311 6379
426 6368
1437 6349
292 6340
748 6335
1190 6329
1385 6329
184 6326
1566 6314
120 6312
1428 6305
374 6301
355 6286
505 6281
1668 6280
230 6254
749 6250
548 6239
1432 6229
1628 6220
107 6204
1583 6203
282 6203
92 6201
1176 6201
206 6195
1418 6185
603 6182
593 6173
388 6172
698 6168
474 6163
1097 6162
119 6162
52 6153
154 6149
1265 6148
1347 6126
1394 6120
1449 6120
945 6118
1405 6111
1167 6097
1070 6070
1515 6054
259 6050
948 6048
604 6043
229 6019
511 6007
491 5988
63 5986
626 5984
451 5975
25 5972
1539 5971
1656 5949
188 5938
190 5937
936 5929
1657 5918
610 5915
503 5913
865 5898
442 5891
763 5854
421 5837
1003 5833
1306 5822
669 5805
288 5792
1072 5790
1486 5781
1256 5737
323 5729
500 5705
1074 5691
178 5690
1263 5689
379 5688
641 5674
1370 5646
1466 5635
1463 5610
164 5606
820 5597
1396 5593
61 5593
971 5581
576 5574
965 5555
507 5553
1344 5540
1489 5530
1321 5530
372 5526
55 5500
138 5491
296 5483
283 5479
470 5475
328 5472
12 5466
841 5447
103 5428
1313 5427
941 5426
1082 5421
274 5405
662 5401
1569 5401
349 5383
916 5380
181 5371
1099 5370
175 5366
796 5365
1274 5358
1501 5357
10 5356
1653 5353
1474 5321
1014 5320
162 5310
839 5305
116 5297
1364 5290
659 5275
981 5272
381 5269
1629 5266
146 5265
1495 5244
1173 5228
556 5206
1100 5205
261 5201
431 5192
1222 5152
239 5145
1224 5138
1153 5137
900 5119
418 5112
717 5100
1512 5084
519 5078
512 5076
121 5068
1108 5061
1367 5055
980 5042
1264 4996
294 4989
78 4970
978 4960
395 4939
402 4938
815 4935
73 4923
90 4914
1431 4913
937 4889
1552 4876
445 4869
133 4868
1282 4844
862 4841
399 4837
413 4835
348 4819
571 4817
879 4814
126 4771
1640 4771
795 4768
1002 4759
97 4757
880 4752
1352 4749
463 4747
711 4747
1124 4739
697 4724
195 4724
213 4723
1213 4718
1646 4679
1338 4671
218 4665
1336 4663
832 4662
131 4661
330 4659
1639 4655
779 4654
551 4651
430 4607
1645 4604
703 4604
1551 4603
1477 4590
1599 4582
747 4578
1587 4545
145 4543
1209 4540
1532 4534
35 4513
385 4503
1278 4493
1581 4490
1654 4487
160 4453
970 4434
856 4418
1470 4417
1163 4409
1284 4394
307 4379
1077 4379
262 4362
1560 4348
1635 4343
935 4341
254 4329
1446 4319
645 4307
1586 4305
1239 4298
425 4243
607 4234
1642 4231
69 4226
759 4219
708 4202
1644 4196
1073 4189
1455 4186
187 4135
597 4106
1141 4099
774 4061
1295 4039
375 4024
1048 4004
480 3985
36 3972
1323 3963
1429 3956
1258 3943
1026 3934
322 3909
13 3893
1071 3890
157 3874
312 3869
1400 3859
331 3825
1204 3824
743 3790
638 3774
753 3764
575 3763
1085 3756
481 3752
623 3751
49 3729
38 3726
167 3726
1181 3707
1576 3700
958 3676
684 3657
489 3647
1461 3646
1297 3643
11 3640
750 3628
124 3624
1302 3615
917 3614
1593 3600
1648 3597
1588 3595
891 3588
204 3583
853 3570
1453 3562
643 3560
656 3555
764 3529
448 3517
1098 3506
1390 3493
726 3478
1621 3473
535 3469
934 3469
268 3448
968 3438
631 3437
1528 3432
799 3431
1534 3427
174 3421
1078 3413
932 3413
1472 3399
351 3380
329 3375
809 3363
464 3360
1434 3355
1270 3350
1663 3349
40 3325
1487 3309
1579 3304
279 3291
1065 3284
1125 3271
1619 3265
1483 3258
595 3242
919 3240
1658 3231
1149 3224
1227 3195
868 3168
1322 3143
741 3140
778 3127
341 3126
725 3108
247 3107
1156 3102
1033 3095
1168 3092
851 3079
966 3079
57 3070
801 3058
1061 3057
857 3045
215 3045
127 3037
705 3034
682 3031
1039 3025
316 3021
143 2998
537 2982
267 2954
850 2952
1024 2941
327 2939
1086 2930
1410 2926
336 2914
1393 2905
363 2899
871 2889
605 2887
660 2860
1403 2846
636 2840
376 2833
776 2820
1378 2817
1476 2797
731 2785
1660 2775
1464 2754
440 2746
985 2732
45 2714
303 2696
683 2688
1605 2660
67 2658
1381 2652
991 2638
1018 2628
472 2613
999 2607
1140 2602
1488 2600
536 2599
22 2594
805 2582
370 2570
1273 2564
86 2564
543 2523
1 2511
808 2511
1019 2497
371 2483
51 2477
56 2467
1331 2464
615 2459
1241 2437
674 2434
135 2415
849 2410
988 2394
616 2393
892 2355
161 2326
514 2315
263 2287
278 2286
231 2283
1591 2281
1177 2281
928 2279
1268 2276
1399 2271
1452 2266
701 2257
926 2248
655 2246
996 2242
685 2240
995 2217
453 2214
1165 2212
285 2211
1102 2208
584 2203
1113 2194
587 2190
1296 2189
1166 2189
740 2188
1000 2185
1406 2180
944 2179
836 2171
1174 2156
540 2147
1083 2132
1424 2122
864 2108
1572 2101
475 2092
637 2066
765 2066
612 2049
236 2044
838 2035
1340 2034
256 2018
560 2000
1064 1993
1006 1975
130 1966
1138 1965
780 1960
791 1945
471 1921
1536 1916
709 1895
976 1861
887 1859
569 1855
365 1850
1545 1838
166 1833
772 1827
1637 1824
927 1824
1407 1823
79 1822
1341 1819
742 1819
1433 1818
675 1814
889 1812
1034 1809
60 1805
1312 1803
671 1797
1315 1796
1379 1756
1325 1747
1160 1740
956 1734
1578 1718
1589 1695
75 1683
694 1673
677 1651
777 1634
1285 1632
1261 1606
384 1589
1021 1589
678 1562
975 1513
594 1495
499 1494
1450 1478
427 1464
417 1463
646 1457
1440 1444
1333 1431
1066 1425
657 1423
217 1417
319 1413
66 1398
209 1392
242 1385
520 1378
1069 1370
649 1359
959 1357
501 1345
1289 1341
790 1338
1146 1335
1456 1327
627 1308
716 1304
873 1298
304 1292
972 1289
929 1275
1327 1243
1595 1236
913 1214
1179 1208
295 1202
1425 1190
255 1170
1288 1163
1088 1153
382 1149
318 1137
113 1131
1345 1105
911 1091
198 1084
1652 1068
840 1047
1280 1021
1631 995
762 967
1358 963
405 958
1216 956
300 955
847 942
952 934
688 927
486 916
401 915
240 907
225 896
1326 884
550 878
555 863
289 837
1036 810
544 794
680 779
191 777
628 765
1535 742
1398 734
940 732
1414 717
881 711
890 707
1119 701
653 688
1384 685
974 673
443 654
94 637
722 637
64 634
396 623
807 621
1475 605
1316 593
899 592
31 570
681 567
950 560
32 551
702 531
1504 508
183 507
397 502
942 467
1632 467
1343 464
1651 431
1634 431
99 408
876 375
1485 368
1548 358
334 353
1283 332
761 303
629 300
771 299
264 294
1132 287
460 286
15 281
276 278
773 277
1608 272
529 229
969 223
831 181
1402 181
1187 179
109 172
1152 170
729 165
1419 146
1319 146
990 135
219 118
1525 117
1215 114
528 102
1625 94
770 75
901 66
855 63
534 61
387 61
1304 37
358 21
