1978
1 11
1 14
1 16
1 16
1 27
1 38
1 41
1 51
1 56
1 69
1 70
1 74
1 74
1 75
1 80
1 82
1 84
1 93
1 97
1 105
1 107
1 120
1 129
1 134
1 136
1 139
1 144
1 152
1 153
1 164
1 168
1 168
1 169
1 186
1 188
1 188
1 191
1 201
1 202
1 206
1 212
1 212
1 222
1 226
1 235
1 237
1 246
1 246
1 255
1 255
1 256
1 272
1 286
1 287
1 295
1 299
1 311
1 313
1 329
1 338
1 342
1 356
1 360
1 373
1 380
1 388
1 392
1 395
1 403
1 406
1 409
1 411
1 414
1 421
1 426
1 429
1 431
1 435
1 442
1 443
1 444
1 446
1 454
1 457
1 465
1 467
1 469
1 482
1 485
1 485
1 491
1 492
1 496
1 515
1 516
1 520
1 524
1 528
1 530
1 531
1 536
1 538
1 543
1 543
1 555
1 563
1 565
1 566
1 571
1 572
1 575
1 582
1 590
1 594
1 597
1 601
1 625
1 625
1 626
1 630
1 638
1 640
1 640
1 662
1 674
1 677
1 685
1 695
1 696
1 703
1 712
1 712
1 720
1 721
1 722
1 723
1 723
1 724
1 732
1 744
1 749
1 752
1 755
1 766
1 768
1 780
1 780
1 787
1 798
1 803
1 811
1 811
1 816
1 818
1 819
1 822
1 837
1 837
1 838
1 840
1 841
1 851
1 854
1 859
1 863
1 864
1 865
1 870
1 872
1 873
1 873
1 884
1 891
1 903
1 905
1 908
1 912
1 913
1 915
1 920
1 939
1 944
1 945
1 946
1 950
1 950
1 955
1 973
1 974
1 976
1 986
1 990
1 991
1 1009
1 1016
1 1026
1 1031
1 1032
1 1034
1 1046
1 1048
1 1052
1 1063
1 1066
1 1069
1 1071
1 1084
1 1087
1 1088
1 1095
1 1102
1 1102
1 1108
1 1110
1 1123
1 1143
1 1154
1 1159
1 1163
1 1167
1 1173
1 1174
1 1174
1 1184
1 1184
1 1187
1 1191
1 1193
1 1203
1 1211
1 1212
1 1212
1 1213
1 1223
1 1225
1 1225
1 1227
1 1227
1 1235
1 1235
1 1240
1 1241
1 1245
1 1252
1 1259
1 1275
1 1276
1 1286
1 1287
1 1289
1 1291
1 1293
1 1300
1 1305
1 1310
1 1312
1 1314
1 1326
1 1328
1 1331
1 1336
1 1352
1 1353
1 1357
1 1358
1 1363
1 1366
1 1366
1 1378
1 1382
1 1389
1 1391
1 1395
1 1397
1 1404
1 1404
1 1426
1 1431
1 1431
1 1433
1 1446
1 1448
1 1459
1 1471
1 1477
1 1487
1 1489
1 1492
1 1493
1 1493
1 1496
1 1511
1 1512
1 1518
1 1519
1 1530
1 1532
1 1532
1 1536
1 1537
1 1537
1 1548
1 1561
1 1563
1 1564
1 1566
1 1568
1 1576
1 1591
1 1593
1 1595
1 1601
1 1603
1 1605
1 1606
1 1610
1 1614
1 1621
1 1630
1 1631
1 1643
1 1644
1 1651
1 1661
1 1679
1 1689
1 1696
1 1700
1 1703
1 1707
1 1712
1 1717
1 1730
1 1730
1 1733
1 1735
1 1741
1 1744
1 1756
1 1756
1 1761
1 1763
1 1764
1 1765
1 1765
1 1768
1 1770
1 1771
1 1774
1 1783
1 1792
1 1805
1 1807
1 1816
1 1828
1 1829
1 1843
1 1845
1 1857
1 1858
1 1860
1 1882
1 1889
1 1892
1 1897
1 1898
1 1905
1 1913
1 1916
1 1919
1 1923
1 1945
1 1946
1 1947
1 1950
1 1954
1 1957
1 1959
1 1965
1 1968
1 1990
1 1992
1 1993
1 1997
1 2014
1 2020
1 2032
1 2037
1 2040
1 2042
1 2074
1 2075
1 2083
1 2083
1 2084
1 2086
1 2092
1 2093
1 2097
1 2104
1 2106
1 2110
1 2110
1 2112
1 2113
1 2116
1 2118
1 2128
1 2128
1 2128
1 2131
1 2135
1 2144
1 2149
1 2161
1 2167
1 2168
1 2196
1 2196
1 2216
1 2222
1 2224
1 2227
1 2228
1 2229
1 2230
1 2230
1 2231
1 2235
1 2236
1 2237
1 2238
1 2254
1 2255
1 2261
1 2262
1 2263
1 2265
1 2275
1 2277
1 2278
1 2283
1 2286
1 2292
1 2293
1 2295
1 2299
1 2301
1 2301
1 2302
1 2304
1 2307
1 2308
1 2325
1 2328
1 2331
1 2334
1 2341
1 2347
1 2347
1 2350
1 2355
1 2357
1 2357
1 2358
1 2359
1 2359
1 2360
1 2374
1 2388
1 2393
1 2400
1 2400
1 2408
1 2413
1 2414
1 2416
1 2428
1 2429
1 2431
1 2440
1 2447
1 2451
1 2452
1 2458
1 2459
1 2463
1 2471
1 2472
1 2472
1 2478
1 2483
1 2487
1 2490
1 2493
1 2504
1 2516
1 2520
1 2522
1 2525
1 2526
1 2534
1 2543
1 2546
1 2547
1 2559
1 2559
1 2576
1 2593
1 2593
1 2594
1 2612
1 2613
1 2620
1 2620
1 2622
1 2626
1 2627
1 2627
1 2627
1 2630
1 2632
1 2640
1 2646
1 2646
1 2647
1 2647
1 2649
1 2657
1 2663
1 2666
1 2669
1 2672
1 2673
1 2675
1 2681
1 2684
1 2689
1 2696
1 2698
1 2698
1 2698
1 2707
1 2710
1 2711
1 2724
1 2733
1 2737
1 2737
1 2742
1 2744
1 2748
1 2761
1 2761
1 2762
1 2766
1 2772
1 2777
1 2778
1 2784
1 2785
1 2788
1 2793
1 2799
1 2809
1 2810
1 2824
1 2831
1 2838
1 2840
1 2849
1 2849
1 2861
1 2863
1 2891
1 2892
1 2894
1 2902
1 2903
1 2912
1 2915
1 2921
1 2925
1 2925
1 2929
1 2931
1 2933
1 2935
1 2936
1 2943
1 2958
1 2958
1 2959
1 2968
1 2969
1 2971
1 2978
1 2980
1 2981
1 2981
1 2982
1 2984
1 2991
1 2994
1 2996
1 2999
1 3005
1 3014
1 3022
1 3028
1 3032
1 3037
1 3040
1 3043
1 3045
1 3057
1 3057
1 3061
1 3062
1 3067
1 3077
1 3087
1 3089
1 3091
1 3100
1 3111
1 3112
1 3119
1 3120
1 3131
1 3134
1 3147
1 3148
1 3160
1 3172
1 3173
1 3188
1 3200
1 3207
1 3213
1 3216
1 3221
1 3227
1 3233
1 3233
1 3233
1 3243
1 3246
1 3247
1 3267
1 3267
1 3278
1 3283
1 3285
1 3286
1 3294
1 3294
1 3294
1 3299
1 3301
1 3303
1 3305
1 3308
1 3308
1 3310
1 3311
1 3326
1 3329
1 3333
1 3334
1 3343
1 3346
1 3350
1 3360
1 3367
1 3367
1 3377
1 3384
1 3397
1 3403
1 3410
1 3413
1 3422
1 3433
1 3435
1 3436
1 3440
1 3450
1 3452
1 3453
1 3464
1 3466
1 3468
1 3488
1 3490
1 3494
1 3501
1 3513
1 3516
1 3520
1 3522
1 3533
1 3544
1 3544
1 3546
1 3548
1 3557
1 3561
1 3569
1 3570
1 3571
1 3576
1 3586
1 3592
1 3592
1 3593
1 3594
1 3595
1 3603
1 3608
1 3610
1 3613
1 3613
1 3614
1 3625
1 3630
1 3643
1 3645
1 3646
1 3646
1 3651
1 3655
1 3657
1 3671
1 3672
1 3682
1 3683
1 3691
1 3698
1 3706
1 3714
1 3715
1 3723
1 3728
1 3740
1 3763
1 3770
1 3771
1 3771
1 3779
1 3783
1 3785
1 3789
1 3802
1 3803
1 3808
1 3818
1 3834
1 3835
1 3836
1 3842
1 3844
1 3845
1 3860
1 3860
1 3863
1 3864
1 3870
1 3879
1 3881
1 3883
1 3892
1 3894
1 3897
1 3906
1 3908
1 3910
1 3913
1 3915
1 3916
1 3928
1 3931
1 3933
1 3943
1 3944
1 3946
1 3947
1 3949
1 3953
1 3953
1 3962
1 3967
1 3975
1 3980
1 4009
1 4009
1 4009
1 4012
1 4020
1 4023
1 4023
1 4024
1 4025
1 4033
1 4040
1 4044
1 4049
1 4055
1 4060
1 4061
1 4065
1 4068
1 4070
1 4074
1 4078
1 4083
1 4088
1 4096
1 4096
1 4097
1 4102
1 4112
1 4117
1 4132
1 4134
1 4137
1 4138
1 4140
1 4151
1 4151
1 4158
1 4160
1 4162
1 4168
1 4172
1 4177
1 4178
1 4181
1 4183
1 4188
1 4198
1 4208
1 4209
1 4211
1 4216
1 4221
1 4223
1 4231
1 4241
1 4246
1 4247
1 4248
1 4254
1 4258
1 4259
1 4263
1 4271
1 4272
1 4284
1 4284
1 4293
1 4298
1 4301
1 4305
1 4313
1 4318
1 4331
1 4337
1 4338
1 4344
1 4348
1 4349
1 4353
1 4365
1 4365
1 4371
1 4383
1 4389
1 4389
1 4394
1 4397
1 4424
1 4440
1 4448
1 4459
1 4464
1 4466
1 4467
1 4470
1 4476
1 4480
1 4485
1 4492
1 4496
1 4500
1 4507
1 4507
1 4515
1 4519
1 4525
1 4530
1 4531
1 4559
1 4560
1 4561
1 4562
1 4562
1 4567
1 4568
1 4580
1 4583
1 4592
1 4594
1 4601
1 4606
1 4613
1 4614
1 4615
1 4619
1 4621
1 4621
1 4621
1 4625
1 4644
1 4645
1 4646
1 4651
1 4655
1 4658
1 4659
1 4660
1 4664
1 4665
1 4669
1 4680
1 4687
1 4687
1 4698
1 4705
1 4727
1 4728
1 4729
1 4734
1 4737
1 4747
1 4754
1 4757
1 4767
1 4769
1 4783
1 4807
1 4810
1 4812
1 4815
1 4819
1 4821
1 4832
1 4839
1 4842
1 4857
1 4859
1 4860
1 4861
1 4862
1 4867
1 4869
1 4869
1 4874
1 4874
1 4877
1 4882
1 4883
1 4886
1 4896
1 4899
1 4910
1 4912
1 4925
1 4933
1 4934
1 4934
1 4936
1 4936
1 4951
1 4955
1 4960
1 4961
1 4963
1 4970
1 4972
1 4981
1 4982
1 4988
1 4989
1 4995
1 4997
1 4999
1 5002
1 5003
1 5010
1 5010
1 5010
1 5011
1 5016
1 5028
1 5045
1 5050
1 5050
1 5060
1 5069
1 5072
1 5076
1 5077
1 5079
1 5085
1 5086
1 5091
1 5093
1 5094
1 5094
1 5097
1 5106
1 5112
1 5112
1 5113
1 5118
1 5118
1 5121
1 5132
1 5133
1 5137
1 5138
1 5142
1 5150
1 5157
1 5160
1 5163
1 5164
1 5165
1 5170
1 5173
1 5179
1 5181
1 5186
1 5188
1 5191
1 5192
1 5195
1 5215
1 5236
1 5236
1 5240
1 5241
1 5243
1 5249
1 5253
1 5254
1 5261
1 5269
1 5269
1 5282
1 5285
1 5293
1 5296
1 5301
1 5307
1 5315
1 5315
1 5329
1 5332
1 5333
1 5339
1 5346
1 5352
1 5360
1 5365
1 5374
1 5374
1 5377
1 5382
1 5383
1 5383
1 5386
1 5390
1 5399
1 5403
1 5406
1 5413
1 5430
1 5431
1 5432
1 5437
1 5439
1 5456
1 5457
1 5463
1 5467
1 5481
1 5489
1 5496
1 5498
1 5511
1 5512
1 5520
1 5527
1 5545
1 5557
1 5560
1 5565
1 5571
1 5592
1 5604
1 5605
1 5609
1 5610
1 5621
1 5623
1 5624
1 5625
1 5627
1 5628
1 5634
1 5635
1 5639
1 5645
1 5651
1 5656
1 5657
1 5660
1 5671
1 5674
1 5674
1 5681
1 5688
1 5694
1 5707
1 5719
1 5723
1 5739
1 5744
1 5745
1 5753
1 5756
1 5758
1 5764
1 5780
1 5783
1 5796
1 5798
1 5802
1 5803
1 5814
1 5825
1 5826
1 5828
1 5840
1 5849
1 5854
1 5856
1 5866
1 5878
1 5881
1 5889
1 5898
1 5907
1 5910
1 5914
1 5918
1 5918
1 5921
1 5924
1 5925
1 5942
1 5957
1 5961
1 5963
1 5964
1 5967
1 5968
1 5984
1 5986
1 5990
1 5995
1 5999
1 6023
1 6029
1 6035
1 6037
1 6045
1 6046
1 6046
1 6049
1 6050
1 6054
1 6059
1 6059
1 6060
1 6065
1 6075
1 6079
1 6080
1 6087
1 6088
1 6104
1 6129
1 6133
1 6139
1 6141
1 6154
1 6156
1 6157
1 6158
1 6161
1 6165
1 6170
1 6171
1 6175
1 6181
1 6182
1 6183
1 6184
1 6185
1 6185
1 6187
1 6210
1 6212
1 6213
1 6215
1 6222
1 6222
1 6223
1 6226
1 6239
1 6246
1 6247
1 6251
1 6252
1 6257
1 6257
1 6258
1 6259
1 6267
1 6279
1 6286
1 6292
1 6318
1 6322
1 6325
1 6326
1 6327
1 6328
1 6335
1 6342
1 6344
1 6344
1 6356
1 6359
1 6363
1 6378
1 6383
1 6389
1 6415
1 6418
1 6419
1 6424
1 6428
1 6434
1 6437
1 6464
1 6469
1 6470
1 6474
1 6474
1 6482
1 6499
1 6505
1 6507
1 6523
1 6527
1 6528
1 6559
1 6569
1 6585
1 6586
1 6587
1 6591
1 6616
1 6618
1 6622
1 6628
1 6642
1 6643
1 6644
1 6646
1 6648
1 6652
1 6666
1 6669
1 6672
1 6680
1 6686
1 6689
1 6696
1 6719
1 6730
1 6732
1 6736
1 6740
1 6744
1 6746
1 6748
1 6750
1 6753
1 6775
1 6788
1 6792
1 6811
1 6812
1 6828
1 6833
1 6833
1 6846
1 6859
1 6861
1 6867
1 6867
1 6872
1 6891
1 6898
1 6902
1 6904
1 6905
1 6906
1 6911
1 6912
1 6919
1 6933
1 6938
1 6942
1 6947
1 6960
1 6969
1 6977
1 6979
1 6987
1 6987
1 6989
1 6996
1 6998
1 7000
1 7016
1 7021
1 7022
1 7022
1 7024
1 7025
1 7027
1 7030
1 7030
1 7041
1 7044
1 7051
1 7053
1 7057
1 7057
1 7061
1 7062
1 7073
1 7078
1 7081
1 7088
1 7092
1 7094
1 7098
1 7100
1 7111
1 7115
1 7116
1 7127
1 7131
1 7132
1 7137
1 7144
1 7157
1 7166
1 7167
1 7170
1 7180
1 7223
1 7228
1 7234
1 7242
1 7243
1 7248
1 7261
1 7263
1 7264
1 7265
1 7286
1 7292
1 7293
1 7301
1 7311
1 7312
1 7320
1 7334
1 7344
1 7344
1 7352
1 7355
1 7358
1 7358
1 7360
1 7360
1 7360
1 7371
1 7373
1 7380
1 7384
1 7385
1 7388
1 7391
1 7391
1 7397
1 7398
1 7398
1 7399
1 7400
1 7405
1 7412
1 7414
1 7425
1 7428
1 7430
1 7432
1 7436
1 7451
1 7458
1 7466
1 7479
1 7483
1 7487
1 7489
1 7489
1 7489
1 7490
1 7495
1 7495
1 7506
1 7509
1 7513
1 7515
1 7524
1 7527
1 7533
1 7538
1 7539
1 7544
1 7545
1 7547
1 7551
1 7554
1 7559
1 7563
1 7566
1 7572
1 7577
1 7584
1 7585
1 7588
1 7589
1 7594
1 7600
1 7602
1 7615
1 7617
1 7634
1 7637
1 7637
1 7641
1 7655
1 7661
1 7667
1 7672
1 7673
1 7674
1 7675
1 7679
1 7695
1 7698
1 7700
1 7701
1 7734
1 7736
1 7738
1 7741
1 7746
1 7752
1 7756
1 7757
1 7759
1 7763
1 7764
1 7764
1 7780
1 7785
1 7791
1 7791
1 7794
1 7807
1 7821
1 7828
1 7832
1 7837
1 7838
1 7841
1 7853
1 7857
1 7863
1 7865
1 7867
1 7872
1 7872
1 7878
1 7885
1 7899
1 7899
1 7903
1 7909
1 7912
1 7912
1 7913
1 7915
1 7924
1 7926
1 7931
1 7931
1 7933
1 7941
1 7943
1 7953
1 7956
1 7958
1 7966
1 7969
1 7973
1 7974
1 7984
1 7993
1 7997
1 8005
1 8010
1 8010
1 8015
1 8016
1 8016
1 8021
1 8026
1 8029
1 8033
1 8039
1 8043
1 8044
1 8045
1 8060
1 8060
1 8068
1 8070
1 8071
1 8074
1 8075
1 8086
1 8089
1 8091
1 8092
1 8104
1 8109
1 8113
1 8117
1 8118
1 8119
1 8125
1 8136
1 8138
1 8145
1 8156
1 8159
1 8169
1 8175
1 8176
1 8178
1 8179
1 8181
1 8182
1 8190
1 8197
1 8209
1 8209
1 8220
1 8221
1 8223
1 8226
1 8226
1 8228
1 8234
1 8242
1 8244
1 8245
1 8252
1 8268
1 8271
1 8271
1 8281
1 8285
1 8290
1 8303
1 8311
1 8313
1 8325
1 8327
1 8335
1 8341
1 8344
1 8352
1 8352
1 8358
1 8359
1 8360
1 8370
1 8372
1 8373
1 8381
1 8386
1 8391
1 8399
1 8399
1 8411
1 8417
1 8419
1 8433
1 8443
1 8443
1 8444
1 8444
1 8450
1 8457
1 8458
1 8459
1 8459
1 8460
1 8461
1 8465
1 8465
1 8470
1 8471
1 8475
1 8478
1 8481
1 8488
1 8502
1 8505
1 8511
1 8512
1 8519
1 8527
1 8527
1 8528
1 8530
1 8545
1 8548
1 8549
1 8560
1 8562
1 8562
1 8567
1 8568
1 8569
1 8576
1 8580
1 8601
1 8603
1 8608
1 8608
1 8630
1 8633
1 8634
1 8636
1 8637
1 8644
1 8649
1 8654
1 8663
1 8670
1 8674
1 8681
1 8685
1 8688
1 8690
1 8691
1 8698
1 8701
1 8706
1 8712
1 8713
1 8718
1 8720
1 8721
1 8724
1 8724
1 8731
1 8735
1 8746
1 8747
1 8749
1 8750
1 8752
1 8753
1 8753
1 8755
1 8764
1 8774
1 8774
1 8778
1 8779
1 8781
1 8782
1 8787
1 8788
1 8788
1 8802
1 8812
1 8817
1 8817
1 8838
1 8846
1 8853
1 8854
1 8855
1 8873
1 8878
1 8878
1 8880
1 8885
1 8888
1 8898
1 8899
1 8905
1 8909
1 8910
1 8918
1 8930
1 8941
1 8948
1 8959
1 8960
1 8972
1 8979
1 8980
1 8988
1 8995
1 9004
1 9011
1 9014
1 9016
1 9022
1 9031
1 9040
1 9049
1 9052
1 9054
1 9056
1 9058
1 9059
1 9061
1 9072
1 9074
1 9074
1 9084
1 9085
1 9088
1 9100
1 9104
1 9110
1 9112
1 9113
1 9114
1 9118
1 9126
1 9134
1 9140
1 9140
1 9143
1 9148
1 9148
1 9158
1 9165
1 9166
1 9173
1 9180
1 9181
1 9182
1 9185
1 9189
1 9205
1 9205
1 9207
1 9207
1 9216
1 9224
1 9228
1 9238
1 9243
1 9247
1 9249
1 9252
1 9252
1 9258
1 9266
1 9272
1 9272
1 9274
1 9275
1 9281
1 9284
1 9290
1 9298
1 9300
1 9301
1 9312
1 9313
1 9320
1 9322
1 9334
1 9334
1 9337
1 9337
1 9339
1 9340
1 9353
1 9358
1 9362
1 9363
1 9368
1 9371
1 9377
1 9387
1 9389
1 9391
1 9398
1 9400
1 9403
1 9404
1 9409
1 9410
1 9422
1 9436
1 9438
1 9441
1 9454
1 9458
1 9463
1 9465
1 9467
1 9480
1 9484
1 9487
1 9493
1 9497
1 9499
1 9518
1 9523
1 9525
1 9525
1 9529
1 9535
1 9537
1 9540
1 9547
1 9547
1 9557
1 9565
1 9568
1 9569
1 9575
1 9576
1 9582
1 9585
1 9588
1 9588
1 9603
1 9608
1 9610
1 9613
1 9616
1 9620
1 9623
1 9624
1 9627
1 9628
1 9632
1 9636
1 9636
1 9636
1 9646
1 9646
1 9663
1 9666
1 9673
1 9676
1 9688
1 9689
1 9692
1 9692
1 9699
1 9700
1 9701
1 9709
1 9710
1 9716
1 9736
1 9740
1 9741
1 9741
1 9743
1 9746
1 9754
1 9754
1 9756
1 9758
1 9758
1 9759
1 9760
1 9761
1 9770
1 9778
1 9789
1 9810
1 9814
1 9819
1 9823
1 9823
1 9826
1 9833
1 9841
1 9844
1 9845
1 9848
1 9851
1 9853
1 9857
1 9865
1 9881
1 9884
1 9887
1 9888
1 9893
1 9895
1 9897
1 9905
1 9908
1 9913
1 9925
1 9926
1 9929
1 9935
1 9942
1 9948
1 9953
1 9953
1 9960
1 9962
1 9972
1 9975
1 9985
1 9986
1 9988
1 9989
1 9992
1927
1049 5
1659 7
51 18
287 19
343 22
1380 53
264 54
6 58
1501 68
56 70
1270 70
1845 74
1107 76
1939 76
463 77
258 82
1016 83
1684 87
321 96
1455 100
1871 113
458 117
1767 124
1132 137
182 157
1650 171
1285 181
1387 200
887 206
1962 208
748 208
1043 209
734 210
545 222
461 229
28 231
1328 232
352 232
292 233
1636 234
730 238
439 238
153 259
710 265
1958 267
604 275
230 277
1481 283
1756 283
1355 285
143 285
1308 300
882 302
142 306
995 313
582 313
1662 320
979 327
578 328
27 329
162 337
741 340
1464 345
1776 348
649 353
1240 358
762 360
1313 370
1193 376
997 382
803 392
1673 408
243 409
907 417
1354 418
822 418
1657 426
1546 428
927 434
189 439
90 443
886 449
456 454
98 469
1261 482
1593 483
32 486
1785 489
1901 491
1533 492
307 497
1263 500
490 511
453 511
1753 513
1744 516
676 520
1182 525
1070 531
1524 536
24 537
103 539
1633 542
279 543
223 544
1698 558
1858 564
1203 567
1558 574
1337 585
1095 587
626 588
1363 594
1334 597
658 601
758 604
1781 607
1319 614
289 616
421 621
1094 621
1534 628
880 638
92 641
1178 643
1880 648
989 653
1647 653
694 658
179 664
1898 666
1447 669
1362 670
1214 679
1555 682
361 685
1409 687
1511 688
1513 689
1918 695
1407 707
949 708
1039 710
139 713
1475 714
11 714
1058 716
221 724
1575 726
237 728
1569 735
140 735
267 743
524 744
588 757
1814 758
1784 758
1163 762
598 766
1592 768
1816 780
61 786
1645 793
731 794
1671 798
1084 822
246 825
773 829
1404 832
727 838
581 843
845 849
899 861
1707 869
559 871
648 873
656 874
993 874
1826 875
210 883
700 886
1824 894
1227 895
209 897
776 899
1153 902
1259 904
1477 912
1618 916
186 921
1490 923
1724 929
607 938
449 939
1628 940
558 941
791 944
101 958
387 961
1765 962
268 978
879 984
1672 991
1321 995
1630 996
381 997
423 1003
1104 1004
36 1007
402 1020
906 1021
1710 1022
738 1030
1713 1031
1716 1037
13 1040
947 1045
901 1047
455 1054
1341 1056
1487 1061
1317 1063
816 1072
1205 1085
937 1088
516 1103
118 1107
1693 1112
447 1112
300 1121
1330 1123
945 1131
1028 1140
1158 1141
958 1143
345 1153
1025 1153
636 1155
172 1164
1969 1171
1838 1178
809 1182
712 1183
1535 1190
1626 1196
1820 1200
374 1202
1168 1202
890 1203
192 1204
606 1210
529 1217
84 1223
1841 1224
1326 1232
724 1233
465 1245
1573 1257
451 1259
1316 1261
1903 1284
1844 1286
1207 1303
1225 1304
759 1314
1345 1322
1465 1329
1220 1332
913 1345
1738 1346
1609 1349
749 1355
1663 1362
130 1364
1718 1374
1111 1388
1272 1388
716 1389
1452 1401
1550 1403
40 1412
170 1414
902 1418
671 1420
782 1421
799 1421
1528 1422
1322 1432
1694 1437
1715 1438
203 1444
63 1446
1639 1446
553 1449
1462 1451
622 1461
1796 1465
211 1469
1027 1478
733 1486
1215 1486
778 1488
401 1489
379 1496
1635 1496
503 1501
1579 1511
1 1515
135 1526
1975 1533
921 1534
534 1534
1386 1538
1393 1539
695 1548
176 1553
224 1554
1190 1557
1446 1559
173 1563
1239 1563
1217 1567
1269 1574
957 1575
628 1576
460 1579
1665 1582
1091 1585
128 1589
398 1605
5 1605
868 1607
1120 1614
1484 1617
1498 1627
1044 1627
1145 1628
1284 1630
2 1637
436 1641
1171 1644
1562 1645
161 1662
1878 1663
506 1663
1768 1665
771 1671
326 1687
686 1689
662 1693
655 1695
473 1714
1398 1722
596 1724
1134 1729
1943 1735
1053 1755
557 1757
1085 1760
498 1761
247 1768
1623 1768
1640 1776
755 1778
1747 1778
1169 1780
283 1783
519 1784
1031 1791
1293 1803
1554 1814
146 1819
216 1830
1279 1838
1865 1844
1179 1849
1092 1857
1288 1863
85 1873
1642 1877
855 1884
714 1885
1895 1887
1737 1890
726 1890
1837 1894
1148 1895
1346 1898
416 1902
789 1906
228 1909
595 1915
1054 1917
335 1918
1139 1926
1821 1931
743 1944
1361 1957
1235 1976
1755 1978
1870 1979
543 1982
1450 1983
541 1989
1286 1993
337 1994
661 1998
43 1998
891 2000
245 2006
561 2013
1779 2014
1419 2014
137 2014
481 2019
313 2021
195 2024
934 2033
1919 2034
786 2039
1248 2048
169 2052
1885 2055
62 2057
619 2072
309 2073
1199 2074
255 2080
1062 2086
1773 2100
707 2101
966 2102
1970 2115
1413 2117
1942 2118
675 2123
1108 2127
1536 2130
475 2131
66 2134
1721 2137
1743 2144
1817 2157
185 2162
1621 2166
38 2170
197 2178
1045 2194
673 2204
87 2206
1162 2207
1046 2215
736 2218
1131 2225
204 2234
680 2238
113 2243
847 2246
484 2251
1441 2259
250 2267
323 2270
1807 2274
1887 2278
683 2294
1372 2302
499 2312
433 2316
569 2317
284 2329
59 2332
1128 2335
881 2342
1800 2343
1604 2347
1778 2348
1769 2349
147 2351
1754 2359
1260 2370
46 2378
1956 2379
544 2387
517 2387
512 2392
105 2392
1219 2400
1101 2404
1965 2408
844 2413
1057 2421
493 2430
704 2432
981 2433
1731 2434
1208 2435
1433 2435
718 2439
961 2441
1952 2444
470 2454
1830 2467
478 2479
1412 2493
1910 2496
1668 2496
1122 2510
843 2514
1655 2521
1578 2522
692 2536
68 2536
205 2538
1414 2538
64 2545
296 2551
548 2556
936 2564
1563 2565
1676 2568
580 2580
722 2584
45 2587
178 2596
987 2610
1850 2616
305 2619
1468 2631
1069 2642
207 2642
812 2653
1797 2657
106 2659
864 2661
1940 2674
1064 2678
1114 2679
1222 2680
1496 2681
369 2681
270 2683
121 2683
980 2683
94 2685
1458 2696
391 2705
496 2708
1295 2709
1007 2713
1008 2728
953 2732
390 2735
1264 2739
1181 2745
663 2746
629 2747
308 2751
996 2754
1787 2754
1197 2758
1437 2762
1701 2767
841 2774
1256 2775
1675 2779
26 2789
954 2795
393 2795
1954 2804
810 2807
75 2808
1034 2809
1760 2815
1017 2830
915 2830
483 2840
644 2841
877 2842
571 2844
109 2845
1216 2856
956 2858
1103 2858
922 2873
389 2880
965 2893
229 2896
1024 2900
1083 2909
594 2913
562 2914
477 2924
57 2932
235 2952
452 2955
1828 2960
31 2963
1617 2965
1018 2971
442 2973
1751 2978
1251 2982
723 2993
286 2999
488 3003
1123 3008
1851 3013
1471 3017
800 3034
863 3039
399 3040
590 3055
920 3064
779 3066
219 3073
1532 3077
618 3078
1241 3085
1864 3091
1553 3093
280 3099
1541 3113
1714 3113
623 3121
1245 3124
848 3130
1188 3130
1842 3135
861 3135
1301 3139
674 3158
1681 3162
1400 3164
1035 3168
1644 3184
940 3197
1112 3206
1703 3207
770 3209
1888 3220
409 3223
838 3233
1242 3240
457 3244
400 3256
1976 3259
509 3262
851 3263
166 3265
107 3266
917 3271
825 3291
1159 3297
1221 3298
406 3313
1825 3317
1972 3322
82 3322
999 3330
1229 3330
1254 3331
1065 3332
613 3333
384 3338
1051 3339
1385 3341
188 3349
565 3353
1978 3355
1577 3356
1130 3359
1709 3363
206 3372
976 3373
1793 3374
1379 3383
208 3386
1696 3388
1401 3393
560 3401
1100 3408
1325 3411
1813 3419
659 3437
677 3437
1255 3442
527 3453
942 3465
1649 3465
1832 3477
353 3478
291 3486
1224 3489
1405 3494
1519 3507
1966 3514
1417 3519
294 3519
911 3520
213 3525
910 3526
609 3526
568 3534
347 3537
440 3539
687 3553
1764 3563
1953 3587
522 3592
824 3593
35 3597
1839 3606
573 3607
1281 3613
275 3613
787 3614
1476 3627
1396 3628
1150 3631
1353 3632
1249 3632
1706 3643
489 3654
233 3664
394 3676
605 3677
244 3685
248 3701
1522 3714
311 3735
1505 3736
1827 3737
1438 3745
1439 3751
8 3756
1602 3761
1073 3763
1855 3764
1478 3775
47 3778
862 3787
1585 3799
1389 3804
1019 3804
78 3813
870 3823
1036 3828
592 3831
165 3832
99 3837
1732 3838
1294 3838
332 3848
564 3859
586 3862
647 3865
278 3866
1775 3867
538 3871
616 3880
1493 3881
1531 3886
1634 3892
739 3893
1810 3895
792 3903
1819 3909
1931 3916
1680 3917
52 3921
1664 3936
1459 3948
102 3956
1722 3958
1587 3960
640 3967
1166 3972
1360 3973
1529 3977
417 3994
1367 3995
1730 4001
1879 4005
1791 4006
1964 4022
1514 4023
1052 4024
1077 4025
827 4026
156 4032
873 4039
1567 4040
1761 4041
857 4042
1872 4042
1075 4045
900 4049
252 4050
10 4058
1685 4075
1539 4079
340 4079
884 4081
866 4085
1859 4097
1683 4099
1934 4102
757 4118
530 4121
617 4122
1909 4128
177 4128
732 4128
909 4130
1848 4139
1302 4144
236 4151
923 4153
1805 4158
1520 4161
1151 4165
1137 4167
333 4170
929 4185
1485 4189
1102 4196
1348 4202
187 4205
520 4207
260 4213
3 4215
591 4218
1815 4226
1142 4227
1597 4237
660 4243
1911 4251
479 4252
1074 4261
1306 4267
912 4272
1435 4273
746 4280
802 4291
1026 4291
645 4292
638 4295
729 4300
69 4302
1445 4303
1916 4308
354 4316
231 4325
1739 4332
587 4346
555 4354
1589 4358
850 4359
1925 4370
1596 4370
1627 4377
1582 4385
1853 4387
1857 4389
986 4391
1421 4396
122 4399
502 4405
878 4410
431 4412
1228 4413
22 4415
840 4416
1612 4417
1185 4422
537 4423
1892 4444
254 4457
930 4464
482 4466
690 4472
1144 4485
973 4487
362 4490
1375 4518
1884 4525
1538 4525
888 4525
869 4526
1098 4527
1854 4528
646 4530
1894 4531
539 4536
1196 4544
793 4544
96 4550
610 4557
1758 4560
272 4573
1366 4580
563 4581
1012 4582
1061 4587
507 4588
768 4589
378 4595
405 4621
1920 4623
1448 4624
385 4627
747 4630
238 4639
1876 4640
1847 4654
1314 4656
1457 4666
1440 4666
826 4671
1127 4671
719 4673
302 4676
1093 4679
1258 4684
1298 4687
1867 4687
1933 4704
790 4706
1443 4722
422 4728
1968 4734
1689 4738
175 4740
1192 4741
91 4750
1350 4751
1118 4756
1033 4767
1704 4771
510 4772
1390 4776
811 4789
1004 4794
892 4801
1941 4808
833 4811
1202 4813
1369 4817
766 4821
1544 4822
1652 4828
1926 4829
684 4830
505 4835
262 4838
1712 4841
151 4844
1875 4852
134 4854
1233 4870
955 4883
298 4887
614 4891
322 4892
338 4894
1157 4906
329 4916
1559 4924
860 4927
642 4929
1697 4944
1343 4951
1268 4960
1276 4961
1720 4968
1323 4971
253 4972
1702 4976
1383 4980
1749 4980
667 4987
721 4991
1020 4997
1900 5011
1186 5011
1135 5014
269 5015
1905 5019
1678 5020
1309 5023
1666 5026
1951 5032
819 5037
1080 5044
1183 5049
273 5050
1068 5050
164 5050
404 5052
1116 5061
796 5064
174 5068
1846 5071
1924 5077
1339 5079
12 5085
807 5087
1420 5087
1606 5095
375 5121
1009 5123
1310 5136
225 5139
350 5143
438 5154
1506 5158
1886 5159
349 5163
303 5166
1653 5168
1218 5169
25 5171
946 5172
575 5177
1262 5179
853 5181
865 5184
426 5187
1472 5212
9 5213
1338 5216
83 5220
1930 5231
925 5238
740 5258
232 5259
889 5260
1729 5265
1463 5268
1335 5268
150 5274
1194 5280
23 5281
1922 5281
1913 5284
1748 5285
895 5288
547 5293
1491 5303
281 5310
1209 5311
709 5316
1552 5320
1863 5325
190 5328
504 5330
1938 5335
666 5363
631 5364
50 5365
1184 5368
429 5378
1266 5380
871 5380
896 5384
1312 5393
1921 5395
1929 5399
1299 5404
1526 5406
1661 5408
542 5413
1304 5423
480 5425
310 5426
468 5431
1600 5433
299 5433
682 5436
1932 5445
574 5456
1780 5459
1292 5461
883 5463
1590 5469
472 5478
1574 5485
903 5487
1967 5490
222 5491
814 5496
1287 5504
1177 5506
1728 5506
1908 5507
837 5508
794 5512
49 5513
1373 5517
370 5517
567 5520
760 5526
1427 5534
985 5537
1499 5540
1394 5546
1329 5554
950 5557
437 5563
372 5567
339 5569
1480 5573
769 5580
1141 5601
138 5606
1946 5610
314 5616
815 5620
1173 5624
1500 5636
627 5643
969 5644
1154 5646
1078 5665
263 5666
1788 5670
1882 5678
536 5693
1140 5697
194 5705
365 5713
1234 5716
599 5723
753 5724
1149 5725
41 5726
1001 5727
830 5740
1786 5742
1147 5751
1201 5755
672 5761
1351 5764
1391 5772
1402 5774
1121 5776
1615 5776
120 5783
76 5787
1667 5787
1327 5791
1695 5794
1601 5797
1811 5799
1265 5805
464 5805
1822 5813
428 5816
60 5822
115 5825
67 5828
1059 5837
1271 5841
600 5842
1603 5843
1206 5849
817 5855
540 5857
1512 5863
1418 5867
1945 5868
42 5871
1283 5881
713 5886
317 5895
1927 5909
159 5915
376 5919
144 5921
1247 5923
1449 5924
744 5944
1843 5947
441 5951
1381 5953
1115 5970
1442 5974
1489 5977
382 5977
104 5977
585 5981
681 5983
1586 5995
419 5998
1798 6002
199 6006
1912 6010
181 6013
373 6037
1071 6038
152 6039
1195 6046
526 6047
897 6048
576 6063
1570 6067
1973 6068
4 6075
554 6075
331 6088
1244 6089
1881 6092
1783 6093
65 6099
525 6100
129 6105
1794 6111
998 6118
79 6118
17 6121
1164 6126
1483 6144
1129 6159
1646 6170
261 6171
1629 6179
136 6185
1561 6187
1425 6191
351 6191
894 6195
1799 6199
330 6202
1126 6204
1581 6209
1540 6211
1023 6212
1237 6226
941 6231
1155 6233
265 6246
1454 6246
570 6265
1109 6269
415 6269
249 6277
701 6278
1518 6283
774 6289
155 6298
14 6299
829 6302
1658 6304
145 6306
297 6313
251 6316
828 6328
1509 6338
1565 6342
1897 6345
77 6346
380 6354
124 6372
1415 6382
893 6383
513 6384
1741 6391
1174 6399
1580 6401
939 6412
1883 6416
657 6423
485 6424
1690 6429
171 6439
1097 6440
202 6446
1486 6456
1959 6460
227 6465
1042 6467
1542 6472
114 6475
1305 6480
271 6488
532 6492
234 6502
1364 6503
1252 6508
1307 6511
325 6519
1757 6520
1370 6525
1928 6535
931 6538
1735 6543
1740 6549
1282 6555
1893 6579
342 6580
1087 6582
1243 6583
1906 6585
1392 6591
1537 6593
737 6596
257 6596
1176 6608
1408 6609
1079 6628
1497 6630
1588 6631
180 6637
93 6654
1944 6660
831 6662
943 6668
885 6669
1377 6671
1133 6682
977 6687
1638 6696
962 6697
608 6714
1861 6719
1687 6724
1213 6725
1523 6726
1384 6727
1232 6735
1236 6736
1479 6740
427 6745
1488 6747
1406 6752
1935 6771
58 6774
1752 6774
425 6775
821 6778
967 6780
1914 6781
346 6781
1290 6781
795 6792
1223 6795
1651 6803
408 6820
919 6821
1856 6830
1823 6835
1143 6837
274 6848
566 6852
1789 6852
1904 6858
1356 6861
1806 6864
1172 6867
1955 6879
678 6879
832 6883
239 6894
983 6896
1899 6906
1746 6908
820 6929
905 6944
55 6953
1090 6955
1961 6958
951 6958
1125 6963
403 6969
874 6971
360 6976
1873 6976
1138 6983
1801 6985
1056 6995
968 6997
1950 6998
443 7001
1637 7001
1771 7007
1770 7010
357 7017
665 7022
1947 7022
990 7044
1015 7045
781 7047
388 7049
1834 7052
1862 7060
1907 7063
1212 7065
395 7069
984 7072
418 7075
1877 7079
1388 7090
44 7090
119 7098
1734 7098
217 7098
48 7101
872 7113
312 7136
1376 7145
584 7151
184 7159
1453 7186
546 7194
1688 7204
448 7208
1482 7215
1358 7215
1014 7216
212 7225
1896 7228
852 7229
497 7232
633 7235
1700 7240
1560 7241
1616 7245
1677 7247
1571 7249
1333 7252
500 7253
1803 7258
1632 7265
804 7267
1278 7271
72 7274
788 7277
168 7279
1040 7283
1030 7286
1428 7293
1250 7302
982 7307
214 7313
392 7313
926 7313
80 7318
1081 7329
531 7333
1660 7335
679 7338
1849 7355
1113 7358
1507 7369
256 7383
1161 7385
1679 7386
1566 7393
411 7399
1089 7400
1705 7400
474 7401
1777 7404
971 7409
685 7411
1165 7412
970 7414
978 7427
1160 7430
54 7439
1467 7450
1048 7489
1564 7501
367 7507
491 7509
316 7514
691 7521
1423 7531
735 7536
859 7544
226 7545
1422 7551
157 7560
1829 7561
914 7571
1324 7573
641 7575
218 7592
797 7602
1473 7615
745 7622
720 7632
801 7633
705 7638
639 7643
806 7644
420 7648
167 7659
1431 7660
1397 7663
898 7667
1352 7671
1291 7672
632 7680
935 7698
344 7699
777 7704
1818 7706
652 7707
1670 7709
750 7715
1619 7716
183 7718
73 7732
1948 7733
315 7735
1371 7740
728 7746
327 7747
1598 7763
1430 7791
7 7810
756 7826
1804 7828
1557 7844
1382 7849
20 7851
725 7864
1032 7875
1809 7882
1495 7888
306 7894
33 7896
1860 7903
772 7905
535 7909
29 7910
1949 7912
1246 7913
1874 7925
876 7926
751 7934
783 7936
407 7940
1331 7959
1253 7963
1257 7966
412 7972
201 7979
1297 7980
752 7980
1682 7988
1936 7992
154 7995
1763 7997
318 7999
856 8001
698 8007
550 8015
37 8017
1654 8042
86 8047
193 8051
1429 8061
625 8062
1444 8068
1866 8074
1527 8085
293 8088
16 8096
1840 8099
964 8101
371 8111
602 8120
328 8127
494 8128
577 8131
277 8140
1357 8158
492 8168
1643 8168
1624 8174
1187 8185
1378 8190
34 8192
1175 8198
471 8198
74 8209
1792 8214
1808 8219
715 8228
148 8230
1549 8233
1759 8234
689 8234
1210 8243
702 8243
1622 8244
1719 8247
1802 8253
410 8259
112 8261
71 8264
858 8272
1772 8283
1349 8285
348 8308
1607 8318
696 8319
295 8324
127 8324
1717 8329
932 8334
1686 8340
432 8344
1274 8345
697 8346
818 8358
131 8361
528 8365
1152 8373
100 8374
1275 8378
972 8380
1742 8380
1568 8383
1641 8385
1625 8406
1620 8410
1725 8413
1608 8419
1723 8423
1013 8423
1117 8424
1736 8426
462 8428
1503 8429
780 8429
813 8430
1648 8433
1510 8437
276 8439
1525 8443
1614 8445
1359 8448
1198 8449
259 8452
1545 8461
1515 8467
282 8470
1320 8479
1410 8483
320 8484
1669 8493
116 8496
198 8503
1583 8509
495 8517
1474 8522
1711 8525
664 8526
654 8528
635 8532
551 8536
624 8538
904 8543
1548 8547
867 8548
603 8550
1891 8559
1029 8569
1342 8579
304 8587
97 8599
1146 8602
612 8608
454 8609
1006 8615
650 8628
1762 8629
1047 8640
1416 8649
1572 8651
1399 8652
444 8666
110 8678
123 8702
938 8713
1599 8719
620 8725
1726 8729
948 8730
1336 8733
1631 8736
1835 8742
991 8763
1060 8810
81 8812
1204 8813
1605 8816
708 8818
1733 8822
1460 8826
30 8826
1543 8827
459 8830
301 8836
805 8849
434 8854
842 8855
53 8859
125 8868
446 8876
1332 8883
501 8884
1869 8897
1674 8898
653 8899
1708 8905
1368 8910
798 8929
1076 8932
1456 8940
1303 8951
18 8958
836 8966
88 8968
1691 8975
1517 8976
435 8980
630 8990
767 8993
486 8995
1852 8997
1365 9021
988 9024
1591 9035
556 9041
835 9042
334 9043
377 9053
1038 9056
1002 9060
288 9063
1344 9067
1156 9073
358 9079
823 9083
242 9092
1923 9093
1088 9096
39 9097
959 9103
1211 9105
241 9112
89 9119
158 9124
960 9131
1119 9134
764 9144
1727 9150
994 9151
200 9153
1547 9160
1530 9161
1774 9163
699 9169
589 9170
1521 9171
368 9171
1610 9178
849 9186
160 9190
1296 9197
1971 9197
1238 9210
1692 9211
126 9226
928 9226
992 9229
552 9232
1200 9239
1289 9252
1766 9255
19 9259
285 9260
1191 9260
450 9274
1011 9278
424 9285
1504 9290
1170 9293
1917 9299
839 9306
359 9308
1508 9308
1889 9312
1424 9314
1434 9321
266 9325
215 9330
445 9336
1021 9341
834 9341
668 9343
846 9345
1902 9345
717 9354
1395 9355
1611 9358
1492 9361
397 9375
703 9376
1833 9378
693 9385
1812 9398
364 9400
1411 9402
1072 9403
611 9403
1315 9405
1231 9406
163 9406
1189 9407
1273 9409
1110 9411
1041 9413
1795 9415
1595 9415
974 9422
1010 9434
1037 9434
583 9440
706 9445
1277 9445
467 9448
1890 9453
944 9473
908 9484
1096 9488
341 9493
1470 9501
1136 9504
1347 9504
1469 9521
593 9522
1000 9526
1960 9529
363 9532
240 9551
521 9560
533 9562
1782 9585
549 9589
117 9608
1055 9632
396 9634
1426 9635
754 9636
643 9651
1461 9656
1556 9657
854 9658
111 9665
523 9669
637 9680
1516 9711
1551 9715
1180 9723
1124 9725
963 9728
875 9731
916 9739
1915 9742
1502 9746
508 9761
1374 9761
952 9763
1318 9769
1584 9770
1699 9771
1432 9777
108 9788
1613 9789
324 9792
518 9797
1436 9805
514 9811
149 9821
1466 9828
1403 9832
1300 9832
1836 9838
511 9840
70 9841
1067 9842
1745 9843
1267 9848
621 9854
711 9856
413 9859
918 9874
466 9884
1086 9887
784 9890
487 9897
319 9904
1963 9904
1167 9923
975 9928
95 9940
15 9940
366 9944
1451 9944
1750 9947
476 9947
1105 9948
688 9953
386 9959
196 9960
601 9972
808 9977
1937 9980
430 9982
761 9986
1022 9992
1066 9995
