196
1 2043
1 1422
1 1019
1 233
1 2690
4 1904
5 172
4 88
3 4284
7 6835
1 7282
5 5607
2 7315
5 4357
7 7875
9 8300
11 5877
1 3581
6 2797
17 3306
3 5687
17 892
20 3467
11 8574
6 238
2 3919
8 5072
25 9334
16 7250
24 1693
21 4221
28 5088
5 2423
1 5284
17 5639
25 9713
2 7033
11 400
9 842
2 2697
29 3919
3 9644
36 6838
22 1218
39 8686
15 4984
32 9688
30 2526
29 1848
31 8598
14 5805
50 6878
16 1814
23 228
42 4748
3 8199
56 2924
37 7638
38 7477
48 8066
25 4488
16 200
14 461
54 5102
14 8126
33 1533
61 7423
38 5753
53 7908
48 967
48 5319
38 2178
59 8193
19 5588
1 7160
42 5345
65 5070
26 9584
29 6114
31 6918
64 8207
2 5931
62 3914
55 9591
50 8785
37 6926
27 4385
29 5050
72 4466
75 1978
76 677
78 7191
88 1887
57 9415
76 7453
9 2184
31 3315
85 5033
79 1221
68 1683
57 3908
6 9378
75 1069
64 3113
12 9833
64 8095
58 7503
71 5580
27 3336
27 4085
47 2501
89 6807
17 1635
68 7725
35 7222
13 8792
79 42
33 8000
24 1166
114 8246
100 8667
7 5732
105 9438
121 280
58 352
124 4907
85 3127
10 3723
127 1496
121 6197
70 5641
57 3569
78 9663
51 4466
45 3144
115 6520
18 2758
67 2457
65 8605
101 3562
10 307
12 3125
95 1584
13 904
1 5520
100 2225
43 6826
28 1296
38 1831
121 431
64 7445
85 7123
147 9550
43 671
110 8895
123 6536
68 9799
85 8484
141 462
124 8475
91 7497
131 3243
24 9968
108 9698
97 5719
67 2472
55 337
31 1699
11 8309
164 2810
25 5155
73 8023
74 5436
56 7614
18 384
144 7279
79 3547
114 9119
90 9909
23 6252
137 9014
138 8938
3 8705
36 6581
179 3306
42 3118
39 9485
180 614
148 5469
107 1208
55 2364
134 409
128 8425
98 6972
56 5419
142 5523
105
21 5902
163 5097
121 5107
168 2613
74 4837
78 2549
94 3383
65 4420
128 2992
188 84
23 4150
192 7755
152 8319
137 239
73 9545
159 4906
139 688
60 5964
93 3669
169 9005
64 6770
151 8617
131 3041
166 9938
5 4894
146 9006
100 9889
67 7122
191 8448
145 3703
160 8883
115 8542
22 5070
75 5674
129 1287
81 3493
46 7910
127 301
189 6847
112 5062
63 744
12 2209
24 1365
19 4542
186 2610
181 4508
34 3043
125 2773
154 7849
56 7843
58 5719
187 1444
3 6301
150 7222
13 8141
124 9623
28 7962
155 6814
99 4776
90 7332
157 3645
177 7571
196 6493
18 5296
79 9850
82 9828
68 9342
20 1871
113 5471
85 3260
30 8616
10 6235
59 6917
37 3207
62 585
153 7524
194 4758
143 6914
182 4063
183 4957
141 4342
77 739
102 3458
45 6275
40 6360
144 8444
195 3327
126 4938
80 2072
180 2092
178 6772
42 5169
123 6347
97 9535
96 4937
185 9025
70 4662
57 388
122 5659
61 83
147 2948
111 6320
133 6896
76 9488
158 4438
