178
823
334
872
213
151
240
429
739
120
410
318
736
552
856
110
523
337
415
637
539
154
666
717
802
650
982
239
338
662
225
753
56
484
902
28
773
580
959
505
951
383
115
406
115
419
812
544
959
283
903
472
174
109
882
418
125
646
225
545
645
956
823
324
299
391
685
917
526
808
809
871
285
339
489
964
303
401
712
390
119
534
931
619
8
961
968
498
439
958
782
465
547
851
350
557
889
629
538
158
247
258
901
196
636
862
90
579
301
685
36
641
772
612
472
160
729
888
112
367
347
846
464
936
446
203
203
15
62
587
5
438
754
678
573
30
285
693
602
900
445
3
313
374
215
875
993
215
795
940
352
655
75
208
187
628
249
231
129
6
38
437
831
33
471
383
182
705
389
207
340
386
905
367
830
806
904
757
928
