72
-226 249
-118 -907
859 762
-314 -86
-938 63
-724 -802
603 -309
929 199
-608 -958
935 -237
-816 328
-206 819
174 -100
-339 -560
246 -362
-758 -818
-601 628
-693 916
984 121
597 122
-692 496
-656 -573
-16 -239
-142 -740
-830 -551
634 722
689 555
-604 -92
-122 -346
824 -572
349 198
674 -85
-708 -843
-891 -648
135 26
320 752
-552 984
-263 -433
913 -631
539 84
117 -957
985 -271
67 -316
247 152
132 512
-536 752
-543 916
-511 416
-34 -344
-895 127
-671 741
-603 665
919 -583
833 -372
107 379
-728 553
-853 274
237 367
377 110
146 -927
83 858
-357 -589
-436 -281
418 895
602 405
-388 -109
445 358
-513 -331
-60 -460
-19 -957
583 874
100 901
