226
140 -186
-759 -508
364 448
920 -906
417 225
-34 -620
-606 -429
105 20
461 704
803 -423
567 -969
482 -511
375 -79
669 878
-495 747
-534 514
241 978
967 -780
-135 204
620 572
-156 791
-310 -396
-421 753
447 -752
359 623
-677 876
6 765
-687 -592
-124 -414
366 45
132 -3
-486 390
-13 -567
-293 80
836 -702
-957 943
-85 162
643 533
-863 348
498 -68
179 -695
215 -869
-564 -540
-604 241
916 -123
-935 650
-132 893
-487 937
-50 151
605 624
-225 -491
25 -577
54 417
-525 -116
-31 508
-879 498
-696 719
358 288
-340 -230
-796 -55
132 -937
-306 -593
231 -595
580 290
-610 -796
702 -107
346 885
110 784
-773 -193
825 -653
967 -610
-756 -404
-930 -321
318 -906
226 -490
-696 -347
553 -457
-589 -245
-179 124
-480 443
424 202
515 492
-38 -662
-454 -718
535 -611
181 712
188 -869
712 -502
-862 -999
503 935
638 -715
999 -128
553 364
-365 -10
915 74
-29 505
-575 228
868 -237
-565 290
-114 178
-882 961
-500 851
601 835
886 -988
-745 -883
-414 -440
-337 -163
-482 -11
-133 -620
868 -49
-823 920
-25 -920
-369 128
-615 362
-490 -785
746 438
-406 954
-600 3
762 196
-366 -612
479 467
713 -902
231 -248
-980 549
897 908
-67 -331
694 -129
692 924
926 107
241 -672
-681 678
327 652
-617 846
-149 -884
-651 -497
-757 -456
14 570
808 -334
666 924
464 901
462 616
-734 -556
840 -372
815 -166
-76 -212
-553 616
-474 -193
743 335
-870 -957
512 519
332 -95
414 924
772 41
832 -137
-60 875
547 258
514 801
-753 -659
9 970
261 -883
703 -451
-315 -135
684 846
-998 114
-189 -824
-109 223
887 112
631 857
-199 907
629 204
996 -868
983 -759
901 -688
-781 796
92 -627
-557 997
481 -352
9 614
-6 -121
708 725
-840 -761
-388 -499
-988 -41
429 -249
105 472
-679 -128
813 -395
364 600
-308 -926
183 649
707 977
-949 267
-320 -349
296 -246
-356 708
-964 -35
479 606
-569 -953
-518 344
544 936
486 376
-730 549
942 373
342 -659
-857 85
282 -168
761 -664
160 -49
549 733
-414 509
656 -723
552 -628
834 -320
338 218
693 605
-90 -603
502 566
-60 956
482 128
-854 -7
481 409
-756 -441
-896 890
786 -82
-360 354
133 33
