883
3643 0
1382 0
-9755 0
-5509 0
6378 0
6607 0
-5255 0
-1749 0
8567 0
-6564 0
427 0
-4979 0
-4631 0
-1170 0
-500 0
-8820 0
-5049 0
1037 0
-2277 0
-8637 0
-4932 0
-7296 0
-6456 0
-6900 0
-7709 0
-3989 0
-8964 0
6890 0
7599 0
-9666 0
-8215 0
4216 0
-4691 0
9947 0
910 0
7095 0
1641 0
-6922 0
7950 0
-7751 0
-5261 0
9757 0
-3670 0
4379 0
-8727 0
-629 0
-7558 0
-2833 0
284 0
5240 0
6236 0
-3422 0
-7959 0
4710 0
-7785 0
-5316 0
-2297 0
-755 0
3562 0
-2329 0
1859 0
4292 0
4080 0
3145 0
-1391 0
9767 0
-5165 0
8043 0
-409 0
6962 0
744 0
407 0
3198 0
9087 0
392 0
-6538 0
-4110 0
-5157 0
9043 0
-1993 0
-935 0
-5496 0
-6254 0
5993 0
-9735 0
468 0
4580 0
6787 0
7239 0
-3305 0
6660 0
-6546 0
-3627 0
163 0
-130 0
-8520 0
7781 0
9213 0
6874 0
-9934 0
9287 0
-2398 0
6335 0
-645 0
-6388 0
1608 0
-7198 0
-846 0
9495 0
-7507 0
8375 0
-1293 0
-8401 0
100 0
1526 0
-9698 0
-9039 0
147 0
3172 0
2608 0
7872 0
967 0
8155 0
-2769 0
91 0
6032 0
4607 0
7996 0
-1328 0
2147 0
7558 0
4653 0
4829 0
-6304 0
-1945 0
-7925 0
8889 0
-1123 0
342 0
4146 0
-8837 0
-628 0
-8577 0
-1477 0
8712 0
-7856 0
-6443 0
5552 0
-6846 0
3401 0
-9995 0
4278 0
-582 0
4771 0
5226 0
-7149 0
-2602 0
-4300 0
-1319 0
-5524 0
-1848 0
6287 0
3050 0
7207 0
3353 0
-7987 0
2382 0
-6365 0
6810 0
-8680 0
5172 0
5260 0
-6215 0
8954 0
-4736 0
2514 0
-8639 0
-2079 0
97 0
6674 0
-8271 0
-745 0
1714 0
9754 0
-9811 0
7392 0
5907 0
-8123 0
5672 0
6283 0
5444 0
-3113 0
-7428 0
2992 0
-2022 0
-3743 0
8899 0
1997 0
9389 0
-5638 0
-2932 0
2673 0
1042 0
-7948 0
93 0
-2554 0
-7966 0
-7527 0
2193 0
-3353 0
-1504 0
9452 0
768 0
8081 0
-1737 0
9817 0
-8062 0
-2598 0
2692 0
2473 0
-5361 0
9626 0
-7919 0
8835 0
4227 0
-2940 0
-9346 0
-5590 0
-2074 0
-3955 0
-7765 0
-9959 0
-9364 0
5311 0
4170 0
-4199 0
-7696 0
5853 0
924 0
-1262 0
-7643 0
5776 0
2501 0
-8669 0
-7058 0
-3159 0
-1699 0
2917 0
-6664 0
-1156 0
-345 0
9227 0
-6479 0
-6532 0
1126 0
8047 0
5020 0
1740 0
-499 0
-8316 0
9346 0
-1028 0
-5955 0
-3411 0
2207 0
-4072 0
-8293 0
6879 0
8221 0
-8332 0
-9901 0
-9442 0
1512 0
9383 0
-9610 0
8987 0
4343 0
-4726 0
-5764 0
400 0
3919 0
-1186 0
-4262 0
-3401 0
-1346 0
-369 0
-4047 0
-5536 0
4780 0
-8023 0
-9314 0
-9332 0
8339 0
3215 0
-8558 0
-5221 0
5333 0
-4462 0
-9782 0
-2599 0
7998 0
6815 0
-8968 0
2870 0
-4967 0
-5926 0
-5858 0
-8170 0
-7490 0
-3329 0
7906 0
5016 0
-1201 0
-6044 0
-3836 0
-8943 0
4196 0
-3333 0
-4028 0
-6686 0
-6042 0
3658 0
2422 0
-6423 0
2613 0
-3191 0
7833 0
-3040 0
5612 0
6239 0
-6059 0
-2147 0
-4660 0
-2138 0
9631 0
4599 0
3382 0
-2308 0
-8080 0
-4750 0
3027 0
5705 0
1562 0
3452 0
3623 0
-835 0
1817 0
9571 0
-4567 0
2964 0
-4227 0
-2044 0
-1887 0
3762 0
8860 0
7122 0
-84 0
7829 0
6125 0
-7295 0
-9320 0
704 0
724 0
-9988 0
-2418 0
-9818 0
1611 0
-4343 0
-9308 0
5025 0
2599 0
9443 0
-4310 0
1733 0
-7669 0
4954 0
9630 0
-7088 0
8928 0
442 0
-4878 0
-2001 0
-8430 0
2481 0
854 0
-5717 0
-6690 0
-9722 0
8023 0
-5986 0
5053 0
-3702 0
9511 0
3000 0
1305 0
4951 0
-9913 0
6398 0
-4152 0
5937 0
-1046 0
-7066 0
2887 0
-8595 0
2381 0
-2172 0
787 0
-9333 0
-2479 0
2035 0
3736 0
-9066 0
4033 0
-4452 0
-4104 0
4588 0
6748 0
9531 0
5037 0
-6019 0
-4955 0
-8743 0
-9108 0
-7947 0
802 0
9391 0
-8461 0
-8645 0
-599 0
7703 0
8215 0
4395 0
-8255 0
-178 0
-6257 0
-6528 0
4681 0
-1653 0
-8237 0
-2513 0
4967 0
-4489 0
-8384 0
1221 0
-1589 0
-5304 0
808 0
456 0
-5803 0
2849 0
-6263 0
717 0
-622 0
9562 0
-4575 0
-2880 0
-769 0
-5213 0
9809 0
3494 0
-8631 0
-2984 0
4219 0
3301 0
-9582 0
-3004 0
-6609 0
6985 0
-1803 0
2297 0
5177 0
4353 0
5928 0
-1014 0
7828 0
-7717 0
1398 0
9084 0
7462 0
5802 0
-1375 0
8681 0
-4686 0
-2839 0
-6312 0
4478 0
-8329 0
-6523 0
8197 0
-1661 0
8462 0
1105 0
-1410 0
-8177 0
5361 0
-4807 0
304 0
9082 0
-3399 0
-4038 0
-3546 0
6580 0
9813 0
-8158 0
-5556 0
-5459 0
-9216 0
8683 0
-4463 0
-2826 0
1270 0
1770 0
3504 0
5492 0
-5715 0
3116 0
6558 0
2249 0
3087 0
-6470 0
-5518 0
165 0
-9391 0
2854 0
1133 0
-7268 0
2132 0
7286 0
5236 0
-4468 0
7035 0
-3418 0
4974 0
-6041 0
1374 0
-4558 0
6296 0
-8679 0
-2305 0
4787 0
-7509 0
-8698 0
5771 0
9133 0
5116 0
-7791 0
-2378 0
2583 0
-5391 0
3323 0
3051 0
-1399 0
-6499 0
8811 0
-4329 0
-1611 0
-3788 0
7573 0
4687 0
-8026 0
2660 0
-2814 0
5405 0
-304 0
4521 0
2727 0
-5394 0
-5416 0
-6823 0
8742 0
-8372 0
1459 0
6587 0
-5457 0
9445 0
7404 0
-6004 0
8723 0
4344 0
4058 0
-4665 0
-3129 0
-6565 0
-7006 0
-2680 0
4673 0
7361 0
1920 0
5091 0
1850 0
6200 0
2175 0
-7931 0
5067 0
5826 0
3408 0
9161 0
8443 0
1603 0
-5249 0
9742 0
8090 0
2954 0
-4855 0
-9134 0
-3358 0
8942 0
2521 0
1802 0
-6050 0
-4467 0
-2258 0
-8932 0
4723 0
9714 0
3520 0
909 0
9075 0
7004 0
-9678 0
-3058 0
-8428 0
-8493 0
-9808 0
-9864 0
2846 0
-7990 0
-4678 0
3126 0
-7609 0
9733 0
-2068 0
-1326 0
4718 0
1912 0
1869 0
-2569 0
-9298 0
8002 0
-8489 0
-3227 0
3657 0
-2684 0
34 0
-2002 0
-105 0
-58 0
8918 0
814 0
689 0
8315 0
5815 0
7349 0
8650 0
-619 0
-869 0
5217 0
7375 0
-6882 0
2747 0
8259 0
-3754 0
6468 0
6980 0
-1804 0
6297 0
-6944 0
-550 0
-4140 0
-2607 0
5861 0
-6677 0
-2775 0
-9597 0
3771 0
-4235 0
1777 0
-8934 0
-7879 0
2906 0
2652 0
-388 0
-5088 0
-9231 0
4843 0
-8498 0
-9474 0
9908 0
8230 0
388 0
-1207 0
-4718 0
9105 0
-6259 0
3495 0
-8612 0
-7405 0
-3644 0
-4263 0
-6007 0
7107 0
1182 0
1976 0
3507 0
4941 0
-3793 0
5110 0
4432 0
-503 0
-842 0
-1954 0
3500 0
-6204 0
4324 0
3033 0
2205 0
-538 0
-8588 0
6801 0
-347 0
-6113 0
2405 0
-4232 0
3563 0
-3304 0
6412 0
-2301 0
-7693 0
7490 0
4979 0
2746 0
-4175 0
-957 0
-9900 0
-1413 0
-5650 0
6030 0
-3146 0
-1077 0
-4178 0
3 0
-4958 0
4442 0
-2051 0
959 0
-865 0
-5300 0
8772 0
5927 0
-2957 0
-6749 0
9167 0
-6755 0
-4854 0
2238 0
-9917 0
-5013 0
9530 0
-3980 0
9818 0
-2944 0
2713 0
1207 0
5541 0
104 0
-7549 0
8206 0
4342 0
2709 0
2871 0
1855 0
2867 0
-6804 0
3222 0
-7847 0
-1480 0
4684 0
82 0
3690 0
-3456 0
5115 0
-3577 0
-7523 0
-6328 0
-3140 0
-4548 0
-5089 0
7587 0
1874 0
5194 0
-7699 0
-1755 0
-8243 0
9995 0
8302 0
2783 0
-6769 0
-1577 0
-6719 0
7273 0
2179 0
3892 0
-7297 0
-9630 0
-3814 0
8277 0
118 0
-7855 0
9808 0
3206 0
5388 0
5701 0
-6801 0
-3534 0
-4939 0
-8922 0
-7032 0
4417 0
1489 0
3264 0
7447 0
-6644 0
-5381 0
731 0
-7424 0
-3993 0
-2495 0
463 0
-3579 0
-7125 0
9851 0
4000 0
-9873 0
-2673 0
1604 0
-7291 0
-9319 0
-487 0
7152 0
-3327 0
-8163 0
3180 0
2667 0
-8524 0
2681 0
2428 0
-3343 0
8793 0
5916 0
8607 0
-5768 0
-4282 0
8124 0
-1583 0
3005 0
3509 0
-9920 0
2392 0
9108 0
9928 0
-9264 0
-3285 0
-9893 0
5784 0
-1354 0
4488 0
-2374 0
-6438 0
1438 0
-8135 0
2735 0
-6639 0
8898 0
317 0
-7433 0
2646 0
4622 0
5387 0
1461 0
6230 0
-4438 0
-9275 0
-8572 0
