2000
2741 -4766
-4377 3299
-5649 7333
1201 -2810
-6379 -7431
-291 -6731
-466 -8340
-4011 -3789
6114 -715
6864 1217
7367 7408
9010 3002
-363 -2715
7926 7075
-1159 -1215
9087 703
7837 -203
2585 7095
-2491 -9952
425 1815
-5894 -1896
-2536 5993
-6684 582
-3357 647
-257 -9565
1344 -378
6525 8667
-1432 -6740
-5723 4567
-9701 5974
-8878 -6172
-1944 -6435
5640 -5746
581 1117
5637 6792
-6171 9499
4850 7324
3103 -7552
-1241 2722
-5873 -6791
-3841 -8812
-3874 7288
7395 -4669
8601 -3358
-4537 6738
4974 5876
-9798 -8542
6180 -1154
4423 2524
-5206 -5180
3732 4775
-1634 -9937
-9313 7484
-8773 -8972
7887 5069
4794 3734
1636 -3663
4182 -860
705 -8513
-2012 -5463
-1819 -409
8337 6816
8382 -7121
1179 8842
-3271 -9232
7037 8743
-5430 -3436
-1458 -7318
7085 -4687
1197 -3237
5647 8622
-4670 1624
6116 4161
4163 -9168
7391 7803
-1104 7025
-5582 -5838
2140 1196
8586 -9735
-1120 -2157
2232 -116
-6445 -1473
-9699 -5583
9667 2149
-2226 -3414
-3122 8435
-213 6929
9249 3980
7987 -9333
7885 -6128
6811 7902
7595 -6323
1419 2450
1760 4640
-4433 -353
7581 -3193
-1106 -1147
6597 -8075
-9603 -6908
-9942 -9694
-1497 304
-2428 4276
-9203 1452
-5406 -3757
-8612 1919
-7580 -2302
8907 8874
8310 2962
-3356 -7626
1063 5085
4828 -1608
-5036 4311
9572 -5648
-1760 -8939
1785 4517
-7212 4404
6645 4317
-8450 -3383
-4717 2028
507 -4221
9857 842
8677 -9753
7642 339
-9048 -5594
-624 -3998
8303 -5329
-2028 -6437
1056 9924
-8270 -1296
9739 7939
4693 7496
-5700 -8999
7211 7639
-9624 5263
-2051 4687
-5406 1443
2006 -8188
-2413 9573
-2522 -7567
4685 7000
581 8575
6838 -3028
-8073 5340
3635 -2215
-2798 -6544
-396 6524
-2981 4725
-3216 -8372
-2814 4969
973 976
-1306 5006
-6314 268
8978 9941
-790 4931
-1923 -6876
-7834 5773
-2397 7643
6997 -6801
-2066 -9763
2316 -6206
6037 -4258
-5365 8049
-5428 7638
-512 -5629
-2023 6870
9034 -5907
-3526 4864
2029 -9813
-6014 -3145
9302 -7911
8112 -2620
-9267 4318
6705 -9266
-4283 7426
4532 8121
8036 -239
3204 9918
-2225 -9378
1953 -6713
8703 5726
5243 -9736
-2160 -7554
6378 -4936
-3494 1880
-3324 2662
-3886 4258
2979 -3493
-7885 -3398
7425 -13
563 -4789
-7737 -5891
-3636 -7535
752 -6920
8762 -7396
-8164 -4987
2048 1809
-9082 -9265
2740 -8505
676 2002
718 -7295
-2658 -2492
-633 -5217
-8103 8847
7690 2422
-5683 -1759
-3124 1640
3599 -173
2487 -5217
5717 2931
-8405 -7872
-9187 1955
-2640 -6562
-6006 -4831
1629 -6149
5954 -2504
950 5824
2142 1774
36 5960
-9253 -1803
9556 -3434
3837 6824
1111 6581
-2051 449
-5817 3807
5777 6173
-1480 3968
7475 -6254
-8448 -244
-123 26
-5243 9721
-4484 9930
4886 -9774
4366 3821
-312 -6567
-3197 -4778
7827 -3285
8083 -8778
5715 8614
6704 7486
-7767 -2137
6976 -4121
4619 -9830
8675 4471
5421 -1497
5698 -2964
5682 8919
-6597 4646
2044 7639
6786 2747
9058 -4109
-4906 6199
-1948 -2970
1226 -7975
7261 2889
7657 -9009
-4199 1029
8115 585
1037 -9001
-7850 9131
-1634 -9890
-8136 2697
9882 -5104
7744 -5807
-1620 -2481
-8338 -9365
1115 9703
-3100 4050
-5637 -2151
-5758 -2233
-5639 1564
8172 -703
3010 -7970
-1994 8255
-9168 2566
-6604 2370
-4881 6282
1524 954
864 4777
7227 -9223
1921 -4112
-1162 -2715
5456 4976
-1914 -10000
7932 -7547
-3353 4827
6376 -9290
7863 -9221
-836 -1921
-911 -9414
-6186 -8974
8958 3645
7806 -6184
8578 -5600
-277 -2159
-6884 -5426
-6709 -2289
9609 -1233
-5742 6163
6771 8692
4863 -9472
4723 2962
-8230 2592
-4816 -3749
7492 7758
1670 6239
-530 1900
-2691 -9374
-4487 -4975
2758 -8520
-7407 5155
4114 2136
6590 -2139
6759 -579
7991 -401
128 2233
-6260 -9694
1864 2567
309 4821
9194 -2542
3694 -2066
-1523 -8799
5596 9086
-3374 7834
3342 2680
388 -1336
2177 -8393
3843 -4405
-8629 -518
3663 -6281
-1596 -1505
4214 6341
-1640 5689
1898 1431
-9833 -1487
-5247 9706
-3416 -340
-7244 -6417
8116 5347
-2493 -5180
-104 -6516
-2680 6166
-9319 7100
2729 975
-6519 -4379
200 -3957
8712 7197
-3520 9496
-1620 -8420
6919 2525
7814 -7832
1041 9911
1209 5943
-9264 4817
4096 2165
-2467 -8430
-7650 2804
3710 -2402
-2134 6681
5220 -9297
8933 -3802
-5700 5916
3664 5246
-2089 -5235
2980 -3023
2660 2152
70 -1052
-8917 3377
-1641 -5960
7270 -2277
-4566 -8844
-2056 -8743
1737 55
-1078 -7987
-4353 3038
8292 2498
6972 9946
-354 4404
-1832 -7588
4795 6529
-8597 260
-4208 8571
-279 -2803
2991 2790
-5670 6604
-6596 -523
8444 -4223
-8215 -282
-9784 3188
-2037 -7862
8793 -4325
-7147 7026
-2673 1319
-367 5315
365 -8552
-3925 -9033
84 -3122
1567 -8676
-9447 -4225
-9971 -3534
1544 -4319
-445 -1710
-5665 3561
3520 8347
7917 4726
6407 5517
3424 -1133
-6401 -4091
7740 -4290
1583 -3491
-7283 1574
8845 -3416
-7055 -4201
-7480 6198
-2298 3342
-9089 4952
-7569 -7042
7638 -3147
1510 8087
-7485 176
3486 8668
3434 8954
-2800 1696
-1772 3897
3677 -5252
1212 -9426
5478 -1598
2997 3126
6560 -8755
-9078 -8568
-1087 -7065
-2845 7545
4225 8158
2505 -3128
8215 -2538
-603 7337
6482 274
3474 -70
-9007 5377
-8227 -8625
-343 4283
-2332 7518
2049 92
2975 2790
-6565 9110
-7319 3493
36 -9204
7195 -9357
-3912 -7011
-8032 8303
-4562 1626
8954 -6331
3030 9831
-23 5899
-8924 -5475
2584 3790
-1438 2615
-7851 -1291
-7873 8804
-3431 3192
-4368 2418
-793 7933
2400 -6235
6094 4647
-7718 -8786
-5220 82
-7896 -8118
-1012 -4017
-7504 -4916
-2019 5866
9692 5407
-8643 -7833
4939 -4587
8345 4040
4680 403
3473 -839
-2535 3600
5386 4082
-4456 -7050
6538 -8110
7553 -3265
1184 -5044
-9824 -2735
-1948 -9596
525 672
1092 -7437
1525 -8670
-6164 -2927
-3017 -3799
-9593 2286
-6632 -5442
-9641 8879
-9308 -3991
4167 6460
6112 582
6776 -3372
-9029 9798
128 2231
15 4780
8797 -1129
6074 -763
-6351 -2336
-9840 -5359
5021 -1723
-4943 -9510
-9123 5426
2812 1095
-4982 -4895
-1750 4028
3459 -6580
-2659 -266
-4257 8027
2834 -2867
7225 -2332
-9758 -9748
7342 5474
-2440 7841
861 -7618
756 -2488
-1136 5169
4494 -9135
-472 4225
-5133 1164
2325 8919
-2904 -5485
-6055 296
-5081 9673
6241 -7520
1088 5758
-6071 -6419
-741 -1409
-9221 5284
3341 -6500
-6978 2190
-8236 -9721
-5939 1411
-5078 5416
-3131 -18
2332 9272
-2963 6
3926 -4705
-1637 -6916
3699 5716
3718 -8041
4133 4139
-628 6716
2719 -2050
4986 -1993
-5779 -4585
7392 7206
-3191 3320
-3532 3597
-5100 5632
4713 5230
-2977 3736
-5334 3873
-2989 8477
-8715 1384
3906 -5224
-53 9854
-7103 -9206
2728 3671
1874 -9107
-3801 -3331
8223 -1995
5210 -3487
-3080 -7605
594 -7158
7351 6902
-7890 2797
-8520 -7283
8812 -147
2533 8452
5009 -9668
-8870 -8824
4041 -3725
-4521 -744
4726 -2961
-4321 -305
-4745 -4747
-4386 6189
9315 1666
8123 9571
3399 7538
44 -1940
9831 5865
-109 -4510
-2915 -4865
-8194 -1009
6132 -7984
-7296 4010
-9915 5895
-6001 -9269
-6974 -6905
-2914 -4019
-3434 8986
-6595 7901
-1776 4661
-9140 -138
-8598 3122
1319 -1727
3158 -1
7454 7472
9122 3427
8715 3403
-6524 -7078
5375 1917
7558 -2303
6555 -6413
-9225 -2843
2040 7387
8446 -8270
-6773 2473
-4016 2074
-9119 3906
745 9475
-8940 1533
-2648 -8530
7485 7711
-5330 -9194
9760 -3337
86 6905
3105 -3279
187 1151
7636 -7789
-9277 -3514
-1788 4897
8276 5695
-1032 2793
3534 8255
5695 5463
-3932 -4624
-8396 -8905
-9857 -7817
-2805 -3230
1387 -9916
-9124 -825
-7193 -8712
321 3898
6669 -1842
-3913 -72
6992 7370
-8538 464
-8524 -7537
1470 3219
1545 -5517
-8816 7731
4210 -8006
-2518 3556
4329 -596
1981 -8548
6390 2553
3653 9962
-2682 -7237
-4839 8746
-6811 -9669
2838 -1595
-3367 26
-9719 -5075
2344 -5076
4142 6277
-8298 -964
-2602 -7814
-3241 2831
-6653 4809
-679 164
-6339 -3842
-17 6955
4381 -4313
-5159 4419
-819 -7413
-9659 8019
-7008 3050
-2703 394
8940 5473
-4282 8517
3756 -9114
410 8224
-5421 -11
3501 486
-3058 -301
-3608 7278
-242 4131
1646 5852
-1844 140
-7172 -1428
-3869 8337
4279 9097
-7548 4244
-1419 2991
-215 -7067
3272 -60
2101 -1266
8631 4326
6979 4311
5350 1210
849 -2210
6859 -6388
6077 8845
-8900 2403
-244 6748
-4841 6936
2662 8131
8439 8586
-657 -1096
-5410 8807
9784 -2282
-2334 -7458
-1216 -6781
6074 -8047
6248 -7413
4499 9804
940 -9703
61 -7089
5938 -7554
3799 3634
-5290 2208
1911 -6839
-4827 -5517
1657 -8792
-9659 -8051
2243 7184
8323 -5569
8754 7675
-2448 5830
-1029 -4266
-6450 7182
2720 -123
3596 8207
1444 6037
4 -5289
-2611 7778
-6986 5000
1051 -2149
2968 8754
8248 7066
-3479 9695
-9532 -6629
-920 -7821
5505 -7904
-8231 -5268
4751 9897
-125 -2248
4095 -5044
-4708 2994
1246 -8702
-9014 -8000
8513 -168
9802 5362
2299 5167
6246 -6811
4954 3202
-7937 9911
3821 1044
-7219 -3389
5438 -1087
-7403 2327
-3685 -5850
-7368 -8280
3217 4909
-342 -2172
5529 7258
221 1250
-8785 4386
-5191 -3452
-8660 582
-7994 -7517
1212 9588
-492 1968
-929 -8112
-6901 -6144
-4879 -4850
4764 -8384
-8930 -7064
-842 -4385
1178 781
5449 -156
-4691 -442
-7892 -3390
-7800 -450
6143 2435
-2800 -8548
-7174 6334
7112 5494
-7999 -9421
-7848 4987
-8800 -5621
-6445 -6906
-4034 9072
4667 -5356
-2109 -3512
1607 5464
-4377 -113
-3142 4476
-2475 -3314
-8764 9497
751 288
-1457 4498
-4029 9671
-522 8487
-4585 -3728
5146 -1261
-6289 -3475
3688 -9613
-5678 7077
-9990 -6497
6028 8364
4751 -4734
-9902 6318
-3311 -9211
2922 5389
-1241 3051
1440 1183
-2518 717
-7459 -9669
-8335 9317
-2291 -5101
6514 -9422
-567 -1603
-8122 -8878
7725 9964
2233 6775
-7328 -9490
4876 8395
3494 3141
-301 9487
-5121 7664
-2106 1603
-6746 3141
5501 -9554
9726 -6007
7212 2346
-711 -2191
4125 3305
-1094 5935
9990 -2889
-4115 7751
-6319 4382
8326 -5184
-9797 8042
-6904 -2336
-4008 -2093
-8745 8547
-1172 -3704
-721 3428
-8745 5343
-5815 -6030
-1273 -2544
4816 -3990
2637 744
-3732 -8357
-2125 8142
5425 1870
-3135 -6648
2420 4886
-1333 -143
9891 2464
314 5607
-9406 970
4144 4025
-6665 -5095
-2537 2893
-7114 2844
7035 5758
-6335 -1692
-294 -6907
-7659 -577
-4267 9113
880 6417
-3651 3505
-4878 -3259
-7774 2864
-995 4041
7967 -1233
9443 2147
1610 1874
-3201 8655
-6050 3830
-5026 -1149
-3560 -5834
7524 2761
7122 6876
-8768 2182
-3355 -536
-6479 -1833
-2263 7796
-8724 9457
8826 -93
-2575 -7379
-5517 -9472
5204 -1429
3956 -3381
2855 -3584
8155 2317
-1217 5638
7224 -8321
-6399 -9920
2094 2356
-2156 763
-7523 7568
3073 -8143
6096 387
-1855 -8696
6358 2588
-7301 6951
-9659 1349
-1363 8685
3708 -9534
-1235 6476
-732 -2900
4960 -48
5045 4889
4385 8850
-6544 8876
-5332 -15
3827 -1993
9805 6776
-1535 -1961
-7345 -3797
-1648 -6122
-3095 7920
-8355 -6148
2832 5262
6479 -133
-2998 601
7818 953
8867 -1449
-4953 7259
-1326 5425
-7268 8261
4062 7374
8798 5978
-726 -7108
7960 1865
2527 -6404
-606 1637
1439 1490
-7778 -7653
-7665 -35
2557 -6125
1455 557
-8770 5871
8507 5971
-3879 3063
8297 3105
1770 6132
4187 2147
-840 4158
3560 -8906
8607 -8911
-114 60
-2679 -9865
-8457 54
3458 -5689
-3759 8752
1025 5970
-1198 -5763
814 -4965
8929 3998
983 102
-8569 477
-530 -5257
7622 6853
9642 -9185
-7740 -4286
-4224 7657
-9748 3669
3571 -2721
-3657 1665
-5903 -4128
8036 -5181
-5819 4650
-7463 -1243
6348 -5685
7305 2138
1148 6280
-14 -5077
-4326 3111
-5192 5122
3431 -6163
-8467 -2091
5375 -6082
-3590 931
9842 -4926
-5042 -7427
8377 -1888
8339 5409
-453 87
2077 -5102
284 6972
7636 4412
-2370 9142
6540 3416
3767 -5399
3865 1465
-8862 8232
-9217 369
-5101 -6663
-9659 5381
-1747 3192
4985 -5270
-5620 2440
409 -7095
-7841 -1732
781 -7140
6084 -1599
-8116 3963
-7793 -2639
2543 3110
-4369 -4326
1897 8784
-1154 -223
1796 7939
-1075 -5289
3046 4327
6734 5942
9349 6337
3207 -2270
-8548 1954
4135 8121
-9052 -2859
8499 -7406
-798 6785
8494 7762
-1397 -7151
-3715 7832
2798 -8852
4197 9300
9620 5142
2789 1661
9385 -6944
8656 6755
2312 4257
5974 7644
8357 6187
-3583 4970
9153 -2464
7575 -423
-9649 -1795
-8799 -6104
5564 -7196
-8314 -3280
-4960 -5457
-2849 7595
4140 -6398
-5298 4918
-5409 -6061
-3015 3265
4741 5717
-9720 -5798
-1814 -6960
1088 3732
3662 -996
-5306 -3698
-6343 -6557
5072 -2847
4642 -5755
-5354 9914
4634 -2221
8915 -5204
6353 265
-6854 7965
-4913 -3736
5216 8109
8164 -1805
-1176 3471
600 3591
3832 -9734
-1899 -5826
3032 7553
-5959 -1297
5206 -7300
2626 -7814
-250 -618
-3919 5172
8454 5846
8054 5577
4455 3342
6201 -7032
5259 -3965
1429 -7116
6502 4981
7637 -4117
1377 -6925
-9316 1304
3125 -5103
602 8149
-4422 -761
-8023 9111
9282 1291
5266 -2924
3653 1858
-487 2868
2420 1965
6800 9696
-5261 -3871
-334 4392
-3661 192
670 -9419
4065 -768
2972 7900
1950 8177
308 8639
-2326 3363
4712 2579
2370 4171
-9070 -1778
-7616 -4404
-994 -9700
-821 6110
-1773 6329
3744 -8497
3082 -9273
4249 7554
-355 1177
6986 2091
1535 895
2522 -2046
-2119 5491
-3893 6737
5756 -1354
234 -492
7699 -4172
5325 7232
-8312 -2304
-9064 7088
9644 1872
-3829 -6391
-3151 9822
7387 -3183
-7307 6658
-9996 152
-2851 3126
-2701 4079
-8404 -9941
-8417 -7169
-8022 4828
-1708 5838
2469 6431
-6071 -5086
-3240 -4981
9890 -5257
-9209 -8864
3628 -4184
1672 -8857
3300 -4200
-8185 -9760
8685 -1074
-6306 -9959
1942 -5939
-2775 -240
7300 -5091
-1679 196
-2889 -9462
1151 -3359
-2755 -5711
-5864 -4758
-4047 -5024
-5159 -9456
222 7610
4656 -3312
5658 -485
6126 -1799
-9585 -7978
2289 7733
498 -5718
-6843 -550
-8938 3967
-3640 3879
-6561 9593
-383 1667
2679 8033
7574 4363
-2126 707
8820 973
-1264 3220
-7482 -9905
1455 1906
606 1700
2116 4687
2494 4924
3589 8787
1391 -2166
-8256 6401
-3815 843
3746 -2259
-2422 2441
1400 -2837
8071 -4884
5155 -4142
-7003 9627
7863 -449
-3429 1944
-4906 7729
9777 -4229
-968 -9272
-7795 2520
-4110 2372
3900 -6741
-946 -630
-7084 -1472
-6749 3682
6364 3808
398 4664
5030 6874
9403 -6670
-9312 -4960
-2650 7463
6136 -1871
4260 3087
-8127 -1892
20 -7570
-9367 3539
9828 334
-9660 3263
-9028 743
4 -7806
7905 -3081
8069 -4043
6734 8219
-9287 4343
5743 7426
-3602 -3637
5153 -8757
-7277 -3848
3922 3914
6911 2050
1732 4741
-6544 -2962
2392 -6590
3151 -7590
6636 1695
-2840 -5404
-5536 459
-2544 -1077
-6785 6831
-9660 1624
767 -8676
8273 1594
-2340 8973
-8783 4276
-8912 6695
5197 -3514
-6075 -7586
-7632 -6660
1945 9543
-8588 -6743
8683 -4687
6920 -1750
-1681 -3643
4556 -2746
-235 6303
-7068 9012
6249 6976
3218 1524
5470 -7524
3421 208
-8485 -4059
5771 -6984
-1179 -575
-6365 8925
2163 5376
-6576 8120
6461 -1319
-9046 9068
-839 -1779
1983 1362
-51 -307
4845 -1264
50 -7796
9265 675
-8943 1521
-9465 316
-8414 5564
-2073 724
-8479 -3134
-4144 -9436
-6459 1762
-7319 -6217
-7897 3985
4268 1336
2387 -4071
319 -9856
-6224 -4281
-6389 5180
1601 5137
2537 -4059
8094 -2515
4896 8020
4927 -3923
-5915 -1964
-398 8130
-1793 4956
-1879 -4881
3464 -9661
-5499 4924
9008 -6419
6596 680
2444 -7973
-5519 2030
-4941 9305
-6127 9057
-8116 4960
-6636 -9322
-6122 4995
-9874 1017
-6029 2718
6220 4529
7816 -1166
586 6203
1771 -4873
-1781 8782
-192 -6753
9402 2228
3571 5123
9829 -4655
-4870 9396
-8336 -1701
1022 -7427
4094 6839
-6861 3257
8636 -4430
7567 4720
5751 -9312
4759 3808
4259 5437
3302 -6847
4820 -8602
-8981 -7181
-3733 -126
-9292 1371
4525 -1875
-2371 8572
-884 5959
7808 -9875
4743 -8487
4928 1478
-7900 -3708
-8462 -4977
-3469 -9825
2303 3314
-2777 -1205
2924 -2969
4163 2559
-3510 -3769
7217 -9949
-5062 4311
-6681 -4567
-5071 8801
5604 -8962
3280 1601
8534 5410
9469 5879
-3741 -7097
-6301 648
2720 2642
-8814 4370
1409 8514
-8311 3902
4806 3401
-6780 -8993
4175 1293
2531 2599
8030 1891
2748 -5252
-6720 5694
-3381 5291
-3489 6386
7592 -3555
-9710 -2057
-3564 -4383
1667 6890
-687 -7208
6647 -4934
4244 9952
-1475 -5263
-3183 2484
-1134 9908
7606 4375
6874 8673
9690 -255
9267 -9190
-1490 4375
5904 2460
8089 5314
8847 -3495
9204 4422
1792 1242
-9315 3684
1346 8999
-7205 9724
9329 -8011
-1720 -4330
4806 -2909
-3919 -5186
3233 -9116
5638 -3282
-7940 -7235
949 -9642
2503 -6178
-7202 -4482
6417 -5000
6821 -3345
-9214 2887
-2965 8389
-1086 -1278
-4041 3426
696 4031
9381 9452
7920 -9294
4068 3489
6868 2482
-7322 3572
-3997 9768
-7158 9878
5248 2668
2310 4225
4727 2120
-417 -4247
478 -1703
8284 -7275
9802 -711
-4700 -3562
-4541 307
-4562 8066
6166 1977
5145 4640
-2426 -2296
2401 -7337
1045 5579
4228 1429
6583 -9309
-3061 -8261
9705 2240
-7340 -1667
-9387 4495
1879 -6407
-7373 -5909
4314 9245
-1824 3518
5007 -3173
5825 -6524
-7305 -9207
3111 3095
-5808 5750
3250 -949
-7873 -9902
3871 5533
9831 3026
7573 -7738
-2276 4809
5501 -6329
-839 596
8953 7971
5353 -7563
1534 -6035
1462 3161
-3423 6127
4068 -5384
6959 9454
3077 -93
-3133 -3164
849 -8520
1797 -7917
1659 -1778
7128 4232
2236 3173
1591 4864
9683 -1941
-6387 -7006
-2492 -9394
-5553 2689
6436 9050
-5636 2297
477 356
4151 -5993
-4761 7329
-7914 -9423
-7152 31
7862 8438
5085 9856
2162 -2712
-9819 3052
3210 -2044
-1504 2555
-9580 6522
-9231 -4537
6659 -1587
765 5783
-4051 -227
3945 -3472
-3380 4180
-821 -2190
5821 8233
7405 4412
8731 2329
-3228 2630
7529 -1913
193 -535
-3923 5038
86 -2552
2638 -8613
4106 9561
-5101 -8878
862 -3351
6462 -7005
-5442 2793
-6951 4387
2068 4781
-1142 5671
9717 1850
-1056 -3698
2631 9091
-218 -4826
6645 -2260
-6061 2531
-6658 4872
6210 -1472
7100 -9014
-3174 -9006
6780 3602
7524 -8906
-3747 3059
6337 -7811
6841 9748
-2156 -4682
8215 3299
7764 -764
8908 -9427
-916 -3230
8939 -4585
-4663 379
2245 -2274
-1516 -6883
4158 3127
-2013 -8011
-2309 5896
-6769 -7333
7588 1267
-3335 -1110
2857 2192
3461 -6887
-3734 -3582
-2584 8722
-5393 -8691
5348 -8228
2636 -5959
-6113 2167
-5165 -480
-2137 7495
-4392 574
1309 4818
-8270 -6066
4141 5922
-48 -7744
-8783 1031
-6128 -2291
6130 -9014
-4953 5711
-1454 -8634
836 -9483
-8204 -7629
143 -883
1220 -4191
8565 2600
8490 9599
2483 -6444
-3872 -2317
-1447 -1871
6969 6911
1557 -4773
-6075 -4260
7200 1814
316 9893
4237 9299
7570 -5611
-6857 -7696
5913 -233
-8379 -6429
-7863 -7439
9317 9500
-1557 -8165
-5378 -1219
8181 755
-9721 -2278
-4093 -4902
-8819 -284
8567 2269
-5996 -9616
-9436 3212
-7245 -2739
-8886 5429
-5090 5563
-7050 1870
7813 129
-1613 9512
5430 -3930
-8532 -2336
-8848 7664
3127 -6390
512 -3551
-1302 -2742
-9964 7464
5887 1150
8871 6179
-4061 3964
-1521 -6859
-7624 -8297
-2458 3261
-4392 8679
-8677 392
6891 194
6951 -3112
7141 5650
-8450 2461
9742 -7494
-9627 5162
1234 -9797
6177 -7047
8121 8391
-943 -6561
4647 -9841
-635 7152
9159 1756
-458 -8203
-8882 3503
-5898 -3625
2915 -2172
-5055 6533
5925 8783
448 -2313
4678 7418
9826 -7750
1244 -9498
-2316 -2285
-1136 8891
4020 7566
2736 -4697
-6887 -5755
-2275 2791
-3284 -2684
-5380 5930
-8331 3048
8310 -9151
-5278 -5382
-2965 -8331
8371 -3434
-2511 -8344
1341 -9810
-121 -4775
6894 -5319
-7696 5123
-4860 9920
-1528 6129
3324 1372
7136 -5258
1072 -9608
643 3724
-3233 -7485
-4689 806
1172 1907
-3970 -3969
2401 3826
-6231 8190
-8874 -7829
-5565 2712
-4577 -6781
-4923 -7498
7344 -9825
-2097 738
2457 -6585
-9483 -1338
7175 7504
-8953 -1052
7954 3308
5475 4710
2230 -3943
5311 -1631
8617 -3506
-5668 9194
-298 3213
9389 -4857
-810 8312
-9481 7538
-773 955
7777 4983
8458 9100
5441 1204
-8428 2088
-2613 5257
-4843 2774
2859 -6468
4769 8063
-3395 -2152
-3858 3437
-8964 199
3913 8092
7349 -4261
3164 -5290
-2280 -5338
7066 3378
3708 -1668
-6164 1112
-6700 -949
5797 -1087
1065 5135
8851 -3468
-5994 -6805
-5687 -5656
-4327 6005
-4371 -8290
-3410 -6507
3184 7256
-2754 -2715
4983 -786
-8052 8257
-5702 4841
-5033 9633
5618 5696
-1088 -9246
5747 7150
-653 2585
2106 -4770
3082 2012
-606 7549
-8886 -1691
-4277 5634
-9630 5032
-4027 1956
2744 -8361
-8085 -6626
-2041 -9355
-2755 -1945
2032 -9828
94 -8120
6777 8857
4285 -7992
-9625 1437
-4948 4147
-2518 9581
1647 7188
-9784 -4000
-4523 -6943
9878 9993
8167 -6526
9546 -6954
-4919 -1296
-1233 -183
-8355 -487
6967 -5637
1372 8348
775 -945
-5129 6009
-4096 -1831
-9500 4417
-221 5612
-7387 -9954
-44 8950
1084 414
-9148 -3207
-6952 -6997
8736 -1283
7408 -8411
2024 7100
-8161 7647
4340 -6503
8922 8880
-5 388
-3399 -6849
-2877 5397
-8620 -8862
-5802 9506
-8372 -7129
168 -9372
1554 -6318
5673 -9088
-2840 -6497
6594 4692
-4567 6483
-6555 -3488
1434 -8150
1595 9925
-7208 -2005
327 -1518
-2457 4092
-7704 6677
-4197 7643
-5192 1039
-7818 7662
-1083 -8849
-2969 -186
4407 4464
1508 -9327
-6868 6643
-1412 -6665
2574 -4355
-2568 1259
-5971 -5959
4279 -6673
-8038 -8429
4213 7379
8497 6585
7943 -1771
4884 2028
-9539 7053
-1659 4776
862 -5730
-2664 4023
-1899 9559
7687 7073
-9192 7664
6935 832
6392 2000
-3540 -8921
4904 716
1159 -7002
1581 -4212
671 -6238
-9638 3284
-8088 -2053
-4291 7134
2314 -5183
-3557 -633
-297 -5382
4422 4666
3902 5876
-3662 -1596
-977 3366
9407 5707
5489 5390
-4811 -432
-7900 7183
9158 -701
3987 9562
-1985 -3941
1772 3433
-7310 -6644
176 124
4892 3210
-4621 1447
7788 -5679
-635 9636
2004 8266
4388 -6426
-5771 1815
-2054 -7693
4443 9953
7540 -1541
1827 -3561
-1164 5917
-5662 -6727
5176 5212
-5617 -5574
1808 9862
3344 8314
5733 4869
7017 7793
-7510 -11
7961 6945
5299 6418
-7818 -4900
-1577 9686
-9969 -6037
-9670 9160
5514 8734
-7181 -3362
-3085 616
3064 -771
6462 4960
-3346 1789
-7902 4371
7564 -3409
8746 6998
3565 2775
-8565 -3807
-1454 -9651
-5255 -3426
2843 5357
1682 -4758
1122 4246
6264 -5050
-8239 -496
5285 -8307
-6559 4239
9988 -8789
7900 -8358
-8754 -5739
8712 5331
9147 -1600
3753 8857
2195 8413
-7111 -5160
8191 4841
2388 5832
9072 -4276
116 -5786
-153 -4429
5064 8333
1118 -2273
-3154 -3288
4852 6798
-9132 917
9198 -6495
4551 -1898
-6104 -1454
2147 6856
-4231 2789
-5304 3117
3485 -5996
261 -4729
-5366 7403
8429 -6769
-6364 4359
-8215 7920
5235 -178
-2176 -7400
-8130 9602
-3736 6708
9103 -9724
4912 7020
-1404 -5706
6160 6089
-7130 4780
-2627 2061
-2771 -5863
551 9917
7237 -5466
1325 4764
1182 -9760
-3598 6036
-6222 1321
7502 6854
7365 6237
-1166 -7594
2586 -7835
5822 90
9601 -6685
9737 8206
8184 -8137
-6622 -2503
-6665 8198
-8301 5941
3236 -9267
-6316 3297
-7414 7478
-840 -101
-9404 -4990
6496 8521
5646 7855
-9793 -8675
-6895 -3464
5627 1291
-8370 8785
-6076 4511
-1415 -9205
3791 -792
6684 2811
-2161 1207
2480 1680
257 9541
2522 -7586
747 2177
3908 -3487
8227 2462
3401 -891
-1366 -4909
-6530 -4196
8740 -2090
4902 -8794
-3158 1661
-5106 5499
-7038 -5684
-1869 -4073
3947 -4878
1965 8776
4817 8446
-321 -9757
-3178 -1455
2429 -4725
963 4672
2813 -391
-6926 -1583
-7477 -7135
116 5676
3088 -3886
3039 2563
3778 5781
-4467 -392
9145 -8497
-1214 7235
-6533 3865
7309 -7380
-7761 6480
-3869 6023
2484 -1321
-8169 -8988
1236 6641
-440 -9408
6562 9339
-3072 8686
-6302 2016
