3805
1 330
1 223
1 369
3 8
3 369
5 404
1 38
7 130
1 66
9 263
1 205
6 62
10 144
7 30
12 161
4 262
3 457
14 142
16 27
16 296
14 30
4 348
10 394
12 69
3 461
21 36
19 375
13 454
8 426
2 435
4 346
5 484
16 375
13 220
31 251
15 129
30 453
19 196
33 360
27 76
7 413
39 348
18 432
10 181
12 378
12 129
37 440
6 466
28 169
6 209
19 380
21 326
51 284
18 66
14 324
13 138
21 362
47 129
18 336
11 497
56 382
47 61
44 253
36 168
46 341
32 2
37 497
26 429
30 136
38 41
54 366
67 375
48 83
13 330
28 14
25 215
51 241
26 497
75 408
48 43
40 49
6 360
68 492
16 170
79 63
34 51
49 283
38 439
69 189
53 24
24 66
87 230
89 353
55 269
73 250
24 36
62 18
93 463
33 205
26 497
72 273
53 161
7 280
51 209
102 404
94 327
71 101
55 108
24 489
14 241
92 325
5 236
40 38
83 17
112 481
94 132
8 307
60 459
12 198
92 195
10 173
31 73
112 419
8 404
39 216
68 75
106 184
96 267
4 22
106 484
100 133
103 54
2 483
126 348
10 405
113 384
5 173
117 339
124 205
37 3
129 169
11 117
60 195
141 267
49 404
25 79
33 309
103 129
5 4
119 235
62 291
15 384
27 164
89 495
81 369
79 177
64 177
99 83
15 500
21 16
81 297
25 205
75 37
115 103
64 3
164 432
29 244
106 319
33 77
97 492
18 49
56 17
91 345
160 145
7 414
93 113
86 370
66 466
57 231
141 364
134 452
85 53
154 155
183 305
68 437
62 422
164 201
107 453
162 336
105 495
120 163
39 10
36 321
171 42
144 158
57 22
30 244
89 195
173 199
159 104
175 38
179 233
19 13
137 179
187 35
97 245
190 292
190 169
69 162
17 112
120 189
64 3
208 305
180 286
212 257
200 4
51 115
45 479
204 379
138 161
83 347
59 346
51 215
183 212
179 81
172 44
16 408
107 497
78 120
172 427
86 288
163 14
142 178
188 313
166 148
40 382
153 84
202 135
26 231
236 89
165 142
66 50
237 435
176 331
64 211
101 371
175 3
165 130
247 5
17 6
244 257
179 27
91 24
191 12
126 169
44 193
23 191
140 101
186 150
73 245
101 395
18 229
123 252
46 88
43 236
164 290
137 2
71 146
110 404
47 441
211 418
106 30
247 487
131 367
173 435
100 297
201 413
78 181
228 101
147 414
250 306
211 367
281 354
80 7
275 178
92 341
216 329
252 212
213 495
204 219
36 266
114 90
156 364
2 393
289 258
34 363
84 145
82 162
183 245
139 108
79 414
156 111
179 264
238 420
165 293
92 101
204 474
235 421
17 60
79 104
99 407
151 452
217 478
243 395
206 70
233 442
282 426
186 237
112 332
215 75
140 488
239 232
319 274
241 111
157 201
70 230
29 39
116 75
9 444
227 404
275 304
141 78
254 22
213 113
319 145
133 163
295 98
335 487
292 81
117 357
133 125
264 31
268 239
266 356
259 42
240 28
47 376
272 409
347 461
140 131
133 380
277 497
243 39
195 349
218 82
276 284
117 494
329 119
335 14
171 397
93 222
121 500
276 75
227 313
58 168
349 353
136 55
47 187
15 246
152 182
49 465
68 43
52 205
126 232
197 417
253 99
34 431
292 377
351 430
178 495
158 193
301 463
100 202
227 483
116 428
330 400
94 439
35 406
183 478
109 132
275 405
290 419
87 354
58 354
209 435
213 438
302 218
279 239
10 376
28 413
61 17
89 259
208 190
381 99
98 467
204 151
346 280
318 93
303 183
295 452
275 268
6 393
43 322
43 342
368 463
78 288
144 435
192 450
265 18
69 328
368 434
311 407
40 336
104 153
36 227
310 267
323 299
148 147
411 310
102 452
349 76
126 216
81 2
419 471
83 305
21 475
386 81
291 372
277 176
397 72
289 106
263 332
270 453
360 256
317 480
311 35
168 305
337 446
218 456
328 98
178 413
437 406
171 158
370 463
439 111
371 286
370 347
320 471
209 207
2 127
403 500
178 466
451 76
13 372
358 294
388 228
161 352
149 258
354 398
354 237
100 261
117 429
293 101
227 91
34 466
175 163
421 151
120 300
39 412
250 116
2 337
437 166
356 453
204 431
194 104
359 157
460 366
32 32
382 212
131 296
484 141
204 130
237 67
280 93
99 425
484 135
184 259
401 488
494 436
470 286
100 353
339 308
275 419
284 184
467 385
255 201
427 407
233 25
47 332
488 437
211 145
121 39
456 20
277 230
158 71
276 215
424 332
457 411
157 352
40 56
255 269
267 9
511 455
13 395
417 379
233 259
501 291
393 114
81 276
245 320
344 270
167 82
1 396
100 274
287 310
185 274
63 16
164 452
290 282
389 159
488 14
77 493
338 92
362 483
192 321
320 500
2 75
308 262
63 137
384 458
308 280
314 275
27 381
170 135
500 304
361 195
536 7
73 76
311 56
519 75
536 435
446 403
278 46
499 415
508 198
492 360
552 459
408 43
480 442
309 376
248 301
114 421
27 313
109 22
394 414
424 483
472 62
243 452
333 177
109 195
312 437
427 47
43 250
203 3
186 432
68 436
270 121
172 352
239 475
349 431
571 480
309 496
194 416
312 160
129 23
393 423
595 289
331 166
419 79
54 136
282 170
493 324
594 267
517 461
72 401
308 430
473 398
292 347
243 434
219 56
565 199
80 64
416 154
423 442
536 254
290 454
6 84
287 46
224 141
73 389
606 210
159 55
377 305
484 289
479 340
79 401
550 481
157 119
573 69
294 372
21 255
510 335
123 355
573 28
483 417
424 194
401 351
461 235
34 499
596 419
435 75
280 383
518 33
506 496
248 108
154 456
567 143
554 88
502 144
561 181
287 131
44 422
449 380
426 257
137 133
573 470
355 114
91 247
388 424
626 194
569 360
107 201
468 377
42 342
247 57
526 145
500 6
552 1
321 372
591 41
113 150
10 387
132 374
534 129
147 392
110 108
328 322
591 460
253 170
209 471
664 298
469 123
241 2
220 270
57 232
501 330
333 21
460 156
447 316
560 180
218 149
276 193
680 384
106 187
132 342
620 77
486 155
14 306
111 281
60 56
552 343
286 493
422 81
270 213
344 494
145 429
418 318
244 500
309 67
500 419
550 323
486 325
385 255
37 26
393 459
377 449
119 296
369 307
269 440
274 389
703 353
320 66
52 291
238 409
397 246
194 115
32 17
357 69
437 486
361 31
597 452
401 317
495 9
670 330
679 375
17 446
320 320
411 139
508 281
406 312
714 270
41 20
523 162
117 375
319 291
225 83
710 183
717 432
730 59
683 246
190 15
108 409
74 117
212 54
365 100
449 66
160 54
686 222
629 194
498 236
539 277
454 148
99 340
712 243
35 460
725 288
676 436
399 48
11 49
547 192
156 314
65 61
715 192
114 388
412 102
711 281
205 2
711 140
109 162
521 239
142 44
732 131
727 280
650 175
312 459
619 1
522 310
197 466
384 98
530 211
529 257
270 102
643 332
396 172
745 185
668 452
661 343
774 107
135 111
205 79
248 117
137 223
650 455
56 135
160 402
761 112
730 162
344 393
807 80
160 203
368 88
281 41
581 41
453 405
763 38
318 343
193 196
441 457
87 124
779 359
492 323
321 448
83 7
434 10
523 70
410 99
389 102
275 172
490 460
113 72
733 347
376 110
665 17
530 219
651 52
690 390
173 207
787 254
744 352
807 3
75 278
394 129
568 311
106 466
735 478
839 217
262 451
332 409
351 175
203 429
660 78
630 114
624 204
483 263
537 342
381 3
53 88
360 59
235 435
742 311
89 183
206 192
706 26
353 383
387 82
177 65
603 100
473 130
13 1
478 92
537 73
321 237
835 46
801 67
489 473
870 88
295 116
307 195
526 360
634 244
477 140
858 67
236 465
864 49
689 295
778 361
41 354
302 163
110 474
49 56
868 81
243 481
419 319
862 487
690 72
129 248
105 142
204 131
780 459
514 300
883 442
36 420
595 303
846 376
320 51
302 197
317 368
536 242
79 499
192 67
762 83
553 222
1 351
536 462
318 72
72 134
539 167
406 277
483 394
169 92
711 44
503 101
688 224
347 127
390 457
333 126
621 183
717 252
489 167
717 12
798 30
299 127
290 442
212 337
432 128
502 433
130 207
818 285
916 299
872 67
225 460
322 248
884 375
121 402
29 296
859 183
14 77
279 125
139 304
242 377
506 1
507 170
591 139
587 17
186 264
749 322
447 154
551 275
938 78
746 150
830 183
252 251
673 339
333 153
562 486
132 438
265 173
501 301
518 438
848 352
560 453
135 10
825 239
790 145
725 2
159 153
547 395
169 253
71 350
946 161
428 327
888 8
948 102
725 48
125 405
557 269
120 147
256 1
638 254
392 337
109 395
842 187
633 325
698 225
843 405
863 491
535 345
943 145
19 228
617 149
574 407
84 107
381 291
937 34
79 418
240 319
97 278
388 353
993 145
420 326
296 303
935 354
206 75
992 110
930 288
520 123
848 446
537 364
498 200
733 301
884 90
834 143
726 140
689 179
217 103
245 276
258 258
424 419
203 180
617 140
135 427
104 184
598 408
859 122
959 42
868 272
538 158
898 68
693 261
791 178
15 445
747 288
433 197
934 48
624 80
898 174
590 443
774 92
110 487
47 111
170 423
997 262
707 265
655 317
745 118
192 359
856 284
725 118
315 303
419 19
758 312
299 495
784 35
145 414
381 447
275 83
119 49
555 399
826 453
156 3
473 94
213 381
536 243
133 359
255 131
1056 86
559 249
929 171
162 54
1034 373
1043 393
961 195
564 453
590 494
686 62
246 345
10 284
603 450
567 455
860 413
488 301
263 341
461 377
377 154
891 76
40 480
35 274
927 194
187 397
450 465
576 235
202 3
147 481
89 402
500 278
809 434
515 122
1040 64
936 345
214 66
191 105
127 268
471 444
569 234
1092 267
748 48
168 230
666 170
921 97
757 287
233 368
664 259
739 327
147 361
1075 489
1033 24
220 424
631 366
207 281
188 471
1119 415
480 289
427 288
1040 72
220 303
21 49
297 106
960 222
400 379
12 439
618 451
685 402
285 204
656 184
453 403
470 179
1028 444
1114 296
1100 77
679 280
726 149
17 128
1078 121
89 66
1047 389
1043 139
995 146
642 486
951 142
1003 93
8 354
1085 469
87 166
813 340
632 215
383 439
165 330
561 447
1131 144
243 48
688 212
102 86
684 384
1037 253
845 71
25 397
522 20
171 347
766 219
1016 35
37 226
246 125
655 353
374 9
634 364
83 321
750 276
604 270
312 246
579 346
218 361
418 410
767 155
507 33
530 294
1109 352
848 332
876 222
140 93
138 213
880 425
1074 229
725 260
525 158
1102 332
337 101
744 56
595 104
949 81
654 424
848 33
891 392
566 250
109 43
83 163
538 280
837 491
1119 19
492 399
1078 203
759 403
446 80
494 422
1086 10
753 422
1152 159
406 181
934 145
238 164
1095 176
184 113
602 158
906 292
297 306
480 15
547 476
164 75
1110 75
281 155
427 332
541 287
847 264
162 351
336 302
1138 253
1183 5
663 9
1182 215
261 389
646 380
1197 487
748 156
1152 274
1185 482
502 169
292 175
1247 79
617 171
1254 158
936 15
1181 482
900 127
555 229
523 111
580 245
1077 62
621 66
1103 445
912 427
1091 216
1164 217
705 382
697 327
574 87
1224 45
577 344
435 393
671 159
927 278
150 253
1250 290
186 340
52 351
364 151
1187 345
233 288
1147 290
345 47
1054 205
1099 453
104 284
114 364
185 331
242 272
978 76
426 474
543 419
966 107
401 224
1207 37
1223 398
196 207
775 459
938 286
1298 82
1056 176
291 368
353 237
711 418
1153 483
913 287
10 412
373 10
1156 276
941 313
938 91
905 16
897 157
936 44
596 108
961 54
813 198
736 303
488 173
854 339
932 93
793 304
565 288
93 381
271 213
1103 316
876 77
351 316
325 332
317 401
640 116
1325 465
1134 277
346 30
956 390
622 479
28 102
764 439
96 5
662 215
808 394
520 266
534 375
856 353
1214 402
190 272
58 330
781 272
1101 161
733 401
1314 385
100 74
484 396
921 168
1189 111
500 98
854 382
774 480
1071 320
513 458
994 437
311 398
447 400
938 221
394 86
34 5
418 243
538 392
55 486
1280 24
1205 29
267 125
763 229
217 391
793 203
564 130
61 304
159 471
730 14
121 317
1010 487
569 299
1287 307
21 335
303 240
593 105
1071 371
1017 330
954 375
409 4
320 113
1106 456
176 123
594 7
744 450
320 426
923 119
1325 2
23 262
982 442
921 284
1026 388
836 128
106 323
898 327
852 395
1273 391
746 233
500 475
494 144
1070 469
1011 84
748 215
708 141
1216 37
1316 262
451 331
761 79
891 393
466 471
399 51
649 140
876 343
197 16
1245 228
789 442
915 441
1426 434
325 347
399 216
1420 448
235 170
1416 317
889 35
997 238
1034 352
987 28
1016 420
88 45
1303 182
925 214
191 249
1215 255
956 254
551 453
1418 154
1064 291
81 497
347 413
619 161
887 345
1429 315
861 192
1339 209
1219 289
1331 31
1275 416
338 58
1241 40
602 394
1361 221
1207 4
1029 175
715 244
242 316
1301 383
992 43
277 228
119 114
899 429
828 435
1055 352
316 121
1042 236
614 438
805 62
609 268
313 423
127 33
789 91
1215 462
1174 276
958 288
1330 328
1210 449
1091 348
1490 467
72 251
40 217
431 101
666 345
808 59
1283 8
1100 64
1249 368
355 388
387 466
815 375
679 201
31 286
910 277
686 370
701 94
923 52
179 479
427 472
628 50
640 44
296 15
1339 2
1328 391
1351 324
1336 9
1375 1
767 145
758 366
820 227
1043 14
1501 11
1339 260
785 229
556 445
408 52
93 21
467 213
1202 133
486 411
556 377
695 71
608 112
240 330
889 86
1220 146
484 421
1073 217
1052 181
1158 210
190 231
1283 107
1316 276
1304 287
484 50
37 94
248 263
1299 143
1342 166
1171 222
1303 52
603 226
998 179
76 236
590 246
714 132
599 490
1489 100
158 451
768 392
637 442
677 487
244 304
1001 398
735 212
240 420
1553 9
942 371
1163 244
810 500
258 124
1217 260
347 360
234 16
1191 485
355 137
921 141
524 336
963 215
578 287
754 112
1197 286
783 377
1169 158
1015 39
738 112
831 212
1036 57
583 295
139 334
1272 150
916 23
1414 491
906 466
946 340
106 54
428 222
904 200
480 211
1473 68
538 272
840 290
857 46
900 182
386 351
869 76
686 131
767 304
293 354
24 72
371 432
499 120
884 50
1459 194
1236 354
539 190
1153 217
303 340
958 200
1040 285
909 33
1476 491
1023 188
1454 346
340 430
564 91
1435 164
394 184
717 4
545 162
786 422
340 111
577 15
880 224
1574 416
186 106
1080 328
620 61
381 158
679 485
8 95
1247 492
1622 465
470 194
1211 36
57 497
288 184
518 181
1500 135
1462 432
584 30
1160 468
512 321
964 349
1653 326
441 287
1549 110
26 302
1013 35
623 113
1094 131
1109 450
1659 430
1031 413
1021 178
1203 196
95 389
115 201
1223 72
619 204
1294 40
877 130
1503 105
1069 31
442 310
1264 393
1209 436
403 238
765 477
581 164
1611 466
1509 461
1012 260
749 28
448 401
1445 57
320 32
524 499
788 122
440 325
147 315
186 231
307 327
138 487
1121 246
664 378
1508 438
673 489
609 152
933 24
661 140
524 409
999 101
26 146
1090 34
492 90
594 12
366 482
772 485
601 498
311 48
511 342
980 60
941 476
1154 342
946 357
1426 405
1227 252
918 406
592 79
813 92
1426 455
746 318
1301 287
510 17
342 338
607 358
531 411
1009 490
1135 403
81 26
856 310
814 484
718 296
1234 61
738 59
1623 470
27 252
1530 458
845 420
183 412
742 76
441 223
268 317
490 323
1481 313
1638 170
1575 82
1022 172
16 435
73 85
1208 287
1471 375
1754 7
877 467
150 472
117 262
1352 345
1401 410
1010 196
1346 98
1473 12
671 188
55 205
1110 107
48 109
840 422
551 62
645 203
1147 406
668 416
803 414
943 320
604 322
850 271
420 92
1350 247
1289 257
1764 496
208 162
910 394
498 108
787 164
658 13
1338 320
1062 162
1641 456
1425 417
777 77
121 118
1567 401
18 131
104 457
562 84
1669 131
1489 69
922 211
386 370
469 214
1486 432
626 148
1046 191
1530 247
1335 406
257 393
1769 249
1650 219
1567 74
37 75
1098 277
522 253
711 344
1619 471
1119 58
919 23
514 436
39 187
327 203
1082 352
1715 91
349 372
1796 412
1271 287
895 229
1588 284
386 148
701 95
414 81
896 33
1498 387
1165 301
1657 86
1289 16
865 136
699 107
553 366
1797 150
121 216
1008 348
1600 150
392 159
148 476
182 5
1078 383
1586 255
1363 495
1166 444
998 121
642 473
833 42
999 337
799 388
1533 416
921 484
522 476
486 9
1183 425
1162 171
1642 380
1710 326
1289 172
938 461
765 121
1515 127
40 105
299 253
1612 212
122 186
1626 1
28 227
449 95
1026 356
99 206
411 470
1700 205
873 57
560 292
1513 426
689 243
1465 384
537 480
892 159
617 270
1515 79
1805 475
280 430
1378 457
861 319
1093 450
146 188
1076 286
788 297
1167 388
365 124
1137 258
1627 409
1788 11
673 220
1065 395
1877 157
1838 106
1697 243
622 193
1067 160
1199 41
263 283
1376 50
1225 245
349 468
1807 199
1667 332
483 458
692 72
1242 117
1047 268
1378 419
1270 188
874 28
1562 157
519 288
317 264
312 55
1612 381
1899 500
1721 190
1683 109
231 205
1702 366
363 253
541 295
1929 95
328 340
1513 87
1080 348
1687 216
1296 293
1170 77
184 127
1841 34
1185 289
159 155
1828 349
524 271
567 203
1291 255
352 126
480 37
1881 329
41 320
478 52
49 115
1418 177
421 161
1393 384
8 436
1672 470
1833 495
582 144
935 303
1112 128
801 384
1651 317
414 215
1401 162
1592 345
745 52
1499 118
1380 187
859 48
1438 207
1034 438
600 113
597 148
434 366
1148 349
278 489
1387 382
1022 265
1444 499
394 210
1548 167
1467 429
1983 328
258 258
49 52
1725 207
17 400
1681 477
1232 277
1810 436
1773 336
200 500
817 26
1201 417
95 173
1575 279
1987 150
134 469
1180 178
813 203
843 451
1987 258
8 30
893 424
1396 29
279 193
648 200
1660 171
463 371
1846 307
890 475
1777 473
86 362
130 334
780 430
950 452
740 157
1463 87
1631 426
1535 241
1250 287
622 250
1454 65
328 60
689 1
1152 312
1887 259
770 82
1715 248
64 145
1506 16
413 120
1711 191
247 497
765 204
1665 463
1036 369
1777 180
1722 295
1967 424
1382 376
1109 161
1762 186
1068 9
965 7
86 320
697 76
2035 124
1903 479
39 418
1933 33
145 210
1552 320
1998 3
567 340
1854 203
239 347
1464 421
1816 327
235 14
1218 178
897 414
1932 130
383 406
952 173
1010 262
1726 85
19 13
1612 296
1753 317
350 224
1529 342
524 392
874 90
1410 229
111 462
1705 65
906 267
1505 143
828 5
1075 102
154 123
1609 271
859 293
1194 445
2025 336
666 50
1598 464
1240 95
31 151
1538 125
700 263
1240 378
668 356
1390 164
480 471
873 49
1568 17
539 441
12 93
336 290
1771 344
1256 360
363 293
407 152
2091 478
604 86
764 406
1468 348
277 323
1761 409
2000 448
555 301
1274 80
1846 20
2073 394
778 478
828 290
1512 436
1078 247
1676 203
389 73
1387 321
257 394
279 384
2075 63
364 350
729 288
221 464
1741 377
806 304
141 26
1904 489
472 154
2051 379
1039 454
732 91
1720 420
988 456
281 372
1473 137
1334 215
932 252
153 237
26 292
184 56
1054 500
1902 201
1828 101
2054 178
350 328
1541 301
2012 205
478 253
1175 111
364 436
1443 159
705 388
1636 408
539 205
494 197
1391 89
515 438
573 219
1384 423
1422 212
1207 462
396 436
2112 348
740 411
860 369
1901 176
2109 496
1582 63
982 442
891 361
465 406
2166 324
1776 276
1316 50
1327 276
1143 20
1189 20
1661 475
2182 56
1067 161
1008 393
319 360
1988 298
917 440
1770 157
669 93
344 195
2067 5
791 296
879 111
1657 41
1663 121
1960 224
629 240
357 301
2070 377
801 382
2013 260
1995 422
839 272
1047 145
68 125
2082 223
2092 275
1392 2
222 134
2083 104
1955 442
498 431
1305 290
1472 244
1608 487
401 105
1279 475
1735 391
707 454
314 72
1730 462
1254 343
772 21
1744 163
1620 185
1862 316
1632 473
635 297
1850 100
440 461
324 407
2201 453
301 23
1375 471
32 191
394 16
1990 110
28 95
1236 304
885 34
1515 52
1012 155
2051 123
1703 208
1243 192
2240 383
2227 153
646 460
890 316
2030 46
147 231
1956 138
1568 97
21 177
562 260
1584 196
1872 227
262 139
388 377
2228 236
2157 53
590 313
2163 102
896 56
2127 450
601 287
1457 181
1386 192
814 40
2139 208
1419 489
2182 475
1089 152
1435 193
2127 288
858 486
301 293
2043 97
1850 75
609 161
2044 152
1102 264
1703 400
1990 97
643 437
1297 442
21 179
671 303
1164 266
999 138
1168 73
1187 60
1307 21
508 181
1451 441
2205 230
1839 428
2084 101
1535 478
1201 355
991 240
2049 127
296 395
367 191
2111 264
29 352
184 33
333 191
1048 208
807 251
154 263
1818 90
1702 304
787 414
1849 107
289 117
1386 200
1042 345
1600 140
139 155
1803 354
1375 435
1094 239
1173 471
2203 477
925 380
1027 207
1181 105
1151 175
1948 23
2157 199
1700 158
826 3
1179 204
1843 276
867 199
76 494
2309 346
2017 257
1589 191
2126 11
2029 31
2168 12
439 44
1767 270
476 473
626 171
768 446
373 19
963 41
381 431
1127 333
1994 36
717 198
130 451
1527 83
1099 78
2112 488
1802 67
416 110
544 399
235 395
148 344
1873 219
1964 325
337 5
2309 194
1714 456
2337 357
1334 493
280 207
1958 401
1259 383
2284 74
47 365
2208 424
1825 241
687 339
1254 271
2153 458
765 296
1931 170
1774 39
735 281
1521 163
286 324
1676 374
1573 198
488 260
1414 4
1401 3
1475 215
1933 194
365 230
1571 323
2111 295
2099 132
1356 226
962 226
424 210
981 134
1170 31
2242 457
870 77
2257 281
2348 214
108 451
1237 227
211 55
2010 373
170 253
2072 82
753 491
1304 193
1913 59
696 206
2324 383
311 287
1233 42
2262 322
666 201
1572 307
1574 341
1128 338
1929 442
755 340
2184 255
186 92
1623 462
595 348
2376 107
79 208
1328 318
145 21
1675 246
1201 436
116 84
998 186
2284 102
1298 79
1985 431
2403 297
1919 277
1065 152
2244 1
1883 48
1811 253
1651 73
1407 197
580 215
1198 60
543 84
1783 453
647 230
1068 47
1083 44
1666 173
263 285
1971 438
1711 30
538 290
575 253
2111 495
2410 220
1576 52
2385 165
1241 453
1701 29
837 293
910 492
2228 361
2308 212
2038 395
2406 386
1031 336
798 362
1382 137
2433 494
1609 35
1049 108
140 354
423 139
353 446
532 383
1094 245
732 32
30 118
1488 363
877 274
2236 405
632 418
1370 356
2282 161
2345 476
1091 171
449 334
741 309
2142 266
2150 466
1136 123
2034 362
1655 450
1002 330
1259 491
1066 5
966 325
1708 61
1394 367
1292 309
784 412
221 431
2229 407
91 288
383 129
1212 3
2207 453
878 486
1743 189
1478 300
2273 208
1628 78
1864 325
1442 98
645 31
1633 244
204 161
2384 359
445 160
624 291
676 289
1746 345
810 337
1022 482
1623 194
602 273
556 239
2222 197
1820 465
2530 337
818 108
1663 297
1659 196
2113 70
2241 233
691 338
1751 151
2504 320
590 438
2100 497
1458 197
2553 483
1700 456
1637 399
2138 272
2498 285
1356 127
665 286
1367 169
703 90
213 220
1191 168
2032 41
327 170
1731 2
882 213
808 16
940 412
906 262
2274 340
1813 47
309 111
694 55
709 55
990 466
1383 51
543 336
654 16
153 497
1508 287
2180 35
1598 433
1661 479
848 208
592 158
1503 255
421 186
6 465
1204 103
148 234
567 83
1818 489
164 143
1162 186
1300 362
1873 206
2057 86
2071 181
1451 325
2574 205
69 307
564 403
414 406
2186 332
1325 312
327 342
952 212
1954 167
410 355
14 64
1604 59
763 445
465 404
456 125
2110 342
1641 29
583 446
245 217
2158 360
106 170
1151 104
1827 219
817 492
892 233
347 301
573 422
1993 224
541 367
361 315
1608 221
2375 9
1317 294
2345 38
975 435
387 172
1905 441
576 29
2393 473
1406 30
2586 396
2152 388
2137 351
1973 34
2253 418
2175 82
1614 132
1257 84
1817 151
1256 288
669 54
2370 187
1663 63
1758 311
790 245
2069 258
1153 310
2485 135
519 98
300 190
2121 297
2264 323
729 67
2150 39
2306 305
2596 50
2534 51
540 237
515 340
694 435
2470 18
1989 129
1761 483
1982 168
1299 109
2536 311
1016 9
1500 217
1949 403
1121 359
882 352
1137 4
167 55
162 423
1883 408
1172 341
218 222
985 268
2546 181
155 231
2321 36
369 221
197 440
1960 303
1611 345
2631 316
1860 87
1218 27
764 377
2039 29
582 478
2273 52
1167 332
1824 19
1066 382
301 330
2161 54
704 22
1004 247
2211 418
1669 36
1131 17
495 163
1798 134
1285 57
1649 33
754 477
725 71
1321 408
226 435
2313 130
1830 392
2298 21
1931 236
123 93
2472 23
832 364
671 362
1253 253
1344 150
2178 78
498 49
2604 496
1707 144
2285 235
1718 162
2004 446
2654 295
1666 296
2058 168
1602 106
813 460
130 139
662 204
706 405
1360 61
1510 190
520 273
1319 145
1131 490
786 444
2599 272
1933 355
2250 142
2596 193
1691 282
597 79
1298 322
1281 234
81 123
598 162
840 428
2366 489
638 49
2089 207
2733 401
803 310
889 462
326 248
1954 261
1330 142
2752 298
2251 30
2154 301
221 110
1399 347
140 317
1131 468
725 216
140 407
2572 206
1574 316
2249 29
1103 477
2403 343
1228 267
1112 104
2581 219
941 79
338 134
171 218
1411 455
1679 209
1902 305
442 109
2289 458
1061 150
1358 189
1109 110
380 462
1270 454
2291 198
363 420
1037 128
828 321
915 157
612 489
1137 481
1233 280
2319 239
1716 65
2445 68
35 483
1840 264
455 166
1496 35
1055 370
1282 364
895 369
1389 80
2254 493
2149 179
386 238
83 275
2665 347
827 246
214 381
1805 342
189 171
2175 153
2170 482
975 35
31 124
727 213
1775 327
47 254
1146 406
2793 239
2719 101
885 398
1164 450
995 122
383 186
728 368
2698 129
764 92
2613 378
2113 347
145 270
411 407
348 475
2686 102
110 398
1205 434
2535 22
32 74
2596 290
1107 337
2493 298
1617 295
2179 336
403 121
622 412
2391 440
2434 243
42 349
1706 127
44 89
578 10
618 243
310 332
1364 228
2515 87
525 127
1645 368
1766 203
808 461
453 8
1392 379
59 431
123 43
1455 99
1173 219
2415 472
569 246
1446 342
2626 252
520 185
417 427
35 286
2047 298
2273 172
2710 401
2168 461
496 12
1420 221
1322 327
2148 267
969 363
658 317
1789 247
1296 371
2869 437
2643 324
2176 167
12 27
1065 326
998 168
2360 31
1424 343
714 124
1553 159
2375 11
1210 447
1207 299
1833 383
1511 498
2645 193
2171 34
2834 309
88 27
2241 410
987 477
904 400
2165 173
2123 412
1952 310
2654 430
2646 100
2898 251
2892 430
1482 410
426 401
2383 162
1860 147
1054 383
669 224
1243 196
1789 229
1486 488
929 299
1831 441
2544 211
453 223
2931 310
859 244
1323 382
1332 483
294 125
1271 220
1949 283
2770 40
1187 490
2855 152
2186 264
1274 380
204 374
1434 448
311 24
2553 69
2350 303
1179 149
1595 61
2948 160
2358 380
852 41
2608 357
287 314
2776 345
119 89
1622 470
993 411
1658 87
2044 172
2528 348
1292 318
823 450
1847 202
420 163
1845 30
2613 392
1584 456
447 466
2307 311
505 341
2005 198
1619 154
2504 280
1585 282
471 432
901 186
394 83
2562 440
449 125
2893 8
440 121
357 444
2385 481
858 448
2682 213
2221 395
2925 135
2213 285
2701 21
2597 421
555 195
1664 345
1970 389
791 194
2637 402
2481 468
203 154
2121 246
2770 332
484 155
641 309
2776 425
2523 204
1638 71
2229 96
2434 21
462 59
3019 38
860 383
1322 22
219 203
3025 482
1137 436
1607 221
2238 439
2389 312
1585 106
1810 374
2534 30
2051 299
2546 92
1564 359
2294 335
1659 389
2796 219
306 52
2511 19
2620 49
2740 370
2546 136
1461 317
1972 4
2020 494
943 69
1620 494
2226 497
1280 376
2196 203
1919 81
1199 68
2709 210
1689 84
1934 135
53 403
2200 410
2805 130
2061 258
958 351
175 361
1793 431
1996 420
3055 402
421 235
249 280
2093 70
1218 336
2511 355
1711 486
2702 52
2402 473
2694 482
2740 404
1056 262
1236 143
2054 35
302 362
1502 165
168 473
1721 411
837 2
2453 61
2137 358
222 121
1787 397
111 287
185 3
2808 43
827 388
2028 96
75 303
2668 102
1754 392
534 60
2379 90
2795 172
2519 362
1459 62
2318 42
2230 204
562 338
2514 197
2115 313
1639 478
1429 419
1498 333
2614 422
2340 276
1933 114
388 286
2796 405
1405 384
819 17
2401 389
2034 101
710 349
368 236
200 329
2581 175
1291 467
1632 150
1999 95
568 313
2745 246
845 400
1851 108
122 260
1056 3
620 330
3110 224
1216 349
2966 170
3103 137
2966 256
1246 226
834 258
86 196
1979 135
1315 394
2239 204
739 361
2435 347
1299 281
2399 282
2310 54
1779 21
1372 170
2529 188
226 115
2464 68
119 20
425 398
1933 218
1388 372
2029 468
657 299
1748 495
1777 241
429 192
2042 4
1602 17
2869 166
311 214
1584 424
3153 374
2154 212
1107 344
671 247
1289 366
2121 389
2014 464
2801 338
2198 146
2479 324
744 305
2584 298
1935 231
1856 133
2648 277
3044 329
2737 447
2881 111
796 347
2576 272
568 249
189 134
3017 121
1353 55
368 466
2419 425
1535 377
958 345
2689 226
3096 214
572 383
348 300
1319 138
2333 62
2788 159
252 208
1982 460
2727 335
1628 197
363 247
532 403
341 70
1779 395
470 359
686 384
163 412
3084 251
282 458
1355 126
247 11
583 381
1342 449
2508 391
518 141
407 410
1293 153
2954 475
630 26
525 106
1001 151
515 335
1844 169
3139 221
865 47
2390 332
2128 161
2406 77
1257 62
933 289
1659 15
2814 229
1197 258
399 29
809 237
2116 62
285 246
216 361
2687 23
2487 147
1430 261
1657 247
210 232
2116 27
935 420
2818 165
2640 19
2639 457
2148 481
2716 402
52 410
1022 318
2415 219
1959 448
2782 206
2292 20
687 241
573 322
1793 264
3260 457
1964 99
182 458
383 60
2946 111
574 22
620 66
2705 201
978 475
3059 84
1764 355
1341 216
2099 304
2207 127
1876 312
2649 104
232 357
2514 427
2451 19
2315 45
1858 234
1126 384
1173 176
1699 343
1686 131
762 223
2484 17
2305 165
46 117
1989 248
997 372
1092 301
1557 324
2088 386
1801 214
957 313
2838 219
3106 311
3226 204
1892 168
558 118
474 220
1697 40
1801 194
830 223
2811 395
1678 191
1736 296
16 288
1356 446
2371 373
3217 203
2577 56
409 64
316 147
68 114
3143 390
3058 182
801 479
478 347
439 403
332 407
2307 128
242 343
2670 109
1939 446
993 307
2294 334
1979 491
2527 409
2175 3
3083 381
390 495
2783 104
1127 345
300 454
254 302
2849 277
475 294
2567 59
3334 238
1796 175
2857 256
2349 385
1531 220
3148 208
765 115
1150 52
2029 116
1258 270
2960 407
1703 159
1138 486
2975 401
1073 476
729 253
1628 395
1290 269
302 163
323 424
2 485
645 247
1702 20
3190 105
85 386
2101 214
1834 162
1207 320
1639 411
2998 15
1811 267
1211 399
2277 185
1623 46
2157 497
3101 497
3054 273
679 360
3338 323
1295 89
2162 421
362 386
1009 169
1585 22
1655 26
2899 77
2266 495
704 268
3197 468
2670 384
1871 206
1056 201
1960 156
3128 420
2040 226
2489 112
1572 316
3105 101
674 86
2967 34
2894 291
345 71
1690 162
2100 330
1993 212
2250 196
1783 295
604 128
1817 438
1759 17
287 85
2953 307
1514 71
2570 357
2488 166
3109 169
877 462
1154 79
3023 62
3356 489
2696 126
1920 302
685 482
2934 496
2505 443
2635 284
1909 205
2702 19
2785 256
2981 61
2826 160
839 45
1523 81
3209 262
1908 429
3157 358
234 425
2265 287
2370 491
2301 216
2080 389
645 345
2994 75
1886 382
2310 128
3188 483
2485 30
2354 430
2285 3
194 425
1968 15
885 249
1858 455
331 190
838 218
641 144
240 231
2085 367
2187 86
1842 89
1362 121
1263 224
493 307
1701 410
81 1
3337 413
224 326
2157 108
17 359
1473 422
2528 477
949 172
2262 493
1502 131
1609 187
2521 377
2495 442
1343 187
2420 164
1754 423
2924 99
2655 389
745 184
1468 379
2806 315
1961 462
1228 395
344 408
1687 115
385 217
1468 396
1832 103
845 228
827 105
662 11
445 91
1812 156
89 85
2642 431
3322 453
2583 147
1467 475
2712 222
2532 22
1184 123
1178 466
2361 87
982 91
1195 315
888 170
1183 59
2037 15
1723 439
2296 222
761 316
3524 232
172 421
1069 266
2781 378
129 276
79 146
2440 299
669 464
2077 471
2271 485
1761 51
1561 36
267 46
1940 271
1276 177
1699 463
2014 320
548 51
2673 350
1470 132
2046 185
1789 247
1545 469
1068 473
848 86
2286 108
1558 496
3253 338
2186 32
801 420
1638 369
764 324
3514 377
3215 148
2317 77
1976 42
1378 405
2314 231
322 136
2654 244
1575 390
2463 477
3237 124
702 482
2596 336
1653 276
255 473
2107 202
1021 380
1416 129
3012 467
1162 363
2863 357
102 407
850 318
227 38
244 498
1882 129
56 25
2724 430
2568 132
2404 247
361 440
1997 218
2848 467
2489 14
625 280
510 328
286 348
1144 179
3360 436
3014 64
3427 322
1028 478
27 411
1572 177
897 421
388 442
1 315
24 353
1476 294
2747 291
1461 68
1504 444
1098 122
2680 210
2535 7
499 5
565 52
1526 104
1089 396
382 281
1690 470
1014 235
2435 287
2415 155
1652 416
3460 279
2240 95
2869 187
3327 396
1001 390
1955 110
3127 368
2726 166
388 354
1376 115
1401 65
2479 486
3177 398
1303 404
3112 402
656 203
388 151
2337 471
3242 268
1921 177
2885 79
1503 278
886 354
3013 98
2894 173
254 183
2333 223
3129 490
1964 7
1137 147
2261 461
649 425
1027 46
374 8
2026 251
3396 361
1939 370
1359 73
1213 49
2271 110
601 82
3460 391
708 389
2292 59
661 309
224 401
3438 80
1776 46
2512 267
2882 17
2319 292
3478 373
1338 249
1993 183
2912 471
146 361
757 41
710 342
2492 207
981 232
721 360
484 388
1278 91
2938 483
2154 154
1649 468
702 337
3628 391
1470 113
1829 236
967 210
2687 250
1188 230
1339 240
3494 250
1349 13
968 347
2858 424
2436 388
1959 81
632 447
1587 69
2796 52
3700 376
902 335
2062 477
3399 375
3305 232
304 236
1903 338
680 196
1264 7
159 36
983 235
873 63
3617 307
2079 165
2363 264
2294 14
488 95
1061 181
2422 307
146 130
575 333
1452 291
3653 473
219 224
1229 345
3012 10
1659 4
1030 488
1189 480
99 84
1228 399
3413 454
432 380
2159 446
1724 310
62 388
109 456
326 345
3390 271
448 174
556 401
3145 306
3651 291
796 139
2210 167
2009 294
1143 90
3682 68
1905 349
1613 209
3317 107
3121 216
1116 63
928 150
3514 370
3561 146
2834 318
1466 257
1597 60
3583 464
3107 81
1091 157
2790 499
2978 149
1126 11
2127 471
3201 396
1565 37
1512 225
3407 224
2531 126
2182 204
2834 238
2108 455
3339 325
2887 293
2910 376
341 233
431 392
1461 136
1275 401
2751 429
102 276
2501 193
2918 195
1165 312
1563 197
2635 290
2260 498
1285 231
1300 79
2915 137
2411 14
343 487
1344 276
2857 108
176 85
316 448
2921 340
2321 320
1972 26
2149
3330 151
3325 220
582 447
2971 321
3046 487
3652 388
2067 172
2068 430
1526 328
1279 485
1457 87
1646 251
3416 300
2477 417
1548 310
1502 428
2767 206
2460 57
2256 472
1498 387
3783 81
2883 85
796 355
2201 220
2280 336
569 305
2831 157
1962 364
2019 312
1864 463
507 458
631 50
1117 62
3383 314
2313 122
16 350
2343 330
2850 156
2242 273
3287 1
2553 417
2978 309
668 94
1945 253
3206 385
342 150
2480 496
1783 123
2032 421
3797 74
3657 142
3232 439
1940 496
1106 302
3799 403
2721 437
2410 21
2135 158
2486 81
1797 495
44 266
601 226
2679 432
535 262
1631 472
401 452
2518 167
1657 270
1569 23
2768 475
2842 2
132 166
1750 295
1101 438
2000 206
1355 416
514 298
2567 198
3008 335
3256 327
730 426
1553 457
1342 321
2023 434
614 424
2639 294
3681 92
3698 468
2128 319
1882 450
790 430
3804 170
3156 63
3199 370
3468 108
2103 301
3494 385
3556 303
576 479
2426 115
2234 29
1825 417
3117 268
1958 123
1170 420
65 274
1420 359
3408 214
3296 145
506 160
862 159
1821 482
1517 43
577 222
3677 55
1781 49
2938 57
3285 259
3543 16
2181 292
3369 368
1897 266
3398 7
2107 330
1482 116
2182 96
1183 238
2300 154
2563 312
1080 67
23 141
3110 31
1405 401
323 431
1025 428
916 117
333 475
3363 302
3159 36
1724 80
1611 258
2829 225
3157 110
2887 429
783 96
2587 380
824 63
3518 73
617 475
1264 167
2056 245
3263 470
1370 293
774 78
1453 17
2348 93
962 81
1876 386
284 219
3550 366
2085 486
3066 281
665 281
3661 224
725 159
700 23
2590 407
2934 151
3070 94
1584 130
1970 277
1933 240
2987 50
2355 112
920 152
1665 254
1274 270
819 118
876 98
3390 132
2633 111
2502 179
3176 466
246 239
1863 145
2625 125
3084 68
3377 376
3447 336
1622 149
744 192
2953 272
484 173
121 483
2792 340
1477 453
1423 433
3672 471
610 488
2249 384
827 304
793 28
570 431
686 105
3294 337
2166 455
1255 107
2669 470
1563 311
367 281
2143 444
2484 489
2846 20
1464 108
3367 267
1149 389
3775 60
914 297
623 432
439 155
2289 11
3007 369
244 123
2269 404
1594 455
3592 121
1612 316
959 146
919 296
2994 394
3265 62
2930 90
1914 455
1828 370
1678 292
2595 338
1351 437
2354 54
3394 256
906 274
41 200
1019 436
2112 178
669 398
190 23
445 271
1948 203
2035 314
939 1
3004 395
3216 362
436 147
1034 229
1977 204
450 425
505 229
2631 199
3665 203
2232 18
2018 282
1789 300
560 291
2433 477
3131 23
3635 316
1976 419
95 302
982 307
3192 212
2434 269
3654 336
2504 95
946 180
1213 217
320 217
3687 494
1752 23
1042 160
1686 296
1832 409
335 400
1053 321
1623 163
1689 157
3213 416
52 253
667 211
3161 456
331 315
1157 378
3643 104
990 287
356 160
810 9
3254 259
2501 336
1795 196
461 72
3375 209
162 232
1038 492
90 150
1137 454
231 1
2913 38
3705 95
1481 400
592 139
2159 224
2337 434
397 408
1266 372
1749 286
2741 267
1928 329
2803 450
100 53
3092 63
1146 322
1010 339
1364 500
2471 44
3750 291
1060 301
3776 270
666 228
9 182
2531 234
1854 287
2062 486
116 417
2823 111
598 216
1581 331
3696 190
1124 198
1614 82
3308 14
1722 376
1164 139
3591 119
1096 436
2932 252
1051 434
7 185
106 132
847 56
1858 271
3557 244
2713 276
3755 321
1404 57
1278 220
2859 69
1232 326
2341 224
2599 389
43 414
1077 215
2409 480
2226 78
873 497
1127 163
2973 197
2817 112
2039 13
1478 395
3738 398
1353 450
330 202
3735 279
1361 429
2404 369
735 119
1842 272
3566 425
2644 394
1235 37
687 500
1141 436
2162 235
760 363
3139 218
2090 320
2134 483
1530 117
1165 459
114 347
2073 209
2267 400
411 396
2735 60
2988 86
708 106
952 205
1993 147
1491 60
2805 293
2704 27
907 72
1540 9
3577 429
1839 148
1706 102
3106 235
279 278
647 206
310 149
976 347
516 171
2898 51
3346 311
808 361
1643 262
3222 366
3331 92
1666 7
1803 183
3462 439
559 1
3662 423
911 367
299 343
1984 27
2026 49
429 141
2818 194
3133 362
2626 95
777 329
2873 122
835 224
139 421
998 223
63 343
54 48
3707 297
3374 213
1936 496
1802 58
3197 277
2314 297
1649 487
260 447
1812 82
2591 371
578 33
3141 468
2185 451
2795 95
109 135
918 470
3676 230
2945 117
933 497
1047 198
3210 219
2747 145
3649 421
540 373
2928 302
3293 404
2996 78
1615 415
104 263
21 383
1395 79
820 182
1281 56
501 257
2323 351
75 198
389 179
3040 65
1841 465
2787 455
297 107
3405 28
3725 106
3612 227
3736 195
3420 32
2309 277
672 150
1160 62
2763 384
547 127
2559 366
3513 445
3303 103
2316 494
2495 70
271 71
1561 218
1323 29
1296 139
1293 88
3801 494
3272 382
3659 147
2875 381
3670 117
1357 161
673 305
2844 96
3608 252
1061 262
2645 491
2276 494
2144 114
447 29
3300 283
2547 213
1905 429
3438 234
884 358
1775 71
2956 14
87 349
636 333
187 101
1209 463
3642 269
2352 236
871 22
883 430
3602 245
57 277
1713 363
858 335
1739 36
1704 478
1712 483
941 139
1551 137
969 11
3798 245
1780 121
763 138
3461 335
2680 437
3617 173
2794 443
2164 341
2917 87
2849 340
1860 386
1337 84
528 53
3503 51
2972 455
1998 250
2244 26
626 199
1085 272
2977 241
1868 141
2736 243
1557 321
2777 85
2936 319
2970 5
1564 146
2750 71
1378 250
3622 264
1069 435
1509 102
131 323
2755 218
3509 302
2848 417
2074 105
3124 169
3501 351
1142 482
579 386
551 198
1092 237
721 200
2729 63
3298 399
28 141
1406 290
1886 309
1280 362
3100 205
1836 148
741 321
3062 127
1624 109
3067 459
1388 153
3756 287
3154 200
1913 175
1527 53
2918 8
2939 221
3012 483
138 276
948 404
154 45
2558 285
3093 270
2441 12
277 470
2765 9
2840 253
2184 180
3699 421
159 386
3482 221
1767 104
1087 64
1458 333
3168 21
1885 212
1335 107
1616 447
2748 472
290 149
651 256
2561 168
3183 49
3358 108
1744 407
1018 18
960 292
1830 125
836 446
645 106
2672 468
3002 186
1922 45
562 342
3732 252
3044 428
3129 152
1674 436
3166 291
406 179
240 422
418 97
3011 1
633 193
3449 60
2730 230
2051 146
747 247
2884 293
183 222
151 402
448 35
1533 409
729 448
3570 14
3111 379
812 106
596 466
2286 427
3264 382
2123 413
3555 185
2724 173
2467 467
302 230
2885 470
3558 228
1655 495
2482 164
1366 308
2204 96
1796 20
773 31
2465 495
390 189
1334 247
1664 211
2605 224
137 469
3061 82
282 375
473 430
2801 15
3728 458
1229 415
1798 107
171 213
1484 302
1014 167
2165 144
1145 477
2790 37
1946 145
3636 65
394 38
2229 298
1428 429
350 302
3658 467
2555 24
3553 372
3465 223
3742 374
3496 433
3090 220
1338 319
3710 445
13 489
1472 101
1263 410
943 392
1618 203
794 149
2993 125
3056 53
1870 467
3524 490
1669 289
62 245
2297 262
2187 44
2711 185
3726 385
885 48
1888 223
1898 419
3218 442
205 254
3128 184
1510 308
2082 1
3085 398
1449 315
2857 186
1326 497
3204 253
3274 331
2027 175
2333 13
2203 418
2222 425
3165 130
2754 90
2324 59
905 338
251 316
2946 262
2417 336
2438 407
1113 219
3452 488
2886 144
1778 335
3151 100
3115 155
798 477
2677 288
693 150
977 87
1099 440
1287 2
76 4
3217 47
1974 17
2285 249
2427 344
2796 222
3686 332
3446 13
493 467
1356 493
3083 410
995 4
701 117
2696 376
2176 432
2576 453
2656 384
476 8
1341 422
3143 201
2072 282
3353 426
3356 374
1935 484
348 251
1336 179
1911 216
3442 103
3536 156
1690 255
1570 221
958 328
2054 395
2340 438
378 58
1856 418
2048 273
48 237
3414 424
781 266
613 420
3730 192
2334 460
3554 52
2762 313
3492 3
3246 211
1895 45
1073 450
2066 339
3616 283
677 145
2500 377
1608 90
2015 8
3301 137
1745 25
334 324
544 115
2910 292
2356 294
842 160
3055 183
513 143
1340 217
714 199
2071 481
1700 5
3132 62
2708 403
148 407
2866 343
29 247
3415 157
3335 344
709 334
2965 280
1216 47
3689 192
3079 353
2634 34
1234 29
1314 149
1800 129
2472 423
2554 458
301 392
312 404
1544 80
2723 262
346 380
2017 105
3419 219
3271 265
1547 83
292 396
1387 62
168 163
1008 460
2237 38
1934 440
3114 121
1093 37
821 117
3766 108
1031 273
2231 177
3781 413
2540 161
1717 39
3805 391
496 445
892 133
2536 245
184 312
1910 346
3081 440
2568 489
295 366
1823 497
2063 480
471 177
2083 320
1761 96
1806 232
583 193
2793 359
3505 49
518 260
3025 456
3523 386
2444 307
2799 91
2655 256
1043 98
218 80
910 493
2195 116
2080 414
2306 179
2266 167
837 100
123 195
2845 425
446 302
1628 304
3250 31
2521 317
465 373
3109 149
3477 422
252 421
2684 360
1295 409
2425 234
993 367
324 307
1384 304
431 355
749 75
2172 212
1163 56
2003 67
3786 424
611 353
1893 82
3674 4
2739 17
2716 239
2490 180
3741 293
103 72
2064 400
1588 261
1531 445
1059 121
2038 136
2673 492
2759 300
3343 87
3014 277
349 214
3142 30
1947 68
226 345
3444 296
3682 476
2121 130
1999 336
1808 28
3005 146
1519 362
1843 248
3605 178
2603 195
269 232
91 208
161 152
502 430
191 333
1461 132
3229 6
2339 441
2912 210
2509 132
1957 1
573 361
2295 136
58 432
22 429
115 142
3409 47
3307 365
680 92
237 375
3753 480
988 282
1179 294
1907 155
2985 352
3170 203
903 159
2566 297
641 474
545 71
2712 198
1191 57
3782 245
590 419
581 291
769 269
662 39
454 56
31 17
2042 157
553 110
276 383
642 167
2291 367
1105 170
3607 462
2874 499
825 2
2614 224
1529 44
2582 454
2312 191
838 128
3609 227
483 238
2622 366
3620 491
697 313
2305 486
3567 303
1620 292
430 105
764 99
111 328
1197 406
2024 71
296 315
1727 333
1501 121
2079 369
2141 190
3527 396
3731 313
1380 455
2190 214
508 302
1001 121
1253 32
775 174
728 456
1306 214
192 415
2881 179
2579 294
3000 418
1371 499
2243 31
2375 221
392 114
1515 19
1067 122
2412 476
2449 43
1046 60
1467 435
533 301
2487 482
2104 251
679 479
2636 293
2498 394
814 41
444 482
637 216
1919 5
608 132
2837 267
1909 110
620 157
1437 411
3342 142
3423 488
3537 260
3701 192
3397 68
2615 391
867 19
1171 394
949 53
2772 77
1809 429
571 401
757 79
3590 359
3633 327
3312 118
3153 180
1454 367
1493 174
2756 73
474 390
3203 238
42 478
407 280
1318 39
3424 394
2703 151
1721 288
3440 132
2808 342
3178 289
2951 69
3169 475
3255 242
1850 24
207 366
2675 314
195 194
2099 382
2674 269
2456 79
3664 395
1294 432
3267 49
3361 149
1070 469
1518 460
2688 372
788 404
179 319
2077 466
595 382
999 53
1499 89
3138 200
1637 435
178 139
748 478
2248 372
1206 47
500 453
552 92
157 484
1790 496
3253 297
3448 173
1538 362
594 151
2727 282
2776 133
848 131
1884 70
475 222
3152 423
352 79
3058 164
806 314
2694 56
1516 49
678 70
2832 320
1200 33
3261 262
3576 161
1078 393
2160 482
3441 198
3329 450
254 167
2370 256
671 275
201 460
1685 251
737 41
143 187
2610 384
274 278
2607 440
567 173
951 176
3769 488
653 25
2420 348
3538 412
338 495
2924 77
1697 208
3073 375
2263 89
2483 379
846 371
49 128
1756 152
1757 40
1233 342
2132 426
3338 395
3094 107
2228 36
2378 79
97 254
1372 309
2941 132
519 495
1575 299
3761 361
1667 428
219 362
695 169
2825 185
832 338
2752 101
478 321
621 142
2086 278
1321 463
650 425
2277 141
1112 310
2218 352
2532 357
2666 120
784 455
3186 275
1397 195
2466 422
2194 282
1302 412
1805 321
2127 422
2170 431
1711 1
1916 480
2120 171
537 417
3765 163
2381 326
1525 161
2075 217
1512 170
3514 260
120 427
727 281
3201 152
2858 498
1978 13
2588 179
3208 197
408 55
1083 214
866 117
1791 20
2586 401
2093 277
1479 436
2098 83
1017 71
3389 142
1161 476
531 68
554 61
3669 182
1193 2
1565 35
2871 347
3158 230
3231 193
3365 254
275 202
3792 217
78 165
950 128
2613 149
1627 310
1126 396
1920 347
3196 264
459 73
1818 499
3202 2
2488 256
2255 480
3784 284
923 30
815 136
2949 400
456 234
2136 59
2260 478
2100 237
2060 436
970 145
2933 59
931 261
536 165
1382 444
898 276
1495 350
2770 149
264 255
1347 165
955 108
585 10
2005 158
1242 282
1730 253
927 46
822 132
1045 472
1056 391
3613 396
2705 264
2396 417
3022 329
3549 203
170 240
789 146
2152 215
1654 189
895 53
156 218
1425 60
1679 319
2870 162
600 183
2320 90
3434 492
499 86
2268 95
1955 158
2111 141
2551 436
494 194
3564 452
1688 196
88 496
2820 31
1541 80
1503 443
2219 126
801 273
17 229
3585 180
3341 86
420 52
887 224
10 9
325 89
1483 272
3212 258
215 16
2301 424
2373 427
291 284
1995 90
844 102
1826 226
2109 399
872 104
2974 56
2008 389
281 395
542 352
1024 57
266 174
2458 482
3180 171
1284 389
3404 451
412 434
2811 379
340 283
391 56
1881 338
2916 214
3259 397
239 168
1283 375
1327 327
2950 296
1696 144
863 315
3402 216
627 163
2302 315
3473 432
3310 231
648 189
731 43
101 251
2947 259
1409 4
1635 79
464 478
1261 479
550 402
2528 146
413 104
2861 423
1522 26
199 436
2167 315
2758 445
2648 164
2365 328
3588 343
2033 132
564 404
3530 359
247 307
89 449
3220 109
2611 73
912 63
1021 358
3219 362
546 208
2651 264
3691 180
3297 345
3378 365
1175 424
1367 343
3001 213
2601 245
1036 447
1777 220
1259 151
1009 131
1613 286
1037 62
2667 77
2731 78
1374 451
51 494
1221 238
1198 166
345 218
2011 426
3125 280
1989 239
3148 363
1671 318
1508 131
2421 163
1494 12
3384 371
126 378
1861 440
2129 391
2868 499
2437 167
2920 146
3573 10
2447 275
194 204
3163 436
176 305
3113 61
1424 247
2197 212
2757 79
1244 126
2778 284
1435 446
3673 112
515 5
843 347
3029 210
3651 1
2879 288
692 417
3181 356
2369 33
3126 369
1644 413
1330 224
1801 9
1430 441
82 85
3289 150
973 37
3364 218
2262 170
3667 429
2560 170
3516 273
1402 164
1760 158
2789 450
136 94
799 23
3379 163
432 397
2715 260
3795 65
2419 171
752 54
829 429
1571 491
1638 113
393 188
1119 177
3747 354
1764 54
155 280
230 469
2905 190
3630 200
975 232
3240 431
3715 113
676 78
1455 465
2906 402
3368 410
1389 328
2292 124
487 4
1228 104
1185 133
2630 360
644 341
360 197
2960 406
257 263
146 335
1743 49
3666 202
427 451
3042 46
629 468
2261 404
1748 452
3749 480
3507 251
811 322
1373 331
3234 442
2650 165
558 384
3758 327
1770 320
934 372
2191 54
1071 252
164 129
489 360
834 118
1386 364
497 410
3349 38
2397 110
73 162
3586 228
2583 435
1822 207
3497 489
899 421
2980 454
3130 106
3650 314
3096 431
1429 436
833 438
974 329
3685 89
1670 226
1098 98
60 264
442 424
2133 138
241 245
3057 281
2628 43
3144 487
3644 325
3679 366
2345 124
1661 394
1987 245
1672 404
2505 127
2173 109
3032 106
2897 135
1708 439
1773 365
80 228
628 50
1189 190
897 85
3472 266
2329 42
2541 66
317 227
2638 382
167 465
1128 461
2999 184
1139 436
759 500
3511 369
2889 267
1488 216
2895 259
2163 237
3095 219
1058 482
859 378
2036 192
2336 460
652 232
1848 66
3559 107
399 220
2539 115
2834 60
2368 107
2997 154
1966 382
2549 407
375 145
3311 61
33 313
3127 439
2979 335
3119 43
656 91
1607 11
1846 311
265 86
606 166
1558 319
1924 164
1751 243
1118 277
2981 394
1350 18
971 266
3097 155
3645 412
1659 178
1450 195
1089 147
1082 400
2890 65
1813 312
2224 302
3050 500
1309 291
1241 41
1456 147
1971 142
1772 199
1560 8
736 421
242 376
1447 325
3495 20
1088 23
3680 260
3269 5
3112 32
2283 107
337 206
2070 436
373 324
1852 406
2782 386
908 377
428 394
1109 42
315 13
311 152
2157 117
1956 331
3767 194
2489 199
2304 260
816 247
2525 214
3479 4
1328 99
1012 371
1874 459
1311 253
1942 234
2335 240
3471 118
1269 234
1150 426
2315 72
1867 353
3043 77
1194 252
2220 20
2623 303
2347 367
2839 240
288 183
2580 451
2907 113
3545 154
463 390
173 185
3625 397
2310 209
2556 225
1726 14
1276 227
2620 425
3729 275
2360 498
785 57
2760 83
3323 263
2106 196
1176 431
2766 273
488 289
3098 375
2330 414
604 183
2734 95
2463 474
2952 272
795 205
688 460
1951 360
2097 113
809 407
2321 471
691 134
1829 201
2976 15
96 299
3239 454
2142 481
449 179
1226 234
3048 338
273 158
1215 191
403 171
521 197
223 49
3037 438
294 76
1147 227
3135 81
3372 72
1817 141
2510 368
3385 235
2188 287
1158 318
3221 195
5 233
3103 204
217 266
3694 412
1729 247
3759 80
1408 454
3581 189
1205 336
2199 33
3047 419
228 228
2146 241
3421 69
2733 179
698 386
2016 30
3692 443
3019 347
684 97
2084 298
3393 68
707 171
929 73
53 306
3273 428
147 141
1007 240
1964 111
755 405
3016 142
2450 162
2706 345
589 350
47 208
1466 306
1438 82
3354 319
3054 439
169 79
1188 482
181 33
967 210
1155 137
706 483
2843 78
339 365
2627 393
2307 246
1416 231
2342 500
2670 178
624 310
1129 31
1693 97
805 385
3072 64
3603 209
105 152
188 314
3017 349
1219 42
108 167
26 280
2742 182
2616 222
2171 45
1568 251
3160 180
2654 361
2710 491
482 494
1392 393
2600 148
726 244
235 423
1814 356
1941 220
149 369
3467 443
220 107
3030 481
1239 95
3357 20
1766 127
2902 217
1103 184
182 312
376 420
1104 289
3003 497
3391 385
1005 172
603 476
372 38
480 359
3571 451
1407 429
720 185
1379 384
2363 103
965 127
3020 444
1514 21
1081 108
3071 166
556 359
409 388
3639 101
3671 146
1268 366
3278 418
1110 486
1162 189
2346 291
3580 29
1621 66
2659 246
992 387
2374 299
3225 71
2781 22
351 9
433 494
3304 464
1990 228
2 227
3091 236
1440 400
3717 498
2102 59
153 208
1325 494
1262 102
3724 474
2535 96
3026 491
2816 485
414 500
421 210
3266 196
2904 221
791 387
1732 279
3347 445
172 440
1212 238
702 301
870 455
457 28
1174 189
160 362
3800 194
1004 460
2476 431
699 425
2254 189
2822 472
2785 454
2828 484
3064 292
258 280
1217 380
3344 258
1873 120
1733 364
529 347
313 162
2139 409
481 219
511 100
2581 52
462 245
3656 178
2156 257
3615 500
3366 392
20 197
1474 272
3584 67
1385 115
314 151
2264 35
2584 192
1573 373
307 405
1324 242
3123 154
3431 299
2475 326
968 431
3727 426
2468 495
2169 253
3647 50
3136 201
3466 26
1329 306
2612 95
3690 177
750 2
470 438
719 280
658 122
703 53
1358 327
2596 224
510 249
565 194
3150 89
2926 30
1489 493
1878 435
2367 151
1271 58
3318 164
1816 244
2780 296
243 469
3045 457
1023 311
3578 38
2664 286
3355 406
1140 125
830 217
3778 460
435 44
2853 487
3614 162
2709 333
2389 305
1154 169
3663 195
1260 429
3268 321
1926 244
3400 174
2278 467
3458 395
2401 122
2137 430
2387 236
1835 409
3082 386
3675 39
1463 203
3611 385
1064 206
256 383
1598 86
2481 286
792 30
1636 161
55 252
1681 297
2515 419
3714 56
3245 469
3598 102
202 467
3474 395
1035 274
1740 120
158 491
2331 172
1032 221
1485 160
2911 359
3185 62
865 86
211 320
1016 36
3743 489
387 469
1317 52
1912 495
298 436
2496 191
3410 44
2966 212
2240 96
710 276
424 236
3574 468
3450 402
2508 81
639 398
2028 489
1776 370
1566 40
56 49
3534 49
1676 11
2647 182
1434 294
2200 252
987 139
1710 334
3456 14
2177 10
83 245
3313 28
3147 194
1102 395
2841 200
222 398
2281 212
3173 356
2078 266
3646 168
2662 20
2697 37
3739 497
1186 19
683 181
1556 186
855 465
3460 476
2319 54
2491 39
1254 488
930 389
366 214
2492 52
3704 330
674 204
1167 143
3589 46
2044 265
1288 189
1413 252
1709 119
891 336
2738 351
1705 185
3476 399
134 109
2728 378
2089 227
193 206
2964 140
1107 6
437 344
2838 455
758 211
1376 192
1639 358
1891 420
940 299
3270 465
358 229
1567 252
893 66
1249 313
3280 299
2649 237
1369 451
2882 21
2247 28
2265 308
1660 202
3802 417
2372 389
1187 232
3632 259
525 159
2893 179
2451 359
268 273
3638 395
3065 167
696 215
3188 338
761 217
1368 170
3623 303
1322 270
2020 412
2147 198
654 41
851 140
3619 264
925 375
2445 2
937 498
1820 131
2548 356
2101 423
214 185
3754 123
1182 177
2519 337
354 306
1792 118
369 414
280 441
2113 312
2366 123
1267 154
1634 115
1282 356
2929 403
