1000
440 895 1
894 625 1
488 174 1
438 379 0
946 72 1
417 431 0
918 714 0
909 320 1
380 651 0
415 551 1
394 923 0
668 990 0
103 917 1
476 449 1
893 370 0
603 287 1
543 401 1
823 925 1
535 405 1
272 910 0
564 266 1
592 382 0
398 742 1
131 695 1
79 713 0
355 291 1
165 402 1
856 416 0
872 455 1
141 310 0
102 918 1
586 670 0
339 628 1
758 719 1
167 481 1
932 788 1
877 622 0
747 973 0
482 16 0
694 478 1
577 582 1
726 154 0
187 245 0
398 390 1
408 794 1
786 145 1
398 393 0
109 49 1
968 438 1
651 273 1
454 912 1
135 217 1
144 218 0
505 407 1
398 687 0
843 948 1
398 555 0
469 606 0
259 206 1
333 650 0
70 550 1
868 690 1
690 587 0
683 194 1
761 314 1
789 244 1
351 213 1
867 355 0
398 240 1
800 726 1
576 907 1
754 267 1
465 529 0
607 470 1
49 427 0
470 1 0
451 513 1
557 933 1
507 322 0
284 642 0
398 536 0
257 443 1
398 180 1
443 858 0
388 783 0
560 784 1
516 920 1
118 105 1
935 196 1
606 999 1
817 259 0
875 996 0
185 984 1
237 485 0
87 971 1
291 424 0
591 191 0
192 149 1
536 32 0
159 546 1
824 879 1
398 601 0
926 185 0
933 744 0
202 791 0
711 130 0
952 359 1
535 959 0
425 100 0
518 356 0
72 224 0
549 834 1
823 771 0
398 425 0
98 939 1
398 811 0
661 456 1
667 677 0
348 337 0
371 239 1
53 804 0
520 387 0
387 998 1
227 891 1
852 696 1
122 175 1
862 295 1
183 52 0
213 84 0
192 250 1
250 685 0
773 487 0
826 107 1
242 275 1
274 652 1
944 207 1
813 339 0
818 466 1
398 890 1
481 675 0
977 349 0
698 476 0
532 862 0
398 505 1
567 648 0
369 994 0
429 922 1
325 122 0
679 654 1
696 503 0
136 887 0
281 231 0
975 849 0
765 501 0
219 7 1
398 87 0
267 193 0
398 570 1
458 135 0
101 165 0
552 958 0
750 796 0
998 88 0
81 436 1
581 967 0
372 751 1
966 983 0
2 936 1
559 45 1
398 878 0
263 437 0
334 605 1
673 488 0
770 737 0
460 728 1
26 770 1
12 406 0
76 682 1
633 780 0
809 680 1
398 745 0
398 993 0
234 746 1
783 397 1
52 153 1
808 433 0
398 296 0
437 327 1
939 872 0
847 120 1
822 708 1
175 693 0
229 614 1
132 281 1
980 873 1
763 683 0
442 558 1
449 766 0
191 697 1
663 415 0
579 668 1
491 644 1
56 138 0
915 618 1
762 741 1
92 569 0
389 963 0
735 752 0
295 800 0
931 776 1
898 260 0
919 315 0
687 256 1
367 906 0
33 504 0
675 875 1
979 526 0
982 12 1
398 841 1
891 964 0
752 522 1
793 544 0
541 549 0
189 108 1
286 331 0
849 722 1
517 573 1
398 686 0
772 774 0
58 603 0
407 835 1
854 730 0
323 736 0
523 386 0
494 632 0
398 453 1
531 825 0
913 882 0
182 982 0
314 440 0
398 949 1
580 795 1
553 516 0
528 5 0
311 724 1
322 911 1
424 712 1
402 123 0
398 624 0
419 808 1
385 908 1
398 78 0
253 610 0
224 319 1
398 464 1
171 348 1
858 413 1
48 898 1
3 592 1
404 345 1
558 474 0
356 842 1
717 421 0
804 1000 1
398 854 1
106 139 0
459 489 1
631 110 0
954 410 1
202 590 1
177 538 1
588 673 1
721 263 1
743 559 0
398 461 0
677 101 1
810 701 0
602 205 1
105 189 0
391 172 0
73 588 0
362 953 0
46 699 0
617 703 0
463 641 1
176 635 0
888 186 1
478 479 0
370 639 1
680 934 0
940 56 1
120 491 0
976 661 0
581 864 0
825 140 1
406 272 1
997 367 1
398 566 1
992 143 1
262 365 1
974 945 1
569 552 1
837 183 1
475 376 1
32 662 1
950 820 0
289 637 1
357 302 1
87 935 0
74 749 1
487 68 1
255 563 1
194 607 0
533 457 1
94 787 1
704 90 0
398 881 0
350 986 0
780 483 1
398 127 0
610 375 1
611 304 0
130 760 1
530 932 0
398 723 1
1000 896 0
471 844 1
620 394 1
133 167 0
916 195 1
205 220 0
409 731 0
398 621 0
562 894 0
222 38 1
225 928 1
662 223 1
447 561 1
398 718 1
425 734 0
17 580 0
395 715 0
426 114 1
782 640 0
654 41 0
834 506 0
68 171 0
599 626 0
398 678 0
790 73 1
398 93 0
908 480 0
353 565 0
708 104 0
216 95 1
398 960 1
413 826 0
128 439 0
368 851 1
280 962 0
802 700 0
277 372 0
771 785 1
522 426 0
958 235 1
27 507 1
866 454 0
336 412 0
287 76 0
731 886 1
252 242 0
787 381 0
441 55 0
401 162 0
768 3 0
398 69 0
774 542 1
436 815 0
398 823 0
398 965 1
305 814 0
345 727 0
733 541 1
244 627 0
254 975 1
457 775 0
684 232 0
962 830 1
827 567 1
506 92 1
794 63 0
398 43 0
613 128 1
556 144 1
691 806 1
236 643 0
529 574 1
359 978 0
534 702 1
398 521 0
398 156 0
902 23 1
25 970 0
836 363 0
137 716 0
398 496 0
383 579 0
260 336 1
292 473 0
713 452 1
60 422 1
514 46 1
354 34 0
622 638 1
285 50 0
13 514 0
526 748 1
769 335 1
744 146 1
23 560 0
659 877 1
398 321 0
616 468 1
207 665 0
550 987 0
517 380 1
211 997 0
930 112 0
170 790 0
138 441 1
54 282 1
618 888 0
195 613 0
930 265 0
201 471 0
24 268 1
347 919 1
859 446 0
728 168 0
467 364 0
484 459 0
193 444 1
712 578 0
365 839 0
192 924 1
37 649 0
665 634 1
384 408 0
63 689 1
421 8 1
143 880 0
920 124 0
870 477 1
748 279 0
428 445 1
899 972 0
398 22 1
811 142 0
781 308 0
701 152 1
938 447 0
777 664 1
612 860 0
699 395 1
628 534 0
720 340 0
876 221 1
376 694 0
186 255 0
910 40 1
332 24 0
608 351 0
279 892 1
241 950 1
168 396 1
995 937 0
700 414 1
513 222 0
587 486 1
398 71 0
398 840 1
964 515 1
635 179 1
710 70 0
9 2 0
971 330 0
161 660 1
682 158 0
42 208 0
978 646 1
151 600 1
838 845 1
846 659 0
468 99 0
126 897 0
519 79 1
937 623 1
184 358 1
338 508 1
251 383 1
581 957 1
803 131 0
462 252 1
149 274 0
84 391 1
269 512 0
985 269 1
434 871 1
335 258 0
450 528 1
724 262 0
152 786 0
59 509 1
206 602 0
5 318 1
39 184 0
398 757 0
299 169 0
398 989 0
123 484 1
302 738 0
795 97 0
328 442 0
181 793 0
87 947 1
897 633 1
343 80 1
582 968 0
148 571 0
693 353 1
398 753 0
907 931 0
218 469 1
146 65 0
398 352 0
922 81 0
648 9 1
623 423 0
660 420 0
11 369 1
10 857 0
714 284 1
8 233 0
581 151 0
249 863 1
860 750 1
987 743 1
121 435 1
537 594 1
689 261 0
911 548 0
446 889 1
153 119 0
319 254 0
261 246 1
953 388 1
485 201 1
398 805 0
703 853 1
398 615 1
228 42 1
921 448 1
927 884 1
806 298 0
230 299 1
548 817 1
140 229 0
678 969 0
398 631 0
839 57 1
398 833 1
398 495 0
107 249 0
934 248 1
892 311 0
715 883 1
634 524 0
656 463 1
585 338 0
499 20 0
283 35 0
112 47 1
169 187 1
398 821 1
398 301 0
542 270 0
751 762 0
398 432 1
275 59 0
707 822 0
688 870 0
776 779 0
398 593 1
158 116 1
34 575 1
638 831 0
574 767 0
398 961 0
209 691 0
221 115 0
912 852 0
398 77 1
266 974 0
981 411 0
303 981 1
398 943 0
511 577 0
288 117 0
578 286 1
778 306 1
180 525 1
798 913 1
650 768 1
568 531 1
19 11 0
873 121 0
547 241 0
398 64 1
596 847 0
337 290 1
642 458 1
850 942 1
232 856 1
398 18 1
948 111 0
896 126 1
373 667 1
124 901 1
99 61 1
89 102 0
398 589 0
539 170 1
828 848 0
455 789 0
297 893 1
637 398 0
38 219 0
173 325 1
885 868 0
996 511 1
784 777 0
583 4 0
125 611 1
779 465 1
883 672 0
208 377 1
736 704 1
857 553 1
730 118 1
554 482 1
381 759 1
67 523 1
398 163 1
309 707 1
87 836 0
594 952 0
398 181 0
644 94 0
435 243 0
664 54 0
904 698 1
197 434 0
880 725 1
398 26 1
515 303 0
217 537 0
36 197 1
420 285 1
157 368 0
563 540 0
21 136 1
681 374 1
972 645 1
666 361 0
179 876 0
816 717 1
639 619 0
848 277 1
861 946 0
678 807 1
398 148 1
581 264 0
702 347 0
986 586 0
788 460 0
215 802 1
231 562 1
812 591 1
403 236 1
820 141 1
398 755 0
304 91 1
134 630 1
572 926 1
113 86 1
844 671 0
504 133 1
830 228 0
210 234 0
4 706 1
863 827 0
190 225 0
398 346 0
398 527 0
882 885 1
923 28 1
901 754 0
246 51 0
155 82 0
646 216 0
119 747 1
115 781 1
90 129 1
764 636 1
342 679 0
510 103 0
174 257 0
377 428 0
799 10 1
501 253 1
361 203 1
630 251 0
374 173 0
605 539 0
658 612 1
886 855 0
851 557 0
378 909 0
967 62 1
814 280 1
767 164 1
570 655 0
398 357 1
509 96 0
632 599 1
746 992 0
614 492 0
456 556 0
921 581 1
945 533 0
97 323 1
473 417 1
853 450 0
647 177 0
398 609 1
398 954 1
147 547 1
188 276 1
928 927 0
40 403 0
706 198 0
330 782 0
382 977 1
492 813 1
226 502 1
398 656 1
649 283 1
172 899 1
657 137 1
233 874 1
105 313 0
50 810 1
626 763 1
95 818 0
766 585 1
865 429 0
302 199 0
581 204 1
508 341 0
801 343 0
643 530 1
942 824 0
845 944 0
306 159 0
739 226 0
423 966 1
430 389 1
200 451 0
65 33 1
341 684 1
55 190 1
235 74 0
957 653 0
439 710 1
941 467 1
310 801 1
749 798 0
238 828 1
722 324 0
597 596 1
832 157 1
320 733 0
7 616 0
278 329 1
340 498 1
32 929 1
349 200 1
414 462 0
503 354 1
398 490 0
398 792 1
411 584 1
951 799 0
479 900 1
983 859 1
445 758 0
905 867 1
502 271 0
398 732 1
640 595 0
308 305 1
540 991 1
331 328 1
35 663 1
398 829 0
672 497 1
727 773 1
364 409 1
477 764 0
884 227 0
991 904 0
398 160 1
220 333 1
829 350 1
318 915 0
973 378 1
636 597 0
590 66 1
245 688 1
164 230 0
290 113 0
671 14 1
129 543 0
26 903 0
444 472 0
282 812 0
871 519 0
298 666 1
243 976 1
759 980 0
546 147 0
392 629 0
329 430 0
398 293 0
399 366 0
398 360 0
379 29 1
162 13 1
653 819 1
398 344 1
139 499 1
887 598 1
398 400 0
398 669 1
315 866 1
900 902 0
796 532 1
619 209 1
474 58 1
719 572 0
397 905 0
483 238 0
538 843 0
268 940 0
725 816 0
697 132 0
879 83 0
584 161 0
203 674 0
398 300 1
914 756 0
422 721 0
86 850 0
756 17 1
324 392 1
963 735 1
874 294 0
20 39 1
366 720 1
651 930 0
150 399 1
398 729 1
716 518 1
83 342 1
466 134 0
662 692 0
14 568 0
452 98 0
91 297 0
512 237 1
111 384 1
61 150 0
815 37 1
936 838 0
312 25 1
398 166 1
398 988 1
29 576 0
398 418 1
416 938 1
604 941 0
881 288 0
855 182 1
545 564 0
581 44 1
82 53 1
500 373 0
807 188 0
431 617 1
258 711 1
498 215 0
145 385 0
889 75 0
906 676 1
45 769 0
955 995 1
248 740 0
831 19 1
88 332 1
629 869 1
472 510 1
551 278 0
627 803 1
969 30 1
398 705 0
990 979 1
273 247 1
412 583 1
212 493 1
674 106 1
645 27 0
239 60 0
917 36 0
398 797 1
15 6 0
740 15 1
524 765 1
57 289 0
28 554 0
264 326 0
302 192 1
271 647 1
104 772 1
51 951 1
114 681 0
676 371 0
294 176 1
970 210 1
869 916 0
775 604 1
398 709 1
330 202 1
116 985 0
85 125 0
386 494 1
433 861 1
497 21 0
398 31 1
947 307 0
994 292 1
984 955 0
154 739 1
1 846 1
80 309 0
96 155 1
565 85 1
396 657 0
486 109 0
358 312 0
344 956 1
41 608 1
270 362 1
375 837 0
741 419 0
489 404 0
327 832 0
678 517 0
561 475 0
625 620 0
695 48 0
198 500 1
829 178 0
999 67 0
480 89 1
75 545 1
398 317 1
16 865 1
575 761 0
6 211 1
835 212 1
398 316 0
895 334 0
598 658 0
581 535 0
398 921 0
398 214 0
427 520 1
760 809 0
842 778 0
