1000
601 166 0
53 390 1
693 981 1
638 48 1
272 6 0
252 103 0
192 386 0
718 896 0
727 532 0
822 595 1
592 541 0
479 325 0
521 149 0
276 787 1
185 69 0
105 795 1
767 504 0
415 217 0
935 913 1
337 457 1
992 871 1
178 213 0
242 36 0
831 267 0
251 970 1
349 529 0
778 639 1
978 678 0
928 167 1
800 557 1
599 187 1
264 558 0
852 306 1
159 664 0
796 907 0
268 583 1
6 897 1
957 590 1
868 832 0
285 587 1
907 109 0
57 132 1
874 519 0
995 741 1
745 397 1
868 598 0
352 712 1
496 43 1
723 268 0
19 971 1
275 226 0
303 162 0
768 190 1
85 889 1
814 560 1
359 626 1
961 503 1
361 772 1
902 956 0
6 317 1
730 135 0
984 986 0
472 976 0
868 805 1
280 965 0
487 32 1
468 140 0
114 844 1
198 856 1
609 1000 1
532 381 1
269 391 0
372 944 0
703 222 0
940 778 0
665 634 1
578 237 0
942 114 0
83 435 0
703 170 1
299 147 1
855 478 0
149 631 1
38 607 0
803 272 1
691 169 1
434 382 0
305 891 0
82 21 1
330 786 0
56 893 1
863 5 1
704 115 1
611 415 1
348 571 0
492 633 1
504 420 0
58 512 0
939 394 1
507 939 0
462 411 0
788 46 0
120 430 0
497 491 0
15 967 1
560 10 0
117 461 0
455 703 1
193 319 0
140 524 1
381 338 1
268 204 1
34 860 1
596 446 0
676 721 0
754 588 1
972 340 0
787 738 1
299 263 1
38 908 1
850 314 0
769 308 0
901 743 0
207 998 1
599 487 0
319 231 0
969 463 0
471 544 0
602 874 0
297 683 0
613 706 1
65 3 1
329 178 0
284 336 1
871 725 0
545 930 0
983 131 0
745 117 1
845 139 0
438 374 0
237 954 1
830 997 0
838 310 0
365 946 1
726 369 0
623 447 1
592 365 1
607 408 1
46 144 1
858 534 0
983 974 1
347 576 1
772 602 1
270 562 1
316 342 1
879 353 0
840 773 0
987 377 0
505 644 1
680 398 0
632 60 0
56 113 0
417 404 1
234 999 0
80 18 0
898 313 0
420 686 0
815 34 0
273 561 0
183 507 1
682 194 0
1000 193 1
969 112 0
439 182 0
75 895 0
660 689 0
706 643 0
126 898 0
239 506 0
32 803 0
315 872 0
916 528 0
128 248 1
593 912 0
629 514 1
967 700 1
669 877 0
315 691 0
512 509 1
211 489 1
929 553 1
71 63 1
896 91 1
221 324 1
70 623 0
246 824 1
175 735 1
407 385 1
144 252 1
411 38 1
636 124 1
946 823 1
490 195 0
804 920 1
452 591 0
260 86 0
500 752 0
471 518 1
718 574 1
980 822 0
139 236 1
484 722 0
453 431 0
606 581 1
75 429 1
109 12 1
569 362 0
757 890 1
659 254 0
618 247 0
552 978 0
47 105 0
207 244 0
304 547 1
905 191 1
649 537 0
142 988 0
312 731 1
218 294 0
37 157 1
566 850 1
163 165 1
678 938 0
712 130 0
105 175 1
151 85 0
802 582 1
681 808 1
373 300 1
951 985 0
505 575 0
381 107 0
425 600 0
810 39 1
798 840 0
229 355 0
180 779 1
535 500 0
947 14 0
805 709 1
463 261 1
342 663 1
825 249 0
995 7 0
870 923 0
188 780 1
827 799 0
397 307 0
39 79 1
214 442 0
912 924 0
684 192 1
362 24 1
810 659 1
67 594 0
224 400 1
198 853 0
791 559 1
143 49 1
131 330 1
357 646 0
820 123 1
788 470 0
976 609 1
913 161 0
147 80 1
872 264 1
818 61 0
667 888 1
63 714 0
38 701 1
610 862 1
669 798 1
621 668 1
510 428 0
53 443 0
728 158 0
513 812 0
877 736 0
429 337 1
570 963 1
865 11 0
852 796 1
459 316 0
747 732 1
603 831 1
622 960 1
102 309 0
452 183 1
241 698 1
496 413 1
730 694 1
218 718 1
837 604 0
565 945 1
444 378 0
988 906 1
63 474 1
181 972 1
243 677 1
659 280 0
509 220 1
493 936 0
840 858 0
862 802 1
673 502 1
493 449 0
529 809 0
235 964 1
151 632 0
408 826 0
401 847 0
465 2 1
64 980 1
11 281 0
55 67 0
977 31 0
838 596 1
60 977 0
475 349 0
855 380 1
614 89 1
562 655 1
351 28 1
827 843 1
440 676 0
320 841 1
928 475 0
477 223 0
833 947 0
779 745 0
20 648 1
202 570 1
874 312 1
304 943 1
999 485 0
250 708 0
22 141 0
489 638 0
515 270 1
215 218 0
398 578 1
936 608 1
42 755 1
331 508 1
82 885 1
445 869 0
466 477 1
511 402 0
865 388 0
790 716 1
841 301 0
584 412 1
357 419 1
91 916 1
568 879 1
785 539 0
132 662 1
52 335 1
201 154 0
391 899 1
2 628 0
918 682 1
737 764 0
761 76 0
419 501 1
199 490 0
615 206 1
630 870 0
15 751 1
483 740 1
998 734 0
666 389 1
585 699 0
336 651 1
474 749 1
186 289 1
346 273 1
265 59 0
641 636 1
273 75 0
974 726 0
792 242 1
869 266 0
2 961 1
614 568 0
708 177 1
997 857 0
31 993 0
852 138 0
302 265 0
773 775 1
586 915 0
65 357 1
861 459 0
197 829 1
837 37 0
851 690 1
829 838 1
834 127 1
508 640 0
456 911 0
546 439 0
835 4 1
302 279 0
129 564 0
245 742 0
512 370 1
460 334 0
409 260 0
912 813 1
671 210 0
312 122 0
494 466 0
51 450 0
410 852 0
650 637 1
382 238 1
199 837 1
223 151 1
703 647 0
598 510 1
582 914 0
419 761 1
473 441 1
790 586 1
494 707 1
483 111 1
5 763 1
604 949 1
556 421 0
433 212 1
795 627 0
746 887 0
634 364 0
887 469 0
26 296 1
578 675 1
416 173 1
646 962 1
49 854 0
908 452 0
511 94 1
833 106 1
803 221 1
870 673 1
914 432 0
207 875 0
341 744 0
341 622 0
607 892 1
392 328 1
948 859 0
702 407 0
339 488 1
897 70 0
150 737 1
573 984 1
162 941 1
425 302 1
194 654 1
954 55 0
34 525 1
163 657 1
552 44 1
769 479 0
866 989 1
378 54 0
185 292 0
266 542 0
73 816 0
275 495 1
909 569 0
132 650 0
396 665 1
344 100 1
750 753 1
732 719 0
18 405 0
447 181 0
700 827 1
605 625 0
90 585 1
262 679 0
613 74 0
282 592 1
217 505 1
329 81 0
373 919 0
983 93 0
893 713 1
561 834 0
785 833 1
323 531 1
564 748 1
51 551 1
965 376 1
199 71 1
689 156 1
533 395 1
768 515 1
432 87 0
784 201 1
878 828 0
27 179 1
671 754 1
381 256 1
40 969 1
279 184 1
185 120 1
755 723 0
782 601 0
779 580 1
159 460 0
880 789 0
911 724 1
551 422 1
777 225 0
868 483 1
499 465 0
202 200 1
695 426 1
541 230 1
317 8 1
384 680 0
126 652 0
824 83 1
560 994 0
789 82 0
296 396 1
459 929 1
879 425 0
535 451 0
651 440 1
280 468 1
705 320 0
169 942 0
457 968 0
868 543 0
652 667 0
204 863 1
313 143 1
888 937 1
609 538 1
850 239 0
203 278 1
877 951 1
725 835 1
95 462 1
231 186 0
924 830 1
735 768 1
283 545 0
873 259 0
794 155 1
737 27 1
878 277 1
491 511 0
836 379 1
539 375 1
91 304 0
271 150 0
740 747 1
37 950 0
45 17 1
190 346 1
267 681 0
92 199 0
160 593 0
699 695 1
620 482 1
637 299 0
170 417 1
291 842 0
809 246 0
511 262 0
493 935 1
786 839 0
577 990 0
461 904 1
512 849 1
239 909 0
125 84 0
621 481 1
15 347 0
692 250 1
896 318 0
592 781 0
446 51 0
983 995 0
734 523 0
843 472 1
310 367 0
141 92 1
16 527 0
188 715 0
886 550 0
518 927 1
3 846 1
632 861 0
892 118 0
3 656 0
718 486 0
423 684 1
833 603 0
716 785 0
524 40 1
622 801 1
378 360 1
974 800 1
208 615 0
788 287 0
916 205 1
733 232 1
356 711 1
849 710 1
35 321 1
168 35 1
192 409 1
389 13 0
632 788 1
857 424 0
459 401 0
234 750 0
232 556 0
647 284 0
16 819 1
260 356 1
805 555 0
737 894 0
228 66 1
158 882 1
758 900 1
208 387 1
595 197 1
587 202 0
11 881 0
614 214 0
805 136 1
428 168 1
656 47 1
814 410 1
329 102 1
859 498 0
747 303 0
843 926 0
566 351 0
556 245 1
326 536 1
586 152 1
955 992 1
547 373 0
647 513 1
696 101 1
774 433 0
799 274 1
764 933 1
297 393 1
224 159 1
4 176 0
376 630 1
126 552 0
600 821 1
973 286 0
773 311 1
519 533 1
884 88 0
168 253 0
402 767 1
527 521 0
63 983 1
102 517 1
269 733 0
531 134 1
635 467 1
648 658 0
357 769 1
299 58 1
177 350 0
591 616 1
698 573 0
35 363 0
587 777 0
938 584 1
484 45 1
927 172 1
669 720 0
860 496 0
314 399 0
248 282 1
216 145 1
253 687 0
107 606 0
71 865 1
72 641 1
595 455 0
581 444 1
842 119 0
104 372 1
192 72 1
90 825 0
415 358 1
257 128 0
80 99 0
860 208 1
860 427 1
151 203 1
92 928 1
166 257 0
470 271 1
118 739 1
704 255 0
481 567 1
483 620 1
975 565 1
791 295 1
87 16 1
355 454 1
830 782 0
209 793 1
423 352 0
339 629 0
998 322 1
480 530 0
437 209 0
464 96 1
937 975 1
801 276 0
244 597 1
185 666 1
850 932 1
252 729 0
661 9 0
38 160 1
160 516 1
403 57 0
480 791 0
776 958 1
215 705 0
554 448 1
266 922 0
328 771 0
812 464 1
819 548 0
668 579 1
471 697 0
363 792 1
127 818 1
526 344 0
383 880 1
701 902 1
759 765 0
842 610 1
633 774 0
745 901 0
514 884 1
291 612 1
882 392 0
725 438 0
297 811 0
267 730 1
223 549 0
101 540 1
380 758 0
224 645 0
288 757 1
13 52 1
915 423 0
763 288 0
668 275 0
77 207 1
795 33 0
555 589 0
413 855 0
85 756 0
11 473 0
100 621 0
173 73 1
495 180 0
379 56 0
970 499 1
676 50 1
770 20 0
524 137 0
989 783 1
715 931 0
936 903 1
245 693 1
707 229 1
848 728 1
694 434 0
553 453 0
182 251 1
598 760 1
254 133 0
714 458 1
590 326 0
663 661 1
25 979 0
368 784 0
146 283 0
807 368 0
842 660 1
985 526 1
135 476 1
315 104 1
639 345 1
675 305 0
840 110 1
867 848 0
752 905 0
575 614 1
75 78 1
707 243 0
308 227 0
64 329 0
907 864 1
100 617 0
184 759 1
499 845 0
896 649 1
327 702 0
425 522 1
271 480 0
28 142 0
299 851 0
221 323 0
744 359 0
142 146 0
195 955 1
406 366 0
664 471 1
165 219 0
864 577 0
24 717 0
797 746 0
66 804 0
900 653 0
923 406 1
753 269 1
836 234 1
687 233 1
337 766 0
292 174 0
198 339 1
381 331 0
768 371 0
460 241 1
542 384 1
124 163 0
431 333 1
55 619 0
331 868 1
960 613 0
931 704 0
137 727 1
376 148 0
879 1 1
531 546 0
685 298 0
982 917 1
141 878 1
215 25 1
645 966 0
694 341 1
170 15 0
84 806 0
720 991 0
793 953 0
61 807 0
653 794 1
538 121 1
279 566 1
206 116 1
156 185 0
722 867 1
467 332 1
78 327 1
93 696 0
374 987 0
839 921 1
943 762 1
715 23 0
458 436 1
171 572 0
773 866 0
894 343 0
760 65 0
780 42 1
208 493 0
885 973 1
176 886 1
338 235 1
220 416 0
424 445 0
851 520 1
625 108 0
907 215 1
699 403 1
357 297 0
981 129 0
851 98 0
430 22 1
820 817 0
626 164 0
445 383 0
431 948 0
812 494 1
820 618 0
180 959 0
873 535 1
10 361 1
881 418 0
256 437 1
18 688 0
633 820 0
300 611 0
897 64 0
414 171 0
222 354 1
287 934 1
627 291 1
130 670 0
731 873 1
210 53 1
41 228 1
301 125 1
224 315 1
933 95 0
773 41 1
476 224 0
788 910 0
535 414 1
410 30 0
264 497 0
765 952 1
380 77 0
775 624 1
926 770 0
697 290 1
579 876 0
157 198 1
69 797 1
516 918 0
255 554 0
501 153 1
750 996 1
973 685 1
986 484 1
576 29 0
248 563 1
678 285 1
941 605 0
950 126 0
826 815 1
213 642 0
949 635 0
28 790 0
517 776 0
875 669 1
896 62 0
502 692 0
412 672 1
332 188 1
208 19 1
643 940 0
404 68 1
284 293 0
798 348 0
910 982 1
598 189 0
828 258 1
889 456 0
370 814 0
85 671 0
54 26 0
117 90 0
134 211 1
357 492 0
489 883 1
567 925 1
932 240 0
296 957 1
141 836 1
345 674 0
74 97 0
309 196 1
426 216 1
290 810 0
