1000
395 617 0
423 383 0
328 124 0
516 621 0
429 37 0
700 511 1
1000 871 1
458 735 0
453 843 0
785 548 0
260 97 0
224 583 1
576 353 0
618 733 0
765 889 1
159 370 1
630 404 0
89 196 1
492 188 0
787 215 0
283 84 1
63 55 1
222 359 1
422 682 0
282 567 0
539 256 1
459 502 0
469 16 0
776 297 0
472 2 0
991 787 1
270 248 0
421 287 0
61 315 1
76 921 1
389 145 1
992 914 1
586 665 0
417 284 1
450 971 1
971 688 0
386 851 0
204 76 1
109 515 0
253 430 1
117 781 0
127 442 1
882 891 0
606 24 0
418 232 0
289 201 0
513 303 1
973 422 0
752 247 1
491 246 0
467 750 1
265 782 1
847 586 1
222 379 1
888 85 1
954 573 0
410 163 1
570 183 1
826 766 1
638 310 1
835 926 1
276 128 1
443 604 0
307 945 1
91 472 1
714 652 0
660 341 1
362 530 1
929 130 0
336 433 0
487 161 1
242 206 1
894 125 1
174 267 1
549 810 1
980 31 0
368 92 0
780 207 1
267 816 1
595 420 0
726 684 0
229 221 1
999 701 1
521 958 1
758 460 0
133 235 1
600 296 0
353 720 1
96 824 0
893 822 0
186 106 1
945 102 0
17 778 1
846 496 0
322 862 0
798 320 0
431 609 1
670 522 1
946 506 0
15 799 0
236 173 1
360 466 1
597 239 1
480 321 0
55 808 0
850 704 0
364 21 0
618 883 0
572 133 1
792 935 1
464 594 1
530 80 1
906 814 1
483 446 0
578 32 1
326 934 1
152 892 1
853 886 1
762 29 1
357 743 1
636 745 0
187 797 0
837 753 1
77 432 1
689 481 1
325 579 1
452 88 0
771 957 1
778 355 1
897 449 1
616 401 1
499 429 0
900 434 1
212 561 1
317 898 1
194 588 0
833 62 1
535 179 0
557 648 1
288 276 0
279 780 0
110 74 1
305 13 1
801 587 1
377 318 1
172 131 1
825 712 0
323 231 0
744 860 1
167 954 1
49 605 0
122 351 1
841 210 0
280 72 0
614 752 0
933 26 1
46 482 1
781 20 1
231 291 1
617 154 1
528 399 0
641 245 1
515 738 0
497 159 1
220 683 0
158 531 1
702 859 1
258 360 0
30 461 1
182 813 0
684 654 1
71 656 0
237 435 0
287 928 1
376 254 1
190 426 1
537 117 1
57 162 0
908 475 0
879 869 1
556 840 0
637 314 0
600 56 0
402 939 0
911 742 0
191 737 1
526 771 0
287 855 0
94 42 1
970 554 0
663 595 0
520 219 1
609 197 0
110 103 1
805 94 0
712 936 1
10 961 0
228 973 0
441 299 0
509 214 1
554 407 1
264 528 0
202 789 1
807 352 0
23 463 0
58 294 1
791 549 1
484 292 1
661 156 0
910 811 1
940 312 0
555 405 0
193 165 1
465 120 0
10 111 0
206 122 0
955 447 0
589 134 0
27 454 1
875 602 0
563 831 1
922 46 1
951 610 0
306 104 1
394 546 0
232 608 0
139 443 0
829 222 0
146 538 0
327 147 1
436 259 0
156 827 1
885 95 1
261 599 0
32 570 0
644 389 1
315 494 0
741 136 0
632 127 1
57 116 0
397 611 0
299 252 1
415 977 0
686 655 1
337 416 1
688 44 1
979 487 1
227 854 1
925 331 0
918 676 0
489 123 0
412 628 1
466 266 1
246 637 1
701 899 1
966 698 0
931 841 0
59 834 0
83 478 0
5 830 1
406 402 1
640 880 1
871 911 0
455 450 0
607 273 1
126 144 1
251 760 0
903 242 0
342 49 1
481 850 0
582 715 0
135 226 0
897 944 0
939 556 1
880 980 1
242 949 0
209 153 0
214 160 1
195 775 0
590 520 0
350 498 1
589 641 1
777 933 0
219 1 0
512 184 0
608 661 0
766 411 0
808 915 0
388 837 0
149 140 0
940 558 0
162 849 0
485 324 1
748 584 0
369 202 1
783 685 1
553 677 1
293 687 1
40 987 1
13 169 1
348 365 1
432 333 0
784 659 0
694 875 0
476 281 1
118 507 1
344 678 1
155 969 0
346 820 0
185 388 0
723 777 1
927 218 0
302 600 1
627 710 0
876 544 0
705 912 0
956 129 0
986 180 1
820 668 0
782 436 1
751 924 1
812 865 0
43 462 0
921 632 0
419 406 0
221 350 0
809 369 0
555 872 0
154 473 0
816 908 1
743 868 0
968 726 1
44 41 1
329 965 0
527 697 1
620 622 1
898 178 0
933 93 1
899 10 0
729 535 0
311 812 1
579 509 0
873 376 1
380 141 0
341 233 0
269 802 1
238 664 1
376 377 0
647 658 0
359 229 0
506 596 1
950 730 1
756 410 0
188 135 1
884 243 0
798 887 1
541 764 1
494 846 1
763 457 1
272 304 1
775 972 1
438 28 1
642 842 0
868 261 1
774 217 0
881 793 1
211 890 0
983 615 1
912 4 0
920 569 1
7 167 1
413 634 1
574 967 1
581 675 0
724 989 1
287 993 0
518 418 0
87 48 0
580 751 1
983 278 0
997 338 0
234 662 0
50 693 0
116 64 1
650 785 1
88 593 1
321 354 0
507 905 0
717 308 0
878 236 1
220 590 0
81 479 1
905 43 0
474 471 1
760 995 1
505 335 0
917 142 1
892 413 0
245 527 1
753 952 0
275 754 1
9 241 0
770 386 1
656 627 1
179 994 1
88 176 0
703 250 0
271 224 0
533 52 0
65 70 1
447 151 1
352 371 0
676 955 1
430 58 0
456 489 1
964 838 1
560 852 0
262 437 0
558 672 0
923 263 0
145 380 0
247 240 1
324 392 0
842 270 1
363 8 0
332 118 1
867 885 0
407 33 0
818 895 0
427 974 0
54 96 1
24 78 1
531 930 0
928 448 0
74 709 1
799 882 1
25 112 0
666 390 1
166 711 0
296 491 1
539 384 0
941 110 0
207 901 0
29 344 1
622 925 1
160 146 1
990 917 0
677 670 0
351 148 0
486 334 0
524 776 1
697 866 0
907 191 1
35 796 1
757 562 1
303 361 0
271 984 1
473 828 1
659 732 1
482 316 1
869 193 1
168 572 0
793 582 1
425 38 1
298 671 1
235 906 0
134 829 1
731 624 0
205 396 1
635 51 1
714 190 0
24 734 1
75 767 0
960 618 1
733 589 1
691 277 0
113 385 1
252 227 1
532 716 0
136 937 0
731 639 0
863 992 1
914 109 0
378 788 0
136 525 0
52 381 1
562 861 1
832 585 0
313 739 0
257 970 1
318 260 1
473 423 0
699 893 1
711 943 0
210 171 0
759 39 0
491 519 0
550 499 1
217 559 1
408 524 1
517 746 1
73 903 1
566 929 1
314 342 0
831 946 1
947 857 0
138 50 1
938 598 0
384 89 0
651 848 1
628 319 0
823 139 1
855 729 1
284 453 1
416 968 0
90 744 1
373 783 1
858 223 0
568 636 1
682 833 1
996 960 0
423 545 1
668 635 0
230 804 1
259 114 0
864 512 1
853 257 0
406 874 1
21 975 1
773 264 0
250 931 1
356 166 0
464 298 1
345 501 1
284 847 0
679 445 0
291 67 0
883 757 1
475 692 0
932 923 1
523 68 1
924 65 1
637 412 0
200 818 0
496 612 1
511 674 1
539 424 1
568 285 0
676 289 0
803 947 0
522 91 0
904 988 1
498 964 0
888 309 1
395 985 1
891 809 1
199 17 0
377 762 1
308 832 1
411 427 1
355 57 0
978 532 1
273 736 0
45 480 1
339 942 0
895 77 0
623 441 0
593 329 0
571 941 1
26 571 0
577 983 0
138 592 0
901 927 0
890 311 1
121 428 1
470 888 1
845 534 0
536 523 1
575 40 0
128 513 0
140 996 1
177 981 1
68 59 1
320 979 1
902 790 1
824 643 1
461 357 0
125 758 1
36 521 1
148 465 1
745 769 0
721 700 1
612 340 1
851 313 1
615 397 1
681 902 0
510 431 0
38 27 0
3 686 0
584 725 0
174 541 1
254 356 0
634 54 0
621 894 1
361 575 1
936 280 0
728 774 1
312 884 1
961 792 1
164 497 1
451 228 0
508 470 0
589 574 1
707 108 1
544 564 0
928 651 0
791 306 1
15 234 1
297 551 0
135 339 1
502 646 0
545 458 0
841 6 0
685 5 1
503 517 0
543 922 0
486 403 1
48 66 0
226 717 1
604 765 1
494 713 1
838 798 0
379 580 1
671 633 1
201 168 1
255 694 1
633 60 1
119 557 0
488 801 1
181 650 0
41 36 0
338 689 0
218 61 1
839 706 1
734 836 0
664 425 0
262 393 1
468 690 1
772 485 0
409 718 1
658 244 1
767 149 1
44 275 0
335 364 1
969 719 0
655 126 0
384 368 1
974 115 1
948 794 1
477 476 0
588 440 1
678 647 1
815 192 1
455 786 1
2 640 0
777 543 0
698 806 0
366 821 1
331 724 0
398 495 1
944 896 1
717 137 1
435 508 1
16 208 1
596 681 0
716 791 0
371 81 0
320 817 0
777 19 1
400 839 1
278 759 0
180 613 0
86 577 1
277 82 1
886 204 1
310 741 0
987 107 0
709 877 0
445 455 1
674 286 0
192 576 1
78 500 1
857 900 1
220 932 0
303 503 1
114 844 1
653 439 0
319 679 1
307 673 1
617 400 0
102 199 0
873 358 0
930 53 1
446 505 1
719 408 0
11 962 1
559 920 1
309 740 1
248 483 1
427 249 1
14 629 1
428 542 1
243 220 1
157 555 1
132 504 0
873 332 0
636 747 1
462 438 0
393 619 0
718 474 0
877 982 0
736 330 1
889 563 0
165 591 1
800 302 0
137 948 0
704 630 0
53 826 0
643 307 0
384 288 1
605 200 1
294 823 1
347 170 1
489 394 1
396 666 1
934 18 1
528 11 0
355 547 1
198 265 1
84 779 1
348 755 1
69 897 1
131 327 0
732 805 1
60 552 1
390 795 1
789 815 0
144 293 0
256 175 1
722 526 1
802 560 1
747 209 0
645 907 0
178 391 0
843 132 0
1 845 0
692 86 1
300 518 1
70 998 0
442 488 1
985 997 0
795 230 0
695 113 0
533 152 0
915 510 0
874 858 1
142 978 0
599 138 1
391 749 0
859 158 0
426 414 0
896 644 0
301 25 1
706 536 0
565 878 1
977 295 0
304 279 0
381 164 0
761 879 1
103 346 0
919 282 1
268 553 0
946 347 1
665 956 1
372 714 1
385 565 0
870 784 1
349 452 0
411 763 1
559 194 0
574 705 0
269 34 0
538 707 0
66 581 1
490 35 0
647 290 1
98 268 1
39 258 1
354 695 1
244 374 0
525 663 0
542 514 1
26 238 0
975 101 0
370 255 1
629 703 0
173 343 1
657 873 0
240 493 1
62 756 0
208 337 0
652 186 0
124 83 1
824 597 0
463 867 1
437 853 1
708 326 0
552 345 0
740 150 0
186 950 1
115 722 0
854 157 0
822 444 0
742 649 1
598 761 0
962 253 1
601 748 0
957 382 0
514 12 0
916 516 1
575 484 0
680 773 1
624 990 1
754 702 0
675 721 0
474 301 1
175 348 1
141 999 0
271 919 0
171 540 0
797 387 1
184 953 1
150 667 0
404 603 0
308 69 0
963 940 0
553 963 1
189 375 0
958 550 1
880 807 0
861 181 0
405 415 0
363 87 1
717 856 0
93 398 0
727 7 0
788 800 1
6 205 0
755 966 0
994 105 1
834 529 0
623 225 1
382 262 1
383 991 1
97 99 0
519 680 1
487 909 1
942 237 0
967 212 1
836 3 1
602 660 0
460 876 1
401 614 1
917 492 1
648 23 0
274 864 0
655 468 0
51 185 0
578 699 1
101 772 1
989 203 0
817 459 0
521 486 1
662 467 1
274 731 1
33 119 1
319 182 1
301 578 0
2 75 1
953 336 1
92 305 1
949 768 1
79 409 0
290 727 1
130 469 1
163 155 1
965 451 1
375 916 0
750 143 0
551 213 0
53 373 1
420 825 0
649 653 1
19 870 1
667 323 1
387 770 0
307 918 1
196 835 1
504 1000 0
218 362 0
585 642 1
856 121 0
266 328 1
26 625 1
687 417 0
120 606 1
495 322 0
731 325 1
848 372 0
399 14 0
302 100 0
20 723 0
261 22 0
22 195 1
610 363 0
768 913 0
151 73 0
664 490 1
654 274 0
830 708 0
960 657 0
330 986 0
739 533 1
905 47 0
72 300 0
123 366 0
392 728 1
840 187 1
586 395 1
123 211 0
737 601 0
316 45 0
540 645 1
689 863 0
567 79 1
479 631 0
613 539 1
313 904 1
107 477 1
129 251 1
887 216 0
4 272 1
56 198 1
454 607 0
929 819 1
93 626 1
546 317 0
678 90 0
733 456 1
407 30 0
972 537 0
241 349 0
374 172 1
307 174 1
696 568 1
403 616 0
471 98 0
281 566 0
844 959 0
746 803 1
215 189 1
424 910 1
478 669 1
289 638 1
129 421 1
414 271 1
594 15 0
502 71 1
981 620 0
105 269 1
242 691 1
80 283 0
18 177 0
984 623 1
639 63 0
216 378 1
365 464 1
501 938 1
433 951 0
669 976 1
318 367 1
106 696 0
810 881 1
295 9 0
