1000
710 453 1
865 592 0
208 375 1
104 309 0
877 726 1
183 521 0
830 440 1
852 813 0
410 359 0
168 625 1
673 96 1
714 241 1
386 858 1
796 622 1
126 576 1
255 918 0
938 381 1
166 830 1
768 333 1
601 899 1
440 7 1
604 829 0
697 63 1
184 154 1
915 712 1
490 763 0
72 363 0
552 39 0
625 164 0
678 219 0
567 413 0
426 460 1
250 552 1
819 367 0
977 646 0
419 649 0
642 487 0
742 418 0
996 598 0
286 943 1
232 268 1
665 336 0
94 262 1
934 139 0
621 387 1
857 294 0
215 201 1
929 474 0
474 786 1
994 644 0
270 49 1
476 350 0
639 397 0
458 727 1
464 526 0
187 98 0
274 142 0
827 145 0
491 618 0
812 358 1
204 260 0
805 624 1
299 429 1
254 412 0
772 632 0
738 386 0
972 657 1
689 796 0
287 10 0
680 715 0
527 653 1
542 280 0
784 277 1
721 250 0
321 483 0
696 716 1
415 702 0
161 748 0
128 60 0
213 316 0
496 318 0
744 912 1
190 493 1
334 527 0
19 859 1
818 652 1
785 310 1
873 743 0
725 103 1
851 591 1
698 360 1
793 255 1
634 690 1
118 168 0
670 862 1
630 213 1
163 898 1
413 607 1
755 383 0
166 379 1
87 188 1
361 110 0
373 792 1
705 135 0
849 109 0
446 740 1
583 331 1
62 929 1
90 691 0
715 701 1
885 828 1
146 703 1
974 447 1
992 286 1
783 258 1
377 141 0
173 352 1
48 1 1
639 915 0
302 531 0
695 416 0
416 197 1
271 384 1
905 976 1
602 368 1
657 67 0
517 389 0
205 131 1
999 928 0
167 535 1
344 207 1
490 349 1
25 56 0
984 133 1
990 896 1
158 666 0
174 845 1
752 252 1
573 823 0
456 239 0
199 16 0
733 427 1
525 403 0
243 560 1
514 481 1
794 769 0
712 165 0
939 178 0
29 151 1
102 174 1
512 962 0
529 739 1
978 320 0
80 62 0
6 393 0
77 596 1
64 301 1
463 723 0
650 940 1
206 153 1
461 916 1
527 980 1
343 582 0
889 545 0
935 974 0
883 872 0
722 221 0
338 159 1
370 602 0
985 284 1
848 906 1
335 810 1
403 91 1
221 847 0
557 935 0
96 801 1
574 422 0
535 957 1
188 756 0
46 645 1
286 224 0
653 116 0
745 890 1
10 212 0
454 372 1
340 771 1
191 683 1
125 291 0
88 169 1
669 765 1
576 587 0
591 314 1
360 162 0
108 137 1
272 865 1
337 720 0
620 303 0
49 409 1
388 317 1
611 884 1
149 634 0
587 842 1
393 806 1
135 524 1
406 789 0
14 283 0
645 831 0
870 249 0
376 778 0
361 660 1
581 613 0
640 614 1
352 549 0
658 507 1
350 14 1
267 556 1
252 682 1
257 965 1
11 762 0
648 822 1
792 499 0
776 695 0
808 421 0
76 819 1
374 473 0
613 753 1
958 31 0
628 180 1
310 402 0
924 438 0
244 512 0
55 909 0
682 339 1
612 540 0
599 92 0
911 71 1
711 265 1
550 392 0
525 671 1
910 58 1
771 714 0
757 95 0
508 593 0
912 759 0
801 298 0
546 791 1
762 693 1
644 523 1
964 362 0
269 999 1
202 955 0
1000 539 1
618 37 1
99 138 1
684 745 0
541 868 0
171 892 1
480 287 1
760 629 0
729 547 0
311 295 0
359 274 1
367 214 0
716 406 1
219 937 0
27 179 0
311 922 0
134 5 0
513 204 1
422 737 1
253 777 0
961 330 1
509 120 0
610 520 0
449 89 0
986 970 1
781 949 1
875 87 0
40 235 0
101 432 1
438 435 1
60 639 1
47 302 1
623 458 0
41 102 1
172 697 0
975 825 0
578 850 1
479 351 0
533 20 0
471 461 0
662 152 0
294 167 1
850 88 0
824 345 0
641 59 0
235 747 1
995 636 1
890 848 0
596 81 0
946 688 1
178 112 0
547 836 1
518 647 1
644 376 1
80 496 1
336 486 1
70 206 0
869 462 1
757 707 1
180 516 0
611 231 0
980 424 0
720 849 0
33 327 1
400 656 0
588 696 0
383 749 1
917 264 1
116 971 0
341 354 0
98 882 1
667 651 0
119 282 0
778 525 1
763 24 1
233 355 1
740 654 1
385 509 1
708 824 1
294 479 0
779 600 1
270 50 1
959 34 1
313 599 1
26 904 0
573 452 0
36 979 0
151 895 0
726 710 0
515 741 1
266 557 1
676 80 1
892 577 0
246 734 1
86 846 0
320 261 0
727 553 1
867 973 1
683 299 0
473 93 1
832 626 1
112 414 1
505 272 0
169 609 1
649 908 1
3 35 0
43 356 0
186 764 0
305 603 1
24 405 0
460 562 0
309 467 1
281 247 1
965 41 0
15 218 0
904 821 0
664 267 0
949 914 0
598 558 1
106 897 1
214 826 0
554 669 0
756 337 1
159 190 0
613 101 0
595 248 0
170 784 1
442 118 1
816 500 1
317 637 1
319 469 1
564 428 0
967 674 1
855 601 1
661 378 1
405 536 1
559 104 1
579 538 0
555 491 1
493 451 0
607 492 1
970 395 0
902 196 0
833 606 1
553 924 0
779 758 0
561 995 0
452 988 1
580 839 0
30 1000 0
407 419 1
384 52 0
724 680 1
696 732 1
585 313 0
249 684 1
521 415 1
13 746 0
424 245 1
93 583 0
845 43 0
829 659 1
918 27 1
960 572 1
488 217 0
22 939 0
273 12 0
46 38 1
81 864 1
275 433 1
291 770 1
64 380 0
262 887 0
622 627 0
899 281 0
193 780 0
349 107 0
421 181 1
437 704 0
663 211 0
325 502 1
478 459 0
931 668 1
950 144 1
265 15 0
586 122 1
307 936 1
107 713 0
773 522 1
199 254 0
142 17 1
956 408 1
940 670 0
864 843 1
636 184 0
916 779 0
285 722 0
799 136 0
290 938 0
28 641 1
952 875 1
562 404 1
522 373 0
930 575 0
710 225 1
203 484 0
807 82 1
516 901 1
823 40 0
9 253 1
353 150 1
439 296 1
229 266 1
23 186 1
713 554 1
667 13 0
39 612 1
387 335 0
615 293 0
127 963 0
421 803 1
786 640 0
692 886 1
767 489 0
164 537 1
813 456 1
631 798 0
555 170 0
690 676 0
357 945 0
157 365 1
301 638 1
687 74 0
309 860 0
885 871 1
486 269 0
928 902 1
216 893 0
375 942 0
780 873 1
319 883 0
1 519 0
339 807 1
898 369 0
897 515 1
477 667 1
765 32 1
239 222 1
364 86 1
133 26 0
470 216 1
390 157 0
582 158 1
333 925 0
75 117 0
330 436 0
635 665 1
162 48 0
927 985 1
124 616 0
614 208 0
210 42 1
617 944 0
998 950 0
353 838 0
920 800 1
275 22 0
346 374 1
408 19 1
926 494 0
92 259 1
900 736 0
470 578 0
260 113 1
89 643 1
179 966 1
239 315 1
296 566 0
924 155 0
810 816 1
795 25 0
487 802 1
276 426 0
475 123 1
51 775 0
876 933 1
19 234 0
955 149 1
304 927 0
983 194 0
921 772 1
584 171 0
933 718 0
756 445 1
566 686 1
139 911 0
991 953 1
822 805 1
891 475 0
707 856 0
573 111 0
923 443 1
944 699 0
143 532 0
820 78 0
220 705 1
710 757 1
903 289 1
283 290 1
295 236 1
448 176 1
362 148 1
259 163 0
312 608 0
54 835 1
761 776 0
626 47 0
379 633 0
289 834 0
198 329 1
289 967 1
224 941 1
586 931 0
495 574 0
155 926 1
699 795 0
308 53 1
791 70 1
730 874 1
430 827 1
879 105 1
152 994 1
91 192 0
840 706 1
957 288 1
526 663 0
994 251 0
394 969 1
841 754 0
131 719 1
843 738 0
196 371 1
66 124 1
594 472 1
138 411 0
906 156 0
558 984 1
18 530 1
878 921 0
372 85 0
809 177 0
87 399 0
627 932 0
63 115 0
378 879 1
549 51 1
7 961 0
212 996 0
749 946 0
34 366 0
528 989 1
937 237 0
675 543 1
888 99 0
462 2 0
743 229 1
970 617 1
811 635 0
655 455 0
95 728 1
156 852 1
925 511 1
31 681 1
372 866 1
130 809 1
32 205 0
531 4 0
834 256 1
292 311 1
802 72 1
282 570 0
194 441 1
482 410 1
842 832 0
331 326 0
694 630 0
21 480 0
26 448 1
74 551 0
83 198 0
468 782 0
427 518 0
318 685 1
872 504 0
838 18 0
736 997 1
290 127 1
189 297 1
207 275 0
347 692 0
203 325 1
907 584 1
465 844 0
366 815 1
306 590 1
73 700 0
531 497 1
145 954 1
895 604 1
822 730 0
835 517 0
8 193 1
656 588 1
619 391 1
312 571 1
150 529 1
436 147 1
896 417 1
65 108 0
414 45 0
743 471 1
342 920 0
839 811 1
976 783 0
882 628 0
303 833 0
560 394 0
209 876 1
728 308 0
123 717 0
775 542 1
922 143 0
565 841 1
659 8 0
973 793 0
241 482 0
685 951 1
382 510 0
956 694 1
316 30 1
510 463 0
871 817 0
170 808 1
261 820 1
469 466 0
887 923 0
511 658 0
489 934 1
182 567 1
293 488 1
498 319 0
543 338 0
144 814 0
497 541 0
593 161 1
523 332 0
748 490 1
245 661 0
570 348 1
505 781 1
231 568 1
326 533 1
734 907 0
717 183 1
981 548 0
956 550 1
418 620 0
661 888 1
397 861 1
807 97 1
99 353 0
481 956 0
854 130 0
860 794 1
444 546 1
56 589 0
348 36 0
962 90 0
646 958 1
423 947 0
798 799 1
176 725 1
776 930 1
69 972 0
702 423 1
782 998 1
457 761 1
20 420 1
819 29 0
503 195 0
265 223 0
227 306 1
154 501 0
285 276 1
396 880 1
2 797 1
110 343 1
529 917 0
404 650 0
256 121 1
120 230 1
750 278 0
368 340 0
963 54 0
913 61 1
668 9 0
242 964 1
789 594 0
177 33 0
59 619 0
98 189 1
632 65 0
85 580 1
774 948 0
369 774 1
3 446 0
858 238 1
211 328 0
200 243 0
182 324 0
814 555 1
966 751 0
766 788 1
300 863 0
314 44 1
616 981 0
332 785 1
181 407 0
297 960 0
394 544 1
753 450 0
351 199 1
445 220 0
17 885 0
492 203 1
217 187 1
880 106 0
908 23 0
568 744 1
141 347 1
732 46 0
864 709 0
893 270 1
136 341 1
540 468 1
451 755 1
844 377 1
103 449 0
467 913 0
443 114 1
68 534 0
942 83 1
397 28 1
797 55 0
391 279 1
345 750 1
855 733 0
67 200 1
197 146 1
788 191 0
861 990 1
461 185 0
603 595 0
919 615 1
974 244 1
177 425 1
327 439 1
638 209 1
122 401 1
111 987 1
754 804 1
862 232 0
506 437 0
790 610 1
538 478 1
836 528 0
704 910 0
483 655 1
504 464 0
681 724 0
105 505 1
61 323 0
884 215 1
38 513 0
196 388 1
787 173 0
494 752 1
777 672 1
222 77 0
441 559 0
4 304 0
450 11 1
672 711 0
287 398 0
238 986 0
230 382 0
482 900 1
536 952 0
728 611 0
84 271 0
881 854 1
119 664 1
53 675 0
74 300 1
530 878 1
355 396 0
742 760 1
637 991 0
746 3 1
171 129 1
284 968 1
129 346 0
556 992 0
941 597 0
800 76 0
420 514 0
140 263 0
982 993 1
16 605 1
532 226 1
666 983 1
329 735 0
277 903 1
589 79 1
301 444 1
5 370 1
247 563 0
71 75 1
544 477 0
863 585 1
971 623 0
177 855 1
52 579 1
264 982 1
810 648 0
466 891 1
575 73 1
989 485 0
751 631 1
165 321 1
701 621 0
541 202 1
609 132 0
354 561 1
200 390 1
459 818 1
278 342 1
874 233 0
409 431 0
859 565 1
44 812 0
371 307 0
520 69 1
358 677 0
447 978 0
57 94 0
148 454 0
160 905 0
572 292 0
428 642 0
401 434 0
392 140 1
936 766 0
323 160 1
223 21 1
606 312 0
891 889 1
398 787 1
510 364 1
901 344 0
106 334 1
569 322 1
718 506 1
735 573 1
236 881 0
12 476 1
298 257 0
537 867 0
988 357 0
501 172 1
945 305 0
429 869 0
322 285 0
545 857 0
828 731 1
600 877 0
113 430 0
759 564 1
660 689 1
216 210 1
499 581 1
433 708 0
507 959 0
548 470 0
485 400 1
815 773 0
886 442 0
280 870 1
817 687 1
55 84 1
237 853 1
953 175 1
524 246 0
651 503 1
365 767 0
847 57 0
608 975 1
592 894 1
954 768 0
539 919 0
909 66 1
78 166 1
947 273 1
939 125 1
192 977 1
69 851 1
434 227 0
380 840 1
700 498 1
389 837 1
381 569 0
806 182 1
258 119 0
228 662 1
597 465 1
115 729 1
328 6 0
693 457 0
534 495 0
647 679 0
987 228 0
109 742 0
951 68 0
914 100 1
455 134 1
826 673 0
764 240 1
268 126 0
411 508 1
948 586 1
688 790 0
969 64 1
114 698 0
709 721 1
706 678 0
234 385 0
240 242 0
195 128 1
