1000
939 494 0
749 737 0
469 46 1
622 71 1
330 538 0
107 674 0
871 882 1
682 148 1
146 29 0
657 139 0
998 784 1
922 509 1
94 887 1
248 892 1
437 781 1
283 739 0
880 309 0
230 858 1
473 680 1
298 213 1
222 400 0
807 230 0
107 484 0
330 274 0
959 328 0
782 341 1
317 172 0
820 426 1
162 192 0
403 245 1
647 360 1
420 347 0
411 988 0
108 25 1
848 300 0
224 691 0
345 493 0
745 180 1
262 310 0
567 369 1
443 306 0
212 930 0
558 223 1
262 92 1
521 751 0
589 10 1
14 62 0
843 233 1
71 432 0
503 729 0
489 112 0
309 565 0
40 335 0
250 866 1
272 41 0
706 604 1
412 93 1
108 990 1
662 259 0
883 706 1
720 902 0
230 929 0
736 601 1
90 382 1
283 195 1
547 804 0
7 395 0
129 392 1
85 544 1
783 181 0
211 551 1
267 497 0
918 506 1
86 552 0
394 402 0
261 477 1
952 875 0
717 992 0
869 753 0
777 586 0
677 424 0
740 462 1
63 1000 1
823 377 1
272 281 0
543 492 1
485 777 1
516 850 0
76 373 1
647 870 0
733 312 0
485 463 0
998 502 0
715 90 1
984 238 1
991 48 1
639 64 0
494 716 1
717 121 1
122 151 0
368 109 1
383 790 1
831 728 1
7 21 0
960 677 1
293 96 0
871 966 0
611 140 1
839 684 0
411 129 0
400 78 1
420 362 0
4 429 1
695 549 1
151 436 1
641 407 0
442 837 0
660 653 1
799 421 0
108 147 1
742 348 0
70 193 0
49 351 0
966 42 1
952 219 1
373 386 0
824 631 1
634 989 0
544 993 1
724 354 1
897 118 0
86 247 1
668 745 0
576 288 0
347 832 1
558 854 0
913 563 0
626 539 0
856 317 1
286 543 1
225 812 0
970 273 1
383 996 0
901 470 0
98 229 1
729 836 1
446 285 1
21 250 0
621 449 0
53 774 1
465 908 0
705 366 1
324 722 1
371 529 1
336 319 1
401 818 1
786 819 1
838 623 1
281 860 0
698 134 1
21 108 1
296 847 0
910 873 1
471 881 0
86 829 0
223 710 0
273 661 1
411 931 0
286 690 1
566 295 0
512 699 0
504 137 1
84 872 1
971 838 0
12 40 1
260 396 0
158 380 0
988 359 0
663 443 1
913 587 0
763 796 0
441 972 1
917 28 1
227 800 0
883 39 0
687 871 0
901 617 0
258 496 1
397 999 0
260 576 0
932 898 1
611 945 0
330 383 1
289 43 1
437 457 1
612 488 0
412 387 0
660 760 1
880 358 0
604 495 0
777 339 0
723 914 0
612 31 0
917 379 0
555 428 1
729 165 0
496 367 1
643 142 1
33 743 0
228 569 1
690 89 1
985 198 0
591 292 0
547 607 0
91 636 0
612 390 0
57 35 1
655 499 1
858 337 0
175 378 0
809 459 0
917 478 1
62 307 0
507 47 1
320 124 0
134 521 1
9 648 0
547 246 0
872 127 1
21 718 1
892 597 0
464 84 1
989 271 1
785 825 1
880 740 1
572 370 1
533 289 1
97 879 0
423 616 1
194 618 0
135 579 1
651 154 0
659 735 1
249 707 0
574 689 1
91 665 1
509 869 1
745 594 1
424 438 1
564 327 1
465 287 0
264 514 1
680 507 0
70 237 1
129 673 0
481 270 0
790 130 0
532 541 0
777 698 0
836 792 0
639 651 1
460 666 0
330 787 0
838 903 0
907 17 1
978 490 1
337 298 0
521 917 0
85 277 1
352 77 1
148 160 1
954 568 0
683 859 1
169 200 0
875 559 1
15 98 1
564 650 1
668 439 1
677 427 1
715 738 1
315 727 0
548 754 0
693 141 0
469 671 1
219 547 0
458 940 0
151 910 1
278 512 1
503 969 1
38 600 0
151 667 0
270 619 1
497 770 0
446 85 0
433 853 1
81 207 1
695 688 0
472 935 1
86 848 1
896 826 0
594 998 0
668 886 0
850 637 1
825 323 0
282 445 0
443 393 1
977 7 1
872 86 0
988 184 1
329 615 0
745 8 1
723 321 1
575 641 0
699 201 1
364 333 0
458 336 1
283 76 1
457 553 0
838 558 1
375 431 1
325 447 0
983 13 0
71 508 1
770 890 1
975 985 1
275 22 1
510 263 1
308 36 0
895 681 1
581 510 1
264 546 1
884 535 1
992 840 1
560 104 1
963 951 0
574 757 0
482 685 0
996 45 1
420 741 1
628 177 0
167 294 1
70 331 0
53 465 0
312 705 1
995 364 1
249 54 0
587 279 1
740 942 1
217 409 0
829 697 0
322 282 1
442 633 1
777 15 1
408 663 1
464 394 1
371 986 0
789 554 1
843 984 1
298 877 1
791 479 1
946 624 0
572 101 0
959 491 1
532 164 0
224 946 1
952 316 1
197 59 0
83 516 0
666 867 0
375 171 1
995 531 1
57 239 0
574 628 1
395 467 0
322 284 0
278 102 1
749 511 0
338 851 0
805 714 0
663 37 0
79 296 0
385 926 1
232 120 1
211 919 1
495 60 0
102 609 0
719 708 1
698 450 0
978 67 0
156 936 1
758 533 0
579 414 1
904 626 1
674 973 0
624 767 1
682 957 0
469 634 0
440 162 0
220 702 1
983 742 1
817 227 1
637 240 1
382 519 1
334 588 1
611 106 0
979 303 1
1000 746 0
399 122 1
749 361 1
705 612 0
94 61 1
674 955 0
224 20 0
957 83 1
138 196 0
65 555 0
879 938 0
873 475 1
519 518 0
703 44 0
630 928 0
333 515 1
612 862 0
633 874 0
122 814 1
930 557 0
21 961 0
270 155 1
503 813 1
836 215 0
291 725 0
717 566 1
505 720 1
442 205 0
662 713 0
446 500 0
665 435 1
561 915 1
999 320 1
79 446 1
221 144 1
293 469 0
987 135 0
858 756 1
413 1 1
226 584 1
91 338 1
192 795 0
182 208 0
82 925 1
471 803 1
572 783 0
13 248 0
638 105 1
747 468 0
938 640 0
715 580 0
422 399 0
866 614 1
362 841 1
996 923 0
971 748 1
492 123 1
647 807 1
273 355 0
692 567 1
651 211 0
424 209 1
774 924 0
852 349 1
423 971 1
563 504 1
485 780 0
977 943 0
525 27 0
436 827 0
729 976 1
305 453 1
4 682 1
836 758 1
177 983 1
763 243 1
564 385 1
275 606 1
376 163 0
330 577 1
851 731 0
396 820 1
142 423 0
930 672 0
838 695 1
376 603 0
779 979 1
327 11 0
63 126 0
465 763 1
150 883 0
622 437 0
482 571 1
978 905 0
845 776 1
895 350 1
900 34 0
312 835 1
987 592 1
129 675 1
977 401 1
324 24 0
830 301 0
273 291 0
670 381 1
266 210 1
428 132 0
823 896 1
157 811 1
111 483 0
660 167 1
166 100 1
716 799 1
833 58 1
363 485 0
905 190 0
653 687 1
515 264 0
5 769 1
736 991 0
493 649 0
465 657 1
808 257 1
658 817 1
971 278 0
451 138 0
904 920 1
577 408 0
532 220 0
194 922 1
507 678 1
717 809 1
682 299 1
748 290 1
349 159 0
643 978 0
433 591 1
987 153 1
272 115 0
809 834 1
661 627 0
411 921 0
469 133 0
202 332 0
364 451 1
471 161 0
436 107 1
851 779 0
883 974 1
665 842 0
823 530 0
723 103 1
258 365 0
486 593 1
270 403 0
681 286 0
923 425 1
38 736 1
627 912 0
211 202 0
215 16 0
714 888 1
952 906 0
226 686 0
96 131 0
957 334 0
851 262 1
37 353 1
38 4 0
382 251 0
88 194 1
788 611 1
626 528 0
194 325 0
851 730 1
946 659 0
729 228 0
672 550 1
558 125 1
598 56 1
255 944 1
967 342 1
363 540 0
366 74 0
547 752 1
843 622 1
820 574 0
879 302 0
691 206 1
814 994 0
662 416 1
719 629 1
987 525 1
604 49 1
433 145 1
969 778 0
110 959 0
134 583 0
580 895 1
773 980 0
182 371 0
70 596 0
216 254 0
191 575 0
446 448 1
224 182 1
64 605 1
489 844 1
851 911 1
256 545 0
920 95 0
678 297 1
998 501 1
840 700 0
283 639 0
946 81 1
659 322 1
368 793 0
730 824 0
88 14 1
587 293 1
193 856 1
3 157 0
4 852 0
749 169 0
113 647 0
286 66 0
944 434 0
278 146 1
293 173 0
539 861 0
799 418 0
706 505 0
832 224 0
306 461 0
291 481 1
312 610 1
266 384 0
33 761 0
353 981 1
943 916 1
713 119 0
313 53 1
592 918 1
211 644 0
620 12 0
370 734 1
478 909 1
729 703 1
258 849 0
259 523 1
713 185 0
771 474 0
88 963 0
472 668 1
215 158 0
366 30 1
982 454 0
891 486 1
507 845 0
772 517 0
692 94 0
270 794 0
230 759 1
11 982 1
905 455 0
745 65 0
713 715 1
967 398 0
748 433 0
520 964 1
991 808 0
865 113 1
268 527 1
779 212 1
925 330 0
182 937 0
597 997 1
792 411 1
626 91 0
657 643 0
402 26 0
717 732 0
460 179 1
661 995 1
291 830 1
248 646 0
231 72 1
686 80 0
279 466 0
691 388 0
520 482 1
436 235 0
57 397 1
249 662 1
539 654 1
469 889 1
668 344 1
698 375 1
999 187 0
678 967 0
573 63 0
31 487 0
313 894 1
790 765 1
748 901 1
777 724 0
792 868 0
327 632 0
880 326 1
913 613 0
254 766 0
900 18 1
512 175 0
232 99 1
590 891 1
858 87 1
755 839 0
755 352 1
547 762 0
270 880 1
167 236 1
279 51 1
184 329 1
68 19 1
169 503 1
824 318 1
687 261 1
783 791 0
366 764 1
807 522 1
85 267 1
277 965 1
777 513 1
96 376 0
444 573 1
134 368 1
796 340 1
497 311 1
507 280 1
111 419 1
237 472 0
322 276 1
914 356 0
928 846 0
55 391 0
824 111 0
129 460 0
145 772 0
611 692 0
299 524 1
910 404 1
529 656 0
420 444 0
350 216 1
634 456 1
923 69 1
565 719 1
900 324 0
84 110 1
237 696 0
770 711 0
963 532 0
403 694 0
722 275 0
469 884 0
182 256 0
700 38 1
681 664 1
290 683 0
969 960 0
458 927 1
273 6 1
858 542 1
27 747 1
944 805 1
630 537 0
312 197 1
662 258 0
921 733 1
719 203 1
264 217 0
691 117 1
643 676 1
45 136 0
10 55 0
312 897 0
502 556 1
55 798 1
719 476 1
820 581 1
700 269 1
758 174 0
813 374 1
31 744 1
385 679 0
411 562 1
921 304 1
919 52 0
754 768 1
658 801 1
464 788 0
176 234 1
416 186 1
34 2 1
148 473 1
55 520 0
363 346 0
911 932 1
357 904 0
752 417 1
37 214 1
258 948 1
410 709 1
161 88 0
105 564 0
286 156 1
360 863 0
56 199 1
394 771 1
80 170 1
725 9 1
826 655 0
53 802 1
968 721 0
895 79 0
689 534 1
45 572 0
895 33 0
62 828 0
969 149 1
208 176 0
671 75 0
315 782 0
55 222 1
717 864 1
200 188 1
90 68 0
142 773 0
318 843 0
688 232 0
364 755 1
234 183 0
212 226 0
670 693 1
94 934 0
45 652 1
780 590 0
715 345 1
757 406 0
624 658 1
74 526 1
133 962 0
451 561 0
245 726 1
396 480 1
13 363 1
583 913 1
347 430 1
218 855 0
729 941 0
516 422 1
91 949 0
598 876 1
983 242 1
880 405 1
370 968 1
230 283 1
270 252 0
334 489 1
757 635 1
723 630 0
880 670 0
684 956 1
262 253 1
488 939 0
827 621 1
893 128 0
690 598 0
826 314 1
463 441 0
84 410 0
436 57 0
113 585 1
572 440 1
725 816 1
810 785 1
852 857 0
611 589 0
378 73 0
935 315 1
427 893 1
393 413 1
681 5 0
792 806 1
620 116 0
695 560 0
587 899 1
999 218 1
962 582 0
222 249 0
756 878 0
264 458 0
173 191 0
165 701 0
781 977 0
147 958 1
992 471 0
472 645 1
327 865 0
664 152 1
389 357 1
161 305 1
688 150 1
265 642 0
612 717 1
764 885 1
217 933 0
464 97 0
975 23 1
808 50 0
861 308 0
147 415 0
978 266 1
551 975 0
488 442 1
767 823 0
162 464 1
680 704 0
144 168 1
963 822 1
287 372 1
505 548 0
331 810 1
442 987 1
460 786 0
533 178 0
397 723 0
153 789 0
274 669 0
487 268 1
150 712 0
344 166 0
346 255 0
951 833 0
437 204 0
347 221 0
587 831 1
457 114 1
622 498 1
384 32 0
875 420 1
902 900 1
142 947 0
659 620 1
108 82 0
267 970 0
133 570 0
208 225 1
330 815 1
30 265 0
755 595 1
583 241 0
45 660 0
321 389 0
688 536 1
725 143 1
311 578 0
592 821 0
634 602 1
603 954 0
581 272 0
230 907 1
651 950 0
38 189 1
96 952 1
309 260 1
185 953 0
725 608 1
880 412 1
55 797 1
594 638 0
280 775 0
57 3 1
40 343 0
736 231 1
89 625 1
896 313 0
275 244 1
700 599 0
133 750 1
722 70 0
538 452 0
