100
46 67 1
61 59 0
20 34 0
94 79 1
62 31 0
2 4 1
11 99 1
48 37 0
7 49 1
96 91 1
5 52 1
54 93 0
47 7 0
38 82 1
38 100 0
12 95 1
91 92 0
65 51 0
53 18 1
70 5 1
30 40 1
49 13 0
51 94 1
77 26 0
23 56 0
42 8 0
73 66 0
40 96 0
66 97 0
26 42 1
97 32 0
54 77 1
3 20 0
33 28 0
43 41 0
7 58 1
25 27 1
93 87 0
58 23 0
98 30 0
5 36 0
5 90 0
36 25 1
4 60 0
76 3 0
85 83 1
41 10 1
78 70 0
75 29 0
68 39 0
92 65 1
69 81 0
28 64 0
27 88 1
26 63 1
71 76 1
100 43 1
60 16 0
4 85 0
87 11 1
84 53 0
14 80 0
85 19 1
13 15 0
12 24 1
35 71 0
1 84 1
36 1 1
64 6 1
8 47 1
91 72 1
90 35 1
18 44 0
59 33 1
90 62 0
43 2 0
13 38 1
90 61 0
30 68 1
62 48 1
39 73 0
79 55 0
80 69 0
3 22 0
63 9 1
44 50 0
76 57 0
81 89 0
57 98 1
9 74 1
29 21 1
91 75 0
95 54 0
68 46 1
72 45 1
65 12 0
92 14 1
58 86 1
72 17 1
