100
15 54 0
18 46 0
64 52 1
30 20 0
97 55 0
38 17 1
82 97 0
67 56 1
57 69 0
62 30 1
99 22 1
28 85 1
5 43 0
32 8 0
91 98 1
98 24 0
40 81 1
7 14 0
54 53 0
31 12 1
10 94 1
7 11 0
77 90 1
45 6 0
71 73 1
3 82 1
36 4 0
93 19 1
13 51 0
52 71 0
39 83 1
87 59 1
66 80 0
59 38 1
9 62 0
97 49 1
34 86 0
58 18 1
72 60 0
71 76 1
68 67 0
53 74 1
41 15 1
47 64 0
16 34 0
85 68 0
14 5 1
51 7 1
60 32 1
99 10 0
78 45 1
73 77 0
3 91 1
7 48 1
94 63 1
33 65 0
80 13 1
92 23 0
8 44 1
11 95 1
62 99 1
86 79 1
26 72 1
35 88 1
22 75 1
74 3 0
99 92 1
44 1 0
62 35 1
42 70 1
59 40 0
94 47 1
65 31 0
29 78 0
19 50 0
8 42 1
75 2 0
76 16 1
50 84 0
22 61 1
81 89 0
37 29 0
43 41 1
20 66 1
95 58 0
27 26 0
83 96 0
66 21 0
69 87 1
61 100 1
49 93 1
47 25 1
90 28 0
96 36 0
66 27 0
30 39 1
70 33 0
70 57 1
4 37 0
