100
38 82 0
5 46 0
86 4 0
68 55 1
30 62 1
20 58 1
31 96 0
34 59 1
56 22 1
57 43 0
88 56 0
73 20 1
16 14 0
11 3 0
14 48 0
70 27 1
2 42 1
98 86 1
55 29 0
91 73 0
96 39 1
38 100 1
32 95 1
52 61 0
74 97 1
29 89 1
63 24 0
49 41 1
82 85 1
93 92 0
3 50 1
41 28 1
15 45 1
18 35 0
48 47 0
90 54 0
66 37 0
97 91 0
78 7 1
83 1 1
84 11 1
27 34 0
84 87 0
43 25 1
51 98 0
21 8 1
33 9 0
87 2 1
4 88 0
4 30 1
77 90 1
67 77 0
100 67 0
71 60 0
34 66 1
30 68 0
76 99 0
28 69 1
36 84 0
92 64 1
19 57 1
10 17 1
91 36 1
95 72 0
94 19 0
24 18 1
6 10 0
49 31 1
44 78 0
45 52 0
53 21 1
85 6 1
80 51 1
59 65 1
7 70 0
9 53 1
64 80 0
61 71 1
17 83 1
37 33 1
35 93 1
1 5 1
51 40 0
99 26 1
89 15 0
33 49 0
52 44 1
25 12 1
54 94 1
62 75 1
26 23 0
39 74 0
12 79 0
81 38 0
8 32 1
23 81 1
67 63 1
21 13 1
50 16 0
