100
84 40 1
10 91 1
26 80 0
84 72 0
42 39 1
93 61 0
2 30 0
86 8 0
51 100 1
89 97 0
48 71 0
14 54 1
22 76 0
94 84 0
95 81 1
8 27 1
54 89 0
21 5 1
39 82 0
36 52 0
77 50 1
7 37 1
63 10 0
56 4 1
87 35 0
92 64 0
37 2 0
8 58 0
93 23 0
13 90 1
55 51 0
18 1 0
40 99 1
13 41 1
53 78 1
64 46 1
18 56 0
29 15 0
7 42 0
78 20 0
16 7 1
93 48 0
48 31 1
98 94 1
76 86 1
100 43 0
63 47 1
19 14 0
65 19 1
13 49 1
40 38 0
46 79 0
18 11 0
4 98 0
1 74 0
27 16 0
85 32 0
76 70 0
63 66 0
72 44 1
57 77 0
31 68 0
94 62 0
15 13 1
43 57 1
20 22 1
64 96 1
93 17 0
79 26 1
80 34 1
95 60 0
27 12 1
89 29 1
39 69 0
89 75 0
13 53 0
21 59 0
69 55 1
67 85 1
77 25 1
87 28 0
15 6 1
57 24 0
10 92 1
57 3 0
24 73 0
31 87 0
43 33 1
23 88 0
31 45 0
29 36 1
51 9 1
60 93 1
16 21 0
71 83 0
38 95 1
87 63 1
29 67 1
34 65 0
