100
33 55 1
29 50 1
23 44 1
29 13 1
41 23 0
58 85 0
29 74 0
70 53 1
89 58 1
5 73 0
72 32 1
2 81 0
59 5 1
83 94 0
25 46 0
16 11 1
29 26 0
91 72 0
94 93 1
56 100 0
61 39 0
12 66 0
29 79 1
44 38 0
88 41 1
7 96 1
27 67 0
60 24 0
24 82 1
37 88 0
31 19 0
38 28 1
84 6 1
42 69 0
51 64 1
29 22 1
81 36 1
57 51 0
67 61 1
95 21 0
82 86 0
39 68 1
46 56 1
86 42 1
64 70 0
76 40 0
47 60 1
71 45 0
35 18 1
87 97 1
90 63 1
29 99 0
49 3 1
100 10 1
1 84 0
48 34 0
85 48 1
32 90 0
29 15 0
77 80 1
29 54 0
63 65 0
3 89 0
75 83 0
11 30 0
54 75 1
28 47 0
43 31 1
34 78 1
19 1 1
68 8 0
55 29 0
78 43 0
66 2 1
54 92 0
97 49 0
69 17 1
17 52 0
45 27 1
30 4 1
10 98 0
29 9 1
40 25 1
62 33 0
96 59 0
99 35 0
4 14 0
98 12 1
52 71 1
21 37 1
14 62 1
6 16 0
53 7 0
8 91 1
36 87 0
73 76 1
29 77 0
77 20 1
65 57 1
