1000
371 377 1
419 639 1
410 474 0
383 939 1
515 601 1
45 983 1
384 125 1
385 308 1
813 209 0
155 622 0
302 900 1
486 847 0
90 6 0
908 475 1
964 868 0
122 702 1
864 647 0
451 160 0
482 935 0
734 558 0
623 736 1
901 873 0
88 167 1
136 99 0
693 811 0
775 172 0
837 62 1
37 572 1
419 860 0
575 826 1
202 395 1
506 90 1
620 345 1
15 34 0
298 971 1
396 712 0
587 331 0
717 997 0
77 252 0
495 482 1
156 964 1
975 97 1
419 884 0
382 793 0
419 673 1
620 72 1
936 975 0
527 416 1
369 625 0
159 553 0
475 487 0
486 299 0
81 934 1
188 98 0
419 266 0
909 178 1
636 516 0
419 306 0
861 310 0
646 259 1
272 600 0
347 185 1
206 595 1
419 255 1
575 776 0
160 744 1
489 591 0
907 93 0
960 705 1
958 944 1
380 825 1
905 307 1
550 15 1
86 446 0
364 58 0
336 648 0
102 453 1
419 738 1
153 621 0
697 221 0
444 688 1
376 273 0
254 575 0
830 169 0
243 544 1
53 676 1
360 411 1
526 362 0
5 483 0
414 838 1
261 120 1
89 977 0
416 213 0
56 973 1
24 628 0
832 856 1
606 922 0
403 909 0
788 731 1
898 340 0
917 750 0
326 641 1
663 430 0
357 613 1
423 87 0
419 963 0
682 79 0
132 148 0
843 249 1
533 436 0
223 611 1
201 808 1
433 494 1
387 183 0
419 486 1
782 479 1
65 801 0
650 661 0
419 440 0
356 412 1
987 700 0
671 559 1
8 74 1
388 886 1
707 397 0
558 484 1
926 144 0
148 270 1
3 828 1
235 686 0
101 520 1
878 464 1
114 985 0
867 132 1
108 896 1
934 990 0
296 137 0
651 751 1
621 214 1
325 833 0
100 205 0
317 804 0
362 850 1
419 161 1
21 108 0
664 177 1
570 584 1
976 223 0
555 616 1
299 978 1
289 574 1
812 996 1
859 753 1
954 22 0
149 56 0
696 147 1
441 480 0
542 982 0
417 285 1
654 193 0
990 212 1
731 952 0
986 113 1
956 174 0
520 785 0
791 923 1
335 772 1
649 780 0
770 979 0
660 85 1
224 17 0
736 206 0
592 29 1
565 895 0
544 52 0
946 261 0
324 337 1
46 402 0
640 112 1
419 537 1
627 134 1
248 836 1
586 677 1
419 425 0
815 409 0
641 867 0
419 230 0
820 994 1
714 590 1
419 532 1
915 660 0
967 665 0
846 571 0
942 469 1
23 47 0
594 443 0
419 587 0
180 893 1
411 356 0
143 709 0
570 343 1
761 195 1
221 368 1
890 678 0
166 215 1
93 241 1
419 756 0
885 30 0
921 286 0
957 458 1
419 692 1
619 743 0
776 431 1
913 748 0
758 594 1
816 755 0
405 832 0
168 556 1
450 831 1
702 11 0
43 624 1
507 827 1
341 775 1
29 302 0
422 334 0
787 722 0
419 551 1
532 102 1
711 375 1
767 101 0
713 465 1
419 289 1
267 222 1
927 179 0
966 20 1
691 941 0
483 470 1
916 889 1
809 637 0
765 330 1
937 764 1
253 816 1
589 217 1
419 781 1
959 858 0
380 130 1
287 444 0
67 461 0
883 109 0
199 188 1
624 322 0
503 66 1
726 614 0
25 55 1
1000 304 0
150 947 0
255 854 0
455 880 1
288 278 1
662 656 0
276 845 0
420 168 0
18 848 0
419 53 1
419 280 1
319 925 1
656 605 1
792 581 1
501 916 0
203 70 0
419 681 0
751 609 0
790 635 0
572 596 0
377 874 0
378 293 1
200 84 1
50 295 1
900 791 0
943 346 0
647 802 1
498 321 0
233 376 1
668 820 0
251 349 1
415 3 0
409 619 1
117 226 0
479 730 0
795 384 0
614 247 1
274 696 0
87 24 1
749 890 1
320 976 1
194 767 1
855 121 0
419 262 0
888 839 0
419 514 1
303 371 0
438 68 0
264 253 0
240 363 0
419 522 0
170 122 0
637 451 1
945 107 0
76 237 0
579 40 1
316 863 1
64 715 0
419 158 1
779 926 1
739 685 1
814 646 0
685 492 0
257 664 1
841 151 0
537 849 0
827 894 0
970 396 1
657 114 1
800 857 0
211 585 0
600 822 1
137 667 1
419 728 0
993 727 0
628 153 1
321 264 1
873 806 1
721 683 0
622 415 1
460 713 0
52 336 1
716 841 1
895 940 1
83 287 1
648 535 1
71 407 0
608 911 1
131 866 0
419 49 0
372 276 1
748 981 1
245 256 0
743 394 1
610 317 1
419 563 0
543 33 1
227 668 1
419 300 0
554 684 1
172 510 1
772 671 0
147 204 0
629 525 0
811 441 1
85 509 0
437 406 1
419 418 1
870 599 0
477 921 1
419 80 0
935 501 1
2 438 1
930 476 1
891 918 0
246 569 0
419 421 1
889 511 0
465 110 0
785 478 1
863 50 0
53 457 1
887 761 0
847 96 0
68 932 1
968 883 1
928 988 0
419 989 1
419 104 0
54 51 0
745 88 0
804 834 1
470 527 0
780 577 1
27 208 0
569 948 1
391 61 1
84 16 0
618 720 1
395 481 0
828 824 0
597 119 0
576 466 1
999 140 1
469 937 0
859 652 1
616 602 0
918 633 1
419 564 1
983 765 0
443 497 1
461 398 1
290 316 0
733 369 1
948 187 0
803 592 0
419 490 1
559 390 0
446 27 1
382 7 0
464 778 0
33 456 0
439 154 1
626 749 0
186 181 0
687 799 0
500 762 0
145 227 0
831 239 0
727 163 1
766 65 1
998 530 0
259 335 0
406 897 0
75 405 1
412 462 0
16 773 1
402 234 1
151 769 1
26 281 0
379 313 1
590 25 0
822 555 0
118 180 0
524 929 1
769 142 0
295 347 0
630 872 1
553 784 1
488 649 1
73 972 0
982 48 0
232 228 0
547 607 1
834 966 0
472 448 1
996 840 0
374 770 1
419 949 1
882 211 1
146 570 1
322 117 1
759 156 0
397 901 1
856 277 0
777 45 0
35 12 0
875 529 0
776 805 1
538 533 1
599 959 1
984 327 1
848 809 1
427 512 1
210 86 1
467 428 1
511 292 1
866 953 1
729 197 0
242 846 1
523 499 1
974 852 0
419 823 1
1 73 1
690 987 1
491 36 0
277 373 1
880 463 0
176 190 0
334 946 1
127 789 0
597 655 1
965 674 1
653 612 0
63 758 0
458 651 0
424 969 0
982 146 0
59 381 0
605 319 0
645 105 0
361 830 1
419 496 1
715 732 1
419 542 0
674 957 0
419 201 1
494 733 0
128 965 0
473 754 1
896 774 0
951 165 0
953 554 0
57 578 0
350 807 0
294 216 1
922 424 1
185 75 0
4 138 1
190 57 1
919 528 1
142 505 1
719 91 1
111 275 0
961 954 1
709 403 1
419 318 0
22 951 1
333 515 0
516 459 1
328 718 1
112 878 0
537 568 0
436 268 1
121 279 1
380 502 0
865 869 0
314 666 0
269 672 0
198 606 1
706 235 1
735 2 0
876 723 1
355 861 1
609 725 1
281 993 1
260 955 1
952 814 1
474 790 1
41 379 0
764 640 0
858 460 1
741 410 1
428 388 0
344 23 1
182 341 0
19 198 0
747 798 1
971 757 0
911 961 0
278 392 0
703 636 1
612 708 1
400 888 1
204 927 1
694 524 0
539 240 1
138 782 0
578 54 1
297 543 0
419 560 0
419 787 1
672 795 1
833 282 1
9 46 1
931 844 0
762 924 1
536 400 0
661 325 1
643 82 1
163 305 0
239 315 1
708 129 0
879 910 1
174 350 1
836 92 0
419 706 0
219 370 1
923 942 0
310 815 1
463 333 1
910 837 0
299 682 1
17 170 1
47 192 1
893 747 0
419 339 0
531 1 0
217 472 0
228 314 1
688 658 0
529 877 1
241 263 0
801 967 1
988 956 1
877 454 0
950 182 1
271 19 1
419 545 1
351 348 0
110 491 1
419 309 1
134 427 0
141 493 1
704 851 1
799 691 1
513 426 0
974 399 0
181 489 1
508 654 1
358 434 0
404 372 0
218 251 0
546 726 1
430 721 1
752 552 0
116 106 1
247 618 0
985 364 1
974 534 0
311 374 0
541 133 0
419 225 1
478 378 0
521 930 0
12 442 1
484 353 0
732 477 0
724 919 1
368 329 0
847 139 1
346 64 1
796 980 1
61 627 0
373 986 0
807 588 1
557 265 1
655 359 1
556 354 0
868 794 1
58 131 1
598 236 0
419 561 0
755 752 1
419 580 1
20 760 0
459 506 0
419 792 1
250 393 0
283 435 0
144 229 1
583 920 1
183 118 1
419 126 1
797 899 1
872 344 0
510 210 0
157 662 1
635 429 1
419 1000 0
257 689 0
677 298 0
105 127 1
238 818 0
299 380 0
330 623 0
802 739 0
947 697 1
669 885 1
773 914 0
972 303 1
205 931 1
712 111 1
285 882 0
419 810 0
109 768 1
327 194 0
969 159 1
419 38 1
925 164 0
212 383 0
419 642 1
419 413 1
401 766 0
793 604 1
381 143 1
518 365 1
419 680 0
167 550 0
746 422 1
633 233 0
978 342 1
620 679 0
448 539 0
189 699 0
754 589 0
509 904 1
305 912 1
615 742 0
577 467 0
10 669 0
683 740 1
481 913 1
318 366 0
78 557 0
393 870 1
308 242 0
207 67 1
244 78 1
192 360 0
742 500 1
419 644 1
229 69 0
120 879 0
215 582 0
492 536 1
175 152 0
903 432 0
419 284 0
367 269 1
789 28 1
808 103 1
517 741 0
273 701 1
312 864 1
152 238 1
216 608 0
784 958 0
222 243 0
493 419 0
349 538 0
874 670 1
530 729 1
955 367 0
535 361 0
419 507 0
301 21 1
718 355 0
505 950 0
449 9 0
115 902 0
256 155 1
476 447 0
258 735 1
123 420 1
315 171 0
353 615 1
840 917 1
236 31 0
392 562 1
382 800 1
338 586 0
299 853 1
924 267 0
323 224 1
585 272 1
293 452 0
419 698 0
375 473 0
462 311 1
291 650 1
419 94 0
466 260 0
839 18 1
842 8 0
595 716 0
794 116 0
778 149 1
504 297 1
419 724 0
838 812 0
871 186 1
419 710 1
348 41 1
69 39 1
171 13 1
902 274 1
268 871 0
684 437 0
573 320 0
617 547 0
567 312 0
949 44 0
354 653 1
165 283 1
824 855 1
548 203 1
195 829 0
434 928 1
452 842 1
571 945 1
92 290 1
419 819 0
980 786 0
439 675 0
292 385 0
760 35 1
419 597 0
419 892 0
275 777 1
787 962 0
419 632 1
11 835 1
881 970 0
263 296 1
829 128 1
125 207 0
897 423 1
991 250 1
584 995 1
999 439 0
95 59 1
602 821 1
892 162 1
744 433 0
854 629 0
725 523 0
591 404 1
783 95 0
357 485 1
886 508 0
552 246 1
666 468 1
419 620 1
806 288 0
862 417 0
499 37 0
932 704 0
442 445 0
337 690 0
178 763 0
512 746 0
730 903 1
699 898 1
154 184 1
845 745 1
827 519 1
179 387 1
419 332 1
944 714 0
74 876 0
435 626 1
187 351 1
28 43 0
226 526 1
445 915 1
468 504 0
419 71 0
426 759 1
528 593 0
941 617 1
419 382 0
249 414 0
940 546 0
979 881 1
34 196 1
601 450 0
419 60 0
575 905 1
394 630 0
582 771 1
486 960 1
899 906 0
480 498 1
419 408 1
995 813 0
596 933 1
658 218 1
994 991 0
213 687 1
457 76 1
844 803 1
340 175 1
852 659 0
850 124 0
193 232 1
487 565 1
720 583 0
197 862 1
70 663 1
370 173 0
36 645 1
129 5 1
6 358 1
124 63 1
471 115 1
252 783 1
282 328 0
419 257 1
852 695 1
99 401 1
119 135 1
429 643 0
763 573 1
798 248 0
133 531 1
40 495 0
667 992 0
818 245 1
329 734 1
113 711 0
723 4 0
634 717 1
419 974 0
904 391 0
701 579 0
51 150 1
728 357 0
107 707 1
419 865 0
270 703 0
106 157 0
390 100 1
808 603 1
97 503 0
678 176 1
234 219 0
933 123 0
588 488 0
607 576 0
625 189 1
164 338 1
981 83 0
419 631 1
906 77 1
432 513 1
447 145 1
363 875 1
973 843 0
665 541 1
431 737 0
191 657 0
265 455 0
456 693 1
632 566 0
214 323 0
454 389 1
851 324 0
562 202 0
419 220 1
286 10 1
912 301 0
774 521 1
30 998 1
808 540 0
682 42 0
419 386 0
389 968 0
920 779 0
196 471 0
398 719 0
992 887 1
279 984 0
740 788 0
66 610 0
771 199 0
997 907 1
865 32 0
914 517 1
254 352 0
98 26 1
700 936 1
208 567 1
13 141 0
7 518 1
91 81 0
786 89 1
55 548 0
146 859 1
757 449 1
497 797 0
611 634 0
419 254 0
977 694 1
169 943 1
939 294 0
419 938 1
419 638 0
750 891 1
313 271 0
39 291 0
768 200 0
419 14 0
173 136 1
670 166 0
960 598 0
62 326 0
534 231 1
419 999 0
82 796 0
929 908 0
821 244 0
680 549 1
584 817 0
835 258 0
