1000
934 483 1
165 103 0
277 25 1
544 877 1
961 68 1
79 800 1
544 405 0
279 229 0
373 65 1
724 438 1
568 101 1
544 801 1
282 864 0
261 979 1
544 727 0
541 829 0
172 949 1
544 456 1
488 178 1
431 521 0
446 286 0
649 506 0
226 156 1
793 832 1
209 632 1
618 87 0
936 888 1
544 7 0
902 590 0
75 941 0
305 612 0
310 22 1
566 967 0
993 717 0
730 871 1
62 959 1
726 301 0
64 771 1
886 807 0
67 298 0
914 415 1
460 630 1
134 911 1
816 67 1
96 889 0
939 424 0
26 375 1
376 205 0
828 271 1
681 881 1
481 393 1
973 915 1
544 3 1
518 124 1
339 635 0
731 874 0
409 573 1
644 713 1
653 433 0
544 233 0
682 24 0
544 876 0
620 999 1
741 501 0
421 323 1
484 223 0
544 677 0
720 578 1
544 912 0
980 538 0
636 743 0
655 249 1
544 434 0
851 417 0
844 763 1
260 389 1
544 733 0
648 523 0
594 476 0
54 119 0
572 972 1
742 655 0
986 894 1
646 474 1
544 182 1
544 496 1
152 200 0
840 518 0
143 83 0
346 458 0
419 362 1
678 653 1
706 998 1
862 661 0
206 164 0
497 316 0
345 564 1
700 963 1
581 98 1
544 580 0
910 404 0
677 674 1
156 961 0
288 985 1
501 470 1
162 813 1
210 641 0
12 432 1
647 841 1
911 882 0
230 515 1
139 844 0
818 34 1
629 363 1
547 475 1
333 120 0
317 38 0
315 633 1
71 116 0
746 828 0
476 707 1
691 628 1
841 95 0
675 701 0
474 343 0
858 531 1
399 272 0
544 627 0
897 579 1
404 126 1
954 206 1
867 348 1
962 220 1
90 290 0
971 315 0
950 235 1
466 899 0
189 522 0
57 296 0
391 1000 1
179 313 1
546 222 0
544 785 1
806 552 0
59 840 1
482 1 0
815 420 0
753 755 0
154 110 1
218 777 0
941 824 1
544 188 1
426 685 1
345 328 0
557 17 1
158 284 1
83 465 1
551 353 1
969 716 0
532 9 0
528 610 1
663 668 1
190 784 1
728 770 0
949 865 0
782 231 0
311 331 0
539 884 1
164 533 1
938 407 0
544 666 0
80 204 1
363 652 0
778 500 0
375 947 0
955 543 1
821 778 1
101 13 0
732 842 1
888 485 1
918 258 0
906 337 1
423 827 1
239 79 0
898 730 0
544 5 0
378 974 0
223 224 1
128 495 1
544 379 0
353 944 0
573 953 0
534 656 0
416 802 1
996 977 1
4 868 1
765 906 0
343 748 0
937 913 1
140 614 1
646 929 1
624 74 1
529 710 1
184 152 1
449 900 0
960 676 0
349 378 1
268 686 1
370 138 1
759 448 0
781 808 0
29 279 1
515 839 0
608 384 0
137 719 0
544 754 0
873 806 1
597 901 0
299 208 1
919 642 1
679 84 0
837 572 0
338 227 0
352 199 0
904 155 1
111 910 1
324 954 0
418 804 0
936 648 0
578 128 0
472 168 1
544 317 1
514 553 1
615 621 0
367 818 0
544 459 0
544 984 1
797 240 1
273 960 1
595 769 0
6 510 0
411 344 0
789 422 1
843 449 1
238 189 1
276 645 1
10 304 1
153 90 1
28 293 0
296 567 1
513 314 0
901 636 1
382 108 0
300 104 1
461 667 0
687 193 0
654 491 0
943 932 1
846 971 1
683 892 0
317 37 0
544 145 0
113 851 1
544 509 0
738 443 1
987 143 1
63 285 1
267 85 1
127 978 0
524 983 0
760 918 1
544 796 0
414 620 0
977 48 0
88 263 0
98 672 0
481 691 0
928 416 0
367 938 1
775 715 1
178 834 0
905 387 0
327 439 1
964 440 0
642 680 0
483 419 0
872 566 1
278 658 0
718 356 1
707 629 0
890 765 1
544 860 1
871 408 0
415 467 0
896 370 0
668 134 0
648 244 1
710 596 0
320 695 1
756 357 1
58 681 0
198 487 1
330 738 0
388 845 0
776 624 0
117 639 1
3 499 0
667 191 1
99 693 0
216 63 0
544 377 1
429 768 1
823 503 1
544 737 0
257 987 0
903 875 0
787 970 1
927 336 0
194 167 0
405 861 0
486 321 1
270 452 1
33 772 0
24 819 1
695 198 0
495 526 0
18 260 0
845 16 1
544 215 0
857 226 0
157 30 0
227 869 1
442 159 0
254 516 0
452 783 0
673 581 0
617 401 0
800 80 0
141 171 1
235 605 0
729 158 0
611 520 0
424 163 1
544 211 0
544 530 0
380 232 1
281 216 1
383 107 0
272 728 1
970 986 0
1 803 1
11 662 1
544 534 0
420 742 1
521 759 1
255 154 0
512 64 0
538 729 1
401 665 1
957 100 0
931 153 0
204 797 0
354 346 1
881 706 0
956 988 0
123 709 0
344 203 1
465 114 0
757 299 0
400 302 0
792 917 1
175 275 1
274 604 0
200 339 1
948 594 1
271 77 0
848 497 1
73 815 1
544 142 1
880 395 0
658 431 1
875 173 1
56 640 1
544 46 0
544 976 1
705 704 1
402 616 1
493 615 1
464 246 0
719 809 1
287 382 1
193 135 1
544 237 1
603 117 0
643 125 0
826 264 0
805 591 0
171 11 0
266 991 0
697 618 1
253 180 0
803 121 0
913 179 0
91 781 1
544 945 0
396 489 0
544 53 1
677 862 1
540 430 0
929 365 0
536 338 1
351 849 1
909 687 1
703 274 1
337 300 0
519 469 1
924 957 1
357 329 0
132 563 1
544 791 0
889 603 1
112 934 0
228 722 0
699 886 1
544 392 0
360 335 0
464 350 1
54 994 0
882 202 1
229 788 1
231 410 1
544 593 0
323 131 0
505 547 0
799 626 1
84 524 1
544 671 1
587 852 1
946 386 0
544 367 0
693 638 1
852 790 0
892 383 1
855 782 1
203 295 0
491 939 1
809 846 0
440 55 1
544 429 0
292 940 0
635 870 1
298 360 1
645 10 0
785 968 0
632 897 0
533 529 0
213 51 0
884 230 0
109 776 1
443 542 0
122 602 0
637 826 1
544 464 0
362 162 0
131 123 1
348 256 0
425 72 1
574 711 1
313 920 0
494 106 0
264 817 1
40 981 0
387 92 1
838 44 0
290 838 1
124 468 0
669 823 0
136 62 0
920 149 1
725 682 1
412 675 1
410 536 0
444 6 1
652 318 1
544 569 1
544 127 0
225 190 0
856 587 0
240 907 0
947 130 1
355 252 0
751 425 0
894 52 0
389 843 0
771 650 0
342 922 1
176 195 1
295 896 1
222 255 1
41 320 0
963 140 0
471 455 1
241 990 0
366 598 1
596 225 1
801 403 1
544 446 0
979 586 0
650 548 1
544 242 0
220 109 0
876 267 1
926 585 1
65 853 0
510 27 1
544 453 0
394 490 1
671 584 0
81 969 1
108 856 1
243 660 1
942 625 1
935 574 0
930 887 1
982 794 0
188 217 1
127 822 1
721 330 1
417 324 1
74 992 0
680 376 1
664 462 0
469 12 0
562 837 1
544 277 0
670 457 1
599 703 0
439 374 0
224 368 0
103 683 1
983 414 1
916 58 1
430 257 1
967 247 1
262 504 1
168 81 0
711 867 0
544 952 0
576 644 0
768 60 0
374 740 1
250 355 1
834 194 1
105 732 0
336 399 1
544 14 1
301 241 1
485 780 1
356 409 0
544 736 0
544 739 1
317 481 1
853 28 1
544 381 0
308 207 0
553 688 0
93 735 1
544 714 1
38 177 1
774 303 1
214 139 1
322 595 1
502 447 1
369 442 1
908 673 1
506 513 1
870 919 0
94 812 0
994 883 1
808 71 1
544 814 0
307 57 1
836 926 0
772 441 1
824 663 0
341 445 0
151 122 1
359 583 0
571 545 0
259 592 0
130 821 0
31 863 1
116 136 1
435 554 0
236 31 0
434 480 0
385 634 1
48 928 1
55 56 0
302 923 1
212 494 1
247 850 0
544 831 1
591 133 1
432 373 0
291 786 0
347 753 1
325 532 1
825 835 0
335 556 1
817 885 0
704 281 0
229 86 1
544 332 1
612 857 1
297 751 1
492 21 1
38 511 0
72 73 0
747 601 1
473 183 0
810 858 0
17 59 0
92 647 0
115 942 0
119 174 1
997 750 1
13 406 1
458 712 1
217 965 0
985 151 0
331 698 1
256 76 1
998 570 0
221 664 1
47 248 0
249 486 0
520 157 1
252 161 1
723 559 1
544 646 1
544 577 0
544 847 1
544 49 0
900 836 1
507 747 0
35 36 0
446 144 0
517 565 0
166 488 0
933 723 0
69 146 1
830 96 1
923 539 0
621 810 1
52 20 1
180 239 1
185 340 0
544 210 0
205 94 1
1000 697 0
922 172 0
558 259 1
831 606 0
701 482 1
552 741 1
893 394 0
53 450 0
121 266 1
665 361 0
544 437 1
604 478 1
127 936 1
329 228 1
126 364 0
104 718 0
544 129 1
544 471 0
267 955 1
361 690 1
5 170 0
868 423 0
319 878 1
798 608 1
544 8 1
161 799 0
544 54 0
321 371 0
478 514 0
766 793 0
984 525 1
120 388 1
304 4 0
234 426 0
589 105 1
167 507 1
544 345 1
312 898 1
988 805 1
542 466 1
385 779 0
626 914 0
54 921 1
78 560 0
398 946 1
368 571 1
672 236 1
499 396 0
457 214 0
633 493 0
447 519 0
842 745 0
183 964 1
173 472 0
698 916 0
770 866 1
422 176 0
544 622 0
448 201 1
839 269 1
471 148 1
717 326 1
254 825 0
631 950 0
462 995 1
609 535 0
887 725 0
284 891 0
812 33 1
749 91 0
316 308 1
303 366 0
899 185 1
917 502 0
925 816 0
181 352 1
560 607 1
100 749 1
372 811 0
45 613 1
994 427 0
874 766 1
61 327 0
559 678 0
619 262 0
556 181 0
639 568 0
192 186 1
229 762 0
544 70 1
601 398 0
640 250 0
630 342 0
677 402 0
44 291 1
685 975 0
169 166 1
544 385 1
583 927 1
544 958 0
696 473 1
21 347 0
991 19 1
207 895 1
794 245 1
144 102 0
651 872 0
526 372 1
22 113 0
544 764 1
294 855 0
537 528 0
36 75 1
199 498 1
146 310 0
481 283 1
265 15 1
613 670 0
251 184 0
76 721 0
567 89 0
97 243 0
953 903 1
195 354 0
951 311 1
160 82 0
263 925 1
408 253 1
783 982 1
570 428 1
201 421 0
468 160 1
186 550 0
544 609 0
544 358 0
827 996 0
544 454 1
689 696 0
334 893 1
544 218 0
995 908 0
863 93 0
713 924 0
684 951 0
819 118 0
232 948 0
775 989 1
716 619 1
554 18 1
82 854 1
790 292 1
579 492 0
89 41 1
77 669 1
625 187 0
811 505 1
544 761 0
197 993 1
807 137 1
54 859 0
590 66 1
500 631 1
16 767 0
138 930 0
854 562 0
614 287 0
503 830 0
258 757 1
133 270 0
490 848 0
163 904 0
159 905 1
544 397 1
475 273 0
660 23 0
966 115 1
866 699 0
907 746 1
750 276 0
990 78 1
975 546 1
155 582 0
820 597 1
20 319 0
981 282 1
769 980 1
833 307 0
467 294 1
68 997 0
191 760 0
248 305 1
406 69 0
544 219 0
740 463 0
864 88 1
544 289 1
340 643 1
504 132 0
656 413 0
110 798 0
428 351 0
544 657 1
364 512 1
659 551 0
878 209 0
865 400 1
804 484 1
544 254 0
544 773 0
343 879 1
708 557 0
690 756 0
95 359 1
202 555 0
850 731 1
585 873 0
318 966 0
23 47 1
275 312 0
743 561 1
522 758 1
976 549 1
802 169 0
531 734 0
463 541 1
686 588 0
767 692 1
763 369 0
582 43 1
544 341 0
735 288 0
208 412 0
940 150 1
433 679 1
548 589 0
479 26 0
555 278 1
269 637 0
498 752 0
588 689 1
999 444 0
610 774 0
15 943 0
107 2 1
885 35 1
470 111 0
436 935 1
734 234 1
784 451 0
9 40 1
605 537 1
832 909 0
451 708 1
544 575 1
895 787 0
285 558 0
527 192 0
586 617 1
525 42 0
944 435 1
149 792 0
32 380 0
598 197 0
607 334 0
712 694 0
709 461 1
314 32 1
563 705 0
326 962 0
19 325 0
561 265 0
51 309 1
829 540 1
592 50 1
2 221 0
972 297 0
932 544 0
508 937 0
30 651 1
722 599 1
87 933 1
752 902 1
545 112 1
891 623 1
544 29 1
125 659 1
544 600 1
332 306 0
634 744 0
118 165 1
959 212 0
623 268 0
544 39 1
602 213 1
386 418 1
692 322 0
786 411 1
135 700 0
487 141 0
27 724 0
676 527 1
371 684 1
974 576 1
849 720 0
441 147 0
638 460 0
293 251 1
544 517 0
384 508 1
992 649 1
755 333 1
662 820 0
114 654 1
813 45 0
745 61 1
29 973 0
544 880 1
43 789 0
150 238 0
106 99 1
280 956 1
187 97 1
544 477 0
656 702 0
869 261 0
758 391 0
694 931 1
464 390 0
147 611 1
245 175 0
405 196 1
309 890 0
550 726 1
66 436 0
544 795 0
544 775 0
438 349 0
50 280 0
688 833 1
