91
-294 296
-159 94
597 97
130 -693
293 -743
107 115
-103 937
629 323
690 -644
346 -703
-498 -812
-870 -692
134 315
-274 4
-841 89
-828 -857
-94 982
662 400
185 -5
-108 -999
-644 -883
404 252
-320 127
-508 -495
-269 99
-923 -288
806 -885
543 64
579 614
-474 19
109 712
415 501
-430 -491
997 -104
-246 523
-377 654
-53 -239
-529 384
88 -445
149 273
845 902
573 -486
328 440
680 516
403 -200
443 620
935 872
-373 -742
-45 517
-524 371
-651 -74
322 -721
672 -65
826 -111
-418 -837
-224 -214
691 27
37 -431
985 800
-477 997
-33 -687
-884 -48
-555 50
-954 786
772 -400
436 -273
-326 -673
774 795
-150 67
-632 -61
-938 55
312 262
-642 50
-319 426
-484 109
-666 663
50 -299
653 629
991 -946
937 -356
496 -854
-710 494
169 -814
357 100
980 786
-387 -373
-525 -544
-432 -488
-207 -76
-748 -143
-807 -936
