253
873 -276
189 -949
608 914
-847 -195
679 642
-847 -33
-205 -864
-296 267
-773 -465
146 704
161 735
-548 172
289 470
-185 378
47 596
-418 -979
770 -825
-908 -352
-679 709
162 298
590 -205
943 -483
-9 -266
995 -955
919 315
273 342
-634 905
-519 761
-148 -565
789 -644
352 780
-483 -743
513 851
-566 -156
-642 -522
-825 787
204 254
819 -268
-657 -188
618 377
428 209
24 303
67 -874
-64 993
-806 -370
331 -693
353 -708
195 -565
458 617
262 356
61 -94
40 66
-124 -986
-170 174
-336 861
-48 450
997 -170
-487 807
-983 -194
-42 970
-181 -468
-871 -783
827 154
-491 862
56 462
574 -827
-560 19
954 -847
-183 461
682 155
33 -287
491 658
388 -753
574 419
105 469
363 -985
886 -895
137 -915
-431 -63
349 -585
738 -204
512 -160
896 -196
-307 -698
942 -583
-470 -320
693 254
-55 514
778 241
237 33
698 325
-792 -628
868 -365
-258 723
998 -548
60 152
497 893
-545 -801
-468 -119
-71 -379
-169 234
-212 -67
147 113
744 613
856 -282
687 707
830 741
-973 -926
653 133
416 921
-787 155
-996 768
144 -143
870 -895
471 67
231 339
-335 415
-141 604
-563 668
-906 -914
-89 -868
-966 397
14 329
86 970
926 -751
918 -122
202 -78
565 215
-35 935
-350 957
826 506
550 412
423 385
-202 423
-890 594
675 -161
-216 -435
937 96
201 817
968 205
-334 -801
-350 247
201 673
-357 -33
-730 -56
-647 515
762 -619
-455 592
-455 751
-348 674
770 -593
460 -124
913 745
-594 308
591 -800
-263 297
961 213
480 -462
242 437
941 -336
870 914
-160 -397
-268 393
-606 -391
137 -480
42 -793
-136 786
-259 -426
470 878
796 -22
-261 -840
-414 -286
35 -428
145 -625
-529 906
-911 861
-223 -282
12 336
558 -793
-381 628
119 -700
-470 386
-484 515
3 310
71 -520
560 494
540 -660
-732 807
-852 456
743 -757
-221 598
-837 36
-334 -394
575 -997
34 -505
862 -809
871 -240
967 529
242 -430
-460 -902
255 388
127 67
306 169
-308 -925
362 609
-563 385
-952 321
955 476
880 110
187 -157
-833 -963
506 -489
948 689
-112 724
998 919
-900 33
-102 91
983 -770
670 -219
172 932
-385 -257
297 831
-998 667
218 -438
-792 199
851 -322
-573 -868
-31 345
37 -649
127 709
-439 790
-176 706
-358 603
121 -175
-264 -868
-835 799
263 -371
506 -378
784 -404
856 562
-612 -888
-645 247
-297 -247
779 461
931 -688
687 -378
-939 -879
725 401
757 -666
-111 896
498 971
-57 -879
197 -597
