946
0 -1677
0 6109
0 -4439
0 3209
0 988
0 -8705
0 -9920
0 192
0 876
0 2773
0 -8249
0 -9420
0 5921
0 -2733
0 4037
0 661
0 2969
0 9249
0 3865
0 5448
0 6653
0 2699
0 -8931
0 -3941
0 -9899
0 -477
0 7268
0 3057
0 -7776
0 5988
0 -2319
0 -3739
0 -5555
0 4472
0 3739
0 -7457
0 -3430
0 -1084
0 -218
0 1779
0 -8431
0 -1269
0 8133
0 -2726
0 -5355
0 -8997
0 3795
0 -9013
0 -8768
0 3347
0 8012
0 3688
0 -6237
0 -3751
0 8959
0 4378
0 -8618
0 -4590
0 5756
0 8072
0 -6722
0 -1785
0 -7557
0 9253
0 -6810
0 6784
0 -3650
0 -1907
0 -8470
0 3829
0 3452
0 -2133
0 -3796
0 -6876
0 -7798
0 -8540
0 8360
0 3752
0 -4350
0 5144
0 -3886
0 4248
0 -1731
0 6490
0 65
0 4107
0 -8866
0 3702
0 3506
0 5853
0 -8916
0 3224
0 -6215
0 -5654
0 -396
0 2318
0 -7895
0 9023
0 3413
0 -994
0 -9778
0 6754
0 8818
0 -3270
0 8390
0 -4793
0 1216
0 3431
0 4199
0 -4376
0 -4383
0 4507
0 9301
0 -1843
0 9320
0 -1810
0 9001
0 -75
0 -338
0 -5399
0 -8908
0 -1646
0 -5990
0 1916
0 -513
0 4178
0 -9982
0 -8143
0 -394
0 -1387
0 -2918
0 7449
0 4638
0 1421
0 -4648
0 -5779
0 9155
0 9810
0 3438
0 477
0 7473
0 4184
0 -1726
0 2933
0 -1537
0 2896
0 -8046
0 6870
0 -3057
0 5901
0 4170
0 -1158
0 -7878
0 9836
0 3035
0 586
0 5912
0 9441
0 2404
0 8994
0 2394
0 -3499
0 8436
0 9067
0 -1591
0 7139
0 5351
0 1344
0 2640
0 6397
0 -9202
0 8657
0 -2878
0 -12
0 -2023
0 -4258
0 2174
0 -4531
0 -1236
0 -8475
0 -6205
0 -4237
0 -6538
0 -3360
0 4101
0 895
0 6559
0 7586
0 6918
0 9088
0 8190
0 -5849
0 7037
0 -661
0 6043
0 -6182
0 371
0 -5863
0 6288
0 1963
0 -869
0 6140
0 -2514
0 4880
0 -8473
0 -5310
0 4421
0 2884
0 4569
0 -3462
0 3342
0 -8763
0 -6859
0 788
0 4430
0 3575
0 8645
0 8392
0 8273
0 3005
0 979
0 9904
0 -2565
0 5044
0 2794
0 7557
0 6583
0 -6119
0 7379
0 -6079
0 -1592
0 -9816
0 7935
0 8589
0 -257
0 -152
0 -1466
0 5940
0 2885
0 -2089
0 8881
0 6793
0 4565
0 -2643
0 2277
0 7896
0 -2170
0 8046
0 -4798
0 -4775
0 3331
0 7989
0 8339
0 -769
0 3675
0 -1680
0 -9598
0 6910
0 -9725
0 3295
0 1696
0 -1545
0 4025
0 6757
0 2149
0 -5734
0 2611
0 -87
0 -6289
0 8111
0 493
0 -2583
0 8289
0 4315
0 8080
0 5698
0 -1864
0 4893
0 -3702
0 -2683
0 9901
0 -8491
0 8383
0 4127
0 -1323
0 -7056
0 9935
0 -6491
0 -6562
0 3115
0 -6806
0 625
0 -7224
0 3639
0 -9635
0 4824
0 1599
0 6366
0 4636
0 -9515
0 -822
0 6355
0 -8397
0 632
0 7955
0 5472
0 9908
0 5806
0 -2432
0 -1993
0 2752
0 975
0 -1436
0 1483
0 6328
0 7532
0 -7167
0 -5306
0 -5760
0 -8624
0 -6090
0 483
0 5667
0 -5477
0 -8398
0 -2116
0 5233
0 1632
0 5313
0 -7473
0 2243
0 5170
0 -7850
0 6400
0 -1372
0 3397
0 3830
0 575
0 -7735
0 -7203
0 -6472
0 -4109
0 4600
0 -6824
0 -8469
0 -2328
0 -3814
0 -9660
0 2354
0 6662
0 -9336
0 3192
0 -3129
0 4285
0 4290
0 -9286
0 9181
0 -3976
0 -8267
0 3528
0 -2018
0 -4879
0 9772
0 -9323
0 8721
0 -4547
0 -2382
0 2151
0 8260
0 -7423
0 -6440
0 883
0 -1689
0 9963
0 -402
0 -5684
0 6190
0 8938
0 -8482
0 3360
0 -8160
0 4849
0 4981
0 -5906
0 2674
0 -6586
0 6220
0 -9059
0 6238
0 432
0 -397
0 -4882
0 7726
0 4236
0 -6935
0 4463
0 2270
0 7546
0 -4546
0 9950
0 -1050
0 7120
0 1881
0 -7641
0 -434
0 -8371
0 -5454
0 8321
0 -6240
0 -6531
0 3698
0 1978
0 5960
0 -5882
0 1291
0 -9812
0 1496
0 7209
0 -7003
0 -9262
0 5709
0 9231
0 3670
0 8738
0 8861
0 8144
0 -3829
0 -4362
0 -9429
0 781
0 -947
0 -7345
0 -7090
0 6052
0 -2842
0 -3502
0 -4479
0 -9739
0 5947
0 4295
0 1316
0 -9082
0 -4980
0 -1882
0 -3929
0 -6245
0 7637
0 4091
0 7749
0 8358
0 9551
0 9381
0 -555
0 -4782
0 1929
0 7625
0 8495
0 -1832
0 -364
0 1113
0 -6907
0 2413
0 -8996
0 -8972
0 1055
0 6384
0 -2640
0 7243
0 4852
0 5816
0 7571
0 9446
0 5242
0 9759
0 -8722
0 4245
0 -2131
0 4253
0 7622
0 5114
0 -1720
0 970
0 -1470
0 -5814
0 9142
0 6279
0 2037
0 3707
0 8150
0 5898
0 -8350
0 8517
0 2563
0 1745
0 1565
0 8137
0 9319
0 -3018
0 -9827
0 4061
0 6760
0 -9679
0 1675
0 -6687
0 -4227
0 9020
0 -3140
0 6774
0 4306
0 1459
0 2284
0 8551
0 -7379
0 -8102
0 4005
0 8909
0 -1492
0 -7155
0 -3964
0 -8828
0 4974
0 -3407
0 -7693
0 9585
0 -837
0 864
0 -4488
0 7482
0 -6396
0 7956
0 -6964
0 -2528
0 1437
0 -8377
0 -5865
0 2756
0 -2657
0 -1250
0 5678
0 -6597
0 793
0 -8133
0 5079
0 9396
0 4035
0 8550
0 3783
0 -5880
0 -8384
0 -1467
0 8079
0 -3157
0 -5805
0 -7364
0 8374
0 950
0 -2180
0 3516
0 2776
0 8840
0 -1373
0 2195
0 -4018
0 -8204
0 1047
0 1035
0 3669
0 2207
0 400
0 8107
0 1946
0 5595
0 -4961
0 -741
0 8679
0 -3616
0 -2762
0 -9212
0 -5986
0 -8312
0 -6493
0 3156
0 8457
0 1966
0 8006
0 -955
0 -5564
0 5753
0 -4406
0 -7925
0 5177
0 -8731
0 1639
0 -6118
0 -324
0 -8424
0 -7699
0 -5316
0 -3588
0 5896
0 7717
0 -9199
0 -6074
0 8310
0 -6470
0 8469
0 911
0 7734
0 -5162
0 -4898
0 -3846
0 -1682
0 7056
0 -6696
0 7130
0 1790
0 -5702
0 2795
0 -6929
0 -1187
0 -6209
0 -9437
0 -2734
0 -1639
0 -8065
0 -496
0 -1341
0 -9634
0 -5552
0 3990
0 3368
0 8542
0 6209
0 -1029
0 6940
0 7848
0 -8677
0 1594
0 -1473
0 -2178
0 -4337
0 5859
0 -5823
0 8153
0 8704
0 2867
0 9352
0 -7350
0 -5507
0 2038
0 2951
0 8031
0 -5909
0 -4563
0 -2269
0 8017
0 -220
0 9081
0 -3469
0 -2910
0 -7
0 7533
0 -5712
0 3776
0 4147
0 -5467
0 6472
0 -3619
0 -3033
0 -1692
0 3598
0 4614
0 -8137
0 1575
0 -8190
0 9912
0 -9849
0 -3906
0 -6328
0 -2450
0 -6461
0 4293
0 8452
0 8282
0 -9424
0 8526
0 1482
0 6094
0 -8307
0 9896
0 461
0 290
0 177
0 7017
0 -6537
0 -8930
0 5199
0 2715
0 5965
0 4940
0 -3464
0 -4175
0 -9744
0 3569
0 3235
0 -3225
0 440
0 3611
0 2609
0 4910
0 2288
0 -7093
0 4217
0 8629
0 -9944
0 6112
0 7338
0 -7771
0 1371
0 6938
0 -5077
0 4731
0 1636
0 9862
0 7534
0 -635
0 -3024
0 -222
0 6730
0 3301
0 3588
0 -2917
0 -5168
0 3099
0 -1175
0 3819
0 -8949
0 2861
0 -4416
0 591
0 9294
0 4979
0 -8589
0 7485
0 -2818
0 3963
0 6055
0 -1238
0 -5106
0 -9780
0 -5938
0 7988
0 765
0 884
0 9576
0 9094
0 -5018
0 1766
0 561
0 -5093
0 -7091
0 6909
0 -9640
0 -7283
0 -7368
0 -7454
0 -8057
0 6427
0 -483
0 -8608
0 -1826
0 9261
0 -7472
0 -8513
0 -4692
0 -2641
0 6556
0 -2223
0 -4308
0 8194
0 587
0 1830
0 3602
0 77
0 -236
0 -8348
0 -4564
0 -5383
0 -5755
0 7762
0 -4226
0 -9171
0 -7624
0 3138
0 -6478
0 8759
0 2982
0 7057
0 -9048
0 2903
0 674
0 9241
0 971
0 4773
0 9591
0 230
0 4255
0 9823
0 -2871
0 3340
0 6731
0 -2350
0 -9089
0 -29
0 3620
0 6336
0 2539
0 -685
0 -6818
0 -3970
0 -812
0 4690
0 -9928
0 1793
0 -8176
0 -9900
0 -6015
0 6202
0 9457
0 3108
0 -8966
0 -439
0 -7622
0 668
0 4529
0 -5643
0 -9639
0 3487
0 7481
0 -9403
0 -5398
0 -3250
0 -4950
0 -9654
0 -4988
0 2576
0 -6132
0 -3577
0 3713
0 -1619
0 -9667
0 -553
0 -3043
0 1292
0 -9419
0 1084
0 5466
0 -6238
0 -9880
0 -4489
0 7938
0 2392
0 -4061
0 -9431
0 1142
0 -6688
0 -2355
0 -135
0 -3020
0 -1288
0 6295
0 3614
0 -2757
0 1808
0 -1884
0 -1877
0 -169
0 -6625
0 5454
0 -3442
0 -9851
0 -6284
0 -4917
0 9795
0 1008
0 989
0 -8963
0 7083
0 -2815
0 -5605
0 -5585
0 -3067
0 1739
0 -4853
0 -7285
0 7908
0 -3174
0 3139
0 2219
0 -2232
0 -9244
0 -6083
0 -5473
0 7023
0 -6352
0 -5647
0 6232
0 6595
0 -9156
0 5688
0 -9910
0 -5678
0 4995
0 9223
0 -754
0 2343
0 -1866
0 5418
0 -4914
0 -8411
0 8863
0 2209
0 8275
0 7724
0 240
0 4503
0 135
0 3280
0 -3152
0 -1396
0 6879
0 -3806
0 -9693
0 6810
0 -5271
0 9309
0 -3698
0 -8771
0 2852
0 485
0 2327
0 -7841
0 -8885
0 8038
0 9524
0 -9219
