1325
1491 -1478
-6916 -4497
-2392 8740
3598 -2675
7210 3489
9716 -7195
3359 -7416
-6256 8925
5392 -372
-7359 1263
6342 8085
-3683 -2198
-9245 -622
1174 -1666
3975 -3201
-7 9975
6963 -4410
-1409 -1008
-7803 2202
-405 -5751
-9505 -8361
-3942 -2799
9035 -1469
750 -9542
7129 -3730
6579 -802
1115 -8384
-1663 -4535
5682 8807
-9999 -3149
-5120 -2476
2818 5931
-3176 7349
-5967 -3136
-3394 4972
-7443 -294
8577 9428
7297 7209
-3533 -4475
-6773 3768
4182 7458
-3447 7978
-8849 5510
-5138 9835
-1581 1797
5097 -4103
6037 7927
8113 2287
1713 -3231
-8853 -515
1717 6583
-4563 -313
-2285 1938
2727 7472
-3089 -7084
-886 5001
3536 8429
-1236 9474
9838 758
-5978 1093
-2260 -4610
351 -9926
-5043 587
-5595 7321
3237 6058
-8737 -2413
9418 -566
-6932 6464
2048 -547
1399 7154
1124 8982
-9686 3342
-754 -4170
751 2128
-4980 -2481
-5987 8764
9535 132
-8363 1420
-5329 94
-3766 802
4568 5934
7801 6865
-9301 2481
6430 -8891
-7077 6136
-3251 3882
-9757 -543
3897 -8835
9098 -7435
7993 273
-6805 -2133
-1680 293
9296 -2722
3092 952
-3584 4093
-5544 8209
8031 3684
-8768 1094
-8130 7840
8332 -7236
3584 705
-653 -1229
-6319 -7268
288 -9422
8489 2545
-7101 -6822
5669 -7749
-5370 -7037
4500 -3523
5548 -5578
7161 3737
9283 -949
-3277 6710
4935 -5078
-8862 6352
325 -1390
7529 3772
9379 1580
-3004 -7388
9320 -2578
820 -4861
-1363 3827
1642 -5524
3529 -3350
7188 -4038
-4664 8981
2759 -6896
-9158 -3265
-3524 -2057
-1586 3247
2502 -4231
2339 9596
-2981 2815
-5259 -6216
132 444
4662 -1828
-2066 2131
4911 3419
-5040 -9129
-5591 -8909
-9364 5034
-1923 -1486
9881 -374
-9799 97
-8971 4275
9997 -2239
1325 -4822
-3493 229
-6302 -3006
-8289 -9736
-8187 -6166
6900 4782
-4112 4049
-7736 8257
-2590 1182
-1459 9168
-9606 -7958
-3937 -1771
6258 -5336
-2612 7737
-9192 9592
-4871 -9760
7339 -7652
6302 9715
-2010 5992
-6132 -9794
7556 -3801
-8712 5079
-8756 -826
-4673 -1825
564 -2971
-5408 -14
-6256 9910
3876 2130
4727 4442
-2570 5227
5205 5741
-9816 -7023
3010 -9699
1980 1202
-3311 -8985
3865 7717
-6229 9471
408 912
-9927 -5217
-6289 -9070
913 6814
6386 -4975
4001 -4530
723 2189
-9285 -5189
-2975 290
-4296 9195
8957 -593
1471 4587
1392 -9728
1864 -6531
-7052 9512
-7309 8035
4654 -6609
6921 7571
-6980 530
-270 -7206
1882 -5550
7527 1288
6134 -4112
-7789 977
-9946 -6975
-1362 406
8461 -9446
-4615 -1716
-8993 6112
8723 -971
-2182 -3618
5230 4141
-4087 -6018
-8010 -2344
2272 722
-832 7517
5531 -7334
2218 6361
2693 -5823
-8950 7948
-3043 4357
-418 -7540
449 -4355
-4843 -4243
-6238 -982
6807 740
9570 -6746
-3512 -3955
-1889 1505
-6423 7300
7629 -7683
5067 4622
-7435 -7245
-8621 -5504
-7974 7837
962 6788
-8467 2830
-9329 2888
-5127 2126
7465 -5275
-8968 -5883
-7571 -9969
6628 -2616
-3655 -2179
3483 1720
-5519 8177
5585 -7421
-7417 -2716
-174 4697
-1045 -2692
9502 -5333
-953 -9201
2090 -4311
8537 -1286
-7842 -4249
-3753 -6626
9177 -6632
2889 9116
9276 767
-60 5991
-1105 5542
-8562 4766
-2463 -7979
3726 -2918
-4069 9211
-1959 654
-1023 4499
8872 -7580
-8217 -5601
280 -2521
6410 7192
-764 8763
-4909 2754
-7689 -4126
3092 4884
-885 -6219
380 1766
-233 -5515
-6725 -6541
-8473 5750
-1859 -177
4725 -9509
-9024 -7835
-4127 -8127
2145 -8307
-4938 7169
-801 -6972
-1910 9781
7351 -2240
7831 1406
-1949 8512
4634 -7636
6083 8680
-2487 -2830
6506 -2116
2035 4457
1760 -864
3139 -3854
1398 -986
-8795 6814
-1613 9512
2 -3605
-6506 -6703
1465 -2926
6807 1348
5296 -7247
-9303 7624
9414 8432
430 5361
8129 -8458
4068 -6243
2681 4712
2463 -8361
827 -1087
9396 8166
6485 6712
8599 1263
-2159 472
-4370 8132
6561 3027
-5888 860
-4793 -6054
-4057 -1032
-4307 -3838
-4952 3403
-4945 7861
5652 4030
-1438 -7846
-9798 6925
4177 -6053
8923 2369
9121 -4182
-6956 -3608
-2505 -4678
-7704 -271
-2370 6838
472 5111
834 -7235
-6054 846
9914 -5236
-5488 -4890
-4694 3181
6877 9369
-3862 7612
242 -4467
-5257 1706
3084 5659
7182 9832
-1521 -6218
-6896 -5330
-3793 -6488
-3524 7894
-3198 -7653
391 9837
548 -9543
1613 9272
4666 8256
8097 -6512
1466 7911
2175 2613
-3852 -5522
8662 -3928
-3397 -1263
8644 6431
-8975 -7988
-3110 8331
-7504 -7503
-1873 5658
9716 8492
4869 8959
-2181 -4973
-8383 -885
-9202 -9254
8731 795
-9777 1284
-1957 -867
3317 9141
158 8897
1019 4298
5696 -475
-2604 8473
2229 -3496
763 1960
3767 -6551
6810 -571
-7871 4488
-3823 5023
-2959 5079
-620 3628
153 2394
-6614 -1846
-1027 3092
-7143 490
-6413 5456
-8281 5806
2265 -5687
-7223 5972
-6107 -3954
8423 917
-6898 -9738
-587 -4861
-5956 -4172
5483 8333
9888 -13
-8268 8878
7100 -1473
-1933 -2414
-5906 3117
-2895 6006
-3017 -9859
-456 -1587
6205 4115
-8262 4808
-8089 -6282
5128 2607
-8153 2226
-6810 -3213
3411 -2331
-5139 -6997
160 -1358
2461 2801
7315 7951
4225 2204
-885 -5290
-1081 5484
-2831 -7326
3611 411
5075 333
6408 -598
-1356 -3087
2899 -8600
-5427 -4991
8108 -6151
-6534 -9712
-6165 3279
6895 -4730
5444 -6410
9676 -2904
1820 3360
-1456 -6090
7826 630
2341 843
7473 2486
-3731 597
-5780 -4430
7551 -808
-3315 1506
-5566 -750
-3427 2866
-6182 5015
9547 -6418
-8859 1760
-9810 9227
7946 1602
-1019 -4731
8059 1300
9053 -8262
6934 1278
-4590 -1151
2525 -8799
4859 639
190 5774
4207 -8403
-2831 4532
-717 228
5872 -4627
3556 -9439
-3519 -6251
9965 -9232
-7407 5711
-1372 -5084
-3649 -2556
7594 8051
-910 4202
1847 -2822
4494 -6064
9810 -2566
379 -210
-7931 -5558
-4141 1648
5747 1721
4375 4066
-3634 4961
7295 2590
-708 3366
995 -355
-3283 1297
-7368 -4178
-4192 -8458
-6668 -8562
-8262 -8898
-9014 9032
4244 -6005
6912 -2091
8383 -1250
-3463 -1555
-5796 4069
6623 -3982
5682 4479
-4249 -8552
4447 4375
6787 -5023
-4529 3006
-3323 7572
9662 -8456
-5067 -8401
-9609 9271
3850 -2076
4992 9037
3345 8826
-9068 -3151
6982 9203
8351 -8760
-5521 -1537
255 -2130
5641 9697
-3576 7138
2130 -8646
2558 9134
-8778 -9712
-5059 -6433
-4165 5350
5954 657
-7625 3820
1804 3348
1815 -8786
-4325 6854
-1033 -7603
-8161 -6826
-8704 -771
-9765 -6617
-4531 -3091
7909 -6560
7541 -3010
-2030 2804
-8486 -8853
7701 -8109
4462 -7406
2545 2757
-2446 -734
-7783 9605
1299 -5043
-8688 -3534
1997 936
8232 -7475
4470 -3584
-7823 -7032
-7112 7399
-7342 6626
-3010 7235
3342 216
8066 9857
-3184 -4551
6172 -4172
9873 9000
-2134 -7251
865 -3588
6593 -3198
-5340 8259
4221 6791
-9159 -6179
-3829 -2574
1349 2481
-2381 8532
-5695 -2947
-6280 -4602
402 257
2173 -9476
-8329 -8081
7501 -8667
2435 1859
4640 4277
3574 515
-2822 -5551
-744 -6532
-2362 -1571
3675 7396
-2022 3871
2881 3367
4832 3229
5966 323
5916 2081
-7123 8140
2716 -5556
-602 6419
6916 9068
-800 -922
-1314 -7607
-863 -7608
-6709 6469
-3413 9649
-3386 6964
-5034 3300
9351 4653
3005 -9782
7922 -4675
2527 4303
-9272 -4717
4630 2354
-6962 -2306
6817 9149
-9499 1322
3304 1859
4885 4396
-3460 -2240
-3460 7378
-7065 -4732
7513 -1516
-9493 9955
-8567 -8674
3337 2539
-3480 5999
-5364 -177
-9933 9083
-2264 5972
-4034 4623
3963 -5789
-6446 -8381
4207 6674
-4672 -1900
7352 5412
9672 -3088
4019 -5805
-6168 -3861
-5294 8401
8212 5815
9192 -8743
-4918 4119
-2006 -8589
-5438 -5384
-3061 189
-328 9401
-4303 -1322
4846 -7285
-1277 1090
9529 322
-2663 3367
1998 -8655
1835 -20
633 -112
-1031 -8002
534 -4572
7038 4919
6126 9536
2198 -5955
8446 6427
-5161 5522
3772 -2086
-6506 -2429
-5198 1966
1995 4608
9087 -8922
2739 -786
177 -6900
-438 -1195
1664 5554
-5838 4093
-7090 -8523
9123 1147
-3193 9940
6660 2801
9027 399
1857 -1516
-5833 -9180
-1042 8855
-4403 2338
4556 -6058
-4201 -790
-632 -4856
-3862 8013
-4580 6233
-7295 474
5144 -9064
2447 -3357
-7240 -7957
8310 6585
-3301 -5561
-9683 8930
-3394 -8384
7021 4245
5007 7763
-5214 2692
2876 -9688
-6285 7234
1469 2462
-1181 9659
3086 -5855
-5425 -6854
-6882 -8086
-1736 -7793
-6206 -5203
8275 -1759
-3613 7843
651 -3967
9442 2415
-7259 9523
1675 6178
9785 4023
8118 -6253
-3832 -8306
-6186 1768
6319 -6306
-1662 -7994
5493 5482
-5571 3913
-7399 3639
2076 -572
-7812 -1881
-21 -2056
191 8360
-1820 -2316
3506 3427
7149 -5314
-8209 -9672
1952 4963
3547 2809
6044 5847
2742 9351
7876 6511
-6462 7722
-2782 9705
-6034 3857
7243 4662
1865 9423
1637 -3282
3597 -826
-7263 -6705
-9521 -9019
-6351 9181
-4745 7325
-7258 3823
5955 9667
-1465 4459
3187 -5542
-9303 5368
9608 499
-6851 -6013
-8421 1680
-8549 -3743
-7453 5690
-3767 1411
3662 9380
-5862 2814
532 9752
3672 -2126
-3244 6513
-1542 4035
2742 3964
-797 6200
-8195 5455
7940 8178
-6165 8660
-7884 -8091
-2506 7219
893 -5440
6046 -9032
-1810 9355
1141 -6743
-7726 1754
-3525 1376
-2830 8145
47 -7786
-2052 -2209
3807 4535
2882 4881
-4891 -6445
8686 6454
5722 2791
-6469 6859
509 2689
9651 3534
-3372 5981
588 -729
-8329 -7064
-3456 1303
7224 -1097
9206 533
1543 3518
-7647 -3004
3625 994
8490 672
-2681 -2721
5899 3201
-2709 5196
1939 -9056
4616 5389
-4454 -7676
-461 1012
8860 -3056
-6422 4834
3005 4868
2245 -1635
-6245 1217
-93 5041
-1673 -6010
-7718 -4628
-3049 3808
5798 7315
0 1643
7673 -9692
-3107 -2287
3469 4164
-5340 -5879
6789 9120
-9279 -2916
1013 9245
-5924 5688
-604 9843
9938 47
6519 -1496
4127 -2995
3938 -9916
-4580 -3962
-7825 2796
8405 -2645
1643 -2405
9999 2382
-7237 9246
-3588 6122
7348 -8968
-9170 -8330
-7388 923
-1285 -1483
-881 -7231
7351 -4880
-265 -1907
-8309 -690
-5165 7873
884 -5599
-499 6072
7683 7549
9259 -3527
4333 7117
-3175 6403
5737 -9853
-296 6777
3326 -7329
-7539 4604
-4665 -3042
-9311 -8958
1392 4022
8849 3493
-4944 8057
3976 -4832
-5020 9719
-7435 -6683
8656 4148
6952 -3222
9144 7820
-5242 -4317
4471 -8449
-4740 5770
-3019 -1175
8622 -4553
9382 8322
7406 9844
-6983 4880
8539 -3068
3302 8974
4743 -1862
-7297 -9799
-4779 4638
1879 8468
6895 -5281
3711 5061
7404 3821
7798 -342
-6868 -323
-5585 -7627
-9377 6065
-3643 -9036
-9956 6926
5792 4198
-1003 -8669
748 5581
-6223 928
-1052 2116
-8936 -498
4124 -4952
-7779 -8345
-4546 796
9067 -1605
2639 -638
7006 1350
5959 5252
2124 8670
-1696 3272
-1683 -5786
2448 7669
3451 1765
3315 -9520
-209 -7170
-703 -2281
-7945 7560
5801 -609
-6081 -6040
-1505 -6161
8922 6894
9507 -687
2813 -1015
8349 7025
2490 7306
1244 1352
3460 9260
-2614 2540
-5499 4763
-5149 556
-9307 -3753
4511 -2979
-8922 -51
-5722 9982
-3132 4314
2793 -4241
-2459 6857
6413 -1669
-9346 -4300
2335 748
5798 -2729
3903 6863
-2366 -5480
-9010 -7638
-2191 1521
5680 4153
9253 -301
5156 -6409
8683 8553
-2682 -9270
-8427 -7056
4404 3972
8032 -3339
9584 4837
-341 8326
-5623 -9935
-8295 8036
3147 -957
6853 -3490
-8486 8464
8462 8326
-727 -4955
-8127 -8441
-5927 6310
8524 -1290
-7210 -8810
-4679 4265
7477 5757
764 -5387
4950 3487
-6683 -1461
-4949 9866
-7896 5435
-8516 6219
4610 9167
9216 -6370
4373 1153
2134 4474
-1629 3410
3633 1368
7604 4778
-4310 -7248
-557 -6677
-4429 1198
-1373 2601
-7444 -5188
6595 1801
427 1906
6085 -9978
-4323 7828
-4775 -7034
-1529 -7882
-1209 5794
9471 4875
-4373 -6643
-55 8860
5708 -2602
-7561 2199
4347 -9405
4417 1799
3158 3325
-6768 5637
1082 -6263
-4685 1670
-3626 2148
4231 -4041
-5443 -3257
-3718 -6294
-4222 -9667
-7390 -7869
-6316 1771
-9377 -566
2047 7638
5701 5349
-4863 7821
-5668 -7370
2273 -1382
5370 2073
-4794 -2451
1133 -4120
9869 4790
-1547 2104
-2914 4130
-8626 3681
1640 1973
-4122 876
-8825 2729
-9252 897
1558 9967
6980 -6722
7087 6884
9911 3357
2369 -7403
-1217 -4688
-3407 -8520
4294 -24
2298 -9954
8825 9517
4067 -4413
405 5836
-9164 -7022
-5310 645
-7419 9755
-8155 -7729
-2580 8755
694 8267
5072 8683
-2117 -5358
8035 -5607
9926 -4637
-2306 -6107
2709 8574
9759 -1829
532 4447
-1704 -8255
5505 1886
6413 -2377
65 3573
6982 4924
-561 -9410
-431 -521
-2461 -3677
3609 9982
-4826 2175
6629 -8184
8644 -4662
-4758 -4216
7852 3753
-7837 879
-9094 7192
-1325 4068
-6330 -4528
-8911 9638
8517 6280
-1469 2856
2489 8719
-2551 6390
-403 257
-81 -6448
-8458 -9952
8282 6426
8348 -6221
5760 -6148
1708 1222
5462 -319
-2139 -7681
6464 6661
-2813 7885
-567 9688
-6931 -9332
588 -6135
-3270 2133
5292 1259
-5806 4508
-7964 7378
4325 245
1877 -376
9206 -1466
-1597 -396
7622 -4693
-6294 4104
-9818 -8872
5803 -7897
989 -8186
282 -7198
8453 6156
-8529 -3710
-6163 6788
-5091 -8958
9639 -5622
5077 -8941
8041 9229
-1019 -2258
-9480 -3142
-4647 2206
6527 -8647
-2948 8791
-4951 3678
3309 4887
1927 -9019
6945 6649
8940 -8234
6017 7089
-6533 6393
419 984
-4434 9229
4986 -9956
-4995 -7938
-5001 1409
-9233 6164
1017 1871
6453 7903
245 5994
8924 -9585
7442 -7672
8844 4449
1476 4054
7891 -3627
-4971 1644
-676 -5498
1262 241
9187 -4282
1791 -6764
5900 7903
1985 7831
618 -441
2781 4936
1756 -3228
-6282 904
7183 -584
5086 -6545
-9924 -2127
955 -1975
-652 -9221
-3158 -8624
5016 -2663
-8763 -8974
-8644 -573
2591 3817
-1377 -1434
2032 -1890
-4540 -6478
-1933 6659
4021 -7421
-3900 -907
-8082 282
7679 -7679
-8159 -3919
9597 -2292
-1217 -5502
-3618 9309
-7961 8578
-1202 7696
4981 -7551
-9232 -5330
-9615 6856
6949 7725
-1805 -8581
-7861 1240
-1927 -1247
9190 6726
4694 -7822
-3565 334
4867 -1949
8407 8881
-8931 -6705
-6567 -1005
6566 -7273
8722 2878
-6434 -8124
2635 -1594
-1699 5881
-1763 -4463
-8489 9987
8951 3131
-1996 4339
3822 4568
4131 -9521
-7334 -6334
-5260 -4619
-2325 -9896
1107 262
-4490 6040
9425 8038
4516 5390
1269 3575
5533 4264
7571 8182
-8731 -9827
-3705 -7434
9093 -8658
8152 6609
7631 -4916
-6143 -9939
8766 9384
-4796 -3314
6826 -9332
-2117 2771
637 -8864
9268 1873
984 9111
8791 -2760
-6798 6592
5115 2965
-1876 -3304
7800 1418
-7409 -3129
-7109 -6078
-876 -6407
-637 -8637
3060 4274
5551 -3283
1882 9906
2238 -2065
1111 6035
4091 -359
-5673 -1980
-5851 -4791
-6126 4744
-1013 8999
8440 8497
-6380 9582
535 4928
556 5893
-7704 -5563
3684 8444
-1069 -5197
-8008 5998
7579 4150
-383 3803
3931 -2782
-2649 -4477
-284 -2437
6807 -5171
8780 9113
-5339 1007
-4550 8512
-8654 9556
-2068 6907
1911 -3940
-1549 -3834
-3353 9451
9681 938
4770 -1685
-9176 -6237
4315 637
-9696 -4453
8059 9430
6297 7988
6900 -3120
2571 -5133
-2634 969
-5032 -5207
2611 -9695
6212 9663
-2417 7783
-2036 -2617
-5412 -7885
8388 -1557
1551 9691
-4445 4836
6908 -7162
-34 9681
2719 -8178
-1370 6144
-6547 -1859
-8761 8264
4617 8941
7801 -6013
-5950 -1558
2573 -1228
-9337 -8452
1455 -155
1013 -6942
2468 7664
83 -2280
7842 -7530
7780 -4197
9669 8262
-9285 -6387
-1500 -874
-9521 2953
1612 -1999
2867 -7439
-4299 -9296
-5187 -4644
-6041 -8449
-1727 184
-6831 600
6943 -2291
7869 186
-9577 3821
-7852 3224
4120 -949
-7699 3547
2284 9634
5537 5399
827 7238
2943 4800
5406 -9614
-8200 1020
-264 -7996
6713 -5472
2882 -8897
-4353 4698
-1477 3792
9773 3800
4096 7592
3885 6631
-7442 -7574
1695 8482
8901 158
5766 2081
6824 5016
-4058 -2307
-2997 1518
9193 -6653
1280 9894
-4195 -2950
3724 -4909
7778 -9160
7721 -5864
4903 -6962
-5497 -6248
-1306 -676
