1000 1
1005 1
800 139
575 374
889 734
441 4
943 904
151 275
695 341
664 515
461 554
280 902
59 589
929 303
707 885
11 726
842 196
746 746
1000 671
74 589
386 354
786 547
399 359
186 712
313 845
293 64
182 810
463 823
155 992
842 309
284 281
556 736
557 372
538 923
366 727
737 444
608 55
742 227
859 730
2 19
510 598
843 481
4 777
763 547
91 411
675 179
833 559
782 748
733 200
130 193
442 117
773 423
377 811
632 714
177 281
835 525
618 676
273 992
127 539
431 41
741 37
72 198
373 92
456 671
294 387
203 795
328 925
903 986
965 104
619 781
98 456
68 609
1002 439
312 24
286 584
499 984
316 158
462 27
967 281
257 924
75 953
74 92
567 359
598 683
441 719
703 813
778 520
209 759
101 590
361 324
112 66
328 150
374 611
775 675
701 584
801 716
696 784
847 171
53 226
585 269
819 148
634 323
603 48
65 848
966 1
660 155
14 217
213 290
883 818
266 700
493 41
655 734
447 972
196 158
892 451
120 472
588 807
445 248
1 896
194 303
1 45
112 922
301 820
555 503
315 76
279 209
118 652
519 333
300 784
529 832
182 824
203 57
765 504
744 142
695 96
377 311
170 480
257 655
595 668
1004 1
990 867
308 548
745 584
357 351
337 599
300 226
275 901
909 492
820 324
575 408
662 938
849 256
194 730
897 893
150 155
661 281
450 518
431 785
492 744
210 264
499 279
45 559
102 32
299 931
178 681
254 625
85 693
895 877
328 862
258 714
498 614
950 652
339 171
682 879
328 727
671 886
489 648
16 953
651 349
837 754
934 561
30 679
200 811
182 840
371 48
614 305
803 872
530 97
821 768
614 516
543 886
830 648
510 537
490 41
780 638
395 506
955 648
319 467
888 4
60 380
908 68
195 500
914 139
18 849
603 36
533 241
711 503
193 458
326 66
755 104
27 726
66 877
70 706
263 48
495 359
670 175
141 931
703 420
492 110
714 520
66 587
947 901
534 983
702 217
510 973
71 670
559 474
743 401
662 654
217 578
126 491
869 381
669 762
275 965
997 280
160 426
95 590
14 437
722 559
38 57
758 644
697 807
989 140
604 834
300 29
316 351
764 340
436 158
917 286
710 648
899 408
397 865
707 762
426 59
572 708
232 730
850 579
250 497
58 175
550 632
880 401
510 761
745 608
164 474
211 227
62 850
440 5
475 561
567 703
586 840
346 736
657 979
727 147
290 699
148 595
628 463
648 372
501 667
374 653
503 728
998 670
968 941
234 318
193 339
43 334
827 974
918 919
894 167
240 539
655 537
214 4
145 644
818 6
636 999
248 999
358 442
54 807
272 467
399 992
892 444
88 528
205 38
398 22
930 354
873 665
820 704
993 730
733 443
61 767
902 431
591 787
380 817
720 413
602 204
574 149
296 38
298 163
816 908
235 359
873 281
740 441
85 662
219 400
635 293
821 372
808 548
86 988
640 611
186 609
65 388
467 457
591 762
67 171
520 446
517 972
14 960
7 221
220 599
691 474
785 472
765 666
722 752
426 402
233 431
736 742
258 134
792 842
239 288
572 748
653 734
546 259
405 975
624 783
352 817
932 726
437 482
287 860
353 768
222 484
913 202
85 670
49 389
602 892
367 707
542 190
568 466
264 538
705 446
173 402
426 547
122 628
414 248
977 708
960 641
577 557
55 872
481 771
269 683
570 757
342 707
278 473
871 734
293 41
501 820
711 139
181 418
537 33
921 474
663 811
246 485
468 761
887 198
66 43
528 953
480 376
159 200
263 866
663 690
183 832
283 30
799 2
881 139
778 984
489 854
844 153
633 599
813 324
394 998
901 309
210 566
472 958
635 652
47 252
721 341
845 946
694 8
94 248
797 802
976 372
554 123
985 811
231 770
593 309
774 93
770 51
263 148
338 752
727 912
393 632
623 834
39 1
911 1
53 883
491 158
214 973
114 126
694 518
417 355
830 198
1003 139
757 726
741 55
668 872
734 900
959 900
321 698
706 528
2 792
408 292
96 811
159 644
948 923
32 847
470 913
10 433
367 704
238 707
468 880
803 179
457 678
350 353
525 585
392 428
777 402
272 732
289 273
569 655
320 388
161 953
829 191
975 418
406 758
786 299
691 1
923 180
71 260
215 531
842 919
5 703
397 423
566 82
891 299
439 548
496 149
512 525
247 193
247 294
800 474
310 405
208 149
953 587
581 744
910 431
56 228
678 325
183 379
176 872
251 730
120 257
251 673
196 294
540 787
234 543
926 566
768 474
164 519
396 510
436 622
209 72
821 665
397 418
626 534
872 609
173 816
128 836
666 442
625 811
75 841
695 104
165 408
779 194
373 632
418 156
711 38
175 896
836 179
98 910
143 441
753 299
710 523
762 43
226 981
701 490
200 702
628 611
713 142
119 865
984 420
265 341
245 584
692 999
324 75
419 723
655 891
525 644
653 473
345 915
787 596
812 525
582 767
121 309
281 888
1 198
263 309
467 511
588 838
424 827
578 303
186 151
834 55
29 594
936 444
685 910
631 579
622 515
149 4
927 716
297 617
370 909
47 341
219 17
130 458
536 559
219 337
464 979
221 358
454 987
9 968
218 209
907 104
860 864
434 247
153 614
678 965
872 587
992 306
317 105
995 754
60 528
75 287
510 381
110 672
589 613
996 234
710 431
196 762
791 719
577 739
912 359
634 411
200 125
650 974
172 303
826 285
393 809
153 938
176 11
193 704
746 339
873 579
763 986
645 941
689 793
590 359
869 104
466 330
228 782
617 778
583 932
248 33
107 840
883 730
796 638
564 480
7 634
255 77
735 344
341 603
123 343
760 752
428 666
145 453
551 431
848 151
581 549
149 993
500 383
924 758
797 444
4 207
129 327
964 68
35 799
166 136
760 579
595 352
903 202
497 170
956 904
150 446
35 492
878 938
952 490
375 471
720 481
570 596
692 670
228 83
153 668
389 899
806 692
818 668
646 920
225 531
14 16
874 281
778 420
502 716
819 305
874 803
999 18
1001 72
238 422
253 72
125 333
776 716
868 614
188 423
626 241
929 704
371 863
199 547
306 647
720 490
109 82
475 190
781 47
238 38
410 2
178 311
713 609
188 283
807 584
343 712
81 351
605 441
365 250
108 684
579 679
729 770
268 377
672 671
201 787
825 6
930 444
178 883
230 324
369 568
978 900
79 730
277 629
151 811
345 431
263 703
706 252
66 826
928 679
149 965
520 544
792 285
266 108
342 455
621 38
423 731
171 186
872 319
933 180
367 989
504 733
30 183
994 587
424 469
954 196
506 590
890 481
754 209
649 799
209 323
53 303
578 494
719 683
433 925
737 803
538 305
582 142
266 144
747 799
256 79
784 817
64 255
54 180
206 518
949 139
460 812
996 439
376 52
248 988
571 348
925 503
753 651
567 487
511 698
713 219
614 838
121 953
159 701
433 549
583 299
822 703
907 200
732 48
483 490
335 231
285 227
262 553
658 752
825 603
750 359
618 844
416 437
46 489
677 104
311 29
625 492
697 309
432 766
465 976
592 422
311 683
35 116
458 804
237 431
841 16
690 716
207 703
204 402
418 189
292 25
154 966
748 139
2 368
412 599
799 420
876 651
459 753
77 525
446 180
698 381
35 844
394 228
817 661
988 439
461 993
704 559
441 923
621 387
885 391
855 38
958 444
98 351
755 986
4 661
199 699
464 33
639 327
681 173
260 938
425 652
467 390
580 634
58 880
718 417
765 925
15 666
802 458
54 87
597 83
225 864
945 221
333 787
587 116
220 925
795 622
375 373
781 372
567 473
132 503
33 642
304 38
27 958
94 285
286 683
87 250
185 86
674 45
60 311
150 204
902 67
372 324
484 420
513 402
387 803
384 439
372 386
942 6
545 13
451 576
991 585
41 782
850 817
398 614
512 973
804 660
57 348
134 20
615 566
613 53
896 153
10 931
683 864
496 190
902 646
623 352
289 214
213 481
710 384
672 730
449 446
282 303
323 916
324 250
712 535
603 783
898 250
301 922
381 438
556 45
469 453
801 834
654 931
979 139
948 752
385 38
55 256
982 537
141 280
77 380
433 388
817 292
371 537
686 151
247 877
745 974
471 179
734 626
346 306
832 46
307 766
605 36
920 387
647 276
555 896
302 654
949 171
563 623
766 621
296 567
187 359
208 508
50 353
236 238
655 139
584 178
194 778
540 116
55 914
287 576
859 180
879 260
751 979
147 340
973 900
956 818
723 979
16 81
207 754
846 97
310 788
382 82
784 339
15 531
77 46
382 647
562 511
915 248
178 93
687 612
75 179
474 267
815 317
572 200
153 464
514 334
537 743
3 639
680 825
512 310
99 219
953 732
17 688
215 625
178 521
518 250
749 281
829 309
406 654
466 692
288 472
593 645
752 528
10 854
227 525
439 266
535 572
779 579
141 64
905 679
456 676
249 257
632 405
981 904
315 47
400 730
462 548
304 651
928 13
229 509
372 521
395 754
693 444
206 469
194 189 862
