10000 1
10002 1
1284 9195
4890 6302
2538 5429
157 5862
2155 2657
2817 2022
9070 1306
5179 27
3809 6013
7634 5166
590 5892
2352 7109
1340 5374
1561 4332
6778 106
1642 5006
2465 3465
5487 6037
7007 3404
3404 1607
9131 5343
9615 8940
5026 4692
5786 4277
2567 2061
7121 7723
518 7781
4318 9893
7858 5749
8750 9825
366 9259
2712 6321
5713 8005
1033 7948
6318 334
2968 6775
4659 6236
4774 4119
5226 5091
6258 5342
9048 520
3887 1311
3477 4418
6933 7915
9986 6278
4717 1456
8366 2308
9326 7526
9080 3764
9260 9072
1091 109
1978 1992
873 3263
5150 1579
2478 442
4031 3397
2586 1824
9579 918
540 4582
6612 970
8269 5719
2827 9173
2949 2347
2082 3200
1783 7725
3802 9828
4755 232
8493 665
1917 2337
7283 7472
3635 3581
9915 5997
9090 4705
7237 5149
5772 3810
6987 9954
5204 7184
6535 93
5459 5828
6911 1812
7680 9486
8872 2083
1629 7043
1645 6699
5648 1903
1677 289
7308 6411
9200 2963
2307 2815
8306 5413
2175 5844
6536 3263
2480 3744
6632 2037
5184 8203
3659 7178
1924 916
9802 4886
2449 718
2295 7797
7286 6790
7291 8929
3808 7578
8312 3082
7435 8378
7018 8508
2335 7317
9400 2067
3955 4344
8915 9354
1340 2439
3662 4717
7017 7757
1823 6679
8571 1219
6752 8872
7930 6400
48 8459
5370 2424
9298 3967
2743 951
8965 184
2605 5410
6672 573
7067 5766
7269 9948
9899 5905
6011 9759
5050 7866
2885 9415
6212 6995
4695 6020
5349 1046
7813 438
5448 8060
194 440
9445 9184
315 1997
8873 3695
2648 9948
7210 4925
6841 3907
6439 4566
6157 6500
3989 3136
8210 450
3747 9001
2909 9660
7532 5010
1296 8377
7087 3559
5785 25
4341 5648
6496 9825
6305 8788
896 4268
3052 6282
3585 690
5294 9111
6519 3276
6511 6366
9178 8958
748 9142
5274 8570
2219 651
5367 2090
9446 6061
9472 2049
8681 4070
8926 3951
1409 718
4175 7618
8752 5454
389 1357
5948 8231
6605 7475
8910 1881
3189 2156
6000 4363
3642 4594
7811 1941
7150 9449
8967 2117
2700 5231
9333 7675
2652 2992
5458 8165
5542 5930
3992 1930
3140 8509
1428 6671
1175 9782
2753 9372
6511 5547
4858 1746
6922 3387
4875 816
5186 8928
4004 3635
1239 256
8246 4909
2948 9455
6396 1495
1931 8608
9266 1928
1216 2504
3587 8346
4467 9552
6539 1946
623 8510
2293 1757
7595 8843
9805 5609
8379 6997
7967 9142
4824 2928
525 5198
3445 8874
2582 8003
3004 531
1621 1739
7599 8402
6516 8710
2493 9504
8446 5219
9171 1493
4910 1568
3787 8177
2748 4234
2157 8275
4756 9486
1496 2033
6558 9821
2509 1300
7270 3951
7308 619
6568 2156
6980 4385
1914 8043
2763 2925
9988 8092
2243 5799
3969 7470
4642 1612
6557 5554
9960 9184
2713 4950
2118 9161
6595 3855
2913 7027
9667 2802
3449 4520
5883 1316
9990 4414
2280 1329
974 9973
6706 2030
5677 3776
7281 2049
3485 1086
5277 2921
3195 5521
5289 3371
7494 6099
6801 9428
5203 78
7306 8407
7735 2963
2600 1024
8935 6463
3960 4072
2833 359
6905 6661
2808 6520
6837 4542
5738 4142
9269 9942
5564 1475
1625 9080
7772 1359
6470 182
751 8724
3720 6783
1958 6017
227 3456
7327 1502
2513 4500
2132 3114
1217 8646
8741 8086
9552 4447
2206 229
7137 1358
7527 3311
9067 8
7755 1278
784 8406
7692 358
4073 7187
9559 8480
3596 7488
2832 389
2663 7937
5589 5185
8104 6478
77 3838
7331 2647
4119 2912
5905 4001
9208 5516
7587 3211
2068 4505
9904 8407
763 1344
9549 2979
3703 331
1763 3768
9299 8540
7747 1086
4463 1354
5327 7229
1264 7195
7077 3150
9417 8211
1283 3992
462 2106
6183 6432
1119 8047
3998 6532
4284 858
4946 1512
8770 7531
6321 6516
4577 3431
5974 3941
8625 6140
8434 8918
5441 2771
4267 3903
8847 2191
5358 3808
4895 9548
2109 2957
6132 5967
4711 1069
2882 5618
6910 2677
3199 8981
9583 9385
9219 5400
6783 9817
3808 10
1433 7064
6378 5781
5547 7380
5128 6071
7694 815
9316 6906
7267 1774
3869 9766
4107 8891
3016 7641
7570 7961
1324 2071
6098 9614
8941 7969
6488 3275
7712 2234
8262 8776
4554 6366
1469 4976
9103 7615
913 9986
273 8283
838 9681
6853 9754
6358 3066
5858 2318
6574 2616
243 6784
5127 1814
1425 5800
4983 6604
2857 8776
3009 9529
8864 665
4486 3039
8041 2975
1514 1924
605 4236
2772 8222
1065 9521
2965 3344
5679 9102
7608 4037
6601 2320
5122 5888
9495 1504
4670 5384
76 6452
3317 7069
8301 6078
7919 8445
5470 3810
5150 9004
6892 7457
7598 7945
3943 3907
5009 2401
1691 867
5839 4820
7956 174
1104 3710
3305 3953
958 7754
5862 121
1069 4323
6256 7287
113 7141
726 6448
3031 6147
8363 6386
1602 4045
2871 5166
1752 7705
3533 7001
8777 6719
9296 5433
2352 1656
2749 5728
561 9792
3977 2600
966 7193
2111 7972
8271 7060
508 5679
7814 7589
6646 7989
6239 6121
3434 5730
3091 5153
6450 7674
4451 9932
4430 7910
1197 8249
6721 8068
1639 4424
6590 9471
8842 9333
7319 2186
4969 4079
5235 8556
397 7163
4927 9316
5124 1611
7071 3905
2560 7458
1130 8075
5171 4386
4412 9169
4258 6828
8014 6426
6848 1815
5476 2041
4905 8946
1730 6505
5610 6685
8591 8610
8340 1295
490 2673
4413 7647
2049 4587
6234 9709
8996 3558
7985 1600
3621 9936
3565 4900
8455 7878
8752 5072
144 8869
9173 8386
5871 4091
6555 2043
5355 342
842 6945
7521 3325
6690 8299
5598 7676
1652 2115
2023 7048
335 5843
4082 2151
5521 7380
7611 781
3231 6070
5200 2541
3214 6012
8237 2019
9829 1392
8598 6896
7178 128
4924 1816
6712 2251
1544 9743
7065 3907
531 6517
7769 2757
8109 6745
8618 9930
4105 1939
9638 1024
3424 6893
5496 7783
6533 8329
8172 4170
6982 7256
6072 4528
6550 3491
9367 1039
4038 9392
3548 3781
7930 4148
1785 6455
5239 7656
5601 9653
5428 4408
9500 7867
7010 202
2586 7332
9448 8533
8055 9364
2793 6453
5588 5668
3063 2534
5705 6000
7676 8060
135 4710
5323 42
6225 5901
7604 5327
9665 821
8975 5019
9087 1483
1993 1011
6641 4866
1897 1832
3398 8001
1770 943
9633 2494
7099 6343
5505 6348
1560 2733
2911 2368
5303 6415
7983 4510
300 411
5769 1745
517 6356
9870 2074
666 2209
2347 2088
9738 6378
6793 8559
8860 9682
7871 6732
4506 2760
3582 3919
77 3187
4453 9610
719 1200
7629 6487
7699 6056
3378 8229
2039 2554
1331 8366
8070 2660
869 3360
7495 4163
48 8508
61 8518
2496 6441
8519 6976
3368 3713
8473 5684
5423 6846
9546 7618
9434 1792
6162 4005
3124 5248
4120 5563
3637 5066
4740 1222
770 9973
8285 4966
2314 7548
3588 1581
6194 4820
5027 6179
5956 479
1252 3492
717 5292
7752 3330
4249 5187
4079 1091
7654 3395
8629 6121
3644 6645
2802 6912
1273 5465
2747 9036
7809 2640
5388 2933
5070 1584
8646 7968
1088 1223
6135 8659
3081 3529
7309 8814
6815 6056
1648 9680
8364 9319
7585 1198
2554 7154
1378 670
1790 3970
7992 5967
3968 457
8266 62
264 9286
6762 3194
8577 4469
7073 7252
1846 4662
8796 6790
1637 8067
137 9169
6943 6669
7487 7890
8362 3694
6690 3592
7175 2560
1705 6244
207 9998
6187 1792
4205 8602
8078 5881
4023 5853
1771 5787
7077 4483
4362 8875
5790 9993
2940 4178
2007 7723
7396 3093
6918 5889
919 466
9822 9694
9625 550
8335 3056
176 2420
6309 7178
8135 6892
6002 2052
9743 4055
8371 3812
440 8282
3970 9947
1454 6057
9345 5417
1804 8448
297 5033
9907 1484
118 6355
227 1355
7247 8185
1421 1495
8390 4552
6484 9653
3485 1673
3617 2824
4183 9586
5852 8208
2804 2586
8041 1923
7175 4381
8509 4414
6760 7496
2282 1593
8147 6271
3196 943
5385 2470
2062 6868
2074 8743
6174 7703
2903 6459
5297 8940
9694 4130
9669 5219
9346 7158
5722 3818
1298 3303
4990 1808
677 2298
6210 5264
6793 3096
4703 550
6940 7918
346 2588
5500 5779
4636 7093
9941 4446
7648 9317
2598 9991
1062 4182
1200 1744
5500 7178
9459 9486
903 2556
8493 8872
4610 1485
6537 1626
4014 1464
9076 5037
5610 9415
1244 4701
5453 1322
6275 2054
8334 660
9902 1704
8053 2587
4890 9082
6369 8965
6422 740
8535 3340
143 3452
5479 7405
137 4415
4405 8981
9986 6411
9471 1433
6421 734
7329 1770
267 4491
363 5098
3784 2667
848 1774
7333 4888
4073 4213
4130 8015
5188 7885
4816 7348
447 2548
2978 3348
6584 7786
4063 9868
450 6104
4021 9787
5758 9383
2104 2593
2765 3722
2561 6311
7508 9878
7749 3797
795 5557
9882 1426
4891 7453
3620 6418
9096 6977
9982 9184
3715 7506
1964 5756
4260 6673
4264 923
2421 7727
8661 3662
4729 8893
5616 7404
5664 2963
1297 1202
7612 3771
7093 3878
4939 1470
3835 1591
3928 2019
123 5173
3819 5491
6477 9973
8392 8980
23 7755
1972 7757
9048 5494
5182 2742
6465 2486
9410 2796
2177 8809
5438 2985
3900 4264
5275 4637
9321 8178
2619 9451
3749 8035
6335 2551
6826 6327
7408 1665
1235 1452
6496 3648
6312 9120
1344 3755
7224 2438
7376 4414
5561 9088
1886 992
7998 5654
8605 2814
8125 7496
2772 4517
4214 6415
150 5437
3493 6935
9981 770
812 3789
1371 1681
631 5824
4513 5072
8425 8402
859 2633
4131 1217
3775 8591
5201 7703
3897 7639
5725 5512
5054 3565
1532 5590
871 5846
5500 6258
6764 3702
2938 363
8564 9948
5985 4050
7304 3805
960 5798
4395 1136
8663 8039
4260 4759
2257 5894
2347 3754
1126 5409
4307 9998
9749 5915
5362 2848
5582 2839
3501 542
8072 3694
2925 8216
666 602
4843 9366
4285 6125
6267 2191
8795 4744
1214 518
3426 7583
3634 6191
3270 5433
665 6025
8638 9733
9582 350
7507 763
4737 4190
6745 5643
6479 4658
9447 531
5523 499
8157 1124
7949 7772
3393 334
79 6737
318 9510
9331 186
4941 9313
4338 3671
4369 2651
7146 4542
1669 38
2519 529
8020 1269
6722 9209
9564 6288
2845 6750
3255 8736
1047 6283
5894 5233
5053 833
9481 3347
1154 2781
1481 3097
6105 5873
2100 6458
6968 3468
3386 1024
5362 9372
4314 7210
9257 4755
2578 6345
9133 8592
1706 1653
5389 5562
3932 6605
4564 5664
6627 9684
3731 3468
379 2072
2443 3831
3155 2286
3279 9947
7101 4121
3595 3461
9828 500
3477 8771
1944 6723
1143 2491
8068 6918
4265 9625
5800 4223
610 1341
5270 7827
7721 6721
6362 2545
140 4391
5195 5046
4731 7783
5674 9453
8890 5713
1475 2605
4918 8493
6226 3772
9772 5561
9142 2963
2202 9731
5196 2681
179 2343
9120 8691
6701 7615
1956 5967
4722 2613
1539 9374
5895 6926
9437 59
5685 8468
7031 4321
7538 3725
4058 953
5188 9702
5439 6651
8900 5502
2429 5509
166 2314
8439 2478
5536 1916
1916 5802
6588 4672
4926 3093
7769 8126
7947 3508
947 5239
9120 4613
634 9101
2621 9370
2999 4483
6613 8313
4642 741
5572 6146
7216 5192
8453 2866
4393 5555
1515 9486
5889 9455
2242 853
1097 920
6246 9641
621 3695
7159 3317
5898 6364
2265 6840
8944 6912
3849 9301
6336 6693
2151 7541
8230 5063
6900 6988
3193 2349
3678 8633
4523 2512
5121 3752
702 1039
5313 3406
2477 56
5603 6237
2345 847
8751 174
5721 640
4823 2867
3519 807
2758 4510
6395 204
185 1742
2340 8058
854 6250
4594 7858
4121 9450
1994 2091
888 2543
9664 9422
8632 1776
1884 1782
1548 9820
2279 256
6283 3986
8744 3402
8535 9072
238 4880
5353 6441
7775 3268
9639 7536
570 6235
2355 8534
3493 3876
8664 2555
5480 7143
2635 1164
1751 1593
4633 9922
9672 3694
3815 4136
9298 319
8159 3252
3600 4038
7883 8196
9369 2248
1112 6983
2200 7568
8664 429
5902 6208
1191 9377
9489 2117
9198 89
1899 1671
7752 6850
7583 2054
1261 3331
5274 3761
9026 3279
5250 3218
23 3260
2802 1747
7001 5740
2526 6263
4056 1515
9246 6017
821 6216
7226 9165
7475 6210
2555 2136
7154 8673
7013 1223
6916 4103
1061 3877
6433 7563
8117 7997
249 3840
783 1620
2453 8843
7956 7727
5600 7967
953 6121
1904 6737
2991 2186
5762 3053
7687 1151
6460 4732
3496 4512
5530 4441
48 8650
670 1602
9534 2508
7748 3095
8620 1786
1657 7833
3949 4714
621 2149
9060 3118
325 450
218 9759
9278 5351
6020 4510
5018 1045
2626 9866
7016 3718
6376 1258
9973 8378
4443 7176
3980 8013
4328 6201
9022 5343
213 506
7845 1995
3627 6762
7545 8981
2642 1977
9829 1439
2217 6498
1425 2923
7511 6425
4484 8234
1000 900
1874 4692
16 7227
7597 2029
4374 2532
7044 9061
1918 9675
8928 1024
7821 1234
8158 9505
6031 7332
1720 5292
1251 601
12 9044
7415 6707
789 6173
9090 8002
1525 1555
9630 3837
819 9776
3058 833
8960 937
1844 8807
4105 259
4971 4960
9641 6091
1916 9204
8508 5871
7927 5097
7429 8052
1717 1558
2811 7791
7172 6548
9759 2824
3181 8169
2011 9155
8454 6718
7440 4408
8641 2939
4401 2844
8752 7220
7813 3175
9878 9286
3476 1776
9042 6445
4834 4356
7741 7338
3858 8076
3307 7714
5306 7426
9596 5658
8600 5154
8162 8768
8247 9874
6773 2117
2644 9984
8155 4928
6189 6733
953 6497
8676 5618
4791 4888
2015 7060
6247 8439
8288 2559
6473 3094
4890 5586
4241 3971
815 7505
4405 8673
7990 1662
4283 331
9016 4886
4779 9599
1717 5565
4381 4811
7424 3384
1175 5381
7001 5772
5887 9759
7867 2148
4346 1507
6453 2377
9304 9184
7977 4054
3091 6492
4208 5108
9464 2364
8731 7879
5585 5786
6164 6179
5115 688
2751 7951
4372 9983
5948 2221
6468 9120
5559 8375
946 965
2050 2423
2443 938
728 9107
3102 9670
7587 3431
9906 6724
575 707
9397 7288
9844 5367
4659 706
8703 5431
7880 4529
7472 1945
355 5170
608 1433
421 2965
175 5076
2891 2899
7593 6367
7005 5785
967 6140
3465 5095
9241 9385
4585 3427
5988 5937
9809 5014
179 5992
4703 6724
571 2992
1021 4454
1944 5216
1831 8190
9281 6714
3519 2609
3942 9353
9708 7923
8786 8130
6997 9614
2512 2252
1627 9406
910 4948
8994 2377
9063 5167
7633 1572
8222 7301
2989 1077
8764 5417
9304 5256
8243 6563
1718 2308
2642 8525
4954 5923
4982 1798
2977 754
7370 2633
5447 1402
6005 9144
8021 2404
9405 5370
4530 4909
674 4405
4228 7254
2455 7768
5089 494
1331 6462
7948 6399
7756 4142
1710 3495
4139 8453
8107 3623
1774 816
4943 3164
3359 2857
2556 5787
5436 2686
3773 3116
5008 410
7820 8490
1996 4641
7555 3995
4150 2156
1259 7594
457 3835
8341 5002
948 5992
6044 3475
8702 1222
1451 4649
7353 3204
4202 8253
9936 2108
1124 9320
7039 127
7705 1657
9072 3754
2062 6288
4054 121
1802 3859
3412 2100
5508 5805
3358 5720
1962 772
4029 8810
4982 9667
9229 7602
6495 155
1924 8610
3908 3295
6549 8743
4448 996
5454 6865
8866 3620
818 5544
210 9442
2069 8805
7801 9474
4377 9539
4531 3981
6542 9369
3049 2152
6933 8988
6186 4483
1451 1414
1529 6892
4278 2677
3620 7155
5351 6497
3881 7051
1062 5036
9588 8267
329 5307
7720 3427
2874 1207
8793 9436
138 3000
5385 9660
6965 3597
7525 5961
3670 5801
2468 740
2333 8528
8396 560
6546 3737
4264 1020
8177 7338
9152 2768
7141 4121
7773 1667
3348 5837
6289 9833
7148 3245
4454 9009
172 9832
5034 453
8814 6850
8452 974
6831 2910
5274 8105
7853 9939
6326 1877
1293 2568
6307 8195
405 7079
3553 918
5694 1454
3409 4732
5698 5845
2571 1124
820 6076
2989 8281
1492 5700
5430 5836
754 4591
7878 6392
2597 7215
2187 339
5910 1506
3175 82
415 5327
3432 8464
9830 4744
4362 869
74 3231
6739 1452
2079 7842
1166 9260
818 1539
5158 73
5533 2771
8764 8361
6590 8391
2366 2598
6333 1646
9749 8742
1783 645
1383 8752
8121 3902
8640 1254
4030 7439
2272 5749
6690 5477
7584 3162
4779 1587
5378 1061
6536 8551
4980 7277
9009 3829
8943 985
3691 7423
3176 7945
6420 1667
1162 6138
4469 8325
2182 7403
9883 3045
9719 1950
452 7147
7065 6116
3398 9116
2965 8392
2094 6661
9472 9184
7205 8325
4937 46
1630 6137
7727 5562
6950 3868
9830 9385
9178 99
4260 7149
9214 4783
4917 9812
3071 6652
7209 142
5405 5017
6019 5015
107 5915
498 2780
782 3314
7885 9086
6742 324
7265 1571
5695 9739
6626 910
4718 7705
5362 9112
903 3047
1425 1936
7333 9821
8723 3345
8103 8550
1238 201
6180 1316
9190 8801
8841 450
2626 9869
7915 7824
2126 415
7157 9998
5588 305
5413 947
7093 5511
1214 2205
5640 3428
4844 4816
617 2106
8963 1852
6390 4162
7089 8980
8763 3436
6300 4428
9088 1746
9908 9385
4611 3771
9963 9095
1695 4153
134 6293
857 6595
1909 8934
3525 9464
9039 6306
9312 3412
6751 9628
7326 3812
8186 9431
5382 4714
7191 6941
7589 922
5824 5821
4699 7028
7328 6505
698 7783
9496 7628
665 7450
5912 1550
7344 7087
6134 1804
6725 3231
5720 2087
9587 1341
7491 5772
1973 4305
8716 9347
4057 699
5799 7659
874 3535
1941 2147
4303 1147
6680 8768
8215 4321
7718 2951
8300 7862
6699 4498
8317 1667
6013 9322
8171 516
6038 2221
7050 9261
4956 126
6362 6934
1371 8858
6852 3137
7367 6016
52 2235
2852 1087
7204 8407
293 5562
819 2613
561 3084
4152 9403
8464 4971
6677 8852
2341 6022
5938 9410
1174 6778
4536 9258
6182 328
9921 7349
9608 6385
5242 587
4755 7146
2684 4863
1068 7825
9698 4927
3626 4537
8129 2280
9585 1511
3118 8573
2670 3035
9018 6635
9509 4294
9635 8283
8974 6484
8123 1582
4586 5555
6127 4239
7987 8578
7252 7150
3355 8725
7266 4640
9997 1600
3775 4335
6383 1161
2690 9471
2902 696
8976 2438
3728 8652
8226 3095
1422 7751
3589 3597
8124 816
1807 9018
5072 8690
6661 5801
2073 694
9955 3107
2531 6238
4647 3609
1351 180
5119 1359
6684 4876
2283 6418
716 1653
3129 1965
6838 5571
3067 798
761 8219
5286 3774
9998 3226
9989 1
5263 3999
3473 9893
5807 6193
9361 6825
3599 8549
3405 6502
1400 6185
4040 3784
3176 1149
5125 841
4643 5824
602 8214
4197 2649
2419 7836
3690 9771
5211 5858
7282 30
8165 7253
3528 5498
5670 1373
790 1468
8914 111
2378 7261
9355 2117
9567 3595
982 3077
706 7167
4524 5920
6635 2497
144 7571
8950 1045
5525 5423
1105 4281
4806 8694
2891 5361
4731 1604
4530 9319
278 9547
8332 729
9748 850
2501 3567
4344 9205
5120 1549
3623 8173
6882 4739
4169 7947
2154 4217
5414 4830
4526 1790
4583 9583
4662 4136
1709 6025
8234 9530
2594 6260
4707 9607
8006 2246
3188 3274
8135 2741
1012 6463
983 2635
7991 627
4532 6697
4964 4418
9451 4886
1184 802
9968 9694
9469 9996
911 8548
4446 1110
3919 1726
8533 2246
9970 9702
4590 9165
7985 3710
5314 6777
7927 6058
5792 6227
1425 1865
9101 373
9444 138
234 2246
776 2292
1117 6945
3530 3241
9879 5332
9166 8973
9449 2003
2038 2724
8376 7862
959 5708
2970 4359
8575 9913
9475 3812
8174 937
650 8472
130 2224
8686 1785
1784 7506
2811 1603
174 5672
7621 9578
8414 2247
9935 1
6169 2253
6578 1035
830 5997
1256 9585
5153 4980
7667 5448
9011 4705
9125 2508
2762 324
5516 7651
4277 1336
7676 1106
7514 5295
2256 5667
4852 7225
9435 3967
6816 6437
2241 6786
631 722
6812 7101
1319 7369
8463 3189
313 8669
5848 5767
5965 2837
5518 227
9888 1667
1351 9243
9254 5569
2554 2717
9841 8377
2472 7490
5189 3711
2047 8700
8843 9145
1148 6053
9618 4460
8252 4028
2365 3405
6185 1693
5770 3951
9089 74
8818 9428
2442 4492
9521 7979
2291 8662
5698 9707
902 4492
3563 5428
3274 3681
9704 9636
6042 8630
8617 510
6215 8347
1124 3620
4754 68
207 2102
1483 5756
8175 2711
8027 6616
1804 8794
9492 8058
1259 5477
6424 3406
8637 8871
7330 2353
4192 2354
1823 8680
6823 3783
7268 127
115 4210
8633 387
6238 2839
5118 6108
6554 484
9775 8273
755 9894
3029 1246
351 2407
5769 6957
8687 6222
8621 3255
3698 2369
5534 3983
8429 9101
9753 6194
6359 7097
9435 5343
190 7296
8075 2156
1451 417
2782 8799
6067 3981
4983 6171
8559 9893
4527 8705
4180 8251
4632 9922
4484 3621
6135 338
7041 8912
6386 9044
5347 3461
7841 6544
217 7632
464 2824
4410 9657
6912 8912
9466 1668
5128 5444
9458 6390
6908 5425
2660 7236
6937 7713
6227 5596
8957 7117
7316 5343
4714 1854
4138 9406
2590 5454
9175 9425
4749 3861
7543 2456
5631 2224
5202 662
3440 6092
160 735
1899 3218
4499 8142
5146 4379
8793 7689
8594 7457
9425 7064
7052 5624
9498 4055
4724 3311
6974 6906
1614 6374
63 3354
3123 5174
7029 4708
89 6061
8449 9596
6255 5381
6236 2348
7935 8387
852 4683
9486 8283
3775 9254
7341 699
6019 2796
3194 7815
580 9893
2443 8211
6509 9848
5340 4263
258 5784
4761 83
6250 296
1679 6490
9425 5721
6192 3095
2934 7715
5882 254
5094 7648
2422 7481
6734 9278
1778 8186
9196 3538
2165 7030
2053 6510
2493 5368
6327 9628
376 6322
6210 5319
175 9589
8912 1623
6029 9922
8436 7223
6699 7628
5707 8687
4111 583
4255 6539
7265 5166
2645 588
2048 4682
6700 943
2556 5225
232 2396
821 8306
6086 8912
9082 1712
3900 5521
2687 377
3563 9759
6811 2749
954 1780
4018 2645
8088 7869
729 1988
9309 9954
5151 8733
3595 3430
9533 1085
6283 7555
8201 5836
5697 1208
6478 5908
7995 6283
1365 3153
698 4005
5538 2638
3049 741
3653 2562
5387 2148
607 8549
7058 8677
8050 4527
8043 8091
9637 512
1069 6744
7968 3613
7671 9465
9267 9669
4652 5807
6709 4980
5290 1972
761 5732
5670 2253
3226 5078
5767 8581
4177 8985
4564 3629
7119 27
4106 6822
9280 7602
7812 8680
8824 6834
757 320
3284 3173
7474 1062
6541 6189
2292 9869
1071 4481
4771 5591
9720 3038
6914 6310
6553 5534
5430 1514
8808 8705
6860 5979
2766 9601
7349 7891
3661 9578
6639 7227
1017 9922
2793 9375
4734 5882
9038 1492
8807 1954
3130 8595
5026 5261
6209 428
5456 6103
9114 8549
5593 5890
3614 9348
6546 7081
7126 3939
2824 6460
1542 8962
8488 3252
2643 3486
8238 8064
1962 1086
1203 7449
2246 4542
3831 9539
9258 2080
2577 8327
724 7833
1448 3515
7714 3275
1861 9168
8785 1248
1570 5925
9763 6485
1981 8078
228 6580
2978 6785
7847 5170
8237 116
4586 2790
9109 1969
380 5301
5051 9539
2769 9786
1218 7786
9450 1665
1344 3132
6715 844
2486 1332
2488 3821
8137 4068
8835 7947
4967 7254
3371 1305
987 5848
7346 4705
6042 9220
5131 1085
1460 8708
894 9047
4139 703
8238 3833
5031 4157
408 4684
3807 6545
707 5970
2202 6302
4506 1552
2016 8452
9877 2204
3428 3666
7598 3845
9982 6872
1952 6980
6498 8826
5138 3057
1799 8439
9711 7754
7359 4368
9875 7178
7806 5411
3200 8613
1023 6767
6936 1451
1415 1310
7593 9756
7335 3911
5529 1082
915 6438
5859 6224
2665 6505
9473 7600
3460 9488
593 4492
6003 5199
737 1352
8783 9372
5019 9010
5610 7937
8022 5182
1389 1556
2392 947
8572 7119
5690 6527
4556 7178
4063 2683
5261 7131
3486 5987
2764 6008
9401 8283
1252 7442
8247 5521
5402 7704
3944 9372
4805 2481
4173 3043
9871 4744
7639 3818
931 2335
1054 5410
4800 2926
6675 2505
9259 51
2488 8691
3500 600
9996 1572
9682 3671
1528 3387
7438 7710
8206 8999
8504 5292
2058 6480
5781 4886
6385 5531
7086 2470
1429 5348
2814 8885
919 6569
9282 3701
2577 4068
3471 3758
6387 3704
5973 1133
7232 3621
9783 2757
5854 9846
2022 7470
3820 1046
6230 6333
470 5103
9937 4719
1019 3809
4895 4011
598 838
2023 4657
2043 2609
7580 2181
1655 9608
1849 8433
9491 5343
7497 4054
8157 3853
2899 7478
9984 4621
277 6392
4213 6149
4687 171
4830 3776
3621 2158
7098 7926
5256 3345
9371 2231
4149 3973
3601 27
2843 4801
2457 2184
1570 2618
9453 6260
8653 9602
9903 314
7950 2798
5023 7313
1420 4136
6679 8283
4426 673
7751 3303
535 5557
1927 5336
5690 4436
9062 5590
9869 560
622 4233
3291 3943
4083 8249
8941 2067
2178 4
7338 3988
310 8762
8076 8299
7317 2286
6459 75
6753 6786
7789 9383
856 8067
5941 1161
9680 5735
3275 4542
353 6459
3915 7062
396 9821
7351 3724
4022 6453
7528 6462
2249 5152
940 6669
5067 3943
487 4130
3124 2460
4341 184
6952 2742
3324 866
9444 6232
7234 3694
9277 1094
2775 2596
4883 3341
5728 6493
2482 998
7320 4500
2665 7420
8158 5462
2920 6583
639 5554
8848 3723
4679 6542
8508 687
3438 1830
3758 75
8939 8942
7100 5459
4010 7714
1092 9553
7272 6341
8065 2844
9552 4103
3441 9801
9878 6922
6204 3694
5777 4420
4604 922
3234 9898
2870 425
5830 3456
2694 512
5237 8257
3871 9566
2468 2773
7819 4750
9718 9228
5229 1341
3373 8381
4025 8697
9488 1045
6351 6645
1450 4025
8754 3849
5632 1563
3021 4637
1147 7288
1949 276
5142 7898
3040 4352
2340 8578
9372 2943
3968 4117
3005 1863
9013 7288
8961 1478
8687 2771
3259 740
3083 2215
589 6889
309 1705
8783 4613
3402 2136
3092 8790
7475 7317
7900 4167
8534 1020
8415 2814
9370 7786
123 9582
4228 3511
6714 5802
5498 5216
8853 6918
3815 9423
9187 9988
990 2671
3578 7235
5972 4953
6531 5031
316 3034
6834 6446
2186 8528
5863 4615
2744 2784
6700 4940
8008 3954
653 8216
4943 4891
2198 5487
5161 7947
2176 5936
6831 2364
4440 4641
3170 5091
6349 9799
2553 8249
4243 9877
6058 3868
9723 8066
9646 9566
6656 5990
689 9976
1675 4439
1127 8042
2936 5002
7318 6893
5921 699
4996 6105
6084 2700
8292 5493
62 8793
5186 204
6648 4823
7806 500
1188 6812
7963 4360
370 8944
3278 1010
7580 2748
1017 8953
2872 2484
3785 5786
463 1263
6167 6831
8210 387
3061 3525
1187 5558
8367 5997
4707 8520
2925 4456
1178 9006
2299 4401
1315 7657
5894 7525
8284 4750
5572 7848
1973 8946
5859 8723
5787 2604
6602 7451
4878 6441
7171 1147
1149 508
3904 2489
5120 5413
7907 6598
4920 9317
6262 5354
8037 7602
9557 5231
8507 1142
3912 9245
524 3798
4854 9859
3962 5536
9769 8112
9035 1572
2944 4121
2358 506
507 1770
6808 7669
2366 8092
988 6383
6333 2460
4834 9954
8082 6548
6590 632
6238 440
9359 3406
7665 2364
5027 9883
1690 411
7331 6121
4195 8421
1771 9615
2526 3329
624 3998
1838 9308
7734 6505
4372 1839
8082 8429
267 9486
2356 8634
9465 128
6356 378
3281 6610
9636 1924
5557 8917
3744 4078
7936 6660
168 1289
1153 509
6101 3236
6058 3059
4026 4543
3191 8381
9675 2451
4042 5565
6670 2799
6885 6557
9280 5343
2324 5785
3552 1375
9008 7454
3418 7660
411 7019
647 11
2212 8912
4715 4668
1259 4424
412 1332
459 5018
1854 5164
5343 9752
7694 8044
2408 742
6052 7156
7563 5408
4316 47
1281 2715
5077 9876
1280 247
5555 305
8022 815
7958 3052
7097 4429
8067 7938
8524 9577
3650 1478
1042 4956
5654 7999
7156 1470
5959 7673
4724 1153
6194 6987
9132 905
5127 1223
1995 9470
8983 8123
539 1439
4419 5036
2227 7119
2845 7233
7289 8267
1027 6168
1442 5072
7492 265
6013 4453
635 7272
5689 6306
5629 1828
9204 5767
1140 1666
3567 4769
4707 5487
4681 8647
6779 5731
8978 2439
8979 5871
1894 5943
350 5520
8810 9802
3453 1623
3652 5824
807 5853
8467 1600
4316 3069
7446 4032
3800 6870
371 3504
9676 5802
3214 8769
2726 1395
3474 5448
9058 7064
8549 9418
6414 5967
1736 1832
4797 7942
9827 4297
1762 1376
7154 9524
6856 8015
3738 8507
723 811
6865 308
5931 6811
1646 2638
3024 4902
9034 2067
6508 7450
8597 6635
7112 3458
170 4510
8441 3169
7817 7167
1211 3753
8440 2475
5866 5143
6423 1768
9839 2900
1960 540
3674 2493
2874 6066
251 7633
7092 782
170 2221
2339 7833
3905 9893
8699 8820
4332 4445
2623 2559
3675 4201
9634 1563
2481 5318
2235 5337
6636 4993
547 9549
527 3923
9390 2844
8720 5226
1420 8261
4181 4707
3971 9563
6676 8257
6868 8120
1895 1614
9535 8875
7770 8251
409 7193
2450 3
5658 9958
5812 4705
4431 5510
5650 8374
5238 525
3399 5717
2013 9426
7029 7996
2370 1876
4484 3882
2146 1573
1383 1341
8786 1665
4061 1585
1419 3427
1564 8139
6506 5507
8451 7272
271 4378
666 1084
4375 5668
8562 3902
5516 3231
1061 9539
7198 4673
4180 8329
7615 7968
4673 7121
5334 3127
5201 5082
993 5956
8826 2096
1232 5854
6985 6489
6746 2664
6207 5784
1515 9228
344 1984
3683 9493
7412 252
4266 340
5438 6977
2361 8773
9520 8799
3792 74
1859 6750
281 5706
8698 2490
9018 9524
3348 2596
7957 2405
3896 3008
5554 7618
5644 5466
4771 9524
5113 7267
2286 9239
2344 999
8102 4693
5632 9468
9838 2481
566 1164
5961 6454
4180 3003
8172 9428
3449 5413
4238 7660
7291 6690
6255 3945
3847 1871
3489 7966
1676 8890
6256 3038
3617 9203
4601 2886
9062 1254
2167 6016
688 8376
6009 7708
7512 1717
5049 2766
4459 5815
2684 4118
3433 441
8343 4927
3643 3717
2368 6293
6192 9989
5989 1690
5994 5837
6416 2714
1027 3882
7162 3131
5134 821
420 8126
8762 1481
470 754
5807 4005
170 4293
729 8076
9247 8595
8906 3153
1228 9540
1233 4524
6575 2329
5628 9118
5113 8417
6644 7621
9337 8578
2378 4526
5885 1217
8557 8321
7787 5905
4538 6493
4707 7615
2765 4894
8843 4874
6514 224
5719 5771
9354 3742
5756 9942
8815 5384
5866 6053
1032 2959
2165 3097
5422 5912
9291 8821
7408 9317
7857 30
3235 1410
6067 9610
2247 4230
3866 2808
4019 1235
8012 4702
7332 1460
5481 3878
8096 2749
8981 6278
4608 227
8140 8532
1828 3132
6015 4767
2082 5409
5499 710
2628 4653
4273 447
7800 1327
8071 7510
8711 3574
7758 8083
1815 2776
6748 3862
291 1785
6911 1234
9505 4767
6292 6941
5655 9211
3980 4322
8018 2751
2294 5120
8613 7364
3924 1771
2398 9569
4561 3892
9611 9524
3831 3436
4740 5343
8957 7090
7080 6896
3018 8474
4064 1341
3112 3453
5420 5363
7312 7680
4128 7097
6268 3849
5239 1305
6654 9360
3963 3077
6445 2160
765 5567
1725 8897
2706 8550
7872 2939
9653 7780
706 2023
554 3865
9295 429
7312 6889
4787 859
1991 2981
4513 7403
3059 6741
8370 666
3895 5134
6324 1371
1772 5695
5337 255
8299 6481
2035 6385
5413 1649
8820 8973
5591 2802
1293 4749
6122 6684
4783 3948
5148 3108
6121 4531
7923 7040
355 8704
2825 4472
8231 9657
2476 951
4706 2626
2877 1854
339 2233
3681 1625
6374 9479
332 4023
7597 3245
1561 2577
5403 1446
5934 1863
1936 5245
4827 8135
7179 6711
5835 6201
3797 3883
8641 7536
6953 7806
9137 4987
416 1919
9852 6091
5523 1151
3475 6404
7582 1049
8932 9385
1036 5783
9010 9140
6973 2346
1276 2117
6792 706
8511 7285
4302 1675
9784 7007
2138 7615
6112 7715
9224 8321
8728 2364
3540 9503
5985 735
8976 399
9745 4982
5255 5367
2145 5531
9153 5802
5240 5046
201 6902
9484 770
4201 1301
7434 106
2885 6666
4236 3104
4216 4866
8270 5414
4261 8884
1696 9644
8644 5624
7627 5292
1435 2920
9902 2137
9512 2861
328 7085
3092 6251
4768 8782
7081 7574
3758 3781
9408 3650
827 8079
1684 8218
276 5429
3352 8218
1216 5257
9411 9648
740 6790
7951 500
6671 125
637 2318
9238 9025
9668 699
2996 4238
6130 5498
7133 5484
6156 9707
3642 6314
7064 1429
3727 2374
2083 9442
8039 4481
5482 6843
3619 9127
8858 937
3103 8867
6066 850
2879 9752
6119 1908
1273 658
2307 3862
1046 9565
1143 1871
8826 7572
9760 1991
1945 9817
2282 4017
1243 582
4767 3392
1925 7734
3122 1433
6852 377
2306 8608
4 4221
5857 741
4017 8651
6830 1368
8212 2975
336 3153
6243 9774
6568 9771
8028 3730
8814 2633
8025 7930
9391 3162
600 9954
3543 6803
8438 958
5363 5721
4833 2345
8034 6386
4884 45
5038 214
9768 2336
7754 4157
3167 2274
1403 5120
5182 4436
5439 1702
8246 2069
3181 2299
9513 4279
2333 9505
7094 3961
7347 5363
7910 7667
8454 479
5520 9728
7938 4068
7327 4425
4926 7616
3952 1235
8639 8116
3033 6699
5243 3334
2886 9225
367 1674
9601 5295
1921 2455
1406 9233
4742 9264
1588 2864
1713 9648
4517 5458
2939 3973
3222 4678
4602 5002
7793 7727
3061 1711
9002 9015
312 4392
5063 214
1156 8393
5328 8195
1817 7689
2356 7157
3792 9045
1161 7297
4272 2893
9175 2035
9840 1735
7220 4965
5607 4321
90 1392
5070 6714
2736 8449
1525 2874
714 843
53 4909
1270 9941
6832 9133
6427 3344
7732 6661
5162 663
3025 3243
7294 4436
9154 8122
8150 6178
3913 4453
4577 4832
6422 2954
5278 7060
6803 5031
7382 2043
1334 3454
6648 7824
4907 2939
7386 9655
7470 6918
5045 5165
5766 3113
2921 2805
3932 9312
5389 4693
4209 5212
5958 2413
1029 4970
504 6777
1503 3376
8735 9072
1437 7265
2041 2398
3691 7565
9373 5834
3364 2974
3721 7167
119 4480
748 5156
296 537
515 1524
8998 5132
9661 5749
439 8
8985 7135
6931 3153
7948 875
6661 1657
8057 1836
5688 105
4217 9389
1755 5779
3035 389
2417 5084
9201 5665
2059 5349
2136 9665
5249 5670
3284 4944
3198 349
6148 7711
6103 369
2115 5343
4482 5941
6283 3348
6957 5344
8213 350
6895 8301
247 6948
6638 6758
9550 9347
3046 9690
6673 4321
3558 3454
3438 5920
8660 2587
7702 3639
6485 6580
498 8716
7153 4992
1250 79
2717 150
8752 3993
6352 2060
3783 746
1507 3156
6331 7926
1374 2495
5627 9222
8012 4542
4070 5661
619 4233
7542 1827
3511 1805
5856 2834
3313 1061
4022 7854
205 6787
3267 8715
3897 3258
8936 255
7075 8617
1597 8719
562 5524
4059 9557
3959 4732
1788 8391
8752 9453
910 1000
5108 4767
7188 537
2377 1624
8446 7336
199 3903
7540 2732
6828 4191
1763 7650
3646 3252
2547 136
698 9382
2199 6645
446 1713
9106 9261
8827 1969
2603 5976
5310 8716
2673 1142
1955 3436
3832 1392
9722 9259
7341 9585
3263 450
9318 7656
8602 4979
8318 4211
9228 8091
9884 5802
2920 6155
8059 5590
6848 7725
2382 3245
5006 2096
8382 7457
9531 1908
5763 6297
4801 5654
8431 8263
8548 2456
8581 5950
6833 8234
6059 2986
5448 3376
2602 9569
1483 3558
5246 8002
3850 5884
9691 6477
6359 656
4793 1281
8300 9372
8200 2088
248 9583
3260 6137
1215 188
452 9215
6564 3042
8389 678
6191 1866
4301 9544
1885 4992
4978 3948
6681 338
740 4506
8313 8658
3121 1061
7862 3404
2560 9868
3548 8177
2800 1940
2848 8534
2833 7880
9084 9211
5723 6204
218 8752
7400 5533
6474 6970
9158 8407
6794 7167
9326 247
7362 6599
6488 6505
9708 6008
7729 8284
2536 282
9573 6078
5075 8268
9323 3904
7172 8313
9956 6769
9348 9072
6840 143
3787 4416
2433 8528
2407 3861
5767 587
2133 4895
6621 7621
4245 4949
1490 7526
9061 2587
938 9749
1575 8684
3516 3203
5069 2904
5584 1437
4745 2719
9245 1059
5522 9184
5335 4023
3970 48
1619 8927
1142 2252
7163 7999
6623 9173
4864 2844
616 699
3470 6281
4926 6097
6853 6030
2363 6517
1440 1078
296 5449
6500 9811
6217 2294
3238 3346
3234 436
7935 2596
1757 3348
9313 4382
6457 4107
1588 5757
8885 5802
1686 8401
2033 2071
9843 8875
1067 4843
1230 1829
5137 8901
7816 2476
5824 4660
1029 2894
598 4441
5712 2117
9790 3995
4480 1032
9559 4909
8888 4001
5632 3805
3325 8795
3134 4553
8442 5760
260 9575
352 3069
5010 2963
3286 7583
9552 2121
7814 1100
6009 129
3987 2954
2933 3935
5805 2743
1161 716
5731 5188
11 2460
5154 3340
7583 3591
7419 5786
5780 9978
1233 806
3493 5151
8464 6653
1797 8170
900 6729
6653 3226
6154 1478
6763 3466
4030 4615
882 601
6444 7590
9153 2916
5320 162
7890 9029
7418 4944
9793 9421
4261 7780
8722 7128
715 1501
2938 7613
1572 5167
9687 8385
8749 31
9200 1234
8762 1258
2690 9650
6533 9278
2963 4106
4659 7698
9396 1219
4270 2898
5251 6817
4667 6377
6756 8551
5885 3388
1613 512
793 6008
2731 6022
1842 4796
9999 4379
6064 5185
3084 6374
232 2131
4045 451
6727 8448
575 9268
3287 1000
2341 277
6528 770
6102 9772
1814 7925
7766 1353
8422 8704
1734 5859
8100 3095
4315 6214
4661 9175
2361 4112
7598 223
1303 1832
1190 2951
8694 659
3620 2126
2246 2322
3701 317
8489 7772
5228 5900
2227 1171
8622 7910
5035 8561
5779 3186
7085 2092
1196 1828
713 6338
4679 2436
858 6463
9008 9259
6410 8912
338 6484
4690 8556
885 998
7778 9976
6460 8955
9101 7506
4938 9473
6536 5053
4282 7144
3216 8045
9929 4102
6520 2533
1747 6566
18 3640
9027 7815
9446 1220
1632 3334
8311 105
1386 2680
8925 171
5775 9437
6108 3967
9726 6338
9710 2035
6019 1095
80 6735
2556 5393
7758 7544
3483 7305
6446 6656
7664 5744
1365 6792
2972 4543
8707 8139
5363 1497
8081 2346
8339 470
6817 5978
7752 6278
8178 4769
4337 2902
1361 2741
3010 2742
424 654
1554 6459
1158 1438
7528 83
299 9180
2895 7643
4960 7395
5806 4157
5640 2186
7160 5167
3699 3639
5904 2290
6858 3423
3084 9141
90 1147
7485 6980
3468 2861
7524 8446
4531 1672
4567 8689
436 4363
6899 9122
9100 3270
4853 8322
5078 5513
3132 8872
5244 6598
7342 5889
5889 3525
3609 3853
766 3264
5947 1208
9774 5211
8359 9423
4532 2204
8676 7348
6432 5365
8724 8895
3239 1437
9482 5053
6284 9184
6817 183
631 7440
4545 204
2149 4552
4048 2638
8279 9602
4795 8090
6608 8048
4612 6274
728 6270
243 9020
7554 6265
8713 8780
1287 76
5145 6699
3888 3748
9055 6061
4377 1520
4832 7555
7238 4631
3458 9583
7403 3201
8536 3902
6557 234
3578 1437
731 6099
7745 7523
5449 5177
1919 2825
4369 2628
2017 5645
1761 2061
2336 7412
651 6773
8935 3009
7425 8980
753 7136
1115 7877
6923 9505
6293 3652
6632 2587
9823 5744
4437 2476
7528 789
5493 9958
1214 4050
7656 7836
3431 807
6477 9610
2439 1341
1803 1712
4856 5037
1736 3454
8745 6415
1437 7578
9663 9374
8229 4483
9360 1219
6442 6950
7982 4927
567 2588
6315 4910
9555 5490
9313 1392
7589 4210
6648 8973
4872 5166
4752 5802
5153 3183
582 518
4990 9739
6659 9383
7691 2439
3283 3454
6859 4798
2114 2971
5416 9885
1393 9095
9185 5719
6358 4886
3767 9782
9157 3095
9405 7551
4995 2759
7050 168
8908 7746
8498 316
9207 7288
2858 4607
6160 93
3153 2769
7848 2749
4058 8262
4380 5815
867 8160
862 7948
9012 2234
3647 8656
6622 5562
1582 5890
635 7993
5662 6845
1558 2832
8502 7338
5574 1941
3560 8314
5708 9322
7162 9525
3208 5846
7113 8787
17 2732
3261 6538
5956 3783
6376 4436
547 2755
1767 4274
3249 6061
6764 1665
8791 5257
6969 8898
517 4900
8346 9227
8852 2253
3142 1702
2550 2682
8065 2866
6045 4769
8199 3069
1930 3065
4242 461
8561 9525
2920 3597
290 1135
7000 1192
50 4784
1772 4010
2771 9235
5128 1983
9135 8903
1480 3042
8035 6739
5955 600
6551 9377
6572 5594
5816 3962
3501 9046
3495 2316
8790 3467
9920 1549
8530 7380
3522 5023
6464 6697
3280 3548
3363 4251
4859 5455
5030 1341
1344 8618
8050 4068
4324 3964
9554 4349
7780 4973
4457 6692
4229 223
6477 6016
7958 3729
1752 9563
4576 7213
3364 6539
2615 7496
6037 3375
1778 1611
5024 9067
5736 4757
2147 9823
3429 7268
3313 5149
8235 7348
4290 567
4539 8040
2901 7489
6664 387
6248 8973
3020 5781
6943 7745
6086 4906
352 8437
2880 5046
2421 1870
2608 8548
9197 1046
2439 4823
258 2337
3029 804
1602 7973
1446 2273
1989 7848
299 8647
6134 6159
5420 407
6635 5383
7383 5066
6324 3492
7432 7689
3634 3231
221 1073
454 7772
8327 1234
4803 8566
6529 2259
8997 5739
9866 4708
4761 6121
7081 1698
1327 6869
6797 4153
6074 9806
7433 8002
8970 938
2504 2842
6419 6568
5673 932
1982 4279
436 7002
2576 1361
4545 4058
8712 3361
4155 4130
6918 9175
9473 1694
25 2860
2448 1361
9538 3789
3636 31
4175 9279
2949 265
7632 1255
2986 740
7117 1938
4903 3210
7392 9221
1989 5722
611 186
7974 5120
6691 1704
8535 3371
6589 3639
9568 5120
2430 9172
8436 6304
2715 9958
79 1399
4558 8079
921 4390
1813 9001
303 9365
5502 8792
6811 6015
7520 3226
4355 8400
6256 5164
5222 4701
7796 1409
570 8453
9336 2620
7971 6437
2823 4264
5122 456
2955 9588
7224 3551
368 7772
3705 9963
9522 9774
7233 2180
1803 2848
8108 509
5329 8989
1115 1318
9196 9942
1086 5672
5231 7173
4565 2401
4125 120
7678 6968
1141 3705
3983 9824
4075 8022
4006 4035
2063 4674
4861 9495
3330 6462
8883 4829
9458 718
341 8372
3944 1183
7222 5220
1038 5853
3556 9869
5292 9374
3994 6563
6497 2032
3713 3525
9409 795
5950 516
6294 4656
6081 5824
2407 3066
5736 7568
4972 2505
4295 5806
942 7506
5930 2467
4388 5749
3455 725
9375 9920
9235 4363
6222 9729
5510 9433
6711 504
8603 4801
1463 1452
4471 9297
1470 8418
9683 6552
1711 1912
4432 3093
1947 4499
7162 9350
9190 5984
468 349
465 5481
8478 9756
984 6383
3275 8068
6315 6311
1673 9404
2999 3981
5971 5380
9017 740
1081 2676
19 1977
6125 3841
5208 83
1900 9607
1454 7261
3976 764
9673 4294
8874 4757
1249 906
2778 6150
6166 8015
871 9032
4240 3019
9283 4447
7075 4588
8987 5744
6390 1681
6100 2373
5749 6835
348 6902
9599 7559
2466 7794
7986 1568
7357 2036
5282 3559
3370 2011
2234 8963
2979 7603
6614 3824
4910 4499
8343 9596
3230 8678
2178 1023
3623 5831
2766 5532
8849 5561
8157 252
7539 3983
3074 6051
7979 3408
2249 2181
7959 4973
9484 1852
1444 5552
1115 4715
6067 5064
2254 1478
4927 4973
7794 9925
7857 9384
3508 6495
3866 8658
7433 8700
4388 6769
9355 3774
4764 9275
7998 7600
426 3853
2912 7143
5944 8973
9808 1237
9732 4734
7215 973
8219 7137
6215 985
1212 5028
9073 5531
5222 9964
4694 133
3 9897
5759 3812
1248 6071
8445 226
5275 5095
3978 8851
2791 4405
9081 1896
7827 4744
8991 6532
8482 7768
4204 1549
2406 3112
5612 8989
7613 1270
8236 1996
2625 4453
9356 9260
2931 7536
7278 6011
3150 5934
6259 6729
3020 4057
3713 7947
5425 527
5875 99
6824 7843
7622 2181
1886 3864
7325 3895
2277 7961
6476 788
9539 7595
6307 3924
6730 7135
5323 2692
9279 2381
5826 6471
564 4312
191 7132
7751 9459
578 126
3027 6927
173 3126
3835 587
1080 5551
446 4238
8149 2917
7305 268
1299 6219
5710 5961
5360 6639
6658 3551
8943 1852
135 2618
9480 1486
5146 1712
5657 2512
8331 7555
7714 3837
1724 5524
7640 4691
2344 4245
5672 3793
2490 8595
765 7171
2030 5075
6615 2524
2186 8976
4033 633
5632 8551
830 2612
9010 1711
264 2701
6993 4528
1392 7768
9384 9653
2830 3095
1138 3631
4624 6282
9631 1704
84 1050
7080 5571
5384 2181
6126 1567
2746 3480
3907 9243
3679 6542
7599 4352
1513 9860
3230 479
2053 4263
8796 8858
4397 1485
2642 517
2335 8659
9353 8857
353 7540
6596 6304
8128 1557
3498 1332
2665 1497
4660 7271
3633 3552
8294 7948
7754 698
3812 6826
1888 6778
770 7536
3712 3780
5615 1527
9895 5220
188 2130
3594 8749
4491 5330
3270 7483
558 4583
4516 2408
1502 2104
7578 4123
4516 1223
7094 8262
5472 7623
2645 141
3545 910
7608 4876
3798 6754
24 2260
1192 7006
9516 9088
2885 3216
2398 7054
9907 9375
4169 7496
5623 9970
7868 9169
2182 5851
8906 5159
7326 287
899 7735
989 4623
1316 8290
6984 2545
3453 373
3405 8407
8563 4963
4268 5381
9325 5665
7072 6548
1629 295
7066 2802
6051 1579
1183 4685
991 5265
7338 1852
2355 3613
5858 3809
6031 1192
2803 216
4343 1643
6579 4427
6755 1852
7752 2607
1083 9556
7825 9791
6647 2293
4882 8482
6308 5565
3347 531
2322 9330
4329 3946
541 6538
9600 2877
4692 2547
5577 4073
3216 3771
8685 1698
1153 895
9086 8251
393 1601
2762 8727
8816 9529
7127 5871
2572 5267
7579 4325
6362 9583
8507 5997
3558 8634
6256 4005
4331 4851
2617 3620
4979 1417
2169 2373
2564 3242
8927 1122
1022 2040
3306 5095
8960 8965
799 2137
6138 7461
2560 6931
4932 6217
2045 2176
4092 8919
7095 311
5817 9004
5203 4635
4326 6022
3147 5879
9432 9128
9570 1704
2213 6116
3748 802
5575 428
7499 7787
7645 4482
9628 4883
7811 1969
2112 6404
7731 2912
2183 9879
2165 8053
5733 6652
5637 7878
6959 3436
5790 8377
9570 2451
3677 992
7705 4026
7003 8017
977 6981
8770 8965
1185 6934
5097 7285
124 8440
2080 7168
8753 2223
925 2177
9792 247
7354 4023
2071 9544
4632 3080
9842 3153
9578 59
9227 9055
5897 6177
4856 5997
7330 6087
6257 9278
6761 6286
4222 7289
59 932
5677 2206
4544 3351
8790 6527
6294 4592
2678 2738
1883 9610
1152 94
7031 9478
8935 740
2438 2963
3252 890
2081 1895
6618 9570
4861 2954
8477 3679
8641 5226
1688 3886
8245 202
368 2978
8253 7772
7070 22
8660 8053
293 8794
7447 6850
4816 4576
6426 6259
5965 7178
3832 6709
9249 9445
4287 9006
8541 6524
4302 3096
8139 2652
8081 776
3997 4054
3174 377
1603 725
65 88
9487 4883
1580 4311
3820 3558
5987 1236
7760 1440
7527 3392
2854 4426
7978 7969
9744 7060
6046 1409
4964 7041
8400 8283
9059 1091
2967 2314
8116 3150
4373 2840
4968 7348
5227 8068
1933 30
3672 3095
2808 1700
9483 3730
5352 1022
8682 9537
637 7341
5466 6604
5578 6119
2331 5136
1059 1334
2791 4919
4072 36
3747 5674
4970 2205
359 9666
9412 8529
6133 6767
6402 5003
9452 2135
5616 1098
8358 3341
9821 658
324 600
569 3260
6342 1433
5872 6832
4306 2702
4470 3669
2877 2060
9194 3626
1355 7848
930 4692
2988 4629
1295 3659
2830 5753
407 6312
9930 6922
9553 3508
7875 4240
768 2824
3950 4345
7427 7944
7125 4001
8216 6091
7239 9679
440 2592
5258 9704
3835 9079
3955 8826
6245 7970
8135 3282
8927 9934
2685 3317
4778 4944
3157 4891
8802 1316
935 6775
7579 718
7558 6619
5642 2565
3680 2729
320 1416
3774 1343
9511 2784
9695 4744
5567 7128
7840 1808
3267 8230
1098 6333
6490 7816
4664 9110
3181 2768
1053 9085
6571 6552
4053 5964
4963 4363
7757 1385
2818 7242
1389 3870
2726 8209
553 412
7681 9800
7932 7872
7911 1468
2033 8511
463 6156
8460 5951
7551 6927
2455 4399
3958 3014
7258 4599
8987 6302
5418 1908
2111 6992
3595 5090
3075 9483
6391 2141
7497 735
5406 4871
3083 9787
4404 1183
7901 5274
2265 1746
6536 7798
9427 7348
486 1712
7811 2246
4962 8202
1 9809
4598 4390
194 3850
937 9631
2941 5735
9840 8820
1340 6802
518 4025
3998 9787
8887 3165
6198 1110
5474 1140
5486 9893
74 4565
4200 2772
8729 5162
4738 6196
8000 5110
6727 4400
764 7850
809 822
3668 9354
7361 1223
2897 3383
4055 7935
2429 9835
7973 3591
8622 5135
5159 6079
1867 6828
6715 5319
8175 8842
432 8429
2531 1926
1521 9969
8799 4121
7590 4651
8320 7971
4804 1940
8778 5891
1481 670
3503 8139
910 4324
9503 6385
9561 6263
8012 3754
5780 6691
4198 5435
2698 4543
6246 4363
3038 7324
1002 7299
1596 83
3898 1897
1004 2658
8866 7285
9343 670
4255 462
2045 7350
8224 5009
2749 7184
1180 8263
5031 1720
5267 3065
2998 3684
6128 1555
7876 1385
620 3997
1271 7337
3874 7897
2105 7154
4936 7264
423 6921
6790 7818
481 9852
3222 6480
1314 5085
3364 6263
9030 3038
7618 6245
7152 6623
3720 9852
726 267
4491 6902
3120 6857
6872 5570
9830 4318
2101 9729
8635 4931
9022 8794
7643 542
2505 9998
4448 2576
4400 8259
1422 2915
2450 992
2649 3323
507 7041
7715 1522
4150 5150
1768 1359
5605 2902
2263 2424
8462 1186
3190 3096
9514 3694
9782 2102
3772 1287
6068 2121
6034 1110
2062 1528
6836 276
793 9993
9887 1731
929 7592
3785 4153
7293 2915
1620 2866
6172 642
735 7019
9674 7572
1457 8710
2186 1387
9828 1110
7712 5516
3625 7338
5868 1035
4173 4410
3029 5862
4974 2861
7653 5429
2331 3834
8084 6623
1572 5417
5068 5081
47 4213
5331 8106
4652 366
7626 2781
6033 5829
1557 9297
2169 9423
5554 1475
5041 2929
9834 9385
189 8148
2442 2886
8216 4552
4537 2625
5104 6605
9695 5551
9384 6569
697 6681
7469 5044
2908 7223
9350 8257
3203 8554
275 7261
7072 633
6344 7785
9877 1157
3776 8650
5792 2463
553 9410
7668 9259
3707 2489
7779 3509
1526 7555
5201 1829
478 2583
3957 8595
3951 2871
6854 2463
7403 4505
4159 9057
9627 3973
2262 8689
472 1599
7600 7600
1096 3719
4770 7174
7330 308
4835 4735
5713 7293
4430 3608
6547 6239
7966 6104
6163 4569
4011 1281
9236 9898
4828 3563
9529 6376
2379 9725
548 3002
7360 1523
4184 6290
4912 5805
590 903
2627 8307
9614 23
8541 9095
8423 9586
3040 6815
1122 5565
385 3100
10000 7022
4968 2837
9016 3686
9314 6728
3335 6603
4130 2600
6981 517
5174 2136
5155 1399
1788 4987
6545 6125
4985 4769
6348 2275
5060 3108
779 7798
77 7542
5655 1779
9951 6748
749 6289
2182 6652
2456 1645
6728 3791
8579 6966
5364 585
7433 2773
651 7438
2792 5935
8330 3815
311 7623
7441 5749
2916 8858
8444 8524
246 9648
1937 7558
7866 1194
9993 7022
1303 7262
3788 9049
9524 6613
8097 1632
1163 7127
5778 1253
756 2922
1172 7929
6505 5643
1640 4727
7328 5142
4997 4880
6580 2984
6301 1357
8503 6505
3416 2834
7464 6948
2428 2957
5295 5739
9034 2337
4877 948
7301 5747
7568 7419
1809 4816
2925 6125
3175 6502
5531 7943
7975 9917
2618 7513
5267 9010
7132 2805
9943 6192
9553 6745
4123 3630
346 1385
8497 5630
4550 678
2668 76
6014 7703
1022 1560
5290 8091
6543 4909
3117 8495
2625 1467
1312 839
9622 7867
5058 4392
5024 6215
3063 3347
760 7146
5699 1144
3479 9826
1918 5419
9865 3559
9566 6321
9192 5454
9222 6997
2826 4582
5296 1900
9572 4130
5906 9215
2972 4529
1156 1028
5683 5659
7402 4347
1293 4386
8040 389
7647 3375
8230 7090
2706 5682
7896 2798
2114 6077
6777 4379
4641 8051
3504 534
6159 6598
8969 5624
8818 8182
2204 5968
3819 465
9054 3365
7377 8482
3943 9191
6700 4599
6958 3981
7321 8267
2096 1414
653 4482
593 7490
2681 4800
7404 4943
6519 2640
4626 5914
5443 1528
116 5930
8242 3597
1035 5432
3875 5719
9949 1601
17 6790
3394 2287
4168 1277
3421 2647
5301 4620
882 6715
3450 7063
6807 2341
2775 4767
4157 9322
5676 8829
4883 4583
5494 7063
8051 4698
6997 8068
8782 2054
8091 4635
6122 2127
4999 1758
1030 2396
7569 364
9020 6841
9271 8858
5041 9538
6689 3967
1137 3835
4158 1785
796 2799
9495 5521
4314 1254
2171 8865
7888 8630
5682 4478
8090 4530
1465 6119
5654 4395
5236 9656
5486 19
8391 789
6748 7111
4685 7505
4522 5046
1753 703
333 700
8385 3837
4328 627
1185 8828
4557 7252
5614 3867
1884 6861
7426 4107
3145 8697
6440 5997
581 1787
2694 1871
6851 5002
2052 3848
7249 1168
1685 9211
2724 7983
7434 8774
8119 3288
4817 4011
1068 6489
359 3352
2922 4693
4273 6202
2202 869
3682 3365
6197 4184
1278 6226
9369 7142
6558 9581
5830 9728
7076 7349
66 5195
6245 1249
8668 7192
6295 4656
731 6888
5225 40
5658 8769
5878 6661
401 6438
7943 2743
8794 8407
239 8922
3651 2625
6141 155
6066 3733
1371 9484
2920 7093
653 1692
2859 1897
1786 4388
6111 2759
8278 7866
652 5900
5081 3702
9801 99
1939 341
5864 4816
9510 4129
7371 588
4727 228
5347 4820
5302 3758
9985 740
552 8962
8570 116
1959 9095
4534 7457
234 1561
2432 8071
5967 6146
2989 2038
8495 4450
7239 1478
1999 6778
2537 4358
9994 5462
8095 2649
137 7053
7841 8747
9650 7780
2201 2024
7267 9932
4441 4892
70 207
4391 5929
6483 5120
2301 1976
8156 5167
841 7978
4078 605
6311 4487
1072 2872
7593 7246
1296 780
4796 1667
5247 918
5917 2692
6298 4304
8607 6822
9378 4130
4555 2062
9233 4000
5575 1426
1847 2116
7517 9585
295 7366
2911 9583
111 2651
3411 1310
4716 8131
4013 9733
1924 8911
4588 7128
6589 7050
7199 9537
2064 3566
8602 3667
1882 9722
3689 7360
8687 5292
4317 8321
2678 2592
6014 215
6697 804
5163 9310
769 594
8079 9797
7843 5321
4804 2072
6775 8836
5177 8582
6966 1847
7641 7056
5027 7156
8103 4023
4357 6452
8479 5959
8991 4956
4435 5365
9365 5562
9591 4923
1190 223
9329 5466
8013 9666
5373 620
5177 9825
9091 9228
4653 9116
4182 682
9867 9976
1160 5755
8020 2404
578 2228
4829 2125
276 5058
9677 8299
9201 7716
3189 3318
4607 721
6646 3922
9940 712
4675 2436
5038 4537
6376 8875
8227 9350
482 8381
1947 9675
2946 412
2300 8753
831 9991
6290 9752
3119 8406
8003 7920
6461 810
4919 2327
9733 6178
4836 9605
2639 4609
3227 1311
6647 3414
6883 7672
2151 4363
2250 6561
2286 8267
6062 6293
9872 4513
1052 9500
5560 812
8458 8916
222 4866
8146 690
8285 1564
4287 8936
7024 6190
5232 453
3074 2979
9258 6891
7863 7489
9465 1813
3989 3024
5239 9468
2181 4398
5135 4471
7186 7337
4043 6216
3827 1916
1879 3314
296 3330
9508 1562
8128 3718
8179 8330
5563 6121
2727 8307
5409 5969
9804 214
8924 7710
4021 2169
4643 6032
4753 9075
4963 1664
118 6091
5842 6906
926 2096
5787 4471
9218 8796
1195 7039
6870 7425
6662 8596
3534 2273
4233 9029
4727 777
3684 9376
1629 4018
3382 785
5814 7215
8450 2529
4875 5521
6650 5964
5206 6770
7022 9310
7449 8699
8080 6867
8604 6922
5295 697
2117 7072
5765 2930
3828 6800
2909 4196
4083 2159
7008 6150
2250 2607
6799 6891
4958 4931
3955 3194
1530 9171
5701 7041
5199 8994
5865 1521
7881 1038
3392 2252
4096 8773
7712 7484
7793 8294
1009 7304
6649 7342
4712 6210
3361 7371
802 6589
4552 1507
1600 1239
8884 3150
5415 3425
1164 3063
4580 7933
6510 162
4813 3656
29 9208
8130 7110
1290 4813
89 4979
6963 1348
478 5039
4926 1792
7830 1039
3181 8112
2718 5271
2277 2552
1330 88
2317 9133
474 4633
9126 7437
1704 2217
4332 7146
3907 9449
9032 9333
6459 4156
3913 6683
2000 476
8034 6492
476 687
6416 7173
1792 7658
1263 30
2995 4042
5371 4703
1027 4829
6377 355
6868 6964
1209 396
584 5063
2158 8461
2361 3331
5408 4937
5948 8931
4751 6097
8845 341
2054 6389
7609 2814
6828 1549
7686 1079
3613 1971
7814 6762
478 787
684 6551
9629 1133
2369 9187
524 4623
9803 9165
2136 4294
7334 5967
2553 3132
6893 6066
4944 2381
4442 4886
8169 1527
8773 9735
9331 5077
9171 482
7325 1495
2851 8027
704 8865
3566 2434
2566 7704
8413 1703
9660 4334
1355 8807
6879 7049
6087 8185
2885 4770
2185 1739
9560 8912
6476 3512
6396 8193
8826 5803
6546 4359
3564 2117
2062 915
764 5455
6283 2456
4902 1941
6913 1951
4425 990
9871 6973
6060 3045
9593 5670
6698 9660
7211 8262
5112 2567
9702 6767
8156 9524
1339 9043
684 2802
9992 4414
6696 4179
8600 4542
6767 9771
8549 7444
5270 5842
5409 3452
1797 662
5862 2263
8520 9897
8759 5557
3964 8052
7405 1815
7419 6366
3296 287
4310 4263
2637 4508
2700 7072
4246 8872
2714 3598
917 2899
2143 2767
8197 9140
1307 5037
452 2573
9886 4287
8218 3751
1914 6613
8066 2407
4972 9564
9040 1159
1214 3718
8564 5952
1139 1713
7221 8314
8286 3966
1997 5196
2678 9219
3941 1246
7323 1100
8465 2446
5778 3257
8548 5885
2514 9405
7078 3412
5523 1633
364 9232
7830 7681
9245 5871
9463 3995
6745 2546
9746 5122
4995 202
8279 3341
1696 1616
7452 821
9138 4474
4888 6724
7614 5416
918 9086
4656 970
7154 770
6637 2978
6583 9322
5148 5466
2283 6524
502 3036
6697 4924
2004 7745
6455 3148
995 3468
8342 2596
6403 3145
762 315
6032 4613
5485 4186
4122 8594
9159 1687
8225 1579
7533 6065
4988 5845
2884 2033
1799 7360
9811 9563
8709 4447
3929 7313
5406 6321
759 7090
9206 6087
994 3239
6859 4349
2426 6288
3524 5067
646 2839
1137 5420
4316 9577
2913 1850
3496 6697
4463 8314
1323 365
6805 8688
1458 3966
6400 3384
415 4590
1780 5442
4421 4481
9077 8262
1067 922
3708 2364
8328 4406
1443 8134
3089 4392
4378 337
7783 9088
988 3897
7480 7090
998 5374
3052 9615
6214 3752
7516 4663
3780 4820
3936 6487
9483 2771
5571 74
5309 3034
8150 9144
2643 8879
8899 6334
8469 6493
441 9809
1355 3695
3729 2102
8231 1440
6068 27
2411 897
7384 3150
7460 4170
4592 6103
2578 8384
2691 5091
6311 808
8823 5195
3592 3263
4473 556
2031 7967
5128 2802
9332 5363
7280 5063
2876 1433
226 959
7700 3301
8565 5510
1749 535
3494 8965
1315 8415
5107 8819
1736 43
6744 870
2295 4923
4294 3288
8388 3075
213 8078
3124 1202
1960 1065
8572 6868
1696 6099
7928 8714
7000 6171
83 3398
1 348
3000 5881
1103 7667
3284 2853
3053 5754
6444 9610
2305 6059
5783 6298
4210 7167
517 2163
9910 9184
2986 6977
905 5997
5168 460
3431 4542
638 5273
6150 7424
1812 3096
5901 9617
5963 9637
9569 3967
4926 4571
9747 8480
1267 4737
1259 7165
774 1683
327 9908
5881 1868
6070 5590
3402 8799
6445 6121
4094 7484
8999 9144
653 2077
3896 1848
8623 51
6825 804
1430 7973
803 6769
3283 5103
1682 7618
4533 3323
7329 4004
7447 3679
7064 3404
7808 612
3656 2080
4055 2685
4752 8590
9001 1908
9089 1131
3980 9920
6719 447
3092 89
8601 3042
7070 7435
5544 2560
566 4964
7226 7088
8908 5647
9679 2163
9149 5854
8730 1202
2181 4517
6694 7514
5046 9019
7635 9497
9064 3095
3142 247
4677 3503
7848 8901
2959 1854
4745 2350
9252 9596
3124 7173
2353 2901
171 8538
5452 350
6085 3533
1222 2247
8882 3639
6323 3550
8023 4055
3199 1745
2792 533
6065 2816
322 652
4250 6115
5732 6516
4604 3652
3275 9930
6733 1871
7217 3241
2955 2102
356 2463
8824 658
1998 7937
4907 9951
4957 4811
8326 4886
4043 8252
1893 3652
6696 8660
5090 7256
755 1251
4350 7458
3270 4428
148 5465
9926 4379
1431 7747
1176 5317
9775 821
5422 972
7593 213
4893 2110
2148 6250
8554 9524
553 3651
1620 3544
9671 5454
9896 8954
7254 5268
5803 7271
5767 5512
3750 3942
6810 1900
8721 3204
1072 9853
6571 4637
6164 5180
2254 295
9558 3164
2499 441
8645 615
4417 7710
7618 9564
7187 7580
5088 1409
3819 2105
7984 476
2452 6390
3759 2666
376 5447
3011 8809
5572 9475
1987 9983
1531 1172
4828 531
4464 7866
4217 2622
6338 2955
737 2889
6477 8711
2909 1442
4611 9993
6931 3384
9305 7266
8792 5318
5340 2394
7224 1061
5797 3951
5688 789
632 5135
6 4091
6211 132
8138 4041
424 2497
2573 1572
7256 8702
8408 2623
74 8509
4556 7739
5828 1805
4696 9490
7902 5173
6929 4769
3905 4852
8880 6892
9445 3280
4840 4280
9657 5963
2426 9524
1947 4918
7527 1865
8678 8486
1680 7426
338 7035
3039 2229
7683 5837
4326 2633
5164 8156
4393 1664
9232 867
3708 7686
1205 853
9602 6492
4340 4532
3778 7205
8057 9879
1462 247
278 4787
1762 6545
9739 9837
5611 640
3731 5806
403 1762
573 9125
9240 6520
5567 1500
8988 1219
3366 584
5402 1563
9435 948
1538 897
5514 5661
4122 9839
8315 6743
1177 5459
8793 4599
8324 5199
4367 1205
7844 1106
4226 5644
5678 5624
4286 3016
5132 6544
2369 9727
7956 8490
4178 5379
4380 1189
4492 2857
6806 6014
9880 6386
2527 7717
4649 9257
6407 6384
8193 5476
2236 1879
2632 6022
5267 2413
136 7463
2543 9715
6259 247
9492 59
8675 3343
2595 6134
110 2539
6544 8485
4955 2041
2452 9385
6229 8942
9279 9489
8697 2559
5757 759
6263 8863
7989 5933
790 2552
3993 7190
6617 4021
6577 8155
2555 8040
2892 2074
7077 9642
9826 7572
3077 5487
9716 8762
52 779
9845 8283
7051 7754
540 537
9406 5772
2636 3565
9348 6237
1513 2748
6903 6338
7651 4304
4784 7970
872 1387
3215 1685
8029 2850
5972 3595
8143 7700
2260 2910
6636 3311
8816 9333
4931 1066
5385 1976
9108 1998
1492 3527
2197 2198
9553 8688
7860 5477
8005 1657
4348 3200
860 2962
2320 6001
3703 1440
149 7862
6349 4450
71 5143
9222 1681
5604 4275
6766 4934
2694 4892
1128 3941
7146 1362
1607 1065
9643 7392
7564 6806
8273 7264
7782 5044
7808 6278
6160 589
8308 9483
8271 3810
2721 9354
8623 337
9346 1392
6545 4913
9019 6785
4547 6931
1374 8839
1873 9747
7176 3471
1984 6619
6909 7790
1427 1027
4109 7238
4211 7770
7654 1433
2656 5501
8704 8660
2283 5784
9297 350
5875 9045
4982 384
3413 4026
3782 7578
3999 7432
1760 3380
8171 2576
6548 1320
2410 4932
1737 1625
7373 3097
3883 43
2363 8363
8286 2749
7668 5417
9455 9876
8215 2096
1805 6207
1689 5264
4188 5588
9672 247
4860 5823
7483 8340
3221 5351
4518 7438
7246 676
2993 1826
5006 1555
9995 2083
496 2636
7051 1838
4837 450
9330 8294
3221 8831
3451 4965
585 2218
1609 3144
2393 2007
3612 8978
5649 2840
3083 9984
1631 3971
8194 4953
7861 3084
8743 5149
6752 2159
3041 9252
1465 4544
612 8960
6217 7147
7136 6598
1728 467
1942 6912
4709 1080
2139 6321
4399 6052
9556 2330
6475 4910
6802 8043
8293 255
9049 9985
4450 3538
4895 6046
8205 2087
9204 7479
4287 73
466 1970
8858 565
8905 2613
3027 7184
1007 7694
4925 3136
6098 9498
7818 1289
643 5374
9135 8826
8567 7338
7094 8392
8857 2814
9206 3436
96 459
2368 7433
9209 7332
2739 894
1816 7097
8028 6773
3961 7672
9858 5885
8289 8544
221 6625
8349 2844
172 9909
2844 3911
4930 6913
9457 1815
3855 1343
767 3243
9075 7514
7190 1563
8983 3853
6554 8395
5567 690
6144 7485
28 6786
5078 6520
9607 1550
9052 3999
1477 9803
1680 7075
3760 6985
8145 2494
5620 9394
2521 7243
6512 2560
6418 1564
7307 88
619 9556
9696 5367
1446 3954
5988 2600
8437 9996
4587 5352
3450 8708
9085 6803
5894 947
6222 5992
9407 2790
9773 5363
9366 520
6018 7712
2658 6049
6309 8779
4323 3507
4946 7794
1790 9797
9255 9240
6876 4201
7081 3723
4154 8324
1951 1045
695 8332
5394 5738
2092 9632
3445 4329
1136 2385
2509 9056
4886 9902
3142 2677
8457 2179
2917 447
816 6705
5310 7897
8154 1171
3182 712
4189 502
9025 1052
9063 6391
8247 1357
7402 3370
4167 4123
6573 8600
1889 8368
9911 5803
4560 8590
1942 5357
2278 2039
1926 4857
2229 8267
4570 7109
4408 8733
8934 4017
9389 7090
6821 8687
2681 7510
405 6937
9807 3748
6866 7161
3631 928
7116 6297
2440 2236
1812 2398
2252 7336
1822 9977
6104 5173
8677 5826
305 7017
5052 893
8628 607
2385 749
6625 8253
8970 4927
1197 9730
5021 2139
5738 7022
2306 4436
7815 3157
9857 5521
6926 1665
8255 6606
2931 3935
7125 1799
408 2602
1242 1713
2318 2769
4988 5753
3627 6983
367 4877
561 1251
7614 2538
6746 7167
4228 9468
5704 536
2805 7799
9176 1440
4342 5590
5726 2184
6099 1277
3624 1524
2600 4324
7921 2721
7999 5630
1240 5857
5811 2513
4389 4643
9597 3708
5684 8803
1676 4462
8795 3849
5905 8195
3331 5164
4876 83
9958 247
7521 8600
5087 9869
8575 632
8221 1256
9595 6813
5145 9602
3138 9453
8491 69
5050 5046
1059 8508
6824 5136
5786 4782
7541 3001
900 8912
6254 1848
6243 3812
3128 9817
4880 3923
8474 9670
1091 3192
5541 189
3383 400
7437 2086
9482 4068
9265 206
887 1012
3111 1178
2815 4512
2832 5244
6703 6270
268 6603
3474 9624
4876 4435
2776 3122
5153 6492
1423 2551
1452 3977
3332 7410
2105 3099
1005 7869
6472 9211
12 2223
2676 428
806 4920
5385 1919
2628 122
2201 939
8894 7747
8111 5831
3074 2062
2313 1807
4982 8105
3571 73
9186 7060
6962 8316
9426 4170
5822 9922
1037 2732
5339 1860
7611 7920
1014 5105
8165 2899
2750 6196
2846 7379
3435 5755
7243 5459
8851 3471
2164 2636
6040 6318
9681 2084
1399 9928
1580 2248
5395 9660
8998 8283
7002 3986
5192 6821
4231 4788
2779 4945
9824 9011
2281 8831
291 5211
7302 6304
933 5855
9662 9165
2678 2632
1230 7833
4983 8209
4989 3145
3733 4451
7850 2596
5066 8490
1590 5803
4317 5076
7623 6040
8443 4410
1534 7262
1058 2446
4040 9649
5346 4619
2757 5302
7068 4029
9972 1100
4387 423
7098 436
1530 3967
5720 1836
9407 2494
6288 1361
343 2377
9098 7151
1541 1562
9385 7069
6202 1373
5501 4275
5154 4387
6379 9802
5137 4714
6588 5968
6209 5343
7006 20
7420 1190
8449 741
2134 4741
1220 2984
2857 3365
3587 1938
886 3122
8286 6897
8210 8752
9030 4853
1126 3504
6225 936
8523 2408
5490 4130
9233 6054
6662 5372
9885 9823
9912 7706
1269 6120
5509 4294
4297 8173
5681 7572
5834 2739
4026 3948
3385 6382
4536 138
1596 2565
9291 9602
5805 8443
4460 8067
580 6495
4533 4625
1790 9908
3229 3847
2570 7904
5884 2622
1672 7606
5571 2204
6082 3153
151 4477
9771 937
9015 1186
6007 2590
6396 3082
6063 6007
8113 7090
4153 6430
3954 1567
9374 3662
4363 3243
8202 2027
8101 3412
3554 2780
420 6110
3409 7502
5832 2101
5271 3216
1766 6135
3691 5527
7366 1534
3209 5892
6587 5783
4884 4374
3298 6210
6474 8298
8417 3239
7671 7011
6504 7470
9150 9790
4265 9140
3789 2556
8247 7338
5213 2710
5267 2555
3959 272
663 7267
3339 6597
4478 1797
7433 7002
2505 7887
6679 1520
1506 2994
1280 2011
4442 4798
1843 3340
9547 8688
6470 5706
6106 9141
8208 2305
6221 8600
1503 487
5758 3758
5968 6213
3148 9783
2966 4060
8079 4800
6851 1533
106 5427
3851 6222
9859 6463
2418 4609
820 8710
6397 4895
7343 6192
5594 3200
8780 8376
3219 8814
1759 4427
3400 6891
1119 8843
1476 5442
4001 5199
6467 1209
4297 3299
5229 6927
6226 7708
1671 5822
4422 6256
3787 2129
9901 730
1452 9612
8476 4695
6479 8792
1145 7087
2000 8320
2950 7157
8738 6719
265 7969
4627 7256
9855 6974
1473 5618
440 3201
1012 7379
957 724
5489 5799
3183 950
6926 3042
7935 4767
4126 8718
8366 8985
226 9470
2770 7585
5388 4793
4392 4531
6122 770
917 4990
2836 2349
7990 659
3153 3586
3964 6190
2177 2153
8021 2057
2152 1829
1643 7068
2838 8222
4483 5779
9926 3275
4561 9006
7390 2476
4472 6290
8993 8951
434 9048
5952 2348
749 5273
8588 7664
8922 4365
8565 7246
564 3765
1183 9411
4905 1473
3075 6897
1661 6895
5480 3270
8481 3767
2522 5370
7526 5513
2483 7655
9658 2900
6652 3192
3732 5307
1463 3077
8567 9165
6589 2347
5410 7042
1177 9129
324 5659
6983 3899
7100 255
7821 6779
1871 31
7767 8494
6408 7765
7908 4928
6861 6685
6833 3210
6881 1646
701 5314
4789 6141
9191 9821
1803 415
3660 1958
3487 3597
5829 2210
1056 6457
9276 665
8754 1746
6223 8068
2433 5935
8252 1440
2163 134
736 8633
9916 7576
8127 740
4589 7007
5706 1048
2321 150
8054 532
2480 2495
3964 7175
555 9383
3372 3238
6909 348
9923 5208
5978 8135
7498 9117
7279 8169
8516 7008
3810 9475
6807 5225
6814 620
7368 7632
9247 5772
549 779
2784 2887
4696 7099
9854 5915
9371 350
7534 4130
5618 9757
8160 1167
3997 330
549 1001
654 8610
7610 5725
8556 2623
4449 5495
4645 9210
3342 4756
3521 3499
3008 3879
1629 8031
5488 5920
6048 8933
4086 3527
7625 4312
3496 8075
2163 5420
5225 2587
8596 6293
1189 5818
6801 5492
6917 656
5364 2490
9281 2096
4382 8066
7194 6820
7087 8524
5867 5853
9234 3663
3425 862
7700 3097
1455 2642
7928 2080
2933 4613
5307 9210
9447 4744
325 7592
4035 7840
8735 8703
7534 6527
9715 5365
2686 2041
5448 2286
7345 2346
8414 6745
6570 4139
6898 3329
1320 4414
2057 2123
52 2533
8885 4183
2480 6129
9577 4931
5160 6840
4639 4488
8735 3833
3570 5718
6965 4690
1474 6842
599 730
700 7076
9207 8749
2718 6250
1459 2016
142 9294
9853 6552
3441 7491
5761 1078
5347 134
2162 8347
839 6464
4927 5885
4502 9061
8396 4058
7675 8450
5027 1507
801 8832
5457 3565
7967 1167
5373 7951
5153 3508
1882 3164
5119 1644
3741 377
1316 7816
3330 1108
2785 9359
1593 8635
5417 706
5214 1480
7066 8965
1871 6442
8865 1323
6285 7847
4801 9852
8630 128
3494 2326
1533 7603
8248 7847
8082 6304
1644 3051
2303 2930
3574 1788
2481 3747
7503 9093
1443 516
6569 1305
3563 4914
2688 8773
1767 1603
5093 2784
3261 8450
1972 6433
1775 9415
8626 8680
4790 1175
878 4163
5119 4535
4727 4796
949 9819
5968 4297
3517 8480
2278 7201
8882 3210
7009 8951
8612 2673
1613 2452
3300 1350
3323 8133
5271 5510
5764 2304
1240 7216
1804 121
8877 3150
1527 7995
4004 5351
2959 200
8272 5409
3261 8672
1099 129
5687 8116
516 9941
1789 1369
1378 5752
3376 6962
9742 665
3277 2849
5692 2508
4287 8452
5068 7121
6360 1494
5898 5824
9734 6439
6381 8505
2261 9145
264 3967
9203 2432
3137 5672
5710 9298
9024 5589
4875 5664
2757 5192
1916 3504
6542 7580
7025 8987
5966 8325
9945 8377
5809 8048
9757 4297
8804 3954
9183 1665
2923 1515
1681 4159
4501 6060
687 4429
5836 6635
4274 6190
140 4028
5724 6863
1937 922
1719 662
1807 7036
5903 8596
2512 1353
7476 242
1675 5308
4021 3005
5970 9256
9624 659
6018 7971
5685 319
4933 8715
8748 3209
1300 7347
3324 7930
8134 1253
9486 8875
1339 3454
5860 417
746 8438
7574 2559
5793 3754
2499 3718
1060 2048
4607 2651
4173 6595
9445 168
1614 5766
4059 7717
4024 6372
6604 3118
9349 4329
2837 5940
8723 2612
7935 8102
899 8016
8101 4599
4366 8361
5865 4054
8344 8395
36 1111
1855 324
4898 7609
5788 9056
8378 215
8872 2768
163 4961
834 2588
663 3375
6 9552
4423 4920
2815 5563
7318 2349
9413 7947
9454 5449
5843 8061
696 4058
9562 7634
3028 3791
7555 4253
716 602
2716 7982
7826 8845
2686 8317
6818 5606
8148 8540
302 7745
7195 8304
4613 6630
9207 311
9 8610
712 3260
9987 242
654 806
4836 6972
9778 4280
4626 413
7996 814
2518 8890
1844 5219
7471 6785
5988 9336
9565 4469
7909 8068
4473 3597
280 6146
4180 1633
8597 3095
7231 9825
5204 1766
1236 4214
7490 1512
5784 9320
3626 4210
2171 6385
1276 1142
8988 9011
7387 5944
9880 821
408 3783
9040 6613
117 3400
8098 7824
1314 6714
6916 9996
8177 3304
3347 3042
795 5667
8722 6239
8135 7551
4977 9017
8343 6245
6041 3902
374 7716
1128 625
9567 1563
3815 8776
437 5036
3264 943
685 9228
3325 3153
6827 3024
3824 3862
2414 1353
2392 2151
115 7210
2121 8006
6231 3479
8900 4217
5387 5928
3197 4136
3843 4442
9728 7745
909 4216
857 3916
7275 1522
4381 1414
8049 3506
96 4351
8946 6795
3031 7409
2738 9240
5507 1311
387 2947
657 2805
8360 640
1018 1814
1694 1487
4867 7234
9696 9181
6088 9336
7115 1094
3632 1675
3431 1391
3952 7417
4427 445
3653 2092
7955 255
5901 7572
3371 6006
9546 5871
7594 2824
7322 8067
5178 9
2892 6749
4010 8888
5244 3063
6717 4032
5634 9756
4668 9640
9530 3052
6659 2956
9739 9072
5539 3824
3530 1345
6148 3663
3386 7764
1912 867
7394 74
9609 9608
9881 766
2466 4542
8876 7127
3257 4953
9459 918
9065 9010
7879 1223
5561 1854
409 8149
8485 6773
1649 4579
7300 4436
4633 711
9571 4474
7931 815
9075 724
6213 5049
1450 2045
3476 2009
734 2268
2854 8951
1557 3442
4309 4946
7898 9856
8145 5292
9987 9184
2092 1797
5609 8499
580 3108
8747 171
4682 168
3163 2855
3621 7163
2845 4073
4735 869
1222 8068
358 9448
1903 5249
5941 7354
7512 8196
8017 2671
4031 6957
1284 5484
3122 4365
4154 9281
3274 4510
6184 1744
2077 3592
463 5813
3375 3318
6558 8212
7972 9583
1785 1564
9735 2083
1128 6196
5354 1930
6087 6356
4389 3905
4532 5817
9043 6850
6835 4987
9008 6550
7859 3200
5224 3389
5384 5386
6932 45
4359 7438
6889 8608
5962 5119
9950 4396
4087 50
8709 123
8127 3856
5810 5656
6507 2280
1513 173
7529 9978
9863 4414
3146 7303
2364 7619
3953 936
530 2141
4675 6364
5343 9220
3738 5273
8758 4979
6577 1706
8874 6388
2233 2562
3094 5145
1912 9989
9692 8540
8105 1281
843 1867
5340 8634
9168 227
4105 7989
101 7363
8975 7348
9764 7046
3605 59
7631 6645
4216 2959
6987 560
1680 8864
1695 3162
9603 5539
8470 3216
1346 202
3510 3002
4945 5567
5352 8675
2218 5497
4394 843
6158 4490
4225 5322
7111 6800
8806 6870
6016 8409
8506 6385
248 5450
1791 1618
7178 2738
3764 3981
4652 9074
2435 6567
5248 2966
5814 9570
334 3242
2353 2773
6322 1555
2364 2139
5560 2086
3806 2258
9241 9783
5984 2763
6903 9817
5529 4121
8542 116
153 1234
240 5723
9967 1667
1160 2944
4230 4552
3234 1220
789 4875
8992 5946
7268 236
2170 1049
5225 4710
6775 3016
5595 9607
5602 7016
5374 3371
1309 8863
7324 4897
5437 2553
1108 1416
7842 6343
3808 8946
8019 4710
6836 8877
8083 7854
1215 3370
9009 2900
1414 8519
9854 8875
3624 4277
951 9781
5192 6643
2882 7015
6886 8087
1485 4285
6259 8929
3267 5987
9795 7075
3925 7039
8244 4026
8240 7350
6425 4034
5528 6523
4009 1481
8530 6745
9545 6366
5005 176
5080 8995
564 7780
6108 1167
77 5208
2309 410
2765 7190
7378 5497
421 5014
6845 7927
6486 563
4546 5420
7184 4762
6131 345
7340 1854
5078 358
522 8214
3311 3524
6930 9991
7662 3295
9935 1302
7666 1710
4000 2749
9098 8262
6757 2117
7088 1480
4760 3560
3342 1171
7908 8092
7363 8868
5233 5049
5446 1267
6606 3356
3336 4692
5467 405
5106 3551
8256 8826
334 6471
4087 8687
7763 3238
3282 8480
5103 4323
1590 7814
9525 7127
1044 1744
7334 2044
8028 3663
5599 1074
2831 3189
7559 3662
5180 9877
1633 6696
340 2195
8087 1903
2696 7142
9294 2700
2374 5978
427 6378
7485 2231
1720 7102
4618 3268
2186 2020
2908 4876
927 2508
5642 8596
9019 7615
9270 4536
4165 8200
321 1910
5361 901
4645 4651
4909 3404
889 1250
5193 5845
1141 6054
7632 2714
3725 9260
885 8709
652 4030
1025 8445
3226 6054
7762 6609
5734 4621
8465 3679
7467 8602
158 8973
8879 5277
7938 4598
6129 2804
212 6631
7937 2868
8693 9525
507 5003
2629 9169
5515 2534
2257 2168
6123 8495
7200 8243
1539 8999
6945 1438
4184 5453
2062 5854
4509 825
6584 168
878 7943
508 4142
2249 6390
2831 7580
895 2711
6583 755
6459 1080
2985 3585
7049 5952
5050 6948
6123 7277
6864 4001
1387 5579
5368 1568
2935 7843
1064 1558
7292 6821
5781 5755
4458 5802
9218 351
2569 7669
8515 6012
3720 3742
6465 2346
3258 731
5996 180
972 6391
3036 340
1095 8216
8772 4894
7095 8214
817 1398
4545 2799
8532 1672
2402 9178
3833 176
2797 7328
7917 9459
6399 5033
3393 8066
9283 8796
884 8570
4406 517
5949 3651
9124 1712
9214 7022
6892 4890
7722 8678
2025 1650
1945 6563
9907 770
4836 7444
8941 888
5924 7373
9315 359
6260 4209
2764 3419
2071 4427
7873 9708
6190 6954
7868 7526
5224 9963
2553 624
5954 8240
619 94
8036 2329
3870 2213
3060 2888
3328 4173
8316 1525
1070 1502
9554 4927
3302 2169
3153 2030
9952 1587
7711 879
7668 7120
25 6120
8706 3298
4911 3264
3799 2449
2019 4876
7152 2988
8710 2661
6639 8842
7124 4108
546 2498
408 3440
7815 2102
2276 1418
4229 5889
7464 9430
1430 4892
9703 1704
7295 9837
9957 5665
5207 3690
6379 3423
758 5988
8487 6385
5748 9482
6977 7676
3617 2813
6281 500
9581 867
7823 9873
1361 8886
4027 4788
2334 3700
5266 5859
2281 8350
9646 658
6754 3918
5276 8121
5868 7194
1440 737
8797 7339
1491 655
5431 9908
781 9731
8660 776
9652 2697
1354 4904
8503 2088
2447 4125
4072 6452
7112 5170
2211 2650
4147 9920
9086 544
9407 3508
3401 4474
7566 5994
798 852
7736 9074
287 6870
848 3238
9244 4979
4123 641
9596 4297
4120 1010
3041 1096
3305 1369
5252 7415
2436 9815
243 9418
9984 46
7927 3837
8608 7236
4590 3412
3815 322
9362 9261
3814 6552
3248 3465
4259 773
683 8640
2223 5318
6168 1705
5873 3782
9330 4895
8825 2543
5751 2088
841 1151
2280 3592
7077 4975
9885 4956
5161 2943
9021 4263
5289 5516
5483 7816
3433 7770
5663 583
5424 3781
2708 7981
1348 4082
842 6339
9044 5343
6668 5182
225 9711
2509 385
688 7786
6192 389
1081 8080
6280 6777
6839 4693
2220 8733
3136 8678
5929 3659
2205 5978
5725 7579
779 6116
5455 1968
6045 9899
8081 2361
8573 658
1328 5351
8807 8820
29 4191
9983 2121
3390 8
1975 2009
850 5192
2789 2933
9341 3837
2370 9544
1800 3255
430 6399
6266 5164
2142 1620
4656 38
2002 5297
3113 3460
4506 922
7875 4417
1148 3010
9213 6719
3161 6417
9259 4513
8881 6149
8662 1085
7502 6130
6925 5631
8599 4933
8287 1178
4551 4827
3432 8342
3143 4565
5713 3099
9351 3853
2752 5808
5127 7558
9893 3868
9317 4513
5538 6379
4057 7951
6657 6116
6061 4743
4766 7710
8945 6719
4931 8814
232 1078
9051 5540
9514 3886
52 8672
8855 8375
2583 3783
2155 7797
1815 6109
9931 7338
864 4819
1317 8768
2196 5009
7215 6008
7553 718
4937 2853
3894 3384
3452 2880
4549 4451
888 6014
51 2794
6363 2096
7688 1197
6931 5994
1277 2055
1387 297
6416 5548
1355 3734
7192 7246
4131 3792
8051 731
1063 6318
2821 6343
5479 5958
3919 6256
7465 2633
4994 4983
6443 3197
7038 5318
4550 6898
8202 8481
6191 6855
750 3835
1228 4584
5771 8116
644 430
743 1411
9659 4903
5321 539
3377 4345
9403 1270
6869 8842
12 8879
8580 3057
6002 2991
7679 9471
5840 4701
8189 4297
9660 2951
7506 1847
9872 7897
9856 5630
6110 4609
8520 8377
9097 6593
1220 1502
2107 6282
9141 938
4039 6022
9106 4536
3630 9877
2255 4451
3938 6850
2848 6565
6743 5088
9146 7615
3127 1208
5452 1549
4746 2147
8412 3288
7316 4933
349 6306
6213 3194
3120 5683
9223 2760
1689 6280
6672 5414
398 4247
6593 250
7772 9052
996 1455
581 9549
7747 658
6629 9694
9787 3162
8517 9951
2579 7115
256 6984
7675 537
583 1477
1069 833
4402 8562
6272 728
5603 9128
8393 8715
6277 7756
4868 74
6818 5521
5916 4655
10001 1
281 520
5365 2654
9650 6795
8271 5216
7352 1300
4702 707
261 3817
2167 5783
5261 9648
8337 9991
6688 4538
3291 9273
3960 8965
6094 9766
8226 4723
4630 9828
3926 6778
7924 6821
5704 1667
5411 1402
8148 8173
5367 8321
5478 3311
9765 7801
1758 8641
6565 2840
6880 5981
6590 1434
3883 6953
4448 6031
6708 1930
2795 754
1267 7747
7642 4264
379 5289
1920 2878
1669 6056
9745 255
2199 4522
3917 8040
5495 8435
9428 3966
1095 4353
2209 9201
3645 4982
1644 1140
9386 5605
1765 6129
1688 2579
7008 5159
26 2195
2098 8725
9798 4613
2238 4513
3322 3427
2495 9625
6228 5350
1102 1786
6547 5441
113 9474
1382 7689
347 7136
4057 9784
6196 4583
7345 2013
7229 6294
1737 5410
9390 8965
316 7737
5571 2316
4639 8991
2078 4906
5993 563
5075 9021
6360 8799
1229 3610
9211 6889
1885 5571
7290 2117
1721 8227
4496 8549
7401 5592
4495 7113
495 4852
9061 2147
3569 6082
4571 8615
8133 1672
6970 7705
1853 8743
7985 5219
271 6785
2581 8090
7408 2551
8959 1136
4288 4859
9117 1197
8775 7342
5069 5343
2645 1773
534 7983
123 6872
64 3744
2492 9092
9528 4365
8723 699
1873 1116
95 4130
5992 1359
192 8567
5889 7842
5492 3393
8986 7167
754 3074
8220 5669
1208 1779
9251 5173
3066 3417
4533 2769
9370 6022
6508 6718
4283 407
6171 7868
4759 9803
6221 6598
82 4420
5699 4814
7253 9002
9106 9737
1590 2377
4335 3631
3131 2083
3621 6453
6053 9069
3756 8377
9347 3108
1857 5650
2027 5269
6867 4866
3221 2677
7954 6363
2409 4390
2888 1958
4915 1443
8987 5309
2081 6803
868 2874
4535 1547
766 5187
682 9577
6417 7579
4771 2524
9021 1104
4445 1670
7984 7113
9876 2027
5789 3982
3065 7140
5883 5821
6367 7271
3953 5833
5711 7514
5634 5219
2639 1773
8490 5673
2268 8572
8076 9466
4621 183
473 7147
8669 2439
2479 7339
5869 3530
7084 2939
6322 742
1638 3592
3711 3866
1498 8156
1482 483
3806 107
2354 8776
3962 8212
1558 792
3779 3097
6347 8490
8156 3724
1702 8047
4198 1156
8756 7602
4903 5955
3321 7077
4577 8953
2738 8572
7079 2681
8402 5269
9626 4349
5117 5159
6283 4646
9044 9705
492 2432
274 8978
9686 3208
4288 6957
5107 5741
1033 405
6640 7525
3138 2921
7433 8067
8467 3252
5484 5161
2010 7278
4013 8211
4868 2163
6583 6673
8609 2253
4369 5017
4110 1886
8822 5072
1666 612
4839 2162
2820 5980
9123 6718
6692 5164
7049 3433
8566 5967
2658 8967
3286 2183
4827 2802
234 4834
2789 2586
7074 2377
8166 1186
9029 4252
1189 6118
8304 1478
7920 5653
2284 9383
256 5739
1247 8755
4464 7121
3076 6411
9014 5827
9035 8520
5809 6459
9306 6728
5114 1205
7628 9057
1811 5614
4295 1497
6368 1098
9276 2181
3758 3767
4060 2123
2862 7439
3209 5357
6124 1100
3445 9552
7951 7163
539 1681
1210 4921
2812 6983
3581 568
8297 9961
8869 659
1617 9004
6965 8512
9398 1392
4223 7650
4483 7217
21 3147
2967 350
5716 2630
924 7993
5548 7506
6942 3532
4873 8017
6514 5990
1411 3366
6188 3471
8223 4233
2780 4039
3890 3629
1543 505
3484 261
4926 8391
1441 5098
9625 7217
879 9348
2949 9964
7804 8645
8968 4491
5024 8794
3967 3051
6394 1005
3623 356
7476 5046
3363 7518
787 1359
3413 8
6838 6858
5878 4104
642 869
3039 4017
2952 6604
1453 2551
4370 5316
9007 2384
2439 3971
2148 3651
6921 1100
9210 7099
7093 8039
8129 4836
6170 7350
8447 5787
7187 7087
9932 8060
8798 4209
985 8465
9381 8556
8776 428
3912 4855
6231 3468
4570 5501
5623 8031
1301 9956
9847 5110
9922 6008
8241 4510
7557 4124
3844 6458
3160 9133
5943 3747
3893 1153
264 3973
1196 5625
6780 352
235 516
3690 5735
2235 2657
1966 3282
185 6172
8614 9144
8940 9992
8828 9622
8606 4657
7214 6926
1320 4007
647 1965
3362 7875
4101 8455
5927 8267
3068 1444
5445 6601
7766 9094
4176 5164
1325 5598
7142 5150
8531 6707
1052 8387
1496 8940
4519 8731
3634 1087
773 7539
3461 8755
3096 2218
8967 7312
8737 5912
5200 830
548 2277
9645 6785
5934 2009
2308 6575
4961 9037
7073 3702
2249 9957
7733 2359
2899 8222
2693 8114
728 3941
1924 9694
4515 3874
8807 2442
5480 2648
3028 1782
1296 1712
3299 6153
4464 4029
4735 3671
4851 8615
6665 9791
2834 7699
2985 5111
5253 4529
3814 6322
3953 4396
3893 9431
7569 740
2666 7551
9752 1790
1941 3914
5091 6136
6152 1156
6872 7969
5374 5544
3198 763
2652 2326
4132 4450
3862 4793
4986 5011
8803 7595
8159 6025
7445 7898
7177 502
1388 3433
9130 22
9818 4087
6408 2457
1586 2080
1517 838
3594 7121
292 4078
8550 59
6044 1758
5832 5808
170 5064
3384 5810
1204 5605
6509 7602
6603 6236
7346 2864
5789 652
9009 9264
6343 4333
8265 629
8595 1601
4352 2055
5735 3521
2220 6830
6139 1035
1223 2953
1167 604
5100 7647
6806 4521
1426 6901
4651 6510
48 4402
3996 6522
8276 8749
921 9582
7285 102
3650 6759
4940 5122
6606 7113
3913 9624
3402 4183
5502 875
9205 5513
1676 2769
2423 943
4322 766
8341 7839
7713 7253
6145 8433
176 1632
7281 5367
7481 5095
7865 8704
2476 7615
5119 7338
1292 4480
155 2015
1308 3107
5483 105
8126 7348
4474 5257
7482 5456
5465 4072
6392 7315
2855 8740
4285 1020
3604 6486
476 6140
7919 6976
9102 770
5429 1654
4114 5063
7466 6654
8072 428
3449 2088
4481 7210
2619 5459
9741 1601
2698 3412
2699 4805
3003 1332
4505 3016
2252 9898
1258 1767
5121 4767
5220 3609
7746 3995
1414 2168
6641 9165
9327 4701
3021 4413
2282 2041
1460 5856
529 8316
8771 6703
3671 739
6089 6399
2379 3049
8761 2607
9640 1140
1179 6927
6570 5228
6611 73
3493 5084
2152 2613
2904 1435
1682 5459
7759 6651
2770 9173
7060 9156
3482 9543
2315 4513
5880 5370
1196 2660
9406 6804
3382 1587
2228 5348
4846 8981
8332 5292
7040 1805
534 7928
9837 2572
9600 6527
2956 7834
2732 6561
5200 4059
6438 144
2250 7942
7788 2160
11 5447
2239 1763
5738 476
6484 5684
2717 4746
1858 1592
9827 918
7105 8434
7083 5561
7713 1987
9917 8519
1277 9766
4156 4523
6418 9135
7189 5532
4712 4336
3992 6745
3428 4529
3045 3903
4104 8386
973 3116
42 6048
5589 3316
8081 6125
6445 6598
1537 9080
930 2324
3760 1087
1514 9377
9544 6569
3792 9200
4867 2127
5931 8056
2599 9336
9474 8267
34 5143
9617 247
5249 5292
1398 5152
5029 5325
1991 4172
1765 8449
3554 1198
4900 9475
2917 4913
6698 7696
8317 3043
2939 653
956 1387
9149 9184
8462 1726
8965 6049
9548 316
3601 7947
8788 4011
6645 439
2579 8378
5474 6790
4203 3768
4872 7297
6271 7015
1361 7628
9497 1839
8667 4591
4237 2578
442 7476
7369 678
5689 2061
9563 888
4603 6630
423 9451
9016 1217
7566 9058
3898 4564
5592 1970
3017 2682
3788 6083
6743 5714
2386 4004
8435 9850
1292 4491
5102 1568
5965 6191
3857 1162
5879 8973
5517 8734
997 2048
1284 6504
933 1024
3474 3416
9320 800
1316 24
1797 8262
6112 8294
6383 8015
5578 348
8125 7818
3806 5889
8589 3671
2399 5783
9013 7559
7911 3620
1122 8773
6809 9958
2247 1421
8255 8786
7315 1821
5960 2574
6451 126
9334 3612
6979 5531
1277 2151
3239 2181
3073 5715
7315 89
7831 4132
5095 7965
2199 5182
2719 1183
7331 4956
5662 62
7661 615
7768 508
8794 1085
1987 7428
4051 7578
7151 4254
3288 1895
1008 5478
261 4673
6699 5110
5066 2173
7130 4445
2835 5932
8144 6410
878 9983
736 2934
6178 8090
6504 8714
6972 2752
9913 73
2242 9595
6227 7332
1376 360
8925 4130
6149 9694
6019 698
6938 2186
4011 5666
6113 4469
9202 6182
8381 3051
617 9069
1650 3924
121 1104
4943 5145
5065 5756
7122 7338
9054 2455
6849 7768
1640 3198
8525 948
7372 5444
1180 2119
2889 7535
4574 9587
809 7627
2746 5833
5338 2294
7804 4705
7026 5654
6960 287
515 8121
6160 9976
4820 3461
2329 7935
3972 9226
2399 2495
5836 5450
9729 1392
8910 7745
8895 8829
281 8875
1718 5143
741 7542
5005 3050
3096 6397
8283 2315
9712 8794
6955 9776
6278 7893
7018 8524
4097 8162
6521 3235
1076 6778
4518 2929
63 6036
1917 1026
5282 3216
6409 3264
1538 109
6153 3193
8484 2470
7149 183
4212 5513
269 572
8490 9948
8144 5544
1453 8453
2807 5821
2037 3008
1603 2543
918 3472
382 9732
9654 9110
6592 7001
9906 673
5497 2252
1482 2236
7323 2136
9371 7514
7500 1587
2878 5647
9104 3031
8972 8456
2812 3118
3008 3093
3593 7442
4947 3127
8514 6695
4409 8669
2296 8536
6537 3082
2806 1912
4401 8532
9766 821
2365 2342
3293 6384
5387 8169
521 2080
6954 698
8122 1565
2044 4427
3191 8445
5190 3766
2451 5349
6316 36
6943 5019
1591 3210
9028 8267
7057 8912
2065 6133
8126 5998
4672 2539
361 4508
157 7250
4817 9081
2440 1929
8099 3241
3960 7317
431 2746
5740 8020
8699 1298
7092 3988
2703 8969
1389 9604
280 3456
6003 7997
2957 9006
3268 5760
7660 7687
3319 1747
3315 4631
8342 3718
4588 5999
3108 5692
5893 2494
6825 6091
144 8451
2975 9913
850 3896
8250 5994
5573 314
4705 2726
4745 9453
7374 811
9666 252
4845 5933
9851 2745
6227 7079
2605 7087
33 8809
4595 197
4222 6501
5917 5930
3237 5170
8377 740
2055 9421
1191 937
2020 6767
9395 3216
9623 658
6172 8769
8090 7772
1290 7156
3812 6857
7934 5923
185 1981
1737 8776
3363 5857
4076 4349
6905 1680
8456 1555
8732 2939
2910 1714
5191 5741
5214 740
4956 8598
4821 2823
5827 5192
4062 2063
4334 2490
835 3684
8460 4277
7488 6297
7350 800
4670 9369
6279 6857
4764 2224
2260 1668
2967 5211
9874 2037
7446 5143
1153 529
1075 5084
3205 373
5805 3894
3193 1856
3600 2131
4914 5797
2047 8371
1100 4483
3970 2504
277 8178
8623 8377
4299 8079
4026 9058
4814 140
2633 6635
7607 7243
714 5119
275 4425
6941 7296
4494 7105
8004 5392
3029 5319
1626 2762
9709 3288
1351 1058
8804 8750
8427 7022
6847 464
8297 9596
1895 547
8026 9681
3309 7178
4032 9593
4583 3068
6884 8767
6643 2619
8950 9024
5611 3479
8068 9932
1435 3990
1950 2481
3758 5336
4798 8269
5532 5122
7606 7915
7599 1426
5327 2893
9414 8377
8296 7928
8636 6748
8840 1466
5374 9248
2801 1028
1830 2532
5273 3329
7579 8796
4362 40
2536 45
2298 8368
6704 3058
4165 342
7573 5182
7791 8599
3608 5984
9498 8536
5097 9756
9502 4217
5601 3652
8647 9098
8942 3810
6246 2179
8323 5319
3208 6669
2126 9811
642 3046
902 719
240 4432
5562 4770
7577 3876
9522 9852
5758 6516
2709 7801
2717 6049
2738 8542
5279 9675
1129 1805
7811 8698
5937 9333
6883 4070
8142 5381
2466 1223
495 1841
617 7747
2510 11
7742 6598
3220 5324
9536 3580
9151 8067
8567 9984
7164 2322
5011 9254
3399 8115
9092 8534
3220 7162
9189 1465
5714 564
2125 1712
6396 7847
8558 1799
9577 4000
1201 402
311 4620
3681 5590
3981 3633
986 7337
6857 2780
1072 6450
7005 918
161 353
6961 5720
5743 2245
1739 8886
4076 3157
469 2149
4677 8374
5330 4310
3659 5986
2852 1059
3031 2804
3384 2920
2139 2338
7176 8445
2458 1286
537 3335
2062 3513
3750 9525
3442 7278
1497 7199
2430 5992
8832 9444
6957 4499
1752 3452
2158 1659
7540 4987
7697 573
3217 7022
320 6922
1703 9405
6611 5787
839 7027
3235 3899
4642 2640
7430 5772
8788 1625
9472 3065
8652 8546
7095 2406
5821 5722
9494 4542
2265 9721
9933 8299
7173 8249
2386 8221
292 5749
8239 6564
6558 1825
9724 3287
9152 255
7910 6906
3191 7903
2082 3855
2776 1528
5626 6081
3127 4992
3856 345
3497 526
3861 1207
6395 8007
9707 3100
4559 4500
3929 908
422 1699
5644 86
7759 4051
2054 4017
6886 9223
8742 2470
6887 6926
2305 905
6902 5374
6179 8704
9230 5292
9989 255
3490 9338
757 8617
2095 6724
461 1939
3233 6530
5847 1728
1092 2640
8258 2543
7248 4571
7936 8519
6586 2331
1916 128
9737 563
5333 2540
2907 8739
1692 2804
4214 7946
4470 1341
3422 1046
9770 5826
2839 4693
4530 3326
5387 725
8640 1153
994 3157
3330 1821
2538 9327
6869 2866
5277 6877
9156 3430
8984 2953
3755 7968
8380 8618
7770 7002
2976 6081
496 1251
1775 7490
8787 8053
4717 186
1435 5551
3324 2102
1444 5149
5981 6993
4025 3174
7596 6974
519 1996
8708 5015
4870 6372
4779 1550
4500 9435
8994 475
514 5591
3596 4386
3267 5897
1368 7723
9158 5008
5590 2715
8024 2843
4086 8655
5669 1621
5160 9825
6209 3626
6578 1046
5168 8780
4559 4297
340 3621
1657 8076
5390 7523
9100 1680
4099 7372
5162 8174
6582 7235
9379 7341
2706 6750
7556 7351
2219 566
7280 6259
1798 7879
7050 5464
2999 9040
9004 1219
5163 6384
1885 7046
2103 46
5176 7862
9322 3105
4208 2934
3853 6493
4475 7757
8819 6366
4285 6573
1115 7498
8529 4714
4113 718
3662 8303
5290 6149
7428 1144
5316 3199
1429 9917
5085 6902
9960 1486
42 4363
6308 662
7884 1451
6250 8963
7791 4658
1339 7793
7520 7419
1397 6637
6695 4932
7937 6657
7445 2963
5494 9449
6876 7484
194 7673
7341 3335
4984 4055
2971 3297
9418 9052
6560 3074
4835 6280
8931 2749
4947 2350
2929 5192
3571 7451
3353 7575
3519 2096
1 6329
2387 6330
5941 2780
4820 7680
4766 7121
1548 2805
1547 8225
4525 4368
6585 8103
4139 2771
4734 7410
5949 9239
716 9640
1087 6014
6834 8839
1286 3362
108 9284
4826 7249
3730 5304
2253 1797
5955 3461
1539 4649
1277 4158
7203 1537
162 8678
2999 8467
6067 1222
5663 9163
2281 2999
7174 642
375 6289
9087 500
4045 7415
8863 387
3028 1626
2338 3842
7415 2247
9351 8549
5313 1695
4401 5659
4529 1271
1421 9014
9099 9694
8433 338
4527 2102
4041 1438
4934 5570
9589 1140
5076 7739
4799 3621
820 322
1700 3342
2411 8371
9777 6281
5067 4308
8422 4375
1704 7902
523 3988
27 2331
1473 1353
851 7549
3408 5840
5185 2292
9846 7348
7730 5352
1317 6335
1124 337
2314 8895
1442 4907
8555 6030
7818 2215
7361 6778
9227 3044
4502 7230
9331 5885
1024 3602
1199 583
4849 7043
7038 1304
9934 1704
4694 9222
9570 6399
175 7993
6039 9782
7196 2536
2854 7461
823 9790
4892 5214
396 6668
566 3848
8919 9963
2960 2204
68 3907
8409 6992
7222 4408
5057 8831
6963 4469
3800 3068
792 3223
4709 346
2001 6194
9225 8490
4854 8251
1852 3457
4155 1895
7206 2640
6721 887
8401 7216
6458 2158
6534 6718
8182 3723
4336 3305
6386 121
1484 9112
3567 3904
8557 8008
2172 3783
3613 7855
608 8395
4138 2018
7484 3323
5617 6024
3726 3533
3232 4832
7279 5078
4628 707
6850 4569
8343 1085
3099 5284
3545 4714
3830 1982
6770 3343
5196 3096
4902 3679
1375 590
3415 4236
5549 1144
5176 3387
4133 8771
7012 6294
4882 8672
8765 9453
577 8279
9184 3427
7289 5327
2434 6542
7107 6502
1458 4851
2299 4727
3733 6817
5375 9770
2412 2798
1017 7178
676 6123
5738 2043
8856 5512
8781 4529
9946 4513
9978 821
2453 1274
2268 6226
3375 4992
2362 5446
9139 9264
5205 4965
9690 3065
9174 1825
8663 1028
1987 1140
5838 412
3435 9788
6591 4102
7095 7664
2951 9552
2871 552
8345 359
2444 5589
1789 776
2983 9385
1 1448
4356 9821
8301 9024
8426 7926
1725 1467
9836 7558
3103 7360
3120 6022
9905 1217
6916 2160
6017 6215
6707 7053
1291 7646
647 2624
2340 1544
45 2096
1600 1498
6658 3420
5116 9098
3690 871
174 3525
7144 883
4196 3425
3533 4787
761 3283
5725 5959
8969 5871
2452 138
2048 3942
5148 2308
9175 5647
3500 853
9028 9142
5740 51
6146 8536
7106 5978
8670 9301
622 2598
6337 2620
747 2917
8168 4893
5204 8384
8739 9188
5536 8330
5806 2609
2885 2766
7920 6976
7525 6363
5421 2637
9648 6463
8446 2613
7676 5008
1011 6197
8246 5857
4146 2760
1720 2559
4102 2204
8973 1564
8451 1367
2593 1655
309 4418
933 8481
2160 7971
4246 405
8470 4023
8534 735
4093 5131
2988 902
3000 2649
5686 6166
4213 1829
2795 1712
2058 3192
3541 1153
3018 5951
3019 867
4923 4042
2999 9983
7382 3549
5003 6570
1950 7936
9748 5885
8203 5497
8729 7266
8110 3837
3107 3038
6545 990
8679 3412
3928 2245
7443 8828
424 7752
9226 4001
2179 5928
7034 9185
4919 3586
7769 2509
6124 3689
3100 1215
5336 2710
3976 7144
5610 5303
308 3342
3277 1710
5191 3771
124 670
1607 9428
6382 7660
1127 4195
4688 3266
7020 4798
3141 1552
2416 7506
5290 755
6966 899
5747 8879
5077 5528
4015 9215
842 359
8667 8435
1375 251
9918 7338
9036 7854
1333 2924
578 8392
2738 6934
8445 8449
3074 7121
7042 6343
3724 1798
8326 5749
9415 325
6150 155
2147 8687
8141 7989
9449 8549
9095 5561
1528 3118
9499 4087
1714 9771
3310 6516
1501 7691
9693 698
9839 4179
4852 3331
4497 5309
8291 2290
1178 7531
8924 7022
3900 9934
7741 7994
9450 59
8104 5149
7486 639
3624 6376
1661 7240
3204 8589
9203 5498
9383 4325
2699 713
6099 5871
6794 5417
4888 4933
5036 8314
4403 4166
5188 2060
269 2632
7648 5211
9423 8899
5335 2152
7007 7072
1403 2381
9991 4931
5773 3285
3966 7314
3119 6996
7435 9643
3541 2270
9703 1755
4778 1414
9338 4414
879 5841
807 3369
7408 8540
5178 9372
4406 5673
2412 1079
1466 3387
533 8843
1610 1965
6576 6472
3352 1520
4753 9942
3776 3090
9134 5509
7849 8821
4123 8570
9248 3671
6663 27
7690 3421
7856 3737
7792 4821
7522 5002
4591 5068
7468 4327
686 6121
1279 5334
8454 5582
675 809
7354 1013
6891 407
899 7317
8593 1836
5195 940
2833 6913
3326 3767
2878 2817
9288 550
5016 5714
7076 324
8381 8058
7689 8597
1572 384
2661 1581
8476 4023
8990 4696
893 5117
4923 4332
5498 319
372 5072
1418 5894
5436 6542
7889 3200
5555 2368
9420 9958
3679 717
5341 7252
1594 7665
2544 907
7617 5591
2445 9852
6533 9677
6739 4450
5732 3979
1018 3709
3259 2318
731 3713
7805 5915
2591 8458
4682 7536
198 3520
2731 6968
3777 8608
9077 50
3729 4863
6133 350
912 5868
6681 2768
3648 7473
6266 8182
8314 5512
6137 9354
8705 8867
4794 3355
2292 2697
5586 8303
1671 299
2363 1509
3853 184
8199 1910
189 7681
7380 4209
308 7314
2442 1520
9632 550
7155 2456
5382 9294
6586 5847
9193 4095
7059 9549
7725 6049
4977 1672
8627 8842
1065 348
8597 501
7053 59
4492 5095
7361 9058
5098 7464
6822 1773
9555 7348
4570 7245
5074 5199
9121 7243
8615 9955
855 4463
4808 5605
2896 2930
5149 10000
6779 8821
7812 1156
7450 9792
7434 116
3869 6740
7257 4156
8736 7389
9115 7119
9046 9135
2253 3555
2055 8429
3451 5930
3447 6462
6518 1735
6990 8378
748 9684
2640 1468
7929 118
8394 1353
9119 966
3771 2532
5037 5618
5461 5803
4593 1009
3798 9289
4082 4807
9457 3640
8589 469
3356 2074
644 94
2763 7618
2313 4277
5878 7650
6143 5536
4521 2424
6655 2438
5152 3417
5518 2696
929 7426
3256 1167
508 4756
2371 9267
2908 6774
2856 9259
588 1099
9750 8821
6550 8678
709 663
2867 2209
3333 5380
7842 7897
7199 6667
9208 2074
8805 6503
2757 7689
8211 2837
5919 296
1340 1187
9182 6196
423 8992
4051 1270
2414 9769
664 7694
9393 9080
694 65
9717 2216
439 3621
768 2781
4042 4763
6121 2717
6885 6493
8164 4000
8553 5216
5354 3436
4137 5521
60 6332
5619 2620
7435 2963
8705 6752
8263 8578
3873 4243
1032 3681
6310 1587
8714 1514
3867 4041
4770 7453
4248 604
7463 6765
5648 5473
8257 8100
7114 6357
6306 1373
1173 7840
5731 1302
5504 552
6480 1085
468 8591
9713 8377
8544 4973
9287 8615
972 7764
59 7952
9521 3620
3771 352
9191 4470
2004 654
5685 1896
2499 3808
2070 6159
568 4089
9399 109
9671 1033
3013 3960
7121 4598
2852 6183
1365 5745
2843 5972
7311 2701
58 3905
728 2311
7881 1923
1396 4937
8207 5874
9841 3999
9751 2745
1241 6688
1918 9292
2237 6007
1184 6906
9136 6785
2905 3867
7444 8204
8897 3983
2907 6632
5058 9384
5412 1472
2097 5768
475 5715
3346 6904
6776 4487
1103 3953
1614 920
9290 5813
605 1033
556 3873
8628 5433
7596 2732
1398 5560
7829 4842
1692 3947
4921 3639
7302 9492
420 4801
1845 634
6758 688
6678 2141
7752 2854
8192 4940
4486 2431
1441 1223
9354 1625
9272 5990
7993 1913
1313 7454
4097 3626
232 116
6264 5067
8665 7629
3058 3275
1280 469
8706 7243
7365 5845
9544 587
474 6429
8638 4699
8494 5132
1627 4299
4310 4543
9855 770
4949 1263
6837 1596
550 7556
6178 1464
2641 2649
4260 1995
2078 9440
4577 4474
5566 615
2815 3065
1740 3277
9114 9171
7462 8784
5474 465
3056 2872
4234 2775
7216 2901
9141 6988
2783 2732
8727 2761
1293 9326
1726 2181
6970 8092
9424 1865
1421 4268
7849 9774
3566 5494
9136 2743
3365 3771
2175 5012
4542 4010
1074 8657
5933 2735
4791 9134
2127 358
3358 1284
9561 1600
4858 3503
5675 6717
5697 3812
8459 4152
5558 6237
8435 3597
5864 6244
1603 7782
2024 6860
1953 7518
7187 3019
227 8831
1243 596
3958 202
2976 4139
5187 953
9678 5160
4532 2162
6014 1557
1490 7602
7356 3711
1910 78
6466 4796
5681 9425
5545 2749
3707 2349
3488 9262
9616 7602
6938 8839
8940 2152
80 6390
1586 3036
1025 4067
4906 2926
1319 2276
4785 2702
5841 4780
890 7522
8994 2844
27 8490
4578 1602
9898 128
6463 3500
3774 9300
4197 5775
9181 8755
1340 2576
4102 5122
5726 770
1543 1311
6251 8253
6520 627
9391 8875
1050 7895
2659 6121
5788 7179
3826 4764
1229 5826
6739 7523
3818 4494
9167 6481
7730 3976
1276 8316
2194 7715
1539 467
9034 7264
4866 3220
9271 1852
7549 4153
3304 6816
4346 6270
5298 1881
8370 6293
5520 4800
7026 2984
6935 2041
5613 8067
1345 9537
5262 1602
8552 8769
2398 9450
5283 1599
6761 8208
208 127
451 9145
960 7766
8207 4130
4055 1058
4795 4653
7254 7349
4321 8135
5819 8057
267 6823
5747 8375
4262 1355
6333 9053
4457 5554
9066 9348
9825 5363
1636 8961
1814 478
1422 3859
9003 8173
18 853
5476 9420
6305 5673
5049 5972
5991 6850
5076 8514
1682 7170
7574 9783
8953 2680
9239 9485
4245 377
3532 2584
5441 9931
7892 5072
6251 5680
1924 9435
7796 1440
9378 8165
410 6718
4772 8499
6925 5922
4962 4141
8013 463
7500 1514
3000 5077
7875 105
1195 6122
3496 5937
6387 6321
5876 6758
3502 4215
1262 6922
6557 8065
7824 6140
3978 1253
2779 1456
9419 8632
9434 1720
6835 4285
9228 1316
6133 9425
7629 8598
7567 4437
8078 4685
1970 2991
7045 4294
1213 4041
589 6041
5533 2622
1446 2396
6384 9232
8695 3793
1132 9278
6054 9095
8254 5632
7125 1973
9740 7514
6625 1455
7737 9322
5588 4011
4 5992
3224 6650
4749 4873
8276 4610
9394 7866
4820 1369
6185 1333
1642 5961
6616 7576
1054 3698
7886 3679
4788 4959
9519 2555
4012 7233
5553 2564
1807 7648
2904 1528
7504 4714
7767 7688
9964 6527
876 30
3245 8385
8652 770
796 5833
3124 10
8430 3055
5680 9783
3135 9122
6536 3051
2678 7526
2464 7769
4434 4697
5632 1523
4530 4083
9655 1704
5295 4473
5400 2070
138 7780
1274 5031
3318 7245
4656 9256
7499 8755
5888 2322
2172 3937
6469 282
2787 6834
8561 2533
8236 5002
4415 6351
8997 2950
752 7015
5847 6580
9433 588
1844 7897
5193 9852
6772 1169
457 1563
6833 2253
4792 7877
9047 42
5622 9803
4050 8757
5077 5370
466 6840
9011 3701
6107 3831
9029 730
725 3518
9000 5149
9551 3174
2335 4469
2275 1766
9766 2853
486 5661
40 6234
5502 5653
2497 4678
928 5654
1557 8596
3052 5483
7063 7936
3773 2633
4744 3124
5973 336
2536 1164
5804 844
678 8933
7330 1565
1213 8556
9804 1704
1114 5274
5944 5414
6898 990
7870 9497
1379 470
9115 5826
3658 8026
6624 6803
2638 7186
6919 7090
1878 9283
4269 3845
2405 9791
7425 6963
4430 6373
9697 1555
9487 2220
5760 6093
9988 1601
7035 6951
4243 7337
2370 6025
8740 291
6634 3548
7023 2037
8174 4205
1373 4107
3664 4195
8963 7617
5613 640
2259 114
9097 5775
2099 7006
2246 7670
3793 2449
3578 1746
384 6660
5666 9381
4426 7119
4345 1726
2161 6989
795 5846
1337 3447
6724 1202
5308 5055
9085 3935
3082 7758
744 4277
3519 563
5909 7867
2676 6429
431 6828
1295 7407
3457 3369
6043 1297
7393 6384
5628 4103
6889 174
1341 1479
2887 7165
3975 5800
8348 5524
9719 3995
3194 763
2142 3432
2860 3270
6385 1806
1408 9232
5134 4167
3159 3706
941 3136
5191 6555
873 3990
5950 9539
9256 903
3141 5581
2074 4381
3908 5914
349 468
4732 8443
3081 6896
787 4501
5598 3051
4940 1484
2029 74
168 3905
3042 1456
8660 6850
5015 8533
8011 4219
5971 2258
5210 5618
4537 7660
9723 9184
9358 2349
9365 1110
5965 5528
43 1643
9140 6980
2011 8361
7599 541
2372 6387
6404 5335
2164 8092
5366 7044
9584 1558
5461 7499
3292 2677
7438 350
4765 6911
3034 6953
7820 1123
6736 2560
5344 1085
1732 9336
4155 4931
1970 7522
4308 412
594 3668
3808 1368
9879 6304
3552 3384
3928 5016
6878 4095
536 7337
8002 4731
4850 6684
367 8068
5383 3840
6286 1129
565 2677
4472 6348
5711 3161
6017 5563
3775 5376
8674 5344
9848 9813
4130 3723
930 2714
337 1870
674 2717
1829 7953
1840 7773
5640 8641
9443 2179
2992 1916
4244 7090
4942 134
2054 8707
1525 9593
4929 5527
7649 5375
5232 6600
8365 48
8982 5533
2497 8804
7740 1161
2105 2673
463 5846
1913 8578
4483 1114
4221 2781
5384 1347
6491 9374
5878 7549
1857 7571
3134 6901
9033 2470
5370 5269
6337 4933
6089 9747
6258 2509
3491 2180
509 8566
2464 2055
2209 3878
4908 4814
3272 4531
1784 226
5693 1376
2029 3789
9551 292
9067 6922
2554 6343
8228 3405
3805 7663
2020 6974
6141 6868
8917 5647
284 2140
5498 1827
2501 1601
1039 2410
2786 8915
6655 2281
458 8431
1102 8837
4712 9277
8056 2957
654 9383
6556 9048
2759 5817
8153 5586
6543 9377
5919 9431
562 8078
8784 9539
6298 1482
9664 542
9910 5596
6926 9086
6552 3620
174 8510
2721 4434
3786 5904
6336 8091
2478 8222
7790 8198
7858 1100
9909 5110
7013 1098
5776 2206
487 9019
4218 5524
4166 3951
4079 1849
4039 3747
7904 2326
5621 9136
5196 7253
220 4428
1733 6435
2581 5782
3654 5146
4247 9752
1167 3508
7999 4191
9623 6214
8499 3452
2517 4643
4139 9893
340 9034
5964 9262
1573 252
5940 8222
6598 3943
653 8084
3607 4681
5080 4612
9297 121
1779 1603
4476 5863
8550 7968
7784 2624
5478 3175
9794 6561
9665 7852
8360 7602
21 3171
9176 4542
2014 7426
585 3878
8819 2714
6764 5836
7886 1579
8187 6970
579 1316
5511 5498
8375 1690
4501 5521
8794 860
6066 2091
7322 4970
3624 1702
9441 9992
3309 6865
2086 6870
5665 9203
8834 2009
9250 7139
1999 1085
4213 8109
9989 8570
7151 6548
7519 320
2621 2951
2338 2488
8767 8060
9014 7801
7727 4103
3592 5786
711 4055
96 2326
7918 7505
3661 5476
6989 8711
3679 464
3856 4011
3527 5379
9969 1673
8077 9059
3139 1916
5633 6374
5804 1223
2527 3507
7680 316
3262 3406
4939 7474
7803 7735
5574 8017
3779 4851
3840 357
7032 8901
6375 4722
6156 6762
4994 3432
5749 234
8309 7075
8069 577
9240 1234
9462 4980
826 1646
9481 5689
9280 6049
4698 1501
3371 8386
7303 841
3684 5335
9243 6811
4862 5257
163 438
7871 2696
6380 8103
6133 1508
1938 1239
2790 6942
199 3566
8110 6304
7540 2377
8159 1478
8043 9913
7028 1845
1803 5372
787 3406
3937 6985
7099 1558
1212 5557
5126 1168
2447 6845
15 742
383 3837
262 998
2362 8665
268 4871
4041 5951
3132 4447
3453 7022
376 2752
9612 770
8694 9385
3007 4732
627 5328
4563 99
8817 1747
8235 9123
46 6603
7588 1499
1077 3802
3844 5149
3085 1924
84 2636
8683 1357
6645 3241
8785 227
7788 6728
1675 8949
4524 9044
5398 9112
4302 1519
3562 1753
1901 5661
280 8279
4898 1703
7452 5067
2918 5297
109 5714
4468 2975
4723 2414
2158 7505
2442 150
2799 9845
6681 2179
1949 4484
3308 1537
1650 629
3687 2680
1387 4283
9812 7438
7619 1896
1047 9384
9647 8448
5144 3363
3716 4599
2603 7880
7613 9791
1876 3093
5687 1270
9398 8807
2249 6872
3405 4280
2256 1306
8525 8251
7622 9348
3343 8835
2842 7847
9876 4334
4379 4030
7973 6988
7176 7435
7518 4769
8424 826
4576 8068
6991 3831
1611 3147
4491 8684
722 800
7324 2329
5569 9095
3694 1036
5098 7872
9253 8519
1906 3044
2980 8398
4780 4932
406 3331
2767 783
9292 7060
2028 7460
1994 4965
4837 8697
5904 1969
5597 9248
9610 2677
5363 5605
6478 871
7705 6749
3659 9460
708 5344
6999 5098
4061 8102
1252 7704
6128 3200
8190 8854
3184 6245
4399 6226
1571 70
8829 8039
258 712
4432 6378
4266 9330
8522 4613
6811 1724
7262 9835
1699 7016
4678 8895
1319 6073
2093 7349
2666 1515
4368 4832
2769 9742
9705 8078
5964 4035
2559 9181
206 1746
4669 3210
6247 3530
7078 7215
7436 5688
1698 4937
6649 4796
8923 8546
3121 2830
9412 6259
4463 7409
9629 8672
5324 322
4207 8179
9385 99
4408 4179
7387 2201
5237 2294
8233 3031
2585 530
4334 8565
6699 7110
1131 7549
9588 4699
694 6519
1573 8955
3002 9191
8014 3662
5978 550
1987 1823
9268 278
8475 8622
8038 2811
205 2648
1472 8279
357 676
5280 7764
1469 4953
6534 79
1165 4855
7240 5731
3274 759
8027 2841
8861 9743
3839 9617
6629 2494
7805 5072
3087 1197
4338 1494
7026 9507
2107 344
3047 804
8554 8289
3577 8122
6146 5142
9969 821
3963 4942
90 9066
1368 3715
4339 5296
6960 8019
1207 6088
819 3457
9971 5767
4087 3730
5260 6728
9045 8705
6670 1300
6157 9920
7874 6887
6236 4487
6061 4558
3091 5900
1443 1712
325 3968
5989 9020
6776 8068
2323 227
2023 9123
821 4038
1906 1490
2284 184
2584 9658
1883 5359
2544 428
2408 1283
4306 9656
4572 6541
6079 3653
5831 8231
7701 2985
9242 9494
8511 9211
1132 1919
8639 1409
4354 5152
8774 2074
37 3270
9107 5387
3877 4365
5696 1797
778 4393
4414 7687
7817 8290
8862 8253
2876 367
3266 3007
4012 4640
6090 8680
182 8347
940 172
1935 9837
1166 9880
6292 5110
273 3148
6854 2009
3919 9791
8479 2067
5619 8540
6717 9425
6012 1526
7998 4982
6209 6426
87 1601
3533 7155
4691 7022
6282 4917
6097 4953
6216 5321
5364 7024
3822 8915
5377 1415
6769 8942
6103 5617
4231 4943
9523 821
1235 9989
6956 7572
543 261
5857 3311
3643 4538
3092 104
5840 8949
6040 1219
9242 5454
5134 5484
1209 8850
2770 9913
7505 7438
4530 1329
9299 9812
9151 1357
7826 3765
7451 4986
967 9772
6894 2976
9579 6778
5651 2411
8080 7589
121 809
7161 3456
7682 5288
3442 1647
8811 6091
6789 291
4355 2763
1370 9394
6075 7910
3508 4512
1386 3711
568 2868
1549 3309
6503 5853
9300 1197
9850 7854
7376 3725
2437 4236
2848 5555
8813 1366
1932 6202
5239 4654
1549 9354
9192 9913
3058 9052
9886 8299
3986 4039
8751 3016
4901 8353
1860 685
9083 3090
1502 717
1801 1309
1995 4635
1490 7060
8821 7239
6365 6703
7263 8769
45 2224
9741 6171
1012 8821
4123 5516
4490 7011
5431 3048
6162 4361
7208 1445
6796 4172
2800 5433
5855 3003
4030 8456
6510 4103
2779 1592
8436 5554
2112 4486
9523 4417
1073 9990
6398 224
2688 3239
7900 2331
3518 1245
4972 4303
4855 9279
8659 2984
2630 1045
1833 1306
5237 7786
425 3626
3782 4610
7277 3776
1577 5924
4065 4886
7084 3626
1926 5098
6923 9036
1058 7579
7824 3921
8248 8407
6147 7551
9456 5528
5181 9648
7509 3341
8058 3047
1578 4428
1190 7224
4848 1963
5028 7605
783 298
5417 4158
3049 3300
110 5335
3104 8484
1883 8732
144 1172
4844 8561
9919 3497
8560 3479
3410 6980
5792 1254
3156 4120
8521 6803
9237 5834
6046 116
7186 8923
4430 6338
4887 8560
664 9213
1971 5315
137 6934
8876 6159
5915 9260
5432 4836
2101 763
3780 1429
4684 6283
1288 8940
9193 9184
7636 2075
2441 9948
1813 4466
7976 1198
3050 8512
4972 2912
9376 4658
4621 4324
6030 4927
2129 343
7430 3551
7795 9032
3007 6889
3872 8777
5501 7478
3943 7178
8619 5292
8384 4558
8457 3508
4370 2956
8930 8214
469 7191
3622 8453
4107 1157
830 9045
7855 3165
2556 2814
6338 1266
9270 8980
4453 8223
6622 3132
2553 948
2673 5708
6330 6451
8565 2349
2093 6504
1791 3833
8518 583
507 4285
3058 5894
9311 1493
8616 1757
1302 127
2519 5544
9421 9374
4631 4755
660 3543
8298 2711
2846 7767
8921 5951
5223 4153
2865 2564
5020 380
773 3779
5029 3504
1522 9315
6951 4450
4179 2575
3650 9797
7083 7195
224 5348
674 1072
9868 2148
3892 2565
7867 6734
1521 3695
5089 5203
3091 9521
1024 9657
4373 2771
8569 4623
9050 6915
914 3614
1160 202
9188 8004
6193 598
6791 3051
8338 2559
9442 9310
5791 3287
512 5920
5813 2235
9470 741
6755 3220
7159 7510
1073 8907
5150 9989
9369 1855 7441
