344
424
990
570
549
245
764
531
871
679
55
93
259
848
540
750
51
653
305
38
404
499
538
297
642
65
130
649
844
51
129
558
981
171
668
583
681
584
831
488
741
571
690
265
947
39
887
456
890
950
100
852
776
993
961
805
930
189
724
972
265
643
352
152
344
605
401
819
580
199
413
259
296
812
412
274
397
851
306
573
790
516
585
491
117
460
492
999
787
338
279
943
47
899
502
108
634
607
117
814
756
296
496
728
53
1000
41
95
670
178
21
3
765
821
998
992
153
970
358
675
98
784
420
242
587
73
844
114
332
285
535
739
846
686
186
33
723
337
155
911
470
910
76
664
917
509
726
328
990
140
730
164
553
967
320
460
312
773
307
287
542
284
85
700
150
738
493
314
749
147
594
876
566
923
642
140
135
962
883
537
961
363
131
222
912
226
793
443
923
760
784
990
751
12
625
171
339
384
456
467
979
427
428
255
79
286
950
515
567
635
617
132
103
147
305
976
492
423
198
395
567
980
739
417
734
586
347
876
644
941
138
693
725
196
73
463
936
614
992
682
538
675
472
826
183
661
318
785
525
302
621
490
236
815
489
870
895
969
72
131
282
183
560
238
536
898
913
872
360
180
547
67
843
732
194
816
299
670
734
126
990
750
864
753
34
58
757
885
336
483
781
748
194
413
419
225
327
198
270
491
694
34
472
575
413
431
4
235
531
301
609
61
811
889
502
112
719
552
623
299
740
200
689
158
892
436
122
785
203
81
577
806
29
268
924
364
463
984
972
562
594
422
933
321
925
