382
602
205
703
610
520
292
191
972
858
294
583
123
185
572
883
668
776
863
206
552
635
955
51
710
195
358
762
509
402
397
812
796
316
539
139
936
69
192
559
20
761
563
839
60
757
225
21
745
491
547
407
115
454
488
305
715
40
253
949
401
997
748
574
703
895
316
701
799
426
189
481
840
711
29
812
390
598
380
215
874
22
861
454
572
450
862
776
792
175
268
745
802
251
98
406
355
58
702
728
232
474
472
600
578
748
819
112
339
644
351
636
626
292
322
66
828
196
122
201
567
278
2
729
44
515
188
519
304
561
375
316
536
986
943
283
237
204
578
205
345
736
489
933
220
986
987
133
566
981
543
560
500
156
285
827
915
713
486
200
798
897
452
434
752
133
23
183
602
411
400
746
309
392
856
431
17
738
114
126
34
799
771
423
987
369
679
476
128
206
68
417
875
698
593
332
204
631
507
110
134
658
333
700
161
974
875
173
966
115
805
56
13
605
230
273
765
717
672
731
717
870
562
358
678
958
344
755
118
829
454
257
409
349
939
289
648
78
696
692
133
29
108
831
380
316
674
860
836
240
95
192
266
274
970
935
107
966
990
913
943
752
850
395
992
993
117
5
140
275
797
25
869
526
173
913
202
325
895
741
732
50
73
205
925
334
14
580
145
308
864
45
581
835
811
501
250
332
741
949
209
409
847
861
417
68
706
661
535
475
469
440
674
267
700
257
81
963
656
655
906
749
341
220
815
462
11
349
763
612
967
699
190
343
269
554
273
96
830
738
875
384
820
383
958
120
129
625
289
806
431
645
686
591
379
628
650
336
438
955
778
209
355
968
505
575
929
517
850
948
830
454
493
594
229
329
742
140
759
758
641
61
499
