307
4
65
48
63
99
27
79
51
47
24
25
32
24
74
67
83
96
85
58
48
69
79
52
62
56
71
88
82
93
72
62
57
54
79
91
23
96
81
80
9
14
94
74
95
51
20
54
15
81
5
15
47
36
66
58
59
29
52
92
81
47
12
65
88
96
43
58
70
24
62
63
74
1
59
64
73
21
68
64
66
82
41
100
46
55
15
94
84
50
89
17
40
17
21
19
98
59
99
54
52
87
76
8
64
74
50
97
73
67
37
36
38
40
91
64
93
44
93
58
78
23
64
37
92
35
9
55
18
29
9
93
49
62
6
62
99
2
38
60
69
46
86
69
37
44
36
8
66
29
100
63
74
61
65
56
40
87
90
12
17
12
71
67
77
81
60
16
4
6
48
80
82
71
70
19
48
87
79
10
89
18
6
42
32
94
39
97
92
29
10
97
13
35
8
61
7
100
81
42
9
72
57
78
55
73
86
33
83
86
10
79
17
48
86
31
61
72
44
76
28
56
97
20
5
66
10
28
13
60
48
30
71
22
90
44
40
26
33
19
17
85
16
19
23
54
4
65
80
83
42
20
94
97
81
70
6
6
24
43
38
26
62
78
92
65
18
64
99
19
25
14
49
17
17
64
88
82
62
84
11
89
72
25
3
37
37
51
70
28
96
87
61
67
100
92
93
22
14
58
76
82
80
46
63
69
18
69
