316
7
1
1
4
10
8
4
5
1
9
3
5
8
8
6
5
3
10
3
10
3
8
4
8
9
4
8
9
2
10
7
5
9
1
5
2
3
2
10
5
7
5
6
8
1
8
2
9
4
5
1
6
8
4
1
4
2
4
6
6
2
2
6
6
9
8
5
3
1
5
7
5
2
10
9
9
6
9
10
9
6
9
7
10
6
10
5
10
7
5
6
5
6
8
10
4
2
2
3
10
5
6
6
1
1
4
4
6
5
2
8
3
1
7
1
7
1
9
6
8
6
3
3
6
10
8
8
5
10
9
3
4
3
6
1
3
4
10
5
6
4
8
9
10
5
3
3
2
5
9
10
9
9
6
6
9
10
4
9
8
7
5
3
5
6
5
10
2
8
4
6
8
2
1
4
6
1
8
3
10
10
6
5
9
9
3
5
8
8
10
1
10
6
9
9
9
10
4
2
8
7
1
4
2
6
8
2
4
1
10
1
3
2
10
3
2
3
5
7
9
6
9
2
2
1
9
3
10
3
4
8
2
1
3
4
1
2
2
6
6
5
10
3
1
5
7
9
7
9
6
3
10
9
1
7
10
6
5
6
1
7
1
2
2
5
3
2
1
2
4
9
5
6
3
10
9
2
8
3
4
7
2
8
3
8
8
4
9
7
10
1
3
1
7
4
1
6
6
10
4
9
5
3
4
3
8
8
7
6
4
6
3
10
5
10
7
