830
775 777
557 559
625 626
436 437
284 285
415 416
703 704
48 49
900 901
528 529
700 702
985 986
330 331
837 839
21 23
452 453
168 169
864 865
218 219
56 57
60 61
187 188
802 803
753 754
862 863
921 922
833 834
262 263
950 951
105 107
799 801
692 693
442 443
964 965
994 995
86 87
198 199
552 555
621 622
134 136
555 557
183 184
787 788
77 78
467 469
632 633
462 463
918 919
244 245
374 376
170 172
268 269
143 144
227 229
464 465
970 972
128 130
774 775
383 384
162 163
852 853
190 191
74 76
149 151
100 102
904 905
288 289
205 206
2 3
740 741
890 891
865 866
305 306
493 494
765 766
928 929
467 468
913 914
66 67
572 574
520 521
692 693
935 936
531 533
408 409
200 201
612 613
534 535
925 926
507 508
491 493
530 531
837 838
170 171
337 338
847 849
150 152
316 318
705 706
120 121
868 869
957 958
997 999
770 771
569 570
897 898
94 96
572 574
733 735
39 41
658 659
203 205
32 34
535 537
885 887
70 72
819 821
648 649
285 286
485 486
509 511
896 897
114 115
77 79
297 298
984 986
731 732
602 603
327 328
99 100
759 760
624 625
586 588
25 26
679 680
835 836
958 959
398 399
9 11
597 598
412 413
487 488
275 277
244 246
640 641
433 435
796 797
876 877
278 279
202 203
217 218
448 449
713 714
523 525
362 364
63 64
939 940
804 806
83 84
298 299
146 148
579 580
631 632
274 275
642 643
447 448
882 885
294 296
521 523
192 193
295 296
139 140
738 739
427 428
287 288
673 674
382 384
746 748
29 30
282 283
814 816
872 874
810 811
341 343
85 87
596 597
849 851
380 381
655 657
249 250
56 58
458 459
948 950
210 211
458 460
237 239
886 887
955 957
261 263
234 236
933 934
707 708
68 70
241 242
570 571
49 51
226 228
544 546
13 15
241 242
844 845
779 780
373 374
420 422
440 441
539 541
210 212
799 801
405 406
385 386
119 120
874 875
592 593
724 725
887 888
717 719
845 847
581 582
742 745
431 433
867 868
595 597
949 950
994 995
820 821
72 73
212 213
269 270
807 808
633 634
549 550
960 961
346 349
634 636
161 163
17 18
84 85
678 679
888 889
345 346
762 763
16 17
707 708
353 354
771 772
315 316
813 814
229 230
121 123
483 485
86 88
798 800
438 439
206 207
639 640
809 810
755 756
328 329
740 741
767 768
82 83
614 616
234 235
220 221
166 167
990 992
435 437
813 814
105 106
213 215
620 621
731 733
52 54
227 228
272 274
651 653
267 268
403 404
606 608
913 914
537 538
357 358
933 935
522 524
593 594
10 12
87 88
215 217
379 380
690 691
516 518
285 287
673 674
546 547
175 176
501 502
660 661
377 378
169 170
319 320
696 699
756 757
7 9
792 793
541 542
322 323
600 601
173 174
124 125
35 37
734 736
149 150
851 852
270 271
502 503
220 222
666 667
695 696
441 442
646 647
83 84
973 975
684 685
575 576
906 907
775 776
888 889
445 446
41 42
441 442
217 218
354 355
714 715
196 197
33 34
585 586
847 849
602 604
158 159
849 851
340 342
162 164
584 585
457 458
583 584
550 551
915 916
749 750
138 139
424 425
749 750
478 479
667 668
256 257
259 260
504 506
481 483
524 525
778 780
519 520
511 513
617 618
817 818
390 391
307 308
926 927
548 550
919 921
676 677
694 695
252 253
169 170
43 44
842 843
627 629
387 388
751 752
543 544
629 631
47 48
334 335
701 703
359 360
559 560
757 759
992 993
830 831
423 424
488 489
581 582
103 105
396 398
828 829
769 771
907 908
777 778
594 595
184 186
825 827
259 261
736 737
696 697
449 450
923 924
560 561
127 128
51 53
684 685
941 943
224 226
681 683
622 624
349 350
89 90
411 412
148 149
889 891
429 431
108 109
71 72
422 423
265 266
700 702
397 398
550 551
622 624
470 471
355 357
484 485
537 538
122 124
216 217
240 241
558 560
579 581
665 666
850 851
514 516
42 43
722 724
495 497
802 803
915 917
376 377
633 635
51 52
467 468
923 924
785 786
14 15
322 323
716 718
118 119
788 789
287 288
55 56
430 431
609 610
491 493
693 694
729 731
26 28
564 565
56 57
910 911
898 899
818 820
727 729
806 808
511 512
305 307
650 652
829 830
750 751
209 211
896 897
604 605
626 628
211 212
453 454
279 281
212 213
764 765
869 870
398 399
58 59
313 314
855 856
749 750
252 254
991 992
998 1000
420 421
741 742
24 25
245 246
231 233
987 989
853 854
945 947
974 977
952 953
163 164
665 667
367 368
369 372
89 92
767 768
971 972
478 479
159 160
442 443
87 89
229 230
673 675
173 174
574 575
365 367
601 602
303 305
547 548
687 688
776 777
610 612
38 40
179 181
11 12
78 79
185 186
126 127
19 20
136 137
140 142
990 992
45 47
562 563
936 938
155 157
395 397
466 468
311 313
392 394
213 215
260 262
677 679
473 476
318 319
358 359
178 179
737 738
351 353
350 352
238 239
993 994
440 441
994 995
843 844
192 194
607 609
852 853
344 345
617 618
495 496
159 160
931 932
526 528
672 674
894 895
410 411
101 102
386 388
304 305
197 198
379 380
188 190
176 177
781 782
468 469
336 337
272 274
30 31
114 115
811 812
784 785
628 630
329 331
324 325
302 303
913 915
428 429
31 32
768 769
529 530
179 181
878 879
168 170
724 725
177 178
728 729
435 437
598 600
734 735
484 486
611 612
979 980
988 989
773 774
619 620
871 872
459 460
261 262
384 385
263 265
725 726
892 893
733 734
551 553
989 990
76 77
164 165
416 418
104 106
801 802
492 493
13 15
747 748
23 24
282 283
565 566
969 970
376 377
850 852
472 474
730 731
296 297
966 967
628 629
208 209
645 646
430 431
45 46
571 572
790 791
311 312
17 18
871 872
711 712
654 656
857 860
239 241
469 471
877 878
361 362
396 398
468 469
315 317
237 238
780 781
708 709
182 183
767 768
261 263
154 155
48 49
161 163
80 81
588 589
538 539
568 570
857 859
494 495
830 831
401 402
825 827
497 498
947 949
980 982
189 191
385 386
764 765
73 74
312 313
735 737
290 292
231 233
165 166
498 500
164 165
418 419
102 104
700 701
592 593
150 151
545 547
593 595
533 534
314 315
131 132
291 293
941 942
720 721
321 322
408 409
866 868
611 612
886 888
605 606
861 862
454 455
241 242
250 251
591 593
669 671
634 635
729 730
955 956
97 99
660 661
791 792
25 26
154 155
153 155
222 223
405 408
839 840
191 192
323 324
879 881
613 614
226 228
662 664
403 404
96 97
659 660
683 684
991 992
127 128
460 461
995 996
716 717
868 869
408 410
827 828
275 277
378 380
456 457
480 481
145 146
916 917
639 640
480 481
107 108
636 637
961 963
949 951
157 158
489 490
528 529
854 855
608 610
821 822
335 336
342 343
968 969
709 711
235 236
308 309
81 83
769 771
44 45
653 654
92 93
772 773
961 962
541 543
145 147
901 903
387 388
822 823
715 716
438 440
738 740
426 427
270 272
358 360
980 981
895 896
109 110
777 778
11 12
576 578
360 362
64 66
984 985
3 7
983 984
258 259
286 287
117 119
981 982
189 190
509 511
133 134
758 759
300 301
638 640
149 150
760 762
752 753
642 643
824 825
702 703
648 650
262 263
203 204
24 25
417 419
706 708
996 997
661 663
