87
323 807
355 660
500 916
74 915
198 595
458 732
228 886
503 946
294 845
277 899
77 912
429 975
128 950
465 857
296 596
252 832
390 871
183 551
43 783
506 682
104 968
51 650
513 921
362 718
472 946
182 965
80 832
290 806
416 736
258 737
493 955
450 767
198 899
169 705
226 765
524 547
218 802
66 762
447 793
227 692
102 663
436 545
43 880
279 789
490 885
509 676
179 793
514 895
511 857
98 953
268 933
256 869
537 733
36 788
170 989
347 966
331 850
224 955
538 907
44 683
248 796
260 827
355 840
160 839
249 895
250 612
59 877
319 562
476 898
421 587
338 964
350 984
127 768
252 952
439 895
438 988
438 663
534 644
205 871
11 965
109 757
335 831
66 830
349 793
529 787
442 611
348 556
