543
313 492
196 703
186 645
320 995
323 891
231 857
368 569
239 904
151 843
323 599
481 521
449 549
293 533
230 891
144 888
177 627
172 575
344 782
11 944
444 544
388 509
400 685
265 526
211 928
21 898
150 630
407 560
314 915
252 599
260 825
59 564
170 709
489 791
288 586
204 572
28 1000
185 562
363 742
183 696
415 990
39 792
274 584
427 744
374 952
51 845
471 691
80 649
311 731
428 698
384 881
134 663
402 953
431 603
144 970
358 690
320 729
295 828
108 628
206 902
125 839
176 648
165 521
100 608
220 779
290 958
429 655
202 752
308 737
285 802
292 829
359 703
339 782
296 877
21 840
237 694
335 510
267 722
476 933
29 898
377 949
333 746
382 647
302 659
452 609
322 561
182 851
17 841
86 674
103 638
60 571
170 556
246 861
446 907
209 909
145 917
159 919
71 949
346 909
273 978
60 965
79 875
471 901
488 866
199 760
55 568
280 497
371 940
484 752
317 954
326 594
231 716
381 933
190 674
91 880
198 644
457 822
146 623
32 624
11 958
91 913
16 678
205 757
279 922
363 506
350 764
451 784
395 996
361 687
23 869
218 762
339 626
252 511
94 764
395 851
174 814
466 678
357 583
127 604
80 595
364 692
153 523
215 617
344 731
20 839
328 755
325 897
317 827
48 678
284 732
443 905
130 517
292 794
194 807
235 736
457 804
316 656
440 503
450 800
389 759
270 951
59 981
389 511
201 988
431 782
209 949
198 546
78 771
405 989
70 537
242 717
54 816
229 752
238 575
156 923
49 981
107 716
33 884
334 504
108 894
64 905
476 764
101 770
437 984
410 983
274 644
135 656
85 719
360 696
192 861
470 548
235 972
105 658
2 870
67 816
476 933
462 772
95 990
56 547
424 670
215 491
399 800
187 540
265 911
118 936
3 849
39 807
418 667
229 723
389 503
470 623
209 763
382 979
39 511
383 742
93 555
305 985
255 947
78 881
123 534
437 965
331 930
426 889
392 494
362 588
158 576
202 971
73 586
440 580
488 918
164 974
277 762
173 491
298 985
31 613
124 636
234 630
222 950
368 514
341 969
132 686
62 580
168 655
441 979
313 819
97 634
452 648
69 678
12 913
283 656
30 591
406 746
409 500
478 880
227 499
473 972
31 709
406 594
377 504
130 724
274 995
0 828
473 898
232 936
374 731
437 686
84 678
79 557
293 718
164 858
0 550
360 899
99 579
424 652
295 744
75 867
358 735
218 823
124 740
40 909
323 664
178 552
3 945
275 491
246 579
372 913
65 984
211 934
463 667
376 793
398 752
449 963
179 528
141 520
301 652
348 915
474 600
94 621
94 588
36 911
27 727
136 838
36 924
438 552
47 768
437 817
472 654
40 894
269 717
88 855
10 768
419 596
339 930
181 687
448 979
236 602
308 638
197 613
415 684
475 786
88 583
234 883
133 500
50 561
55 536
262 983
490 688
105 819
122 514
357 617
69 941
61 634
154 584
356 853
137 927
481 863
408 496
208 917
257 854
412 931
202 623
33 630
212 939
328 922
383 893
297 610
326 523
265 949
387 541
26 759
165 603
456 833
142 754
131 699
39 958
195 667
58 780
217 684
366 680
444 725
415 953
167 866
152 972
148 553
269 663
136 781
258 955
73 679
345 726
7 884
349 860
66 950
485 989
9 692
144 652
441 799
158 662
140 562
381 523
191 605
381 729
209 907
411 669
0 509
23 789
244 598
444 721
449 783
142 728
410 907
114 925
260 815
5 733
414 994
350 959
51 628
456 556
37 989
269 652
466 675
329 931
31 603
7 968
396 780
64 790
61 500
114 501
287 937
144 934
308 819
273 511
159 584
298 947
21 698
248 625
235 559
352 820
389 997
170 778
292 797
217 990
154 501
422 667
177 965
345 983
270 921
277 503
261 766
198 599
63 552
395 714
215 856
31 545
371 916
460 875
417 806
7 537
250 781
359 724
190 827
467 714
49 610
55 600
50 572
127 547
388 652
29 931
410 655
285 852
490 790
486 553
477 780
261 505
19 882
407 591
67 838
178 608
94 706
273 851
112 694
198 662
345 802
91 818
197 575
364 833
119 866
56 828
59 616
161 750
399 507
141 617
116 628
253 653
407 867
170 670
180 643
379 681
406 508
407 642
417 598
322 616
262 879
5 506
65 547
112 657
474 688
29 731
60 620
54 920
177 492
270 558
39 650
314 787
291 517
62 613
283 638
0 703
78 759
376 592
180 825
15 899
336 995
318 533
275 756
395 739
221 898
322 851
301 916
444 819
303 847
444 528
23 927
228 519
305 513
418 611
374 698
443 833
247 620
99 573
301 761
356 564
31 497
70 977
170 550
91 495
112 617
106 854
78 778
301 570
246 722
411 762
348 973
212 563
349 621
234 572
6 794
429 872
169 631
408 855
317 527
366 647
349 753
227 504
134 641
