588
0 376
0 445
0 674
0 384
0 870
0 883
0 406
0 277
0 349
0 300
0 537
0 446
0 254
0 175
0 858
0 317
0 190
0 14
0 867
0 955
0 744
0 50
0 638
0 209
0 422
0 653
0 956
0 795
0 729
0 609
0 894
0 234
0 581
0 114
0 255
0 298
0 873
0 207
0 497
0 47
0 348
0 887
0 310
0 246
0 110
0 768
0 237
0 999
0 275
0 46
0 660
0 815
0 91
0 460
0 354
0 865
0 838
0 373
0 466
0 682
0 351
0 42
0 247
0 135
0 523
0 593
0 919
0 837
0 203
0 101
0 412
0 3
0 910
0 550
0 998
0 701
0 801
0 850
0 948
0 514
0 194
0 275
0 869
0 923
0 589
0 174
0 124
0 207
0 895
0 675
0 289
0 363
0 765
0 781
0 941
0 36
0 95
0 423
0 790
0 688
0 810
0 402
0 909
0 373
0 805
0 453
0 185
0 39
0 166
0 865
0 555
0 395
0 229
0 608
0 921
0 844
0 752
0 793
0 984
0 979
0 195
0 613
0 819
0 876
0 968
0 716
0 785
0 812
0 107
0 750
0 637
0 722
0 561
0 255
0 356
0 713
0 23
0 453
0 431
0 36
0 455
0 61
0 648
0 945
0 210
0 597
0 162
0 640
0 944
0 774
0 856
0 482
0 776
0 371
0 80
0 528
0 894
0 147
0 840
0 986
0 35
0 165
0 250
0 287
0 633
0 861
0 411
0 659
0 931
0 573
0 207
0 944
0 122
0 974
0 765
0 174
0 580
0 39
0 783
0 966
0 340
0 672
0 172
0 343
0 741
0 183
0 781
0 541
0 150
0 280
0 584
0 578
0 795
0 746
0 531
0 716
0 692
0 773
0 983
0 439
0 885
0 1000
0 987
0 30
0 54
0 498
0 235
0 960
0 643
0 839
0 554
0 540
0 43
0 582
0 346
0 255
0 357
0 328
0 975
0 866
0 442
0 285
0 502
0 201
0 598
0 640
0 131
0 857
0 206
0 686
0 219
0 708
0 108
0 214
0 741
0 25
0 890
0 241
0 282
0 876
0 912
0 50
0 4
0 36
0 438
0 329
0 794
0 688
0 114
0 36
0 338
0 945
0 463
0 53
0 278
0 282
0 463
0 661
0 904
0 700
0 793
0 388
0 425
0 771
0 128
0 628
0 98
0 535
0 391
0 628
0 199
0 926
0 122
0 176
0 533
0 483
0 185
0 508
0 162
0 133
0 103
0 736
0 102
0 134
0 226
0 331
0 716
0 822
0 897
0 891
0 458
0 855
0 845
0 722
0 189
0 123
0 612
0 739
0 529
0 707
0 952
0 33
0 741
0 188
0 875
0 948
0 877
0 712
0 569
0 665
0 681
0 267
0 70
0 751
0 251
0 541
0 887
0 521
0 814
0 398
0 783
0 175
0 846
0 857
0 360
0 866
0 26
0 680
0 759
0 642
0 956
0 732
0 69
0 310
0 900
0 89
0 548
0 243
0 256
0 488
0 522
0 338
0 321
0 501
0 428
0 607
0 734
0 636
0 277
0 702
0 692
0 718
0 164
0 684
0 226
0 125
0 684
0 928
0 821
0 45
0 222
0 198
0 640
0 660
0 275
0 788
0 425
0 164
0 902
0 205
0 140
0 377
0 937
0 581
0 106
0 696
0 534
0 354
0 64
0 778
0 722
0 234
0 688
0 741
0 81
0 469
0 439
0 94
0 84
0 45
0 305
0 904
0 164
0 463
0 552
0 428
0 591
0 522
0 889
0 766
0 916
0 212
0 377
0 992
0 707
0 467
0 788
0 283
0 234
0 503
0 49
0 581
0 62
0 171
0 653
0 952
0 885
0 174
0 907
0 616
0 646
0 906
0 195
0 653
0 491
0 826
0 215
0 577
0 54
0 115
0 931
0 418
0 190
0 665
0 746
0 1
0 702
0 544
0 170
0 399
0 632
0 662
0 232
0 480
0 915
0 855
0 344
0 445
0 631
0 101
0 503
0 624
0 490
0 879
0 617
0 215
0 485
0 885
0 583
0 576
0 692
0 943
0 449
0 810
0 571
0 635
0 126
0 678
0 91
0 359
0 140
0 794
0 694
0 806
0 258
0 560
0 438
0 2
0 415
0 1000
0 643
0 896
0 499
0 775
0 839
0 433
0 817
0 112
0 514
0 409
0 451
0 681
0 553
0 339
0 573
0 448
0 33
0 445
0 843
0 586
0 590
0 448
0 696
0 130
0 37
0 593
0 221
0 697
0 744
0 969
0 954
0 279
0 712
0 770
0 982
0 574
0 881
0 460
0 360
0 876
0 852
0 322
0 22
0 151
0 996
0 740
0 242
0 666
0 592
0 99
0 109
0 410
0 385
0 893
0 774
0 300
0 51
0 270
0 26
0 65
0 186
0 516
0 566
0 901
0 662
0 930
0 409
0 183
0 210
0 768
0 538
0 916
0 497
0 843
0 173
0 648
0 600
0 834
0 634
0 502
0 153
0 259
0 779
0 58
0 1000
0 483
0 166
0 522
0 48
0 67
0 21
0 67
0 79
0 980
0 32
0 82
0 806
0 41
0 882
0 975
0 846
0 778
0 982
0 424
0 317
0 995
0 881
0 148
