1000
636 637
319 320
865 866
307 308
297 298
787 788
618 619
109 110
764 765
581 582
697 698
408 409
150 151
437 438
377 378
864 865
917 918
415 416
323 324
627 628
615 616
833 834
993 994
203 204
765 766
555 556
152 153
402 403
462 463
606 607
104 105
371 372
454 455
868 869
189 190
64 65
548 549
16 17
889 890
915 916
973 974
975 976
365 366
705 706
933 934
453 454
860 861
658 659
117 118
714 715
628 629
834 835
503 504
119 120
592 593
187 188
623 624
135 136
13 14
942 943
448 449
357 358
446 447
101 102
848 849
238 239
245 246
3 4
740 741
347 348
823 824
131 132
157 158
903 904
350 351
572 573
110 111
295 296
653 654
926 927
275 276
79 80
483 484
522 523
537 538
341 342
376 377
820 821
290 291
762 763
428 429
282 283
210 211
905 906
721 722
204 205
476 477
418 419
789 790
690 691
127 128
580 581
754 755
578 579
570 571
986 987
748 749
913 914
168 169
519 520
311 312
281 282
771 772
845 846
686 687
112 113
667 668
922 923
608 609
159 160
784 785
466 467
506 507
947 948
803 804
532 533
156 157
781 782
201 202
285 286
877 878
776 777
231 232
423 424
165 166
887 888
425 426
951 952
700 701
972 973
622 623
417 418
470 471
194 195
977 978
597 598
401 402
385 386
703 704
30 31
484 485
87 88
5 6
208 209
788 789
964 965
107 108
853 854
652 653
123 124
450 451
562 563
545 546
280 281
810 811
407 408
111 112
141 142
861 862
440 441
212 213
221 222
219 220
643 644
57 58
599 600
985 986
839 840
491 492
729 730
130 131
78 79
124 125
4 5
169 170
80 81
855 856
583 584
873 874
946 947
514 515
706 707
329 330
158 159
103 104
304 305
277 278
802 803
59 60
473 474
299 300
92 93
881 882
940 941
218 219
6 7
71 72
561 562
586 587
456 457
72 73
805 806
867 868
809 810
768 769
255 256
26 27
882 883
393 394
137 138
241 242
317 318
525 526
232 233
647 648
629 630
356 357
646 647
726 727
591 592
943 944
398 399
678 679
467 468
19 20
620 621
90 91
640 641
494 495
439 440
175 176
551 552
745 746
890 891
230 231
142 143
517 518
814 815
699 700
963 964
274 275
966 967
513 514
40 41
264 265
28 29
102 103
48 49
424 425
553 554
237 238
209 210
433 434
593 594
355 356
312 313
585 586
173 174
783 784
1 2
744 745
702 703
641 642
32 33
252 253
601 602
687 688
374 375
100 101
224 225
455 456
668 669
520 521
883 884
617 618
272 273
180 181
888 889
902 903
177 178
804 805
731 732
761 762
698 699
536 537
257 258
485 486
271 272
876 877
895 896
863 864
766 767
828 829
992 993
227 228
619 620
369 370
635 636
682 683
792 793
326 327
52 53
859 860
795 796
205 206
378 379
574 575
747 748
752 753
35 36
921 922
835 836
521 522
632 633
590 591
679 680
958 959
923 924
46 47
526 527
935 936
465 466
930 931
404 405
948 949
987 988
335 336
836 837
61 62
962 963
616 617
340 341
567 568
634 635
746 747
449 450
565 566
294 295
994 995
86 87
631 632
39 40
97 98
967 968
296 297
512 513
785 786
758 759
278 279
305 306
875 876
813 814
265 266
351 352
471 472
691 692
872 873
741 742
391 392
254 255
626 627
320 321
459 460
692 693
936 937
151 152
497 498
552 553
531 532
932 933
892 893
114 115
279 280
607 608
266 267
527 528
2 3
155 156
409 410
400 401
719 720
664 665
447 448
58 59
268 269
786 787
734 735
116 117
222 223
827 828
737 738
132 133
735 736
645 646
478 479
147 148
897 898
794 795
825 826
308 309
346 347
673 674
801 802
944 945
995 996
575 576
965 966
613 614
566 567
852 853
193 194
85 86
976 977
330 331
674 675
928 929
44 45
284 285
857 858
751 752
612 613
757 758
202 203
95 96
144 145
414 415
367 368
276 277
225 226
291 292
666 667
7 8
259 260
743 744
941 942
42 43
797 798
727 728
223 224
614 615
45 46
62 63
75 76
316 317
381 382
445 446
12 13
878 879
588 589
981 982
220 221
840 841
988 989
166 167
314 315
598 599
163 164
907 908
82 83
69 70
435 436
541 542
826 827
504 505
730 731
229 230
434 435
516 517
609 610
419 420
27 28
971 972
77 78
602 603
694 695
458 459
122 123
711 712
509 510
390 391
625 626
197 198
115 116
773 774
953 954
43 44
584 585
444 445
518 519
463 464
543 544
89 90
53 54
452 453
354 355
871 872
339 340
363 364
421 422
500 501
978 979
83 84
405 406
184 185
426 427
242 243
991 992
949 950
998 999
693 694
502 503
436 437
505 506
324 325
970 971
140 141
464 465
856 857
862 863
253 254
190 191
595 596
289 290
982 983
681 682
960 961
261 262
544 545
496 497
167 168
134 135
375 376
576 577
829 830
769 770
831 832
654 655
912 913
621 622
542 543
739 740
243 244
808 809
76 77
837 838
980 981
934 935
885 886
244 245
950 951
685 686
806 807
554 555
200 201
656 657
206 207
321 322
811 812
564 565
55 56
301 302
558 559
547 548
490 491
383 384
896 897
689 690
198 199
373 374
49 50
126 127
724 725
328 329
139 140
812 813
676 677
352 353
179 180
302 303
247 248
88 89
411 412
927 928
530 531
819 820
657 658
51 52
489 490
557 558
782 783
353 354
955 956
533 534
461 462
688 689
474 475
849 850
0 1
671 672
847 848
226 227
984 985
181 182
510 511
338 339
774 775
327 328
9 10
959 960
306 307
733 734
178 179
511 512
388 389
642 643
260 261
498 499
170 171
399 400
120 121
477 478
560 561
20 21
759 760
443 444
791 792
125 126
954 955
832 833
240 241
843 844
60 61
710 711
196 197
480 481
457 458
349 350
250 251
195 196
214 215
207 208
24 25
287 288
25 26
469 470
29 30
755 756
914 915
56 57
481 482
846 847
893 894
780 781
293 294
370 371
65 66
342 343
670 671
216 217
98 99
931 932
918 919
817 818
720 721
161 162
675 676
556 557
596 597
661 662
961 962
649 650
924 925
956 957
269 270
118 119
996 997
422 423
906 907
228 229
41 42
392 393
709 710
382 383
540 541
704 705
66 67
546 547
384 385
366 367
633 634
569 570
263 264
215 216
153 154
10 11
486 487
315 316
807 808
989 990
767 768
777 778
793 794
389 390
431 432
249 250
183 184
162 163
185 186
528 529
234 235
610 611
387 388
479 480
344 345
121 122
677 678
818 819
869 870
396 397
138 139
830 831
624 625
722 723
172 173
14 15
770 771
403 404
380 381
938 939
680 681
539 540
957 958
191 192
910 911
701 702
524 525
651 652
603 604
790 791
420 421
309 310
684 685
267 268
715 716
475 476
74 75
397 398
251 252
33 34
334 335
176 177
763 764
538 539
310 311
772 773
796 797
844 845
909 910
742 743
199 200
262 263
529 530
779 780
824 825
99 100
273 274
879 880
929 930
886 887
235 236
725 726
174 175
188 189
899 900
605 606
133 134
750 751
322 323
870 871
816 817
332 333
37 38
21 22
143 144
937 938
534 535
884 885
916 917
364 365
93 94
515 516
406 407
753 754
535 536
851 852
695 696
429 430
900 901
662 663
630 631
665 666
487 488
908 909
492 493
337 338
256 257
945 946
343 344
47 48
901 902
70 71
108 109
550 551
571 572
898 899
866 867
563 564
999 1000
67 68
96 97
38 39
717 718
372 373
815 816
362 363
749 750
638 639
31 32
660 661
716 717
106 107
395 396
149 150
379 380
573 574
331 332
728 729
8 9
842 843
799 800
732 733
821 822
858 859
523 524
639 640
983 984
239 240
600 601
637 638
841 842
73 74
325 326
186 187
854 855
81 82
659 660
707 708
468 469
718 719
990 991
84 85
582 583
482 483
15 16
211 212
288 289
559 560
292 293
838 839
738 739
648 649
495 496
925 926
246 247
891 892
604 605
128 129
579 580
663 664
171 172
760 761
499 500
358 359
386 387
313 314
368 369
968 969
568 569
589 590
997 998
507 508
683 684
822 823
11 12
708 709
441 442
594 595
336 337
91 92
36 37
756 757
969 970
258 259
712 713
160 161
432 433
17 18
236 237
333 334
298 299
650 651
345 346
920 921
94 95
270 271
438 439
442 443
800 801
778 779
427 428
410 411
412 413
472 473
911 912
154 155
904 905
508 509
394 395
360 361
713 714
488 489
192 193
145 146
672 673
303 304
644 645
300 301
129 130
248 249
736 737
18 19
577 578
318 319
148 149
939 940
182 183
361 362
50 51
587 588
105 106
63 64
164 165
979 980
416 417
213 214
952 953
286 287
669 670
655 656
798 799
974 975
113 114
850 851
775 776
493 494
146 147
501 502
723 724
894 895
22 23
549 550
348 349
54 55
23 24
880 881
34 35
696 697
283 284
874 875
68 69
359 360
217 218
919 920
611 612
233 234
413 414
460 461
136 137
451 452
430 431
