703
229 927
335 853
157 911
532 833
413 475
371 954
174 862
930 962
574 745
677 940
93 782
346 501
371 399
189 504
16 207
627 916
272 824
237 568
94 791
32 488
10 980
626 915
579 685
218 590
466 658
511 764
131 967
537 952
118 226
131 359
322 779
71 596
106 982
622 738
580 935
355 709
175 565
336 824
116 874
186 653
826 925
571 682
507 951
513 773
538 736
609 824
548 696
276 543
352 410
554 627
80 981
817 958
174 299
441 985
784 812
444 894
161 516
439 858
113 373
619 667
949 951
380 872
386 619
473 580
545 780
358 552
375 531
469 921
75 974
135 402
210 385
161 615
495 781
301 938
117 267
855 995
165 375
59 349
147 197
755 945
576 914
560 970
509 986
630 811
427 920
225 465
167 874
822 992
305 362
10 18
518 716
262 517
325 826
139 418
118 201
73 626
172 352
486 966
782 989
402 513
285 358
309 387
895 999
235 884
844 871
318 847
214 352
71 921
213 245
540 864
440 495
212 996
183 771
426 742
603 896
294 873
98 549
523 649
781 850
190 560
869 944
323 964
518 650
13 540
348 752
566 914
165 728
164 420
633 932
32 335
29 504
80 948
548 864
230 567
413 486
220 351
159 688
772 859
462 555
246 430
101 179
111 483
34 861
65 474
301 930
332 591
401 540
84 600
425 897
693 730
126 523
458 560
27 667
104 588
115 831
267 798
127 380
293 484
535 697
145 744
225 792
636 754
449 903
292 429
137 373
204 873
186 693
46 387
63 85
886 998
171 573
533 648
227 979
169 673
23 260
289 842
270 853
109 853
862 878
17 992
49 829
471 883
74 295
84 229
317 488
400 633
233 265
176 609
43 297
153 694
485 855
249 328
846 921
93 419
611 612
31 296
879 926
85 97
434 764
422 771
233 488
31 970
855 984
166 843
216 338
48 559
40 333
489 690
146 549
645 773
126 885
413 611
232 840
527 769
112 301
595 937
589 627
18 399
602 936
334 459
88 807
489 717
360 567
172 300
633 803
1 880
49 195
7 138
623 939
876 883
581 689
2 449
138 804
689 860
314 748
480 861
107 437
385 906
100 174
304 901
227 454
15 25
684 929
299 558
523 857
891 933
266 694
448 859
73 219
291 811
420 559
169 541
23 312
122 493
723 843
464 549
173 389
734 761
248 711
330 722
200 640
246 635
219 947
313 499
363 862
172 706
232 477
59 173
127 807
202 650
453 927
380 547
312 445
26 940
296 594
357 925
13 119
109 611
485 868
583 903
21 145
75 848
58 888
157 740
66 409
536 847
720 796
166 642
449 604
443 969
782 875
48 687
630 766
519 936
745 852
261 407
293 518
356 417
704 820
198 490
110 301
165 495
707 856
65 77
221 672
681 868
267 958
386 665
283 782
307 465
513 756
297 997
636 807
154 364
93 384
255 734
152 926
303 803
381 785
20 739
127 689
216 507
268 366
685 736
26 748
30 218
46 581
759 829
89 739
197 830
614 962
425 588
773 904
733 898
124 179
18 720
570 830
720 858
425 611
382 883
529 729
369 573
229 647
355 790
431 466
301 726
42 750
159 954
397 729
81 696
223 931
65 81
11 103
621 830
567 895
101 819
767 943
556 986
677 858
172 970
84 351
741 849
333 892
265 947
187 746
238 827
426 908
518 716
405 595
200 690
237 800
20 968
129 541
18 648
79 890
672 880
512 962
343 659
90 288
575 772
627 934
628 738
407 503
870 890
82 816
249 500
714 977
96 905
612 695
67 883
378 434
75 375
88 235
15 447
190 940
168 253
340 588
473 654
480 753
73 390
450 889
771 954
290 496
378 578
496 967
40 231
131 945
260 466
545 805
360 763
606 670
149 449
130 705
340 380
410 612
788 872
64 401
416 699
156 416
366 976
91 872
143 535
85 993
148 548
749 871
287 696
468 838
255 377
646 738
511 534
493 689
45 721
289 777
608 903
71 223
137 841
6 976
741 868
101 336
6 171
22 755
639 971
168 385
295 695
121 786
193 675
390 661
539 812
553 958
938 939
371 539
120 772
177 670
328 657
321 443
884 990
507 822
243 531
425 989
430 492
366 493
216 475
540 580
252 599
154 341
177 195
19 202
233 603
142 772
104 593
504 676
443 501
311 455
57 492
19 676
209 974
242 402
376 836
457 596
702 736
471 718
373 998
754 853
871 937
513 661
432 580
953 970
62 249
247 931
791 964
367 431
235 667
518 556
398 547
622 982
201 336
79 437
47 232
222 587
39 424
787 812
631 902
510 628
343 498
387 522
184 509
272 848
37 84
90 132
161 703
276 357
176 707
548 930
49 539
19 227
736 892
115 346
283 684
26 451
46 289
358 660
615 665
282 794
109 856
760 953
832 985
229 826
315 460
314 474
561 663
388 736
228 976
221 531
719 924
125 963
286 386
501 503
105 516
408 825
210 811
51 719
592 685
137 468
88 503
39 578
61 670
115 768
276 620
279 398
406 482
62 774
717 748
56 569
438 757
629 796
253 930
537 625
65 397
284 291
478 641
223 384
313 822
366 712
132 402
534 574
157 609
15 452
303 396
411 898
328 336
827 911
281 680
380 479
292 444
93 463
397 472
630 903
261 1000
15 137
94 284
434 491
368 862
328 442
439 716
203 342
52 81
585 887
282 383
237 618
161 349
19 324
124 452
95 952
173 917
202 730
208 778
405 852
910 954
604 765
429 671
322 904
512 900
531 916
731 964
224 317
104 355
501 638
661 821
79 598
544 923
28 544
69 866
262 264
668 932
389 468
160 337
553 740
28 726
285 351
330 456
375 804
473 813
751 890
173 957
400 862
96 484
135 743
244 718
27 708
380 794
567 620
479 943
397 462
14 316
51 534
59 809
76 911
527 794
388 718
130 715
446 667
140 179
191 921
439 763
355 662
699 760
226 615
243 252
55 493
102 553
260 330
767 931
255 552
120 298
579 712
450 564
228 573
657 900
101 496
265 765
492 788
154 912
575 855
479 603
277 768
361 916
638 678
718 856
220 937
37 958
78 431
46 101
356 881
414 871
391 660
217 876
291 483
321 412
386 413
178 675
302 899
321 805
255 793
51 488
165 626
563 565
799 999
158 554
697 741
474 656
489 614
367 745
15 221
327 567
1 317
502 550
154 627
836 888
33 800
554 839
545 657
206 305
17 765
