1000
237 363
28 160
199 578
517 841
433 624
466 655
518 698
313 719
850 898
239 849
206 240
101 764
519 560
4 581
143 144
229 649
185 327
515 573
692 913
254 807
305 519
146 419
196 852
676 853
756 953
223 568
491 903
638 814
48 146
279 460
264 494
68 761
468 665
248 728
77 597
90 255
170 609
523 781
188 552
384 619
236 762
472 687
336 665
62 878
470 692
518 817
853 913
508 759
412 480
502 969
224 457
210 876
38 124
426 475
114 817
182 738
206 838
178 793
636 850
850 893
200 324
18 926
410 806
837 911
655 766
50 936
74 457
11 844
524 639
60 659
35 57
45 732
124 883
260 882
541 788
90 272
507 867
415 677
110 382
701 729
680 851
953 991
563 607
164 498
616 669
63 834
653 793
373 649
56 363
867 877
161 491
164 651
287 309
363 704
254 618
482 994
632 854
770 880
131 990
168 227
395 898
104 129
536 638
84 435
40 915
702 706
411 705
373 743
42 941
290 673
75 266
52 369
112 878
337 530
111 975
54 886
425 990
2 177
234 798
57 769
238 384
850 861
843 852
136 424
60 596
608 636
713 813
298 705
297 855
97 416
136 349
21 507
65 112
418 887
11 133
186 718
735 841
278 384
159 412
258 676
265 477
175 467
369 503
15 449
65 477
491 844
443 828
29 471
207 984
143 396
179 506
266 957
444 586
487 854
146 963
662 732
547 783
478 799
91 575
129 906
91 390
524 526
430 519
252 345
240 306
355 510
408 410
154 639
31 938
505 698
164 758
204 569
47 904
372 553
568 748
174 385
29 73
444 780
256 404
388 474
129 919
719 833
704 792
127 343
241 457
772 939
242 876
308 768
244 511
30 202
67 159
552 899
295 782
313 400
125 515
324 763
554 692
166 532
281 784
25 445
821 941
832 942
643 819
307 910
167 683
271 860
38 518
443 521
397 708
252 848
251 665
53 660
8 791
478 521
199 778
134 942
96 349
352 391
5 213
19 623
231 287
209 920
168 360
129 717
120 772
548 922
364 930
651 953
112 925
234 845
547 934
307 339
324 522
652 927
615 731
292 869
116 873
229 589
102 666
471 621
119 750
113 447
700 727
142 754
375 859
869 976
919 978
533 984
467 961
555 658
230 801
188 818
614 694
61 229
249 826
457 624
169 876
897 932
236 878
862 901
60 808
24 160
574 679
95 380
37 717
209 916
608 700
656 683
141 440
460 790
8 358
69 864
470 655
297 898
663 742
339 797
683 977
35 456
206 528
168 596
158 885
594 765
219 661
303 482
781 844
724 939
318 950
81 887
249 544
258 667
321 698
527 930
120 795
267 840
175 264
150 615
250 293
440 895
309 603
280 294
497 671
77 387
331 399
152 358
292 900
393 986
128 905
155 667
328 684
283 473
43 338
354 514
440 484
322 559
81 864
125 347
437 611
376 707
573 965
277 754
882 995
117 222
277 421
47 657
71 268
203 744
867 988
915 970
433 640
231 994
4 180
242 769
266 361
74 970
471 556
546 603
32 839
184 293
693 792
193 225
845 881
169 357
321 627
836 851
544 772
774 921
492 955
414 428
224 642
754 859
8 473
707 919
242 481
198 990
243 783
465 493
139 987
379 746
759 899
59 939
189 636
156 229
356 523
663 946
15 243
346 497
385 712
112 554
581 959
75 347
236 560
458 882
403 806
328 825
55 742
518 925
440 444
122 485
327 484
130 719
549 676
372 647
62 751
358 962
31 437
55 979
246 624
652 704
285 342
314 548
267 596
169 198
134 585
665 693
153 576
639 773
176 201
433 634
585 680
387 732
315 389
41 611
462 871
32 173
51 812
384 844
745 830
755 969
216 449
212 478
194 912
500 757
344 693
64 549
122 837
492 700
621 902
577 829
6 854
86 664
701 921
513 715
339 388
222 609
617 767
245 858
573 936
515 918
47 312
443 671
706 872
256 590
25 215
175 515
34 993
656 725
79 421
81 532
673 895
60 950
354 370
553 722
273 737
226 768
5 37
295 393
633 966
56 719
562 757
633 900
234 768
856 988
436 917
45 895
215 387
397 621
279 584
289 690
761 787
75 144
318 666
45 756
649 831
298 345
535 596
223 690
54 958
514 739
475 483
482 677
349 387
214 488
799 955
61 321
251 697
304 517
298 743
123 522
444 660
478 832
71 738
83 733
407 623
115 655
335 901
371 612
54 974
380 502
646 777
938 945
446 775
453 555
577 982
229 356
223 252
265 773
395 910
178 474
395 540
215 626
710 999
4 267
50 430
175 428
203 749
58 746
323 781
719 955
90 741
555 818
83 775
238 618
24 89
268 627
366 400
175 349
327 514
343 468
314 773
113 274
56 487
453 625
49 86
110 224
129 975
400 728
205 224
530 591
437 884
563 783
52 267
146 436
489 923
89 650
44 900
406 698
498 745
788 822
485 835
40 58
181 295
290 506
98 928
165 261
144 451
27 589
252 273
69 879
2 725
322 356
16 114
30 967
565 880
397 814
309 979
4 146
842 873
787 873
343 479
765 958
126 863
208 340
211 546
621 699
532 732
420 779
259 511
287 630
336 454
390 442
323 335
396 416
81 672
117 661
918 938
288 924
394 624
40 43
434 914
824 966
562 578
208 638
2 869
127 281
56 503
656 887
116 177
277 369
284 913
655 852
577 590
349 811
237 399
27 179
820 829
338 440
488 797
112 716
108 418
259 974
112 539
181 801
288 384
191 380
51 341
6 202
545 771
430 742
46 705
677 994
145 679
71 869
390 884
542 920
780 793
625 642
16 97
268 869
149 743
216 739
502 853
238 681
223 592
174 920
39 102
428 551
14 923
348 891
521 602
733 930
543 878
102 348
104 178
401 497
326 926
399 543
27 101
339 425
548 694
725 807
292 464
460 876
599 880
947 984
293 299
51 468
678 702
307 830
201 363
525 938
704 914
487 973
139 821
485 538
78 941
729 738
897 898
211 650
356 973
512 827
247 487
943 971
97 868
124 356
544 743
677 811
310 768
365 693
44 863
199 605
667 946
34 193
548 916
362 915
69 561
633 893
179 181
599 743
193 940
580 678
160 350
370 428
713 732
296 906
310 355
258 979
140 192
98 154
38 348
221 463
680 695
54 974
106 663
67 530
234 878
213 831
572 726
549 873
134 482
491 956
178 985
404 946
364 997
284 464
634 979
534 600
50 899
365 885
524 853
498 676
618 862
472 934
100 853
603 736
224 543
861 907
80 152
380 534
244 246
440 726
551 563
23 578
100 251
551 998
193 241
215 906
277 959
630 983
286 675
438 559
576 618
130 752
664 886
512 644
682 987
125 632
154 757
318 857
548 962
105 794
128 564
419 490
854 925
161 162
420 743
12 929
139 984
133 609
20 62
35 654
397 577
56 446
363 850
508 648
7 540
355 910
82 941
2 489
225 390
118 961
360 959
809 979
200 568
872 941
669 993
704 871
89 889
110 526
167 942
101 490
187 803
387 454
558 788
34 611
552 723
192 506
602 635
349 498
601 837
501 724
168 272
458 847
280 822
66 705
338 704
24 765
576 723
412 483
107 378
68 231
22 617
325 822
170 869
124 990
61 474
399 556
531 644
578 916
199 445
319 593
269 437
308 356
378 409
284 814
78 732
234 809
743 765
416 870
131 303
674 863
58 830
58 154
79 868
230 508
164 968
532 993
72 500
164 492
519 588
205 789
15 518
102 544
591 944
114 127
572 573
621 727
219 647
482 570
273 619
371 888
631 711
841 929
558 680
475 536
551 620
381 630
522 690
597 837
179 326
356 667
363 406
253 724
505 924
336 356
181 878
603 822
827 846
639 952
493 695
73 485
360 371
61 526
651 654
626 720
60 261
145 176
739 844
536 542
92 672
69 520
647 726
799 893
549 717
206 281
627 974
89 109
683 960
681 942
504 781
61 560
745 841
96 178
728 936
338 444
351 791
401 999
61 931
156 315
615 744
949 950
925 967
639 907
579 768
247 847
147 787
169 231
47 646
479 818
171 910
579 831
411 899
499 523
58 928
101 496
467 614
106 255
107 916
137 342
428 699
52 59
627 772
314 634
7 511
393 692
449 931
365 801
182 422
220 475
223 701
63 723
528 560
86 873
268 734
450 489
134 608
258 570
474 495
791 890
4 683
153 480
352 961
18 675
303 976
648 895
285 724
376 940
714 953
251 411
188 702
154 666
671 858
368 691
92 496
318 780
727 860
84 239
205 800
487 572
377 884
488 492
232 724
830 908
379 961
91 222
148 976
141 203
454 731
141 239
186 680
764 985
241 899
868 911
21 836
150 245
26 408
220 367
813 918
621 874
195 778
333 452
218 948
351 495
595 913
674 679
533 813
174 455
542 653
387 869
819 889
141 755
622 727
20 472
450 747
88 123
34 506
97 974
643 710
165 397
421 625
239 595
173 329
248 718
30 97
162 979
28 724
635 988
99 106
774 880
624 860
276 802
321 887
672 878
235 501
501 874
358 833
110 657
550 874
756 950
403 723
850 892
