90
902 911
607 609
183 184
933 934
579 580
858 863
514 519
919 924
943 951
27 28
436 439
925 927
73 75
192 200
251 261
522 526
317 318
528 547
186 188
698 704
494 495
691 696
663 670
757 768
30 37
867 874
815 818
24 25
623 630
483 494
158 161
164 171
4 13
617 619
772 777
274 289
319 320
220 230
989 996
829 833
790 803
564 576
672 683
952 953
984 988
383 389
851 857
214 217
172 182
912 916
202 204
231 240
97 98
327 341
370 372
610 617
636 637
725 729
131 132
715 721
86 88
103 118
878 880
347 370
733 735
548 550
640 651
375 383
424 430
146 152
311 312
54 62
410 416
448 480
889 902
784 787
739 755
71 72
952 964
419 423
499 514
327 329
783 784
587 597
206 212
137 138
391 392
840 843
696 697
804 807
