100 500
1 7
1 39
7 9
1 72
9 84
1 94
84 16
94 98
9 50
72 62
39 6
84 66
98 83
39 87
94 27
6 96
62 82
83 100
6 46
83 85
83 78
7 14
6 47
1 18
98 90
62 36
7 24
16 95
18 59
1 54
50 23
84 97
47 20
18 65
24 15
83 4
82 10
54 57
54 53
62 11
97 64
7 19
9 75
46 40
96 93
23 79
72 43
62 58
57 34
85 22
11 55
64 74
87 35
16 33
58 73
10 12
96 44
72 91
55 70
94 28
7 80
91 29
72 37
66 63
79 69
96 31
59 42
75 89
27 81
82 56
15 77
46 86
15 52
94 13
36 61
86 41
66 38
41 48
53 88
52 8
12 99
86 3
78 2
74 76
79 45
58 32
55 71
2 92
65 30
81 5
10 17
93 21
30 25
29 68
69 67
7 60
99 51
52 49
29 26
13 1
53 13
19 53
12 1
32 12
56 13
40 1
7 56
5 56
92 13
23 5
33 40
83 12
94 53
62 19
72 33
37 62
45 19
75 83
24 19
11 19
58 23
97 37
6 58
50 13
87 53
30 62
27 58
15 30
76 50
90 62
46 53
43 76
93 23
31 27
68 11
41 37
14 41
81 68
20 46
67 27
10 30
9 76
82 12
29 94
63 45
73 81
71 6
44 71
51 30
59 19
99 63
57 92
61 58
98 68
78 27
18 1
55 13
54 13
34 61
69 45
85 13
48 85
35 20
70 87
52 19
42 34
4 56
65 37
25 70
28 27
74 69
100 40
77 58
49 69
22 35
2 58
16 14
84 87
79 43
64 55
96 50
17 50
3 27
89 72
91 89
26 97
21 57
95 9
88 81
60 45
8 51
86 79
47 34
38 62
36 11
80 28
39 13
66 31
33 95
87 86
18 46
37 24
5 61
35 66
99 25
84 44
80 15
20 18
99 35
62 20
52 96
45 77
100 37
40 2
6 94
98 65
21 68
74 92
69 46
40 9
4 34
35 89
95 37
36 32
56 68
50 33
76 6
11 47
44 34
2 53
14 37
90 83
23 26
31 61
11 71
93 3
94 2
5 19
7 99
15 51
56 4
18 68
40 58
29 84
93 8
7 68
59 53
6 85
74 47
94 78
35 1
58 35
25 46
80 12
20 32
64 24
58 19
100 39
32 43
1 95
91 92
31 32
84 50
80 100
29 65
17 94
38 76
49 41
3 62
3 58
12 52
26 45
35 43
60 91
81 56
25 56
53 40
61 73
42 53
24 54
97 72
85 3
24 53
82 91
77 74
36 91
29 6
23 28
93 65
52 61
91 72
80 32
57 96
13 76
51 62
90 43
27 93
3 38
33 42
78 97
5 94
20 86
22 19
73 37
81 67
71 68
29 56
68 14
40 43
78 51
3 79
38 52
1 21
41 25
51 66
36 31
96 46
57 80
46 58
59 69
16 57
100 29
97 36
88 92
48 5
22 87
89 95
24 85
45 53
79 97
85 42
75 70
49 67
27 65
35 38
41 16
24 33
17 12
86 11
64 88
25 31
51 59
17 13
9 100
61 22
82 35
8 18
34 75
90 26
82 77
29 16
33 53
75 95
3 36
12 33
28 91
75 24
25 84
84 2
25 52
74 96
31 62
73 68
99 21
38 49
66 65
32 30
35 98
55 80
26 84
90 56
74 70
6 14
74 65
28 52
66 41
25 15
12 43
93 22
31 93
68 8
90 27
74 12
61 6
1 28
32 15
80 73
73 28
43 51
8 7
95 20
25 77
32 91
4 84
64 7
11 98
23 100
30 52
66 9
88 51
97 12
63 65
7 23
62 52
6 73
47 38
94 35
18 83
37 99
46 79
98 3
66 71
44 70
29 30
60 31
41 2
7 4
16 76
87 1
43 24
77 87
86 25
67 36
62 35
3 93
67 28
62 26
11 30
27 75
33 50
4 27
88 54
9 79
26 48
71 8
58 27
100 82
90 53
75 90
20 36
95 70
51 83
52 22
7 54
76 36
25 86
58 61
58 16
88 20
47 90
19 39
87 28
1 2
100 52
50 35
62 50
95 34
36 48
12 28
84 74
87 99
72 59
60 86
27 52
46 8
94 93
2 47
23 69
16 41
73 76
12 56
25 51
54 43
84 80
23 85
99 74
43 15
1 75
100 41
57 82
37 22
74 78
38 85
64 53
57 25
66 30
20 23
65 98
7 85
32 58
67 49
33 64
56 90
89 47
99 28
83 42
2 19
68 21
79 35
59 72
