100 600
1 28
28 13
13 26
26 25
26 82
26 36
13 87
82 2
36 44
2 85
2 5
85 48
1 91
85 7
5 24
7 11
7 8
13 40
87 83
85 33
25 10
25 63
8 22
7 70
28 12
5 54
2 79
33 98
87 71
11 3
40 42
44 66
71 53
54 23
23 15
44 81
63 64
25 67
63 86
54 59
91 97
11 43
8 76
67 46
23 56
3 69
70 88
5 75
87 99
48 68
54 78
46 30
82 55
70 41
2 31
91 18
68 21
21 73
88 14
68 89
66 37
22 4
83 47
37 96
47 6
68 57
22 84
79 94
83 95
44 93
66 27
6 34
93 65
15 45
83 74
42 49
94 77
10 20
48 9
91 17
94 39
13 60
4 72
82 90
10 51
39 32
27 58
25 35
2 80
66 19
4 16
46 29
5 38
55 100
64 50
29 92
14 61
32 62
29 52
70 1
52 1
96 70
82 52
65 52
44 1
34 82
46 70
38 96
6 44
50 38
17 52
59 44
57 50
3 34
51 65
76 52
73 57
32 38
54 50
40 59
56 17
35 56
16 44
84 51
55 1
86 3
42 96
90 35
93 54
33 59
13 96
23 44
60 38
91 33
85 40
74 70
67 16
8 85
28 60
45 34
94 82
79 33
41 23
31 16
88 45
63 31
30 35
71 16
61 31
78 55
80 88
87 94
89 40
69 93
100 32
14 93
49 46
37 78
18 96
11 32
95 13
83 8
9 89
66 54
98 69
22 74
20 69
12 34
53 41
75 95
99 89
62 91
36 1
15 61
10 96
21 49
26 71
81 86
25 51
43 69
2 17
77 17
39 50
7 26
92 76
48 11
19 26
5 55
97 36
72 15
47 80
24 12
29 6
58 62
68 20
27 17
4 22
23 69
6 42
83 78
87 41
2 83
26 65
9 56
65 20
4 82
67 99
83 62
36 24
73 25
52 50
11 52
79 48
91 10
12 64
89 100
15 54
27 28
3 32
12 60
90 89
49 57
85 8
6 24
48 82
14 41
40 5
33 1
58 12
9 20
71 51
92 17
81 52
14 89
12 4
74 69
6 21
4 50
37 95
19 68
95 83
84 11
23 42
88 7
95 80
26 4
29 63
48 42
18 78
74 15
7 56
95 48
81 78
83 22
51 26
33 2
46 36
30 2
25 23
33 6
78 50
76 21
43 46
45 55
84 63
13 28
67 64
26 95
47 82
42 75
81 76
48 56
69 41
61 38
43 66
89 49
65 84
82 70
53 80
71 96
73 40
80 81
36 77
77 67
52 28
85 63
69 44
67 76
74 18
6 93
22 75
4 69
63 92
55 99
58 76
93 9
34 43
39 56
97 77
3 95
55 14
72 60
66 60
35 22
71 34
97 85
22 77
74 100
4 27
57 86
17 53
52 72
49 23
43 84
79 65
80 71
90 79
92 73
50 88
84 88
100 90
37 51
65 40
34 1
83 10
6 97
30 10
58 27
29 57
60 7
29 56
67 90
27 96
98 2
1 16
73 55
21 64
97 21
41 16
87 59
98 63
41 59
26 78
52 3
73 3
66 55
53 94
19 79
17 85
79 52
88 39
38 9
43 13
2 48
58 6
37 35
22 34
1 26
11 1
11 74
11 81
69 87
66 2
45 30
53 27
70 64
88 78
3 29
90 27
24 20
63 5
90 64
69 100
16 67
14 70
55 75
9 55
75 6
35 28
86 17
60 40
77 45
21 53
56 7
38 14
32 7
88 97
70 89
5 20
96 28
16 69
89 78
2 95
29 83
54 85
91 85
95 11
21 92
64 10
11 77
7 66
46 52
54 94
10 62
95 55
40 17
59 10
84 24
7 61
21 93
1 73
49 28
36 63
44 72
42 93
72 4
66 7
42 63
31 10
84 42
79 62
80 54
68 42
83 90
11 100
97 23
49 84
23 38
1 46
48 97
22 15
55 70
17 98
55 42
61 78
67 20
41 65
78 7
29 32
11 66
3 53
45 40
73 65
69 10
99 56
81 91
84 100
2 66
31 66
87 88
25 37
74 38
95 9
66 15
72 46
38 3
91 88
88 15
43 57
35 67
23 72
79 46
58 51
78 67
30 9
36 9
1 75
61 48
64 27
61 8
90 72
61 26
66 73
52 98
9 62
20 18
13 36
50 52
10 75
67 48
64 49
2 73
21 94
60 26
56 45
64 3
12 29
81 33
9 95
11 44
3 72
54 51
33 88
33 46
99 77
57 65
25 45
80 66
16 92
68 10
31 24
78 15
80 19
8 43
6 73
88 26
93 36
94 26
31 59
18 98
41 11
37 40
31 40
21 65
66 22
21 67
30 17
95 37
68 62
73 69
48 15
74 49
14 83
31 53
39 22
71 21
52 81
9 37
73 48
54 69
36 64
48 18
33 27
47 8
69 51
72 95
69 62
38 43
100 28
75 64
63 38
42 47
12 6
90 56
62 95
3 100
89 64
11 76
22 26
21 18
51 76
38 84
64 71
98 14
46 84
89 58
59 31
84 67
28 51
37 45
55 34
20 48
59 6
58 24
42 3
2 28
58 23
4 57
82 38
21 76
4 71
50 95
4 14
10 66
58 49
90 16
46 64
18 3
47 50
24 39
92 68
2 27
50 17
59 81
69 66
35 41
43 25
92 40
16 4
47 20
24 79
16 93
97 18
93 41
41 72
24 38
91 93
25 82
46 71
96 47
