214
95
606
480
386
116
393
360
532
599
898
270
624
862
328
37
635
748
72
856
194
235
71
474
755
175
782
658
28
988
324
569
356
518
218
853
110
163
28
489
160
845
467
153
836
117
548
485
667
862
207
497
1
68
994
994
445
78
232
441
849
182
992
158
630
736
710
373
795
183
434
194
757
460
834
710
90
624
553
697
136
217
121
435
208
366
654
684
352
662
281
495
201
216
82
755
367
570
578
463
271
491
507
516
443
760
583
395
200
259
333
154
8
209
316
105
674
629
733
876
25
557
896
901
546
570
202
117
978
715
989
187
443
159
591
186
354
715
59
468
766
336
533
677
653
827
434
410
919
697
191
198
887
780
618
334
499
480
30
234
715
443
480
337
853
705
649
733
109
254
197
437
282
958
92
430
179
277
92
634
819
241
237
990
247
382
593
69
631
765
561
122
191
26
648
232
526
211
650
198
424
324
878
149
493
317
841
675
576
589
832
474
703
271
737
