293
85
787
143
704
968
392
642
868
900
816
782
655
468
611
423
866
270
73
301
902
421
961
893
651
545
556
764
415
379
344
596
679
876
549
8
216
626
220
37
518
5
781
537
686
617
646
330
722
658
59
590
747
139
814
782
451
75
586
891
884
396
814
878
607
667
854
656
83
501
433
522
20
819
961
17
928
215
669
484
521
357
967
956
308
845
999
654
261
698
679
216
576
36
171
720
969
546
617
894
301
34
614
895
587
226
3
657
792
389
332
128
29
42
963
681
944
688
624
791
776
137
112
371
324
659
148
524
624
485
902
98
198
748
314
875
741
515
248
839
367
510
36
176
242
553
503
574
60
145
668
414
518
846
781
219
503
359
93
774
709
789
679
665
47
739
368
442
326
921
926
389
901
101
693
884
674
387
707
362
716
604
847
711
223
307
410
797
526
926
154
76
805
149
94
57
57
211
636
917
705
976
227
651
450
473
170
120
966
864
865
813
557
556
326
132
775
399
589
120
698
648
486
652
333
88
358
822
696
166
944
781
561
469
389
622
38
377
98
479
243
481
840
90
453
17
995
212
548
731
885
580
111
73
206
450
960
370
853
656
9
973
795
123
480
264
593
466
51
580
999
664
49
370
920
293
496
844
640
807
469
824
462
395
488
872
438
681
353
838
83
994
958
402
