235
70
47
11
6
52
46
52
41
53
53
66
14
45
98
74
84
13
69
19
29
81
96
79
69
79
55
98
37
96
13
10
11
16
75
5
62
35
13
8
56
26
100
74
49
1
99
48
37
16
80
62
44
39
94
10
95
92
40
1
10
100
44
72
62
21
74
59
75
14
74
46
24
100
15
36
80
61
76
83
67
45
12
20
27
26
58
1
53
97
78
44
19
63
21
32
79
68
14
1
54
52
85
84
30
70
65
61
62
48
6
7
56
55
24
11
9
74
95
61
21
71
82
27
12
54
30
7
2
7
42
11
18
82
60
82
26
44
28
86
51
51
98
83
59
46
74
52
40
64
31
58
32
16
36
21
68
53
13
64
69
64
30
48
80
24
38
52
96
65
77
31
66
94
45
38
43
91
88
31
98
26
26
73
48
20
23
84
41
80
87
35
25
56
60
46
85
92
25
21
39
40
72
27
64
55
44
54
51
72
65
56
70
54
78
67
21
69
90
69
15
34
38
13
65
67
32
7
94
24
55
12
82
96
30
95
