858
891
27
937
324
742
497
562
919
985
623
437
627
305
86
212
818
84
316
398
700
663
393
202
234
505
131
464
18
593
693
858
866
98
775
476
528
625
833
93
715
490
828
509
495
582
2
306
159
291
106
734
878
313
121
9
470
466
642
679
846
186
74
763
862
749
166
12
825
922
171
883
167
75
727
540
432
945
646
980
816
264
886
197
270
604
688
965
397
141
481
702
553
977
63
138
836
771
67
713
289
126
878
59
409
681
46
548
504
485
478
302
688
251
405
67
454
280
627
222
415
658
917
920
7
373
341
720
670
29
495
466
59
349
500
684
558
843
193
221
100
327
848
597
277
785
303
104
83
952
231
772
708
821
287
729
82
435
745
457
37
424
218
99
160
341
754
124
978
458
816
494
794
274
882
836
550
17
82
356
10
493
382
728
584
723
427
391
368
793
179
563
972
672
82
558
594
149
146
467
61
300
426
306
367
661
97
968
447
139
548
606
79
530
646
370
92
779
904
150
428
801
311
10
852
203
247
794
113
696
153
584
232
153
175
708
304
680
618
886
523
473
540
479
50
247
857
977
814
735
701
263
231
113
795
571
643
464
506
753
915
366
268
120
16
796
16
951
973
622
289
397
39
207
746
884
61
459
258
291
727
606
718
102
977
403
910
166
957
91
236
879
478
436
163
507
883
843
421
449
433
276
378
221
664
650
436
303
274
532
676
993
70
47
42
384
175
171
684
45
969
182
580
942
473
416
498
831
566
324
682
632
603
983
584
151
627
829
102
492
906
618
469
198
558
570
84
72
436
996
844
920
66
571
4
199
667
918
935
897
726
876
417
120
751
297
40
857
200
43
105
616
408
588
420
246
683
931
542
879
54
163
265
644
616
560
207
569
408
302
920
851
6
352
134
799
762
205
301
965
242
834
312
442
458
539
992
980
747
402
493
260
204
801
308
688
39
128
647
290
944
882
627
575
664
108
766
466
184
815
559
737
189
23
981
748
876
186
551
479
76
678
351
34
58
565
264
607
1000
745
45
311
537
384
32
986
970
47
36
635
783
958
855
335
827
388
95
721
450
895
784
586
988
303
633
789
556
430
936
459
610
136
302
226
996
453
203
445
669
853
444
597
339
638
531
898
180
643
855
262
230
250
902
524
499
704
354
668
625
634
914
381
803
202
772
348
956
49
685
296
295
458
487
991
235
155
282
620
196
746
722
928
985
498
377
735
662
73
505
57
676
193
29
753
570
802
69
337
574
708
311
635
138
366
799
948
928
564
765
172
193
356
818
398
532
92
661
860
211
335
302
557
708
869
793
145
108
794
165
727
257
7
738
585
891
818
966
366
442
118
137
373
64
267
252
794
380
72
249
385
503
415
63
880
764
274
644
912
884
911
145
498
600
368
130
452
270
749
784
10
604
975
573
784
725
55
235
354
987
971
752
398
76
520
219
60
69
578
15
792
900
260
128
443
61
119
826
888
259
686
929
380
930
271
381
965
981
911
47
269
14
804
680
873
722
835
399
895
892
947
335
8
440
495
294
791
862
554
547
821
289
211
134
973
895
447
390
131
521
252
449
242
316
352
412
90
558
57
101
195
847
300
281
743
68
653
96
787
918
848
586
647
472
203
480
308
418
469
209
17
982
787
2
732
531
710
68
50
883
743
593
582
356
373
843
724
336
185
520
604
69
528
559
539
404
621
13
944
672
593
435
859
901
967
396
543
750
313
503
100
864
253
866
349
660
833
176
703
436
6
687
942
579
449
781
527
990
40
28
722
783
726
579
378
509
738
832
98
794
775
165
699
261
760
319
632
542
20
971
977
319
973
128
435
931
689
953
60
326
72
573
108
911
756
348
960
21
214
424
490
164
870
89
861
392
449
331
152
183
183
526
370
669
14
606
926
217
679
354
936
785
490
320
203
738
874
570
971
925
199
685
467
369
801
586
141
638
327
489
