650
296
509
940
141
65
522
953
845
232
177
851
291
966
68
184
881
141
26
629
464
7
251
153
602
115
330
85
60
657
861
294
52
302
517
119
54
992
263
599
102
399
953
277
200
82
564
69
801
67
95
66
400
218
777
915
25
405
736
559
358
292
396
378
154
621
468
388
810
322
790
979
300
582
219
43
385
315
426
519
511
768
740
529
990
928
686
444
714
341
491
710
977
85
29
232
79
774
643
962
173
200
605
972
361
131
719
642
55
985
952
70
88
117
877
859
598
613
192
535
520
152
463
187
994
125
878
332
649
829
924
970
376
57
347
308
338
738
390
952
12
817
738
162
509
637
654
898
275
796
629
724
868
525
620
355
738
371
956
292
613
323
547
551
143
283
265
383
564
74
862
603
122
529
746
749
68
199
837
916
817
124
698
714
286
496
930
796
857
943
47
916
518
633
504
10
271
848
347
633
932
251
814
249
776
398
861
903
613
142
688
404
267
341
725
445
665
916
533
956
738
635
270
488
924
21
564
617
338
934
967
362
54
950
985
401
375
524
203
411
803
834
850
236
35
920
770
525
58
428
859
251
88
124
283
75
92
465
98
543
761
633
94
357
733
577
473
260
82
280
582
755
637
361
415
316
43
319
336
839
988
555
291
904
795
940
486
391
168
45
574
208
319
127
459
109
316
417
932
196
451
374
449
621
64
233
716
335
755
401
622
166
288
203
782
732
287
950
794
246
672
802
683
277
803
601
849
517
2
540
485
465
121
434
703
806
363
314
286
424
324
565
405
575
715
453
626
242
731
231
937
917
796
29
181
870
216
668
284
225
789
992
479
411
327
556
916
855
676
202
147
682
337
954
418
399
838
627
339
945
179
964
441
826
331
369
668
19
414
178
568
618
794
472
732
141
410
735
862
579
990
619
167
931
524
998
543
40
55
817
623
960
713
535
361
741
826
115
306
755
573
787
501
3
832
801
273
526
258
943
940
95
549
125
62
771
174
893
544
677
61
236
230
894
313
351
158
883
451
51
963
209
603
593
447
997
586
664
700
177
846
269
178
604
649
592
235
811
688
168
920
441
572
425
26
383
810
968
673
987
399
316
947
930
597
236
930
273
865
922
390
202
179
501
646
607
807
846
983
638
514
24
577
549
707
347
49
554
89
456
317
792
668
663
158
467
640
40
613
292
424
522
186
833
386
584
858
598
74
739
455
387
427
511
758
994
270
10
166
491
675
243
194
511
255
824
142
140
29
605
752
343
129
377
915
659
249
607
350
636
784
730
917
228
545
582
378
975
804
894
995
872
475
440
708
770
372
644
147
611
719
297
876
946
963
276
948
788
488
270
150
204
317
949
426
545
976
596
733
416
269
538
438
709
354
899
390
86
493
739
25
302
662
586
275
859
44
943
180
43
336
960
981
746
101
674
192
738
458
684
803
770
661
623
266
385
832
666
15
545
822
582
992
425
57
332
331
876
166
230
241
