515
99
1
17
12
16
2
30
50
43
87
20
96
22
64
66
10
47
59
36
7
72
69
71
4
32
29
6
69
75
10
34
12
60
68
96
60
88
60
69
68
79
7
97
11
85
34
100
78
44
99
24
12
76
42
99
57
33
78
84
77
90
32
52
95
47
78
85
37
15
84
1
82
54
9
59
72
49
78
98
34
51
83
56
35
75
30
73
3
26
28
58
2
46
31
6
31
45
7
75
80
9
62
30
63
29
48
75
86
33
26
44
90
20
65
44
33
100
1
78
86
26
20
49
52
51
87
24
96
37
56
51
93
56
62
50
17
6
60
33
26
50
50
78
12
34
84
12
45
6
78
42
32
33
60
57
95
20
91
65
41
34
85
95
69
67
53
42
43
17
61
64
39
24
66
69
58
27
31
80
86
97
79
78
91
74
46
19
9
9
46
23
48
2
50
65
30
47
35
61
73
73
7
34
94
5
11
7
57
7
98
88
85
31
49
55
37
27
69
47
59
17
9
30
28
29
19
41
55
84
88
82
99
5
26
7
67
20
92
59
54
59
15
50
77
29
82
21
87
37
15
68
52
98
11
1
92
35
27
57
40
76
48
3
2
19
10
54
44
22
78
93
30
27
33
56
83
92
2
79
93
98
78
26
59
65
5
24
87
90
13
70
24
97
71
33
55
53
41
62
68
91
31
100
63
65
77
31
87
48
44
38
97
5
56
6
36
78
44
45
24
20
52
7
59
87
62
13
80
45
21
82
44
42
34
60
17
27
78
44
72
1
50
7
47
29
99
66
82
35
22
98
40
17
31
88
80
26
85
8
82
86
61
36
44
44
3
25
39
54
66
77
27
45
82
4
61
92
46
65
1
100
80
62
51
76
5
28
92
40
43
7
89
94
42
31
96
50
97
63
73
54
11
66
11
100
19
63
20
35
24
28
53
14
78
47
43
3
26
79
2
27
82
57
7
64
59
72
17
63
47
38
22
76
97
11
95
75
67
60
19
31
79
25
54
2
45
26
93
86
42
12
47
60
7
80
59
92
98
13
34
60
75
46
92
58
38
38
44
13
31
48
39
84
10
99
52
82
21
23
29
37
14
44
10
2
71
55
50
58
94
15
91
78
82
70
79
38
5
92
59
48
89
58
28
40
67
46
24
65
13
50
55
100
32
64
