265 363 759 894
70
875 507 885 600
516 960 582 991
637 7 666 28
769 860 855 923
867 581 963 671
737 506 815 509
412 536 421 622
389 97 465 141
449 109 531 161
258 324 319 350
678 184 735 221
512 390 562 467
223 184 288 219
143 597 148 686
179 294 203 352
256 88 275 145
909 535 982 558
370 389 433 481
729 34 773 110
571 332 636 349
176 839 214 909
493 80 548 105
632 233 678 258
421 807 496 875
858 130 875 181
916 209 948 293
611 200 707 229
344 492 396 529
200 576 201 675
298 359 352 389
390 861 412 887
678 502 749 594
585 90 671 166
340 527 423 597
655 749 670 759
317 824 366 922
833 907 916 923
636 302 651 371
453 828 500 881
829 772 868 792
952 938 980 969
278 110 295 119
812 287 832 346
283 699 334 715
414 502 421 564
273 1 326 33
279 699 313 784
46 589 144 653
532 55 559 96
545 449 609 525
181 25 241 73
427 748 508 785
590 261 604 272
619 207 627 255
794 400 883 474
540 176 596 216
338 71 432 138
42 781 123 822
792 646 810 716
852 218 878 228
473 555 493 604
537 119 617 133
600 291 673 374
963 388 964 409
416 303 437 340
628 240 636 253
273 620 285 687
227 676 259 749
466 808 486 840
203 21 300 111
