395 404 810 842
70
192 224 292 332
508 312 577 507
386 76 430 170
301 525 315 559
563 821 595 851
403 433 485 500
439 456 532 556
178 703 206 724
378 103 405 268
107 298 199 347
263 456 318 620
780 620 788 745
238 714 247 858
790 292 827 473
468 516 519 561
426 224 506 224
906 917 937 953
418 446 466 641
349 313 352 333
97 552 169 665
984 464 996 576
940 805 998 980
901 43 914 190
523 78 559 80
643 540 703 740
842 588 925 649
45 429 91 456
153 31 170 171
684 291 769 405
7 812 31 859
293 43 295 106
2 788 92 949
681 493 768 534
661 131 705 319
110 541 175 583
454 627 509 805
573 557 582 693
311 593 334 614
597 715 672 766
910 885 921 960
773 355 786 489
135 499 149 543
708 839 804 916
913 192 946 227
577 238 577 241
834 197 919 341
907 597 956 653
341 343 390 495
331 628 354 815
395 461 398 606
165 951 209 984
501 146 571 296
512 746 558 861
482 305 525 387
388 285 428 294
152 772 218 774
414 489 434 680
343 953 368 979
580 340 623 375
486 144 498 275
558 432 608 573
747 268 775 318
17 558 68 716
892 738 960 837
401 851 420 907
431 146 485 243
543 639 592 694
514 869 553 897
744 117 829 297
200 412 300 579
